1726423039021 2e-05 0
1726423039062 -0.010739445686340332 1
1726423039100 -0.013028740882873535 2
1726423039141 -0.021689295768737793 3
1726423039180 0.019931912422180176 4
1726423039219 0.025534510612487793 5
1726423039258 -0.029969334602355957 6
1726423039298 0.025097966194152832 7
1726423039338 -0.011899948120117188 8
1726423039378 -0.011638522148132324 9
1726423039420 -0.012107014656066895 10
1726423039461 0.020461082458496094 11
1726423039502 -0.00834190845489502 12
1726423039544 0.0012727975845336914 13
1726423039584 -0.013499855995178223 14
1726423039630 0.007443547248840332 15
1726423039671 0.01391899585723877 16
1726423039713 0.020773887634277344 17
1726423039762 0.0014171600341796875 18
1726423039809 -0.00446927547454834 19
1726423039853 -0.01729440689086914 20
1726423039893 -0.008781909942626953 21
1726423039934 0.013723373413085938 22
1726423039974 -0.0007115602493286133 23
1726423040016 0.004167318344116211 24
1726423040059 0.007775545120239258 25
1726423040097 -0.016686439514160156 26
1726423040145 -0.0013835430145263672 27
1726423040191 -0.0004246234893798828 28
1726423040230 0.016380906105041504 29
1726423040270 0.0026987791061401367 30
1726423040313 -0.019868135452270508 31
1726423040362 0.005988597869873047 32
1726423040398 -0.031015872955322266 33
1726423040437 0.02208530902862549 34
1726423040475 0.006981015205383301 35
1726423040514 -0.0032590627670288086 36
1726423040553 -0.015336155891418457 37
1726423040592 0.01905035972595215 38
1726423040630 -0.008739948272705078 39
1726423040670 0.01690196990966797 40
1726423040708 0.005202531814575195 41
1726423040747 -0.0054967403411865234 42
1726423040786 -0.0026922225952148438 43
1726423040825 -0.006582021713256836 44
1726423040866 -0.006378889083862305 45
1726423040906 0.0076677799224853516 46
1726423040945 0.021181583404541016 47
1726423040985 -0.004051327705383301 48
1726423041027 -0.021346688270568848 49
1726423041066 -0.013053536415100098 50
1726423041106 0.016236543655395508 51
1726423041145 0.011182427406311035 52
1726423041185 -0.0020505189895629883 53
1726423041224 0.01053011417388916 54
1726423041264 -0.0034945011138916016 55
1726423041303 0.0008935928344726562 56
1726423041343 0.0018662214279174805 57
1726423041382 0.0016425848007202148 58
1726423041422 0.0011582374572753906 59
1726423041461 -0.00524449348449707 60
1726423041501 -9.059906005859375e-06 61
1726423041541 -0.003708958625793457 62
1726423041581 -0.0069506168365478516 63
1726423041620 -0.014156699180603027 64
1726423041660 0.021998167037963867 65
1726423041699 -0.00387728214263916 66
1726423041739 0.005240321159362793 67
1726423041778 -0.024233102798461914 68
1726423041818 -0.009230494499206543 69
1726423041857 0.006595134735107422 70
1726423041896 0.01706516742706299 71
1726423041936 0.002303600311279297 72
1726423041976 -0.0008965730667114258 73
1726423042016 -0.01666271686553955 74
1726423042055 0.000964045524597168 75
1726423042095 0.010028243064880371 76
1726423042135 -0.011757612228393555 77
1726423042175 0.004864931106567383 78
1726423042214 0.015597224235534668 79
1726423042253 -0.0029458999633789062 80
1726423042294 -0.008153557777404785 81
1726423042336 -0.0008562803268432617 82
1726423042375 0.018696308135986328 83
1726423042416 0.0033353567123413086 84
1726423042457 -0.02420949935913086 85
1726423042497 -0.018874645233154297 86
1726423042537 -0.031456947326660156 87
1726423042578 0.03167724609375 88
1726423042631 0.010044574737548828 89
1726423042688 0.018249988555908203 90
1726423042743 -0.005143642425537109 91
1726423042785 -0.0031197071075439453 92
1726423042831 0.005353093147277832 93
1726423042886 0.0017114877700805664 94
1726423042945 -0.01762557029724121 95
1726423042992 -0.011326313018798828 96
1726423043031 0.02342855930328369 97
1726423043075 0.0007745027542114258 98
1726423043119 0.019069194793701172 99
1726423043160 0.001624464988708496 100
1726423043200 -0.004802584648132324 101
1726423043239 0.00936591625213623 102
1726423043279 -0.01329648494720459 103
1726423043318 0.010352849960327148 104
1726423043358 -0.006476879119873047 105
1726423043399 0.005813121795654297 106
1726423043444 -0.004011750221252441 107
1726423043484 -0.016095757484436035 108
1726423043523 0.0046234130859375 109
1726423043562 -0.007068276405334473 110
1726423043602 -0.007931351661682129 111
1726423043642 -0.00043582916259765625 112
1726423043684 0.014163017272949219 113
1726423043736 -0.02015078067779541 114
1726423043786 0.021409988403320312 115
1726423043828 -0.006414532661437988 116
1726423043872 0.0032166242599487305 117
1726423043912 -0.0012063980102539062 118
1726423043953 0.0110931396484375 119
1726423043991 -0.0004156827926635742 120
1726423044030 -0.00854504108428955 121
1726423044068 0.0025501251220703125 122
1726423044107 0.012550592422485352 123
1726423044146 -0.013159632682800293 124
1726423044185 0.015735626220703125 125
1726423044224 -0.02101278305053711 126
1726423044263 0.018296360969543457 127
1726423044301 -0.0026084184646606445 128
1726423044339 0.006232738494873047 129
1726423044378 0.0018802881240844727 130
1726423044417 -0.0037729740142822266 131
1726423044456 0.001802682876586914 132
1726423044494 -0.001154184341430664 133
1726423044532 0.003135085105895996 134
1726423044571 -0.005475401878356934 135
1726423044609 0.005309581756591797 136
1726423044647 -0.008755683898925781 137
1726423044686 0.004543900489807129 138
1726423044725 -0.0009026527404785156 139
1726423044764 0.0021543502807617188 140
1726423044803 -0.02848351001739502 141
1726423044841 0.019075989723205566 142
1726423044881 -0.005123496055603027 143
1726423044920 -0.0028188228607177734 144
1726423044958 -0.009536027908325195 145
1726423044997 0.015217423439025879 146
1726423045036 -0.01720452308654785 147
1726423045074 0.009592294692993164 148
1726423045113 0.015224456787109375 149
1726423045152 -0.0018131732940673828 150
1726423045192 0.005813002586364746 151
1726423045230 -0.00010859966278076172 152
1726423045269 0.0027903318405151367 153
1726423045308 -0.01363980770111084 154
1726423045346 -0.021207332611083984 155
1726423045385 0.02287304401397705 156
1726423045424 -0.015817999839782715 157
1726423045464 0.012299537658691406 158
1726423045503 0.011312484741210938 159
1726423045541 -0.015679359436035156 160
1726423045580 -0.022824764251708984 161
1726423045618 0.014362335205078125 162
1726423045665 0.0008373260498046875 163
1726423045720 0.017917871475219727 164
1726423045762 -0.0021209716796875 165
1726423045805 -0.005393624305725098 166
1726423045849 0.011866569519042969 167
1726423045894 -0.011312365531921387 168
1726423045952 0.006722211837768555 169
1726423045998 -0.0005712509155273438 170
1726423046056 -0.013845562934875488 171
1726423046111 -0.014539361000061035 172
1726423046161 0.007099628448486328 173
1726423046211 0.008105635643005371 174
1726423046264 -0.006848812103271484 175
1726423046326 0.01871943473815918 176
1726423046389 0.007484078407287598 177
1726423046450 -0.008622288703918457 178
1726423046497 0.0017014741897583008 179
1726423046556 -0.0006227493286132812 180
1726423046620 -0.014658451080322266 181
1726423046671 -0.0002219676971435547 182
1726423046717 -0.003988862037658691 183
1726423046764 0.01659846305847168 184
1726423046810 0.012633204460144043 185
1726423046857 -0.018595099449157715 186
1726423046904 0.011395096778869629 187
1726423046952 -0.02584528923034668 188
1726423047000 0.021317005157470703 189
1726423047047 -0.016481399536132812 190
1726423047108 0.013200879096984863 191
1726423047181 -0.029805302619934082 192
1726423047244 0.022730469703674316 193
1726423047300 0.018377304077148438 194
1726423047356 -0.007436156272888184 195
1726423047415 0.0026416778564453125 196
1726423047479 -0.002252817153930664 197
1726423047536 -0.006749987602233887 198
1726423047601 0.010308623313903809 199
1726423047650 -0.0032236576080322266 200
1726423047698 -0.004050731658935547 201
1726423047747 -0.01495051383972168 202
1726423047793 0.02983081340789795 203
1726423047842 -0.022747397422790527 204
1726423047890 -0.012410998344421387 205
1726423047938 0.0013126134872436523 206
1726423047986 0.016790390014648438 207
1726423048035 -0.006468534469604492 208
1726423048082 0.002327561378479004 209
1726423048131 0.019421815872192383 210
1726423048180 0.0026352405548095703 211
1726423048232 -0.008280158042907715 212
1726423048279 -0.007920384407043457 213
1726423048326 -0.016649603843688965 214
1726423048374 -0.005301713943481445 215
1726423048422 0.01092994213104248 216
1726423048472 0.021134376525878906 217
1726423048519 -0.0219038724899292 218
1726423048567 -0.0060738325119018555 219
1726423048615 -0.004597783088684082 220
1726423048664 0.03256368637084961 221
1726423048712 -0.010866165161132812 222
1726423048761 0.008836507797241211 223
1726423048809 0.007536649703979492 224
1726423048856 -0.0069580078125 225
1726423048904 -0.00617063045501709 226
1726423048952 -0.007842063903808594 227
1726423049000 0.0065850019454956055 228
1726423049049 -0.0008970499038696289 229
1726423049096 -0.01168525218963623 230
1726423049144 0.008258223533630371 231
1726423049192 0.0008499622344970703 232
1726423049241 0.009978771209716797 233
1726423049292 0.007270097732543945 234
1726423049341 0.0009899139404296875 235
1726423049404 -0.005282282829284668 236
1726423049454 -0.014591693878173828 237
1726423049502 -0.0014107227325439453 238
1726423049549 0.0075980424880981445 239
1726423049597 -0.0012634992599487305 240
1726423049645 0.0016696453094482422 241
1726423049691 -0.004638195037841797 242
1726423049736 0.0025162696838378906 243
1726423049779 -0.007958769798278809 244
1726423049822 0.0029518604278564453 245
1726423049863 -0.00662839412689209 246
1726423049905 0.007011532783508301 247
1726423049947 -0.0101701021194458 248
1726423049987 -0.0006115436553955078 249
1726423050028 0.01293647289276123 250
1726423050068 0.016843676567077637 251
1726423050109 -0.001157999038696289 252
1726423050149 0.001811981201171875 253
1726423050188 -0.03395545482635498 254
1726423050228 0.015418052673339844 255
1726423050268 -0.014012813568115234 256
1726423050307 -0.0010519027709960938 257
1726423050346 0.009442687034606934 258
1726423050385 0.019327163696289062 259
1726423050425 -0.010303854942321777 260
1726423050464 -0.0005952119827270508 261
1726423050502 -0.0004183053970336914 262
1726423050544 0.007366657257080078 263
1726423050583 -0.0196688175201416 264
1726423050623 0.006856083869934082 265
1726423050662 0.008736133575439453 266
1726423050702 -0.020516395568847656 267
1726423050742 -0.003879070281982422 268
1726423050780 0.03581571578979492 269
1726423050820 -0.02256941795349121 270
1726423050858 -0.005373477935791016 271
1726423050897 -0.0012471675872802734 272
1726423050937 0.003723621368408203 273
1726423050976 0.010167360305786133 274
1726423051016 0.014968037605285645 275
1726423051056 0.0016478300094604492 276
1726423051095 -0.0017592906951904297 277
1726423051135 -0.002797245979309082 278
1726423051175 -0.006117582321166992 279
1726423051214 0.010877728462219238 280
1726423051254 -0.01645958423614502 281
1726423051293 -0.003191828727722168 282
1726423051334 0.006266117095947266 283
1726423051377 -0.006299734115600586 284
1726423051431 0.01181948184967041 285
1726423051491 0.0013126134872436523 286
1726423051532 -0.00240480899810791 287
1726423051571 0.007640361785888672 288
1726423051610 -0.008211374282836914 289
1726423051649 0.00010573863983154297 290
1726423051690 -0.0032635927200317383 291
1726423051729 -0.0030325651168823242 292
1726423051768 0.006164073944091797 293
1726423051807 -0.022425174713134766 294
1726423051846 0.013697028160095215 295
1726423051884 -0.011705756187438965 296
1726423051922 0.01367330551147461 297
1726423051962 -0.001190185546875 298
1726423052001 0.01072537899017334 299
1726423052041 -0.015458464622497559 300
1726423052080 -0.017565011978149414 301
1726423052120 0.010193467140197754 302
1726423052159 0.005105733871459961 303
1726423052198 -0.006157994270324707 304
1726423052238 0.0025103092193603516 305
1726423052276 0.021631240844726562 306
1726423052316 0.00591886043548584 307
1726423052355 -0.02314627170562744 308
1726423052394 0.016735196113586426 309
1726423052433 0.006517291069030762 310
1726423052474 -0.0036597251892089844 311
1726423052514 -0.017794132232666016 312
1726423052555 0.01266789436340332 313
1726423052598 0.0032509565353393555 314
1726423052639 -0.010248184204101562 315
1726423052679 -0.005871176719665527 316
1726423052719 0.017923951148986816 317
1726423052759 -0.022033095359802246 318
1726423052798 -0.00013744831085205078 319
1726423052840 0.01083993911743164 320
1726423052880 0.0012160539627075195 321
1726423052919 0.003852248191833496 322
1726423052960 -0.003249049186706543 323
1726423052999 0.0037059783935546875 324
1726423053038 -0.00610959529876709 325
1726423053078 -0.0026133060455322266 326
1726423053118 0.006063342094421387 327
1726423053157 -0.006249666213989258 328
1726423053197 -0.010940790176391602 329
1726423053236 -0.0047266483306884766 330
1726423053278 -0.0062558650970458984 331
1726423053320 0.01348423957824707 332
1726423053361 -0.010884284973144531 333
1726423053399 0.011876106262207031 334
1726423053439 -0.005387306213378906 335
1726423053478 0.012478113174438477 336
1726423053517 -0.009396195411682129 337
1726423053561 0.009744763374328613 338
1726423053601 -0.007288455963134766 339
1726423053641 0.0006566047668457031 340
1726423053680 0.01001286506652832 341
1726423053719 -0.015609979629516602 342
1726423053759 0.004480838775634766 343
1726423053797 -0.005515336990356445 344
1726423053837 0.023593783378601074 345
1726423053877 -0.008697748184204102 346
1726423053917 0.004082798957824707 347
1726423053956 -0.011240243911743164 348
1726423053996 0.0024886131286621094 349
1726423054036 -0.01774454116821289 350
1726423054074 -0.0005557537078857422 351
1726423054114 0.002327561378479004 352
1726423054154 -0.013175368309020996 353
1726423054193 -0.0006756782531738281 354
1726423054232 -0.01483297348022461 355
1726423054271 0.016369104385375977 356
1726423054311 0.009857892990112305 357
1726423054350 -0.02762627601623535 358
1726423054389 0.04020953178405762 359
1726423054428 0.004304766654968262 360
1726423054468 -0.02150142192840576 361
1726423054511 0.012405872344970703 362
1726423054552 0.017296910285949707 363
1726423054600 -0.004534244537353516 364
1726423054642 0.006928682327270508 365
1726423054695 0.008259892463684082 366
1726423054739 -0.012532949447631836 367
1726423054777 -0.0023435354232788086 368
1726423054815 0.009027361869812012 369
1726423054853 0.0010284185409545898 370
1726423054891 -0.0017658472061157227 371
1726423054930 0.007108449935913086 372
1726423054968 -0.006260395050048828 373
1726423055007 -0.01764822006225586 374
1726423055046 0.0008931159973144531 375
1726423055084 0.009844779968261719 376
1726423055122 0.005224823951721191 377
1726423055161 -0.004104495048522949 378
1726423055200 0.004940629005432129 379
1726423055239 -0.0012335777282714844 380
1726423055278 -0.008692622184753418 381
1726423055317 0.01230478286743164 382
1726423055356 -0.002421855926513672 383
1726423055395 -0.0005992650985717773 384
1726423055434 0.009410619735717773 385
1726423055473 -0.002963542938232422 386
1726423055513 -0.014050841331481934 387
1726423055560 0.006395459175109863 388
1726423055609 0.013566255569458008 389
1726423055656 -0.014864563941955566 390
1726423055704 0.007277727127075195 391
1726423055753 -0.019365787506103516 392
1726423055801 0.00661778450012207 393
1726423055873 0.004118204116821289 394
1726423055938 -0.0012112855911254883 395
1726423055988 -0.007618308067321777 396
1726423056037 0.005720853805541992 397
1726423056087 -0.006498813629150391 398
1726423056136 0.027304410934448242 399
1726423056187 -0.004960060119628906 400
1726423056238 -0.0015723705291748047 401
1726423056293 -0.009928107261657715 402
1726423056348 -0.015462636947631836 403
1726423056420 -0.001479506492614746 404
1726423056490 0.013887166976928711 405
1726423056543 0.008782386779785156 406
1726423056596 0.003795146942138672 407
1726423056659 -0.008456707000732422 408
1726423056710 -0.005906581878662109 409
1726423056761 -0.02860283851623535 410
1726423056819 0.012388229370117188 411
1726423056865 -0.004327178001403809 412
1726423056908 0.0033341646194458008 413
1726423056951 0.01773512363433838 414
1726423056995 -0.022664546966552734 415
1726423057037 0.018859267234802246 416
1726423057084 -0.00527644157409668 417
1726423057125 0.006500124931335449 418
1726423057167 -0.0020281076431274414 419
1726423057208 -0.0008492469787597656 420
1726423057249 -0.020706534385681152 421
1726423057290 0.00641942024230957 422
1726423057331 -0.001343846321105957 423
1726423057376 -0.015308141708374023 424
1726423057421 0.008372306823730469 425
1726423057462 0.0027310848236083984 426
1726423057503 0.003002643585205078 427
1726423057544 0.017768502235412598 428
1726423057584 0.012096643447875977 429
1726423057625 -0.013944745063781738 430
1726423057669 0.001978635787963867 431
1726423057715 -0.008629083633422852 432
1726423057761 0.00992727279663086 433
1726423057810 0.0026721954345703125 434
1726423057870 -0.0062427520751953125 435
1726423057937 7.677078247070312e-05 436
1726423057982 0.024765491485595703 437
1726423058023 -0.005995988845825195 438
1726423058066 -0.005681872367858887 439
1726423058107 -0.0022673606872558594 440
1726423058150 0.005469202995300293 441
1726423058200 0.0008189678192138672 442
1726423058241 0.001950979232788086 443
1726423058280 0.0054950714111328125 444
1726423058321 -0.009217619895935059 445
1726423058367 -0.004827618598937988 446
1726423058409 -0.0035151243209838867 447
1726423058457 0.003096342086791992 448
1726423058501 -0.0014830827713012695 449
1726423058542 -0.0026209354400634766 450
1726423058590 0.006087303161621094 451
1726423058627 0.00334775447845459 452
1726423058664 0.0026863813400268555 453
1726423058703 -0.0033423900604248047 454
1726423058741 -0.01137077808380127 455
1726423058779 -0.019207119941711426 456
1726423058818 0.021736860275268555 457
1726423058859 0.012759685516357422 458
1726423058897 0.006600379943847656 459
1726423058936 -0.010727405548095703 460
1726423058976 -0.01643526554107666 461
1726423059014 0.010732412338256836 462
1726423059052 -0.00608217716217041 463
1726423059091 0.004210710525512695 464
1726423059129 0.01161658763885498 465
1726423059167 -0.028500676155090332 466
1726423059205 -0.000911712646484375 467
1726423059244 0.005524754524230957 468
1726423059283 -0.005351662635803223 469
1726423059321 0.01882648468017578 470
1726423059361 0.0028209686279296875 471
1726423059400 0.00585484504699707 472
1726423059439 -0.00740969181060791 473
1726423059478 -0.025861024856567383 474
1726423059517 -0.0022510290145874023 475
1726423059557 -0.00909268856048584 476
1726423059595 0.03974759578704834 477
1726423059635 0.0076253414154052734 478
1726423059673 -0.031145095825195312 479
1726423059712 0.013912200927734375 480
1726423059751 -0.007632732391357422 481
1726423059790 0.0002655982971191406 482
1726423059829 -0.01708078384399414 483
1726423059868 0.034980177879333496 484
1726423059907 -0.018833279609680176 485
1726423059946 0.003057718276977539 486
1726423059986 0.00458216667175293 487
1726423060024 0.018553495407104492 488
1726423060063 -0.007174134254455566 489
1726423060102 -0.0012527704238891602 490
1726423060143 -0.004819273948669434 491
1726423060182 0.0038285255432128906 492
1726423060221 0.0021386146545410156 493
1726423060261 0.002438664436340332 494
1726423060299 -0.026590347290039062 495
1726423060338 0.025543212890625 496
1726423060378 -0.020046234130859375 497
1726423060417 -0.006471395492553711 498
1726423060458 0.011934518814086914 499
1726423060497 0.018300652503967285 500
1726423060537 0.00040078163146972656 501
1726423060580 0.001276254653930664 502
1726423060620 0.0008057355880737305 503
1726423060660 -0.0009111166000366211 504
1726423060709 0.0021514892578125 505
1726423060770 -0.007842779159545898 506
1726423060832 -0.01617109775543213 507
1726423060894 -0.012090325355529785 508
1726423060956 -0.030092954635620117 509
1726423061013 0.04368889331817627 510
1726423061074 0.006051540374755859 511
1726423061134 0.011533260345458984 512
1726423061179 -0.001501321792602539 513
1726423061225 -0.01725947856903076 514
1726423061272 0.005149722099304199 515
1726423061317 -0.009830474853515625 516
1726423061365 0.012094259262084961 517
1726423061412 0.01082468032836914 518
1726423061462 -0.004178285598754883 519
1726423061511 0.006484508514404297 520
1726423061558 0.004947781562805176 521
1726423061606 -0.0039048194885253906 522
1726423061654 -0.0012428760528564453 523
1726423061700 -0.0020848512649536133 524
1726423061749 -0.0005499124526977539 525
1726423061796 0.00944054126739502 526
1726423061847 -0.010258197784423828 527
1726423061902 -0.0013005733489990234 528
1726423061960 0.010447502136230469 529
1726423062023 -0.004019379615783691 530
1726423062083 -0.02807319164276123 531
1726423062142 -0.00577545166015625 532
1726423062200 -0.01921701431274414 533
1726423062264 0.043002963066101074 534
1726423062331 -0.0025347471237182617 535
1726423062389 0.00596308708190918 536
1726423062446 -0.011806845664978027 537
1726423062503 -0.00026416778564453125 538
1726423062560 -0.014821887016296387 539
1726423062619 -0.0024384260177612305 540
1726423062678 0.02037632465362549 541
1726423062727 0.0016467571258544922 542
1726423062787 0.005724072456359863 543
1726423062846 -0.016548991203308105 544
1726423062905 0.002133965492248535 545
1726423062963 -0.012991666793823242 546
1726423063030 -0.004588007926940918 547
1726423063097 0.00468599796295166 548
1726423063163 -0.000918269157409668 549
1726423063222 0.03896629810333252 550
1726423063285 -0.0025281906127929688 551
1726423063331 0.0009248256683349609 552
1726423063377 -0.012312054634094238 553
1726423063425 -0.007279872894287109 554
1726423063472 0.0075740814208984375 555
1726423063525 0.0077086687088012695 556
1726423063572 0.001510024070739746 557
1726423063621 0.0027447938919067383 558
1726423063669 -0.0005592107772827148 559
1726423063718 -0.009369611740112305 560
1726423063767 -0.0017758607864379883 561
1726423063816 0.005461931228637695 562
1726423063866 0.007403731346130371 563
1726423063935 0.0028743743896484375 564
1726423063998 -0.0033483505249023438 565
1726423064045 -0.007796049118041992 566
1726423064090 0.007911443710327148 567
1726423064137 -0.011591672897338867 568
1726423064197 -0.02441120147705078 569
1726423064251 0.010472893714904785 570
1726423064298 -0.012076139450073242 571
1726423064345 0.007248044013977051 572
1726423064393 0.01157379150390625 573
1726423064441 -0.003542780876159668 574
1726423064491 0.0031810998916625977 575
1726423064540 0.006430149078369141 576
1726423064588 0.0026705265045166016 577
1726423064635 -0.022356510162353516 578
1726423064683 0.019872665405273438 579
1726423064730 -0.03342437744140625 580
1726423064779 0.03114640712738037 581
1726423064826 -0.022319316864013672 582
1726423064875 0.03648042678833008 583
1726423064921 -0.01454472541809082 584
1726423064966 -0.0041277408599853516 585
1726423065010 -0.030878663063049316 586
1726423065052 -0.011214971542358398 587
1726423065095 0.039377450942993164 588
1726423065136 -0.0028079748153686523 589
1726423065177 0.024430394172668457 590
1726423065218 -0.006326198577880859 591
1726423065259 -0.011760711669921875 592
1726423065299 0.004782199859619141 593
1726423065339 -0.005022764205932617 594
1726423065379 -0.011090755462646484 595
1726423065419 0.009109258651733398 596
1726423065459 -0.014335155487060547 597
1726423065498 0.006555914878845215 598
1726423065539 0.006661057472229004 599
1726423065578 -0.0149461030960083 600
1726423065617 0.00673830509185791 601
1726423065657 0.0070950984954833984 602
1726423065698 0.025057554244995117 603
1726423065737 -0.013942718505859375 604
1726423065776 0.0008541345596313477 605
1726423065816 0.0007805824279785156 606
1726423065856 -0.001380324363708496 607
1726423065895 0.0015200376510620117 608
1726423065936 0.001620650291442871 609
1726423065975 0.009302973747253418 610
1726423066014 -0.0046967267990112305 611
1726423066055 -0.00831902027130127 612
1726423066094 0.0034493207931518555 613
1726423066134 -9.238719940185547e-05 614
1726423066175 0.005376696586608887 615
1726423066214 -0.006828427314758301 616
1726423066254 0.0002484321594238281 617
1726423066295 -0.008025765419006348 618
1726423066334 0.008738994598388672 619
1726423066374 -0.0056029558181762695 620
1726423066414 0.00805211067199707 621
1726423066453 0.005608201026916504 622
1726423066492 -0.00211334228515625 623
1726423066533 -0.00430607795715332 624
1726423066571 0.0014194250106811523 625
1726423066611 -0.009928107261657715 626
1726423066650 0.0016515254974365234 627
1726423066690 -0.0065163373947143555 628
1726423066730 -0.003948807716369629 629
1726423066770 0.0048754215240478516 630
1726423066810 0.02145075798034668 631
1726423066849 -0.0004150867462158203 632
1726423066888 -0.0018086433410644531 633
1726423066928 -0.006556391716003418 634
1726423066967 -0.011117696762084961 635
1726423067007 -0.0010554790496826172 636
1726423067046 0.015628457069396973 637
1726423067086 -0.022098422050476074 638
1726423067124 0.02214205265045166 639
1726423067164 0.0013551712036132812 640
1726423067203 -0.022001981735229492 641
1726423067242 0.015736103057861328 642
1726423067283 -0.015235304832458496 643
1726423067322 -0.017789483070373535 644
1726423067362 0.020792722702026367 645
1726423067401 -0.0303117036819458 646
1726423067441 0.0015314817428588867 647
1726423067481 0.02283167839050293 648
1726423067520 0.02229452133178711 649
1726423067560 -0.0018889904022216797 650
1726423067600 0.004273414611816406 651
1726423067639 -0.008786797523498535 652
1726423067678 -0.009660124778747559 653
1726423067719 0.00794076919555664 654
1726423067758 -0.01986229419708252 655
1726423067797 -0.008094191551208496 656
1726423067837 -0.0200955867767334 657
1726423067878 -0.0020117759704589844 658
1726423067922 -1.4543533325195312e-05 659
1726423067969 0.03774738311767578 660
1726423068022 0.01975703239440918 661
1726423068071 -0.0012462139129638672 662
1726423068125 0.0003387928009033203 663
1726423068178 -0.010306358337402344 664
1726423068242 0.0027959346771240234 665
1726423068295 -0.003321528434753418 666
1726423068340 -0.00820624828338623 667
1726423068383 -0.0002721548080444336 668
1726423068434 0.00248110294342041 669
1726423068474 -0.006765961647033691 670
1726423068518 0.015660881996154785 671
1726423068558 0.01743459701538086 672
1726423068608 -0.004392862319946289 673
1726423068653 0.0015305280685424805 674
1726423068701 -0.007736325263977051 675
1726423068753 -0.01893150806427002 676
1726423068794 -0.0020570755004882812 677
1726423068834 -0.0064754486083984375 678
1726423068872 -0.0007883310317993164 679
1726423068910 0.02333807945251465 680
1726423068948 -0.025941014289855957 681
1726423068986 -0.012289047241210938 682
1726423069024 0.004099011421203613 683
1726423069064 0.010344743728637695 684
1726423069109 -0.0023130178451538086 685
1726423069152 -0.02897357940673828 686
1726423069194 -5.745887756347656e-05 687
1726423069245 0.016448020935058594 688
1726423069288 0.03236234188079834 689
1726423069325 0.01572728157043457 690
1726423069362 -0.02846086025238037 691
1726423069400 0.013318419456481934 692
1726423069438 0.004830121994018555 693
1726423069476 0.002756357192993164 694
1726423069514 -0.011231303215026855 695
1726423069553 -0.02358567714691162 696
1726423069591 -0.006706714630126953 697
1726423069629 0.0056498050689697266 698
1726423069667 0.005614280700683594 699
1726423069705 0.006397724151611328 700
1726423069742 0.01322472095489502 701
1726423069782 0.014929652214050293 702
1726423069818 0.009350061416625977 703
1726423069856 -0.0025703907012939453 704
1726423069895 -0.00294649600982666 705
1726423069934 0.00831592082977295 706
1726423069973 -0.008646368980407715 707
1726423070014 0.0024324655532836914 708
1726423070065 -0.017368197441101074 709
1726423070131 0.0020215511322021484 710
1726423070174 -0.007418513298034668 711
1726423070217 0.0015799999237060547 712
1726423070257 0.004354357719421387 713
1726423070302 0.014176607131958008 714
1726423070342 -0.01223599910736084 715
1726423070383 0.01580190658569336 716
1726423070427 -0.004601836204528809 717
1726423070470 -0.0006378889083862305 718
1726423070510 -0.008799433708190918 719
1726423070552 0.012192368507385254 720
1726423070589 -0.009305238723754883 721
1726423070628 0.007830619812011719 722
1726423070666 -0.00478363037109375 723
1726423070704 0.012107372283935547 724
1726423070742 -0.012626171112060547 725
1726423070780 -0.01243436336517334 726
1726423070819 0.014502882957458496 727
1726423070857 -0.012653470039367676 728
1726423070895 -0.016274094581604004 729
1726423070933 0.02503812313079834 730
1726423070973 0.012037158012390137 731
1726423071010 -0.011186480522155762 732
1726423071051 -0.014162898063659668 733
1726423071089 -0.005646347999572754 734
1726423071128 -0.02129042148590088 735
1726423071166 -0.004521846771240234 736
1726423071204 0.005971312522888184 737
1726423071243 0.0039014816284179688 738
1726423071282 0.004610300064086914 739
1726423071320 0.029519200325012207 740
1726423071360 -0.006725788116455078 741
1726423071400 0.015466690063476562 742
1726423071438 -0.0018227100372314453 743
1726423071483 -0.012946248054504395 744
1726423071532 0.004985809326171875 745
1726423071585 0.008130788803100586 746
1726423071638 -0.00010824203491210938 747
1726423071689 0.0034579038619995117 748
1726423071745 -0.002089977264404297 749
1726423071786 -0.0027036666870117188 750
1726423071840 0.0013856887817382812 751
1726423071882 -0.0007969141006469727 752
1726423071922 -0.01757335662841797 753
1726423071961 0.01366877555847168 754
1726423072013 -0.004612326622009277 755
1726423072056 0.002455472946166992 756
1726423072094 0.008376240730285645 757
1726423072134 0.0039092302322387695 758
1726423072189 -0.00047659873962402344 759
1726423072240 -0.005249977111816406 760
1726423072295 -0.009270191192626953 761
1726423072338 -0.005463957786560059 762
1726423072378 0.0129319429397583 763
1726423072436 0.004410505294799805 764
1726423072477 -0.0004990100860595703 765
1726423072525 -0.0013935565948486328 766
1726423072588 -0.006640315055847168 767
1726423072633 0.0007346868515014648 768
1726423072681 -0.009302854537963867 769
1726423072720 0.001970529556274414 770
1726423072759 -0.005027651786804199 771
1726423072797 -0.008360743522644043 772
1726423072835 -0.0065457820892333984 773
1726423072873 0.004523873329162598 774
1726423072912 -0.032294631004333496 775
1726423072951 0.034827232360839844 776
1726423072990 -0.020665884017944336 777
1726423073031 0.01707291603088379 778
1726423073076 -0.0005450248718261719 779
1726423073114 0.009112834930419922 780
1726423073152 -0.018037080764770508 781
1726423073190 0.027048587799072266 782
1726423073228 0.004593014717102051 783
1726423073267 -0.0003622770309448242 784
1726423073306 0.01355123519897461 785
1726423073345 -0.020067334175109863 786
1726423073383 0.008578181266784668 787
1726423073421 -0.008962631225585938 788
1726423073460 -0.001611948013305664 789
1726423073499 -0.010283470153808594 790
1726423073537 0.030028462409973145 791
1726423073575 0.00020945072174072266 792
1726423073614 -0.012460470199584961 793
1726423073652 -0.005060434341430664 794
1726423073690 -0.007368803024291992 795
1726423073728 0.0020532608032226562 796
1726423073767 -0.024501800537109375 797
1726423073806 0.0159151554107666 798
1726423073844 -0.004114866256713867 799
1726423073882 0.033867597579956055 800
1726423073921 0.0029082298278808594 801
1726423073960 -7.82012939453125e-05 802
1726423073998 -0.0005614757537841797 803
1726423074037 -0.012855887413024902 804
1726423074075 -0.0027801990509033203 805
1726423074114 0.00882112979888916 806
1726423074152 -0.004082441329956055 807
1726423074190 -0.0016171932220458984 808
1726423074228 -0.03661978244781494 809
1726423074267 0.00580906867980957 810
1726423074306 0.005137205123901367 811
1726423074345 0.01114499568939209 812
1726423074383 -0.0061528682708740234 813
1726423074421 -0.005844712257385254 814
1726423074459 0.0008819103240966797 815
1726423074497 -0.004242420196533203 816
1726423074537 0.007292509078979492 817
1726423074576 0.005873680114746094 818
1726423074615 -0.02664315700531006 819
1726423074653 0.018796205520629883 820
1726423074691 -0.018899202346801758 821
1726423074731 0.0037047863006591797 822
1726423074769 -0.0021134614944458008 823
1726423074808 0.001155853271484375 824
1726423074847 0.0065735578536987305 825
1726423074885 -0.009449124336242676 826
1726423074923 -0.005055785179138184 827
1726423074962 -0.005105257034301758 828
1726423075001 -0.0015041828155517578 829
1726423075040 -0.008743047714233398 830
1726423075078 -0.0002974271774291992 831
1726423075116 -0.00031387805938720703 832
1726423075156 -0.0003311634063720703 833
1726423075194 -0.00035071372985839844 834
1726423075233 -0.0003712177276611328 835
1726423075271 -0.0003941059112548828 836
1726423075311 -0.0004189014434814453 837
1726423075349 -0.000446319580078125 838
1726423075388 -0.0031609535217285156 839
1726423075427 -0.001909494400024414 840
1726423075467 -0.002277851104736328 841
1726423075505 0.02934849262237549 842
1726423075545 -0.001011967658996582 843
1726423075585 0.031002044677734375 844
1726423075625 0.01605987548828125 845
1726423075665 -0.03370237350463867 846
1726423075707 0.0014160871505737305 847
1726423075749 0.012184381484985352 848
1726423075793 0.0010991096496582031 849
1726423075838 0.006767868995666504 850
1726423075883 0.006994724273681641 851
1726423075930 -0.0015878677368164062 852
1726423075976 -0.01313328742980957 853
1726423076023 -0.0026116371154785156 854
1726423076071 -0.0030536651611328125 855
1726423076119 -0.0025844573974609375 856
1726423076168 -0.0028792619705200195 857
1726423076216 -0.003706216812133789 858
1726423076264 -0.004780173301696777 859
1726423076312 -0.0016493797302246094 860
1726423076361 -0.002155780792236328 861
1726423076409 -0.0033682584762573242 862
1726423076457 0.0037184953689575195 863
1726423076504 -0.006732463836669922 864
1726423076552 -0.001260519027709961 865
1726423076600 -0.006159186363220215 866
1726423076652 0.010106325149536133 867
1726423076700 -0.0016313791275024414 868
1726423076748 -0.0018606185913085938 869
1726423076796 -0.0022083520889282227 870
1726423076844 0.00784158706665039 871
1726423076892 0.021547794342041016 872
1726423076940 0.018366098403930664 873
1726423076988 -0.015230536460876465 874
1726423077036 -0.002203226089477539 875
1726423077085 -0.0024056434631347656 876
1726423077133 -0.0026552677154541016 877
1726423077182 -0.002973794937133789 878
1726423077229 -0.0004417896270751953 879
1726423077278 0.003326416015625 880
1726423077327 -0.005333423614501953 881
1726423077376 0.0032236576080322266 882
1726423077425 0.0031278133392333984 883
1726423077475 -0.0023734569549560547 884
1726423077524 0.012795209884643555 885
1726423077576 -0.005043745040893555 886
1726423077624 -0.02070462703704834 887
1726423077672 -0.001114964485168457 888
1726423077720 -0.0012584924697875977 889
1726423077767 -0.0010782480239868164 890
1726423077815 0.00391697883605957 891
1726423077863 -0.008681893348693848 892
1726423077926 -0.0022225379943847656 893
1726423077979 -0.0017722845077514648 894
1726423078028 -0.0016660690307617188 895
1726423078088 -0.0019108057022094727 896
1726423078141 -0.002259492874145508 897
1726423078191 -0.0032019615173339844 898
1726423078239 -0.00253903865814209 899
1726423078289 -0.0005137920379638672 900
1726423078347 -0.0005528926849365234 901
1726423078402 -0.0005979537963867188 902
1726423078451 -0.0006518363952636719 903
1726423078498 -0.0007166862487792969 904
1726423078549 -0.0007970333099365234 905
1726423078597 -0.0008993148803710938 906
1726423078645 0.02398204803466797 907
1726423078693 -0.00047326087951660156 908
1726423078741 -0.004311323165893555 909
1726423078788 -0.0073757171630859375 910
1726423078836 -3.6954879760742188e-06 911
1726423078884 -3.933906555175781e-06 912
1726423078932 -4.0531158447265625e-06 913
1726423078979 0.0013709068298339844 914
1726423079027 -0.00010132789611816406 915
1726423079074 -0.00010335445404052734 916
1726423079122 -0.00010561943054199219 917
1726423079170 -0.00010764598846435547 918
1726423079218 0.0054895877838134766 919
1726423079265 0.0006268024444580078 920
1726423079313 -0.0030062198638916016 921
1726423079361 -0.0036160945892333984 922
1726423079411 -0.0031282901763916016 923
1726423079457 -0.00025177001953125 924
1726423079503 -0.00026035308837890625 925
1726423079547 -0.0002689361572265625 926
1726423079590 0.01751565933227539 927
1726423079634 -0.0017955303192138672 928
1726423079675 -0.002351522445678711 929
1726423079717 -0.003757476806640625 930
1726423079758 -0.0012698173522949219 931
1726423079799 0.027085542678833008 932
1726423079840 -0.008137226104736328 933
1726423079879 -0.007130026817321777 934
1726423079919 -0.00031447410583496094 935
1726423079959 -0.00031578540802001953 936
1726423079999 -0.00031697750091552734 937
1726423080039 -0.0003184080123901367 938
1726423080079 -0.0003203153610229492 939
1726423080119 -0.0003222227096557617 940
1726423080158 -0.00816202163696289 941
1726423080198 -2.1457672119140625e-06 942
1726423080237 -2.6226043701171875e-06 943
1726423080276 -2.2649765014648438e-06 944
1726423080317 -2.5033950805664062e-06 945
1726423080356 0.00027871131896972656 946
1726423080395 -0.0028797388076782227 947
1726423080435 -5.4001808166503906e-05 948
1726423080474 -5.626678466796875e-05 949
1726423080514 -5.8650970458984375e-05 950
1726423080557 -6.115436553955078e-05 951
1726423080597 0.005096077919006348 952
1726423080637 -0.0061337947845458984 953
1726423080676 -6.139278411865234e-05 954
1726423080715 0.010795235633850098 955
1726423080755 -0.006558656692504883 956
1726423080794 -0.0018317699432373047 957
1726423080834 0.012668132781982422 958
1726423080874 -0.008634567260742188 959
1726423080913 -0.004441499710083008 960
1726423080953 -0.001728057861328125 961
1726423080993 0.00037932395935058594 962
1726423081036 -0.00022268295288085938 963
1726423081076 0.005146026611328125 964
1726423081117 -0.006106019020080566 965
1726423081157 -0.00015938282012939453 966
1726423081196 -0.00016570091247558594 967
1726423081236 -0.0001723766326904297 968
1726423081276 -0.0018014907836914062 969
1726423081315 -0.007495880126953125 970
1726423081355 -0.004076242446899414 971
1726423081395 -0.0007661581039428711 972
1726423081434 -0.00016796588897705078 973
1726423081474 -0.00016951560974121094 974
1726423081514 -0.0001709461212158203 975
1726423081554 -0.00017273426055908203 976
1726423081594 -0.00017440319061279297 977
1726423081634 -0.00017595291137695312 978
1726423081673 -0.00017786026000976562 979
1726423081712 -0.00017952919006347656 980
1726423081753 -0.00018131732940673828 981
1726423081793 -0.00018322467803955078 982
1726423081833 -0.0001850128173828125 983
1726423081874 -0.000186920166015625 984
1726423081912 -0.0001888275146484375 985
1726423081952 -0.00019085407257080078 986
1726423081993 -0.00019288063049316406 987
1726423082032 -0.00019490718841552734 988
1726423082072 -0.0001971721649169922 989
1726423082112 -0.0001990795135498047 990
1726423082151 -0.0002015829086303711 991
1726423082191 -0.00020360946655273438 992
1726423082231 -0.00020611286163330078 993
1726423082269 -0.00020837783813476562 994
1726423082310 -0.00021076202392578125 995
1726423082350 -0.00021314620971679688 996
1726423082389 -0.00021576881408691406 997
1726423082428 -0.00021839141845703125 998
1726423082469 -0.00022101402282714844 999
