1727276948134 0.3555387556552887 0
1727276948227 0.5378580689430237 1
1727276948317 0.4001927077770233 2
1727276948418 0.5113666653633118 3
1727276948513 0.33735039830207825 4
1727276948601 0.4335821270942688 5
1727276948688 0.5087923407554626 6
1727276948775 0.43423736095428467 7
1727276948863 0.32600319385528564 8
1727276948950 0.5284927487373352 9
1727276949038 0.4118131101131439 10
1727276949125 0.42611733078956604 11
1727276949213 0.5076945424079895 12
1727276949300 0.2925824224948883 13
1727276949386 0.37031564116477966 14
1727276949475 0.49437183141708374 15
1727276949561 0.38284066319465637 16
1727276949648 0.4723246097564697 17
1727276949738 0.2626323997974396 18
1727276949835 0.4904279112815857 19
1727276949922 0.5299990773200989 20
1727276950017 5.044888019561768 21
1727276950103 0.3120739758014679 22
1727276950190 0.4128175377845764 23
1727276950279 0.1901930868625641 24
1727276950366 0.32362669706344604 25
1727276950453 0.4764736294746399 26
1727276950541 0.32305169105529785 27
1727276950628 0.32908040285110474 28
1727276950716 0.39881300926208496 29
1727276950804 0.37777942419052124 30
1727276950892 0.38012903928756714 31
1727276950981 0.4473767578601837 32
1727276951068 0.1991705745458603 33
1727276951155 0.4255226254463196 34
1727276951244 0.4916987419128418 35
1727276951332 0.3149147629737854 36
1727276951418 0.45439696311950684 37
1727276951507 0.4556427001953125 38
1727276951595 0.5182299613952637 39
1727276951686 0.40784743428230286 40
1727276951780 0.4810355603694916 41
1727276951889 0.43962210416793823 42
1727276952011 0.4537038803100586 43
1727276952121 0.33715033531188965 44
1727276952228 0.510765790939331 45
1727276952336 0.5002642869949341 46
1727276952444 0.39889949560165405 47
1727276952553 0.404904842376709 48
1727276952661 0.4601167142391205 49
1727276952770 0.54161536693573 50
1727276952878 0.4268040359020233 51
1727276952985 0.42165714502334595 52
1727276953097 0.42313170433044434 53
1727276953211 0.49497586488723755 54
1727276953315 0.5015336871147156 55
1727276953412 0.39543992280960083 56
1727276953506 0.36180579662323 57
1727276953598 0.5420212745666504 58
1727276953690 0.5058709383010864 59
1727276953781 0.4899018406867981 60
1727276953871 0.4735391139984131 61
1727276953960 0.5339733958244324 62
1727276954048 0.49761146306991577 63
1727276954134 4.877203941345215 64
1727276954224 0.5148900747299194 65
1727276954312 0.597251296043396 66
1727276954399 0.40691182017326355 67
1727276954486 0.4638005197048187 68
1727276954574 0.43061530590057373 69
1727276954660 0.4733745753765106 70
1727276954749 0.46560168266296387 71
1727276954837 0.4512617588043213 72
1727276954924 0.43856102228164673 73
1727276955012 0.4416567087173462 74
1727276955099 0.38984039425849915 75
1727276955188 0.33894214034080505 76
1727276955277 0.48289844393730164 77
1727276955372 0.4769950211048126 78
1727276955463 0.062108635902404785 79
1727276955552 0.5134191513061523 80
1727276955640 0.39903879165649414 81
1727276955728 0.5249841213226318 82
1727276955815 0.39389345049858093 83
1727276955902 0.5249841213226318 84
1727276955990 0.34590399265289307 85
1727276956078 0.3857567310333252 86
1727276956165 0.40990421175956726 87
1727276956254 0.3190332055091858 88
1727276956341 0.4994802176952362 89
1727276956427 0.550201952457428 90
1727276956515 0.4131377935409546 91
1727276956603 0.4082634747028351 92
1727276956692 0.43310052156448364 93
1727276956780 0.5138673782348633 94
1727276956869 0.5104916095733643 95
1727276956957 0.24425733089447021 96
1727276957046 0.5769028663635254 97
1727276957135 0.34550681710243225 98
1727276957225 0.48699551820755005 99
1727276957314 0.3548336923122406 100
1727276957406 0.5119405388832092 101
1727276957497 0.1600838154554367 102
1727276957586 0.34100261330604553 103
1727276957675 0.45161643624305725 104
1727276957763 0.5348472595214844 105
1727276957853 0.3953312039375305 106
1727276957947 -0.09958997368812561 107
1727276958037 0.3736691176891327 108
1727276958125 0.41033920645713806 109
1727276958214 0.5108471512794495 110
1727276958303 0.4579721987247467 111
1727276958390 0.4444400370121002 112
1727276958478 0.5030350685119629 113
1727276958568 0.5164884328842163 114
1727276958657 0.2553110718727112 115
1727276958746 0.46446919441223145 116
1727276958835 0.4654881954193115 117
1727276958922 0.38779938220977783 118
1727276959011 0.5918591022491455 119
1727276959099 0.5483330488204956 120
1727276959187 0.44748708605766296 121
1727276959275 0.5244579315185547 122
1727276959362 0.45713138580322266 123
1727276959449 0.35259902477264404 124
1727276959538 0.036114126443862915 125
1727276959625 5.036098957061768 126
1727276959715 0.3889862895011902 127
1727276959804 0.29411208629608154 128
1727276959894 0.49376368522644043 129
1727276959982 0.379167377948761 130
1727276960072 0.40529897809028625 131
1727276960160 0.45541173219680786 132
1727276960250 0.3807479739189148 133
1727276960340 0.35002413392066956 134
1727276960428 0.20327286422252655 135
1727276960517 0.5251480340957642 136
1727276960604 0.42834532260894775 137
1727276960692 0.4280223846435547 138
1727276960780 0.31831833720207214 139
1727276960869 0.2543569505214691 140
1727276960957 0.5926597118377686 141
1727276961047 0.34485524892807007 142
1727276961137 0.4700865149497986 143
1727276961230 0.5240751504898071 144
1727276961321 0.5053509473800659 145
1727276961408 0.5336708426475525 146
1727276961498 0.5120800137519836 147
1727276961589 0.5234252214431763 148
1727276961687 0.28379982709884644 149
1727276961779 0.36298394203186035 150
1727276961876 0.5381380319595337 151
1727276961966 -0.008184954524040222 152
1727276962056 0.37659403681755066 153
1727276962146 0.5399950742721558 154
1727276962235 0.4315282106399536 155
1727276962326 0.39193710684776306 156
1727276962416 0.30430951714515686 157
1727276962506 0.42960506677627563 158
1727276962599 0.4007469415664673 159
1727276962689 0.4385712146759033 160
1727276962779 0.18662598729133606 161
1727276962867 0.40982258319854736 162
1727276962957 0.5540300607681274 163
1727276963048 0.5760701894760132 164
1727276963137 0.3792267143726349 165
1727276963227 0.5010693669319153 166
1727276963318 0.22800275683403015 167
1727276963405 0.45598703622817993 168
1727276963493 0.12047640979290009 169
1727276963582 0.03389608860015869 170
1727276963671 0.03193694353103638 171
1727276963759 0.41873830556869507 172
1727276963856 0.5524244904518127 173
1727276963943 0.46506571769714355 174
1727276964031 0.5828198790550232 175
1727276964120 0.4918607473373413 176
1727276964208 0.37126338481903076 177
1727276964298 0.45542240142822266 178
1727276964386 0.2665337324142456 179
1727276964476 0.5498496294021606 180
1727276964565 0.4242181181907654 181
1727276964654 0.40427374839782715 182
1727276964743 0.27958452701568604 183
1727276964833 0.4633444547653198 184
1727276964921 0.45343539118766785 185
1727276965012 0.4580702781677246 186
1727276965102 0.37513890862464905 187
1727276965191 0.43041449785232544 188
1727276965280 0.36245882511138916 189
1727276965368 0.4427877366542816 190
1727276965457 0.3608832359313965 191
1727276965546 0.478748083114624 192
1727276965637 0.45879778265953064 193
1727276965726 0.4915701150894165 194
1727276965815 0.43492043018341064 195
1727276965904 0.2960240840911865 196
1727276965993 0.5203235149383545 197
1727276966081 0.47837603092193604 198
1727276966169 0.4465157091617584 199
1727276966261 0.4271586835384369 200
1727276966351 0.2577052414417267 201
1727276966440 0.23073416948318481 202
1727276966528 0.5747363567352295 203
1727276966617 0.5333524942398071 204
1727276966706 0.4639855623245239 205
1727276966794 0.36583399772644043 206
1727276966899 0.43436199426651 207
1727276966993 0.5002415180206299 208
1727276967095 0.3188624680042267 209
1727276967199 0.36922964453697205 210
1727276967306 0.40485134720802307 211
1727276967414 0.3572366237640381 212
1727276967523 0.39981257915496826 213
1727276967633 0.10674494504928589 214
1727276967743 0.40623775124549866 215
1727276967854 0.46414661407470703 216
1727276967961 0.09198266267776489 217
1727276968072 0.3872579038143158 218
1727276968179 0.5038894414901733 219
1727276968277 0.4818221926689148 220
1727276968373 0.5400410890579224 221
1727276968465 0.29018473625183105 222
1727276968557 0.13583368062973022 223
1727276968646 0.516257643699646 224
1727276968733 0.2821841239929199 225
1727276968820 0.48270031809806824 226
1727276968906 0.3863486349582672 227
1727276968993 0.3971346318721771 228
1727276969082 0.4410971999168396 229
1727276969169 0.45742660760879517 230
1727276969256 0.46099478006362915 231
1727276969343 0.38603588938713074 232
1727276969429 0.4207257330417633 233
1727276969515 0.33335527777671814 234
1727276969601 0.37051016092300415 235
1727276969687 0.4447677433490753 236
1727276969776 0.4236995279788971 237
1727276969869 0.2712656557559967 238
1727276969960 0.5323909521102905 239
1727276970047 0.42881107330322266 240
1727276970135 0.26208585500717163 241
1727276970225 0.2770557999610901 242
1727276970316 0.310577392578125 243
1727276970404 0.44074058532714844 244
1727276970492 0.35582369565963745 245
1727276970585 0.35371261835098267 246
1727276970672 0.41129738092422485 247
1727276970761 0.5327028632164001 248
1727276970851 0.4671846628189087 249
1727276970939 0.1366121619939804 250
1727276971028 0.5281030535697937 251
1727276971118 0.3996835947036743 252
1727276971205 0.4874083995819092 253
1727276971293 0.5123858451843262 254
1727276971382 0.4580244719982147 255
1727276971470 0.2546602785587311 256
1727276971560 0.4983859956264496 257
1727276971651 0.4556989073753357 258
1727276971746 0.38154172897338867 259
1727276971836 0.5049065947532654 260
1727276971923 0.41430777311325073 261
1727276972011 0.3909222185611725 262
1727276972101 0.15881699323654175 263
1727276972188 0.45695334672927856 264
1727276972277 0.5783703327178955 265
1727276972365 0.5111278891563416 266
1727276972453 0.27080023288726807 267
1727276972541 0.23308472335338593 268
1727276972630 0.41360223293304443 269
1727276972718 0.21056976914405823 270
1727276972810 0.3083212375640869 271
1727276972898 0.18519124388694763 272
1727276972986 0.2243596613407135 273
1727276973075 0.36494335532188416 274
1727276973165 0.5196386575698853 275
1727276973252 0.44591864943504333 276
1727276973340 0.45525217056274414 277
1727276973428 0.4702112078666687 278
1727276973516 0.4012865722179413 279
1727276973605 0.36955884099006653 280
1727276973692 0.25493741035461426 281
1727276973781 0.33284592628479004 282
1727276973873 0.42972785234451294 283
1727276973962 0.39690083265304565 284
1727276974052 0.3253258466720581 285
1727276974141 0.17254911363124847 286
1727276974229 0.13494037091732025 287
1727276974318 0.17254911363124847 288
