1727275541423 1.9902863502502441 0
1727275541511 1.9883899688720703 1
1727275541598 1.9690284729003906 2
1727275541688 1.974863052368164 3
1727275541775 1.9829423427581787 4
1727275541865 1.9626343250274658 5
1727275541962 1.9682621955871582 6
1727275542063 1.962815284729004 7
1727275542169 1.9487712383270264 8
1727275542285 1.9008898735046387 9
1727275542404 1.878084421157837 10
1727275542518 1.8680200576782227 11
1727275542630 1.9432199001312256 12
1727275542744 1.926922082901001 13
1727275542852 1.9133330583572388 14
1727275542964 1.9490306377410889 15
1727275543065 1.9096312522888184 16
1727275543162 1.898039698600769 17
1727275543255 1.8674201965332031 18
1727275543346 1.8586758375167847 19
1727275543437 1.846132516860962 20
1727275543525 1.9361008405685425 21
1727275543612 1.9557676315307617 22
1727275543702 1.9736918210983276 23
1727275543790 1.9713070392608643 24
1727275543878 1.9789563417434692 25
1727275543967 1.992849588394165 26
1727275544055 1.9936143159866333 27
1727275544144 1.98834228515625 28
1727275544233 1.9815047979354858 29
1727275544323 1.9609696865081787 30
1727275544411 1.9635192155838013 31
1727275544499 1.9378368854522705 32
1727275544588 1.918445348739624 33
1727275544676 1.9338970184326172 34
1727275544765 1.9598554372787476 35
1727275544853 1.9732999801635742 36
1727275544942 1.9689358472824097 37
1727275545031 1.9355533123016357 38
1727275545119 1.9698988199234009 39
1727275545208 1.9689111709594727 40
1727275545296 1.986615538597107 41
1727275545384 1.9821062088012695 42
1727275545473 1.9989376068115234 43
1727275545561 1.9761388301849365 44
1727275545649 1.972442865371704 45
1727275545738 1.9766041040420532 46
1727275545825 1.9648268222808838 47
1727275545914 1.9682990312576294 48
1727275546003 1.9708681106567383 49
1727275546091 1.933465838432312 50
1727275546180 1.8580738306045532 51
1727275546268 1.8980686664581299 52
1727275546355 1.9144930839538574 53
1727275546444 1.9340102672576904 54
1727275546532 1.953796148300171 55
1727275546620 1.9619851112365723 56
1727275546709 1.951096773147583 57
1727275546797 1.9405791759490967 58
1727275546886 1.9622048139572144 59
1727275546975 1.9350080490112305 60
1727275547063 1.9740978479385376 61
1727275547151 1.9605213403701782 62
1727275547240 1.9554476737976074 63
1727275547329 1.9846093654632568 64
1727275547421 1.9816513061523438 65
1727275547511 1.9772117137908936 66
1727275547599 1.9548864364624023 67
1727275547688 1.983798861503601 68
1727275547775 1.9649207592010498 69
1727275547864 1.9209785461425781 70
1727275547954 1.942496657371521 71
1727275548042 1.9113142490386963 72
1727275548130 1.885064959526062 73
1727275548219 1.8526259660720825 74
1727275548307 1.843013048171997 75
1727275548395 1.876194715499878 76
1727275548484 1.9300906658172607 77
1727275548572 1.9684836864471436 78
1727275548660 1.9799052476882935 79
1727275548749 1.978198766708374 80
1727275548837 1.9756108522415161 81
1727275548925 1.9752991199493408 82
1727275549013 1.9850924015045166 83
1727275549102 1.9910372495651245 84
1727275549191 1.985116720199585 85
1727275549278 1.983453392982483 86
1727275549367 1.9804227352142334 87
1727275549456 1.969081997871399 88
1727275549543 1.985460638999939 89
1727275549631 1.9651427268981934 90
1727275549720 1.9830797910690308 91
1727275549808 1.9818817377090454 92
1727275549896 1.966423749923706 93
1727275549985 1.9601455926895142 94
1727275550073 1.902787446975708 95
1727275550160 1.8866674900054932 96
1727275550249 1.9179401397705078 97
1727275550338 1.8915066719055176 98
1727275550426 1.9327735900878906 99
1727275550515 1.9423766136169434 100
1727275550603 1.9464330673217773 101
1727275550691 1.9770126342773438 102
1727275550779 1.984279990196228 103
1727275550868 1.9787452220916748 104
1727275550956 1.9759070873260498 105
1727275551047 1.9875025749206543 106
1727275551138 1.9969096183776855 107
1727275551228 1.988963007926941 108
1727275551317 1.9391571283340454 109
1727275551406 1.9393506050109863 110
1727275551496 1.9189494848251343 111
1727275551585 1.947418451309204 112
1727275551674 1.9282628297805786 113
1727275551763 1.8839479684829712 114
1727275551852 1.8402429819107056 115
1727275551941 1.8458945751190186 116
1727275552030 1.898325800895691 117
1727275552120 1.9480112791061401 118
1727275552209 1.9647974967956543 119
1727275552299 1.9832675457000732 120
1727275552388 1.9642815589904785 121
1727275552480 1.9878747463226318 122
1727275552571 1.9844944477081299 123
1727275552665 1.9582295417785645 124
1727275552758 1.943645715713501 125
1727275552846 1.9330559968948364 126
1727275552936 1.904335856437683 127
1727275553026 1.9513074159622192 128
1727275553118 1.9438128471374512 129
1727275553218 1.9335858821868896 130
1727275553313 1.9422729015350342 131
1727275553401 1.9595894813537598 132
1727275553491 1.9416980743408203 133
1727275553581 1.9513517618179321 134
1727275553671 1.9538947343826294 135
1727275553762 1.9917306900024414 136
1727275553852 1.996647596359253 137
1727275553941 1.9925330877304077 138
1727275554029 1.9909930229187012 139
1727275554117 1.948851466178894 140
1727275554205 1.9260354042053223 141
1727275554292 1.9694733619689941 142
1727275554381 1.9920384883880615 143
1727275554469 1.9839195013046265 144
1727275554557 1.9821374416351318 145
1727275554645 1.9817748069763184 146
1727275554733 1.9619841575622559 147
1727275554820 1.9770820140838623 148
1727275554908 1.9720923900604248 149
1727275554996 1.9838579893112183 150
1727275555085 1.988368272781372 151
1727275555172 1.9844019412994385 152
1727275555260 1.9618427753448486 153
1727275555348 1.9465148448944092 154
1727275555435 1.9556678533554077 155
1727275555524 1.9596531391143799 156
1727275555611 1.9722009897232056 157
1727275555700 1.968679428100586 158
1727275555788 1.9395842552185059 159
1727275555874 1.929795265197754 160
1727275555963 1.9434866905212402 161
1727275556051 1.849764108657837 162
1727275556139 1.9054067134857178 163
1727275556227 1.8983668088912964 164
1727275556316 1.9217000007629395 165
1727275556405 1.9001331329345703 166
1727275556493 1.9282705783843994 167
1727275556583 1.9408559799194336 168
1727275556678 1.927335262298584 169
1727275556801 1.9513763189315796 170
1727275556924 1.98075270652771 171
1727275557027 1.9800546169281006 172
1727275557133 1.9850101470947266 173
1727275557240 1.9918123483657837 174
1727275557348 1.9772965908050537 175
1727275557455 1.98753821849823 176
1727275557568 1.9816325902938843 177
1727275557698 1.9433715343475342 178
1727275557811 1.9526927471160889 179
1727275557919 1.9868743419647217 180
1727275558027 1.9898171424865723 181
1727275558127 1.9764111042022705 182
1727275558222 1.98197603225708 183
1727275558314 1.9902958869934082 184
1727275558405 1.9940135478973389 185
1727275558495 1.9861953258514404 186
1727275558584 1.982867956161499 187
1727275558673 1.9979383945465088 188
1727275558762 1.9960402250289917 189
1727275558850 1.998484492301941 190
1727275558939 1.9882606267929077 191
1727275559028 1.9583030939102173 192
1727275559118 1.9587692022323608 193
1727275559210 1.940861701965332 194
1727275559303 1.9299952983856201 195
1727275559394 1.8974461555480957 196
1727275559484 1.9177119731903076 197
1727275559575 1.9512969255447388 198
1727275559670 1.9642165899276733 199
1727275559759 1.911566972732544 200
1727275559853 1.9207531213760376 201
1727275559944 1.9325408935546875 202
1727275560035 1.9623584747314453 203
1727275560123 1.9837102890014648 204
1727275560221 1.9954293966293335 205
1727275560312 1.9936816692352295 206
1727275560413 1.9988831281661987 207
1727275560503 1.9678740501403809 208
1727275560592 1.9673821926116943 209
1727275560693 1.969058871269226 210
1727275560780 1.9748058319091797 211
1727275560871 1.9453237056732178 212
1727275560960 1.933903455734253 213
1727275561048 1.9038563966751099 214
1727275561137 1.8917328119277954 215
1727275561225 1.946028709411621 216
1727275561313 1.9308323860168457 217
1727275561402 1.9600236415863037 218
1727275561491 1.9636179208755493 219
1727275561579 1.9646700620651245 220
1727275561668 1.9516246318817139 221
1727275561757 1.9591516256332397 222
1727275561844 1.917292833328247 223
1727275561933 1.9212886095046997 224
1727275562022 1.9565598964691162 225
1727275562110 1.9431493282318115 226
1727275562199 1.894577980041504 227
1727275562288 1.9380619525909424 228
1727275562375 1.9856393337249756 229
1727275562465 1.985384225845337 230
1727275562554 1.9887793064117432 231
1727275562642 1.9935898780822754 232
1727275562733 1.9996554851531982 233
1727275562822 1.9961721897125244 234
1727275562910 1.992962121963501 235
1727275562999 1.988208293914795 236
1727275563087 1.970059871673584 237
1727275563175 1.9643280506134033 238
1727275563264 1.9819599390029907 239
1727275563352 1.9694781303405762 240
1727275563441 1.9689186811447144 241
1727275563530 1.978995680809021 242
1727275563618 1.9546756744384766 243
1727275563707 1.9640239477157593 244
1727275563795 1.9089826345443726 245
1727275563883 1.9331700801849365 246
1727275563972 1.8701938390731812 247
1727275564059 1.8946934938430786 248
1727275564148 1.9021258354187012 249
1727275564236 1.943068027496338 250
1727275564325 1.9430832862854004 251
1727275564412 1.920011043548584 252
1727275564501 1.8970317840576172 253
1727275564589 1.9102661609649658 254
1727275564676 1.9393351078033447 255
1727275564765 1.9425557851791382 256
1727275564853 1.942362666130066 257
1727275564940 1.9336740970611572 258
1727275565029 1.9655749797821045 259
1727275565118 1.9660325050354004 260
1727275565205 1.9603976011276245 261
1727275565295 1.9722659587860107 262
1727275565383 1.9966139793395996 263
1727275565471 1.9925364255905151 264
1727275565559 1.9613885879516602 265
1727275565646 1.978445291519165 266
1727275565734 1.9689371585845947 267
1727275565822 1.9493043422698975 268
1727275565910 1.9746148586273193 269
1727275565999 1.9606444835662842 270
1727275566087 1.965256929397583 271
1727275566175 1.96082603931427 272
1727275566263 1.9352189302444458 273
1727275566351 1.9342612028121948 274
1727275566438 1.9317524433135986 275
1727275566528 1.9331798553466797 276
1727275566616 1.9650938510894775 277
1727275566705 1.9826326370239258 278
1727275566793 1.991790533065796 279
1727275566881 1.9941531419754028 280
1727275566970 1.9954787492752075 281
1727275567058 1.9806228876113892 282
1727275567146 1.9841042757034302 283
1727275567234 1.983320713043213 284
1727275567322 1.974321961402893 285
1727275567409 1.9654024839401245 286
1727275567497 1.9726907014846802 287
1727275567585 1.9601447582244873 288
1727275567673 1.9453582763671875 289
1727275567762 1.9749884605407715 290
1727275567854 1.998471736907959 291
1727275567943 1.986634373664856 292
1727275568031 1.9709060192108154 293
1727275568120 1.968525767326355 294
1727275568208 1.9845404624938965 295
1727275568297 1.9827426671981812 296
1727275568386 1.997920036315918 297
1727275568474 1.9925340414047241 298
1727275568562 1.9801115989685059 299
1727275568650 1.9758074283599854 300
1727275568738 1.9858087301254272 301
1727275568826 1.9931342601776123 302
1727275568915 1.9888255596160889 303
1727275569003 1.9993529319763184 304
1727275569092 1.9959685802459717 305
1727275569179 1.9877064228057861 306
1727275569267 1.9862831830978394 307
1727275569354 1.9814972877502441 308
1727275569441 1.9803540706634521 309
1727275569531 1.9857804775238037 310
1727275569619 1.9908952713012695 311
1727275569708 1.9675474166870117 312
1727275569796 1.9744844436645508 313
1727275569884 1.984350323677063 314
1727275569972 1.9749003648757935 315
1727275570060 1.9790916442871094 316
1727275570149 1.9821054935455322 317
1727275570237 1.9662861824035645 318
1727275570326 1.9844642877578735 319
1727275570414 1.9835281372070312 320
1727275570504 1.9569509029388428 321
1727275570592 1.9541832208633423 322
1727275570680 1.9267289638519287 323
1727275570769 1.913032054901123 324
1727275570857 1.8687052726745605 325
1727275570944 1.898921012878418 326
1727275571033 1.9159700870513916 327
1727275571122 1.9520466327667236 328
1727275571209 1.9782731533050537 329
1727275571299 1.962877631187439 330
1727275571388 1.9393821954727173 331
1727275571475 1.968629240989685 332
1727275571564 1.9887608289718628 333
1727275571652 1.9638776779174805 334
1727275571740 1.990638256072998 335
1727275571828 1.999588966369629 336
1727275571921 1.9972710609436035 337
1727275572022 1.9841558933258057 338
1727275572124 1.983517050743103 339
1727275572228 1.9770989418029785 340
1727275572335 1.943663477897644 341
1727275572442 1.9273008108139038 342
1727275572550 1.9109878540039062 343
1727275572658 1.9413540363311768 344
1727275572765 1.9327654838562012 345
1727275572873 1.9069938659667969 346
1727275572982 1.9069640636444092 347
1727275573084 1.8995332717895508 348
1727275573180 1.8225386142730713 349
1727275573274 1.878103494644165 350
1727275573365 1.8899649381637573 351
1727275573455 1.8641849756240845 352
1727275573543 1.8591598272323608 353
1727275573631 1.8999619483947754 354
1727275573720 1.93027663230896 355
1727275573809 1.9388196468353271 356
1727275573897 1.9504101276397705 357
1727275573985 1.956381916999817 358
1727275574074 1.9700052738189697 359
1727275574162 1.9670034646987915 360
1727275574250 1.971550703048706 361
1727275574340 1.9828790426254272 362
1727275574428 1.984899640083313 363
1727275574517 1.9975693225860596 364
1727275574605 1.994206428527832 365
1727275574693 1.9809205532073975 366
1727275574782 1.9924495220184326 367
1727275574870 1.9897351264953613 368
1727275574959 1.9856152534484863 369
1727275575047 1.9842907190322876 370
1727275575135 1.9860444068908691 371
1727275575223 1.9862205982208252 372
1727275575312 1.9659366607666016 373
1727275575401 1.9729658365249634 374
1727275575489 1.92805016040802 375
1727275575578 1.9328978061676025 376
1727275575666 1.934558629989624 377
1727275575754 1.9269870519638062 378
1727275575842 1.9419515132904053 379
1727275575929 1.9670038223266602 380
1727275576018 1.9405022859573364 381
1727275576107 1.9166862964630127 382
1727275576194 1.9395785331726074 383
1727275576283 1.891556978225708 384
1727275576371 1.9465484619140625 385
1727275576458 1.9609768390655518 386
1727275576547 1.9654066562652588 387
1727275576634 1.9758803844451904 388
1727275576723 1.9720304012298584 389
1727275576812 1.9673259258270264 390
1727275576899 1.9686965942382812 391
1727275576988 1.9690589904785156 392
1727275577076 1.9496159553527832 393
1727275577164 1.9681265354156494 394
1727275577251 1.9796557426452637 395
1727275577340 1.9367010593414307 396
1727275577429 1.9589424133300781 397
1727275577520 1.9572914838790894 398
1727275577611 1.9568769931793213 399
1727275577700 1.9414780139923096 400
1727275577792 1.963334321975708 401
1727275577882 1.9909629821777344 402
1727275577973 1.9835357666015625 403
1727275578066 1.9938682317733765 404
1727275578162 1.9935107231140137 405
1727275578254 1.982867956161499 406
1727275578348 1.9630115032196045 407
1727275578440 1.9504878520965576 408
1727275578531 1.9569787979125977 409
1727275578624 1.9816563129425049 410
1727275578714 1.9900848865509033 411
1727275578812 1.9932920932769775 412
1727275578905 1.9782668352127075 413
1727275578996 1.9930453300476074 414
1727275579089 1.9973475933074951 415
1727275579176 1.996164321899414 416
1727275579272 1.9994564056396484 417
1727275579361 1.9998250007629395 418
1727275579450 1.9903496503829956 419
1727275579541 1.9881126880645752 420
1727275579632 1.9987514019012451 421
1727275579723 1.999293327331543 422
1727275579815 1.9953925609588623 423
1727275579905 1.9826613664627075 424
1727275579995 1.9918575286865234 425
1727275580088 1.9505985975265503 426
1727275580177 1.9372758865356445 427
1727275580268 1.9755125045776367 428
1727275580361 1.9795879125595093 429
1727275580453 1.9770419597625732 430
1727275580544 1.9639841318130493 431
1727275580637 1.9477083683013916 432
1727275580726 1.977184534072876 433
1727275580815 1.9732238054275513 434
1727275580904 1.9419059753417969 435
1727275580992 1.9180612564086914 436
1727275581081 1.9546923637390137 437
1727275581170 1.9496333599090576 438
1727275581258 1.9688160419464111 439
1727275581349 1.9761810302734375 440
1727275581438 1.9916590452194214 441
1727275581527 1.9760117530822754 442
1727275581617 1.9757678508758545 443
1727275581706 1.9882633686065674 444
1727275581795 1.97183358669281 445
1727275581884 1.9361066818237305 446
1727275581974 1.9447358846664429 447
1727275582064 1.9351171255111694 448
1727275582154 1.9513590335845947 449
1727275582242 1.9750237464904785 450
1727275582333 1.9315803050994873 451
1727275582422 1.9108986854553223 452
1727275582511 1.8930375576019287 453
1727275582601 1.8990123271942139 454
1727275582691 1.9464623928070068 455
1727275582779 1.9861044883728027 456
1727275582869 1.9805301427841187 457
1727275582958 1.9560589790344238 458
1727275583051 1.985737681388855 459
1727275583147 1.9874603748321533 460
1727275583239 1.9964017868041992 461
1727275583332 1.9937535524368286 462
1727275583425 1.9935096502304077 463
1727275583513 1.9990952014923096 464
1727275583604 1.9976186752319336 465
1727275583694 1.9974733591079712 466
1727275583785 1.987316370010376 467
1727275583876 1.9868806600570679 468
1727275583967 1.9962711334228516 469
1727275584059 1.9900994300842285 470
1727275584149 1.979452133178711 471
1727275584237 1.982130527496338 472
1727275584326 1.9564579725265503 473
1727275584414 1.9388993978500366 474
1727275584505 1.8985849618911743 475
1727275584594 1.8484809398651123 476
1727275584683 1.8271584510803223 477
1727275584771 1.8359159231185913 478
1727275584860 1.882490873336792 479
1727275584948 1.862423062324524 480
1727275585037 1.9031920433044434 481
1727275585128 1.9471935033798218 482
1727275585216 1.9136755466461182 483
1727275585305 1.9607304334640503 484
1727275585393 1.9103100299835205 485
1727275585482 1.9524730443954468 486
1727275585572 1.9669479131698608 487
1727275585660 1.989099144935608 488
1727275585749 1.9839940071105957 489
1727275585838 1.9604827165603638 490
1727275585927 1.964428424835205 491
1727275586017 1.952621579170227 492
1727275586106 1.9289069175720215 493
1727275586194 1.9458482265472412 494
1727275586283 1.9143576622009277 495
1727275586372 1.937585711479187 496
1727275586460 1.9402962923049927 497
1727275586550 1.960837483406067 498
1727275586644 1.9329612255096436 499
1727275586736 1.9345556497573853 500
1727275586824 1.949674367904663 501
1727275586920 1.951280117034912 502
1727275587030 1.95716392993927 503
1727275587144 1.9617847204208374 504
1727275587258 1.9603114128112793 505
1727275587376 1.955603837966919 506
1727275587486 1.9573699235916138 507
1727275587593 1.985100507736206 508
1727275587701 1.9171204566955566 509
1727275587811 1.954364538192749 510
1727275587919 1.9244966506958008 511
1727275588025 1.914230465888977 512
1727275588132 1.9238991737365723 513
1727275588226 1.9098314046859741 514
1727275588330 1.909720778465271 515
1727275588431 1.8844971656799316 516
1727275588525 1.9634093046188354 517
1727275588618 1.9462332725524902 518
1727275588710 1.9802305698394775 519
1727275588801 1.9848222732543945 520
1727275588892 1.9681059122085571 521
1727275588986 1.9956868886947632 522
1727275589077 1.9977363348007202 523
1727275589166 1.999751091003418 524
1727275589255 1.9974184036254883 525
1727275589354 1.997019648551941 526
1727275589451 1.995981216430664 527
1727275589541 1.9841792583465576 528
1727275589630 1.987143635749817 529
1727275589721 1.9694042205810547 530
1727275589811 1.9154046773910522 531
1727275589902 1.9549481868743896 532
1727275589993 1.9818581342697144 533
1727275590087 1.984750509262085 534
1727275590177 1.98724365234375 535
1727275590266 1.9825820922851562 536
1727275590362 1.977219581604004 537
1727275590451 1.9651727676391602 538
1727275590542 1.985015630722046 539
1727275590634 1.9971625804901123 540
1727275590725 1.9969193935394287 541
1727275590815 1.994781494140625 542
1727275590906 1.9905602931976318 543
1727275590996 1.9840631484985352 544
1727275591088 1.975820779800415 545
1727275591178 1.9681293964385986 546
1727275591269 1.9590530395507812 547
1727275591360 1.8897733688354492 548
1727275591451 1.9024207592010498 549
1727275591546 1.897334098815918 550
1727275591637 1.903489112854004 551
1727275591725 1.9319188594818115 552
1727275591814 1.9599024057388306 553
1727275591903 1.942690372467041 554
1727275591992 1.9561166763305664 555
1727275592081 1.9484477043151855 556
1727275592172 1.936716914176941 557
1727275592262 1.9231576919555664 558
1727275592353 1.9095200300216675 559
1727275592442 1.8936127424240112 560
1727275592532 1.8750300407409668 561
1727275592622 1.853227972984314 562
1727275592711 1.8274422883987427 563
1727275592801 1.7965211868286133 564
1727275592891 1.758547067642212 565
1727275592981 1.70991849899292 566
1727275593070 1.6645681858062744 567
1727275593159 1.7148609161376953 568
1727275593249 1.7066965103149414 569
1727275593338 1.654273271560669 570
1727275593432 1.6127829551696777 571
1727275593527 1.6163609027862549 572
1727275593620 1.6445527076721191 573
1727275593710 1.6316890716552734 574
1727275593800 1.5906507968902588 575
1727275593891 1.6575205326080322 576
1727275593980 1.8408784866333008 577
1727275594069 1.933979868888855 578
1727275594159 1.9138767719268799 579
1727275594248 1.889257788658142 580
1727275594338 1.8590078353881836 581
1727275594427 1.821018934249878 582
1727275594516 1.7752797603607178 583
1727275594606 1.788006067276001 584
1727275594696 1.7970187664031982 585
1727275594786 1.787614107131958 586
1727275594875 1.7526652812957764 587
1727275594964 1.7056961059570312 588
1727275595054 1.670870065689087 589
1727275595144 1.7324198484420776 590
1727275595233 1.7657946348190308 591
1727275595323 1.7393406629562378 592
1727275595412 1.7054088115692139 593
1727275595502 1.66160249710083 594
1727275595591 1.6048542261123657 595
1727275595681 1.6093207597732544 596
1727275595769 1.7199294567108154 597
1727275595857 1.8615130186080933 598
1727275595946 1.856865406036377 599
1727275596034 1.8755838871002197 600
1727275596123 1.853158950805664 601
1727275596211 1.8258578777313232 602
1727275596299 1.7928104400634766 603
1727275596388 1.751881718635559 604
1727275596477 1.6997079849243164 605
1727275596566 1.6751559972763062 606
1727275596655 1.7116098403930664 607
1727275596743 1.6900992393493652 608
1727275596830 1.648425579071045 609
1727275596919 1.5914740562438965 610
1727275597007 1.5497918128967285 611
1727275597096 1.6028892993927002 612
1727275597184 1.6737618446350098 613
1727275597272 1.745853304862976 614
1727275597360 1.812056303024292 615
1727275597449 1.7951276302337646 616
1727275597538 1.7575159072875977 617
1727275597626 1.7095942497253418 618
1727275597716 1.742828130722046 619
1727275597808 1.9023914337158203 620
1727275597909 1.9473708868026733 621
1727275597999 1.9293789863586426 622
1727275598088 1.9075582027435303 623
1727275598178 1.885706901550293 624
1727275598269 1.8597878217697144 625
1727275598360 1.8288506269454956 626
1727275598452 1.7917232513427734 627
1727275598544 1.7460143566131592 628
1727275598640 1.6893624067306519 629
1727275598731 1.621932029724121 630
1727275598821 1.6638529300689697 631
1727275598909 1.6971454620361328 632
1727275598998 1.6468796730041504 633
1727275599086 1.6256426572799683 634
1727275599175 1.7518658638000488 635
1727275599263 1.8736991882324219 636
1727275599351 1.8609137535095215 637
1727275599440 1.8582422733306885 638
1727275599529 1.8300390243530273 639
1727275599617 1.7959227561950684 640
1727275599704 1.7538535594940186 641
1727275599793 1.7334322929382324 642
1727275599881 1.7423365116119385 643
1727275599969 1.7598862648010254 644
1727275600058 1.729322910308838 645
1727275600147 1.6896107196807861 646
1727275600235 1.6375598907470703 647
1727275600324 1.5814032554626465 648
1727275600412 1.595842719078064 649
1727275600501 1.7050400972366333 650
1727275600588 1.8474705219268799 651
1727275600677 1.8747758865356445 652
1727275600765 1.918940544128418 653
1727275600854 1.899584412574768 654
1727275600942 1.8751544952392578 655
1727275601030 1.8693132400512695 656
1727275601118 1.8528542518615723 657
1727275601207 1.8223605155944824 658
1727275601294 1.7846705913543701 659
1727275601383 1.7373085021972656 660
1727275601471 1.6831367015838623 661
1727275601559 1.7049903869628906 662
1727275601648 1.7292604446411133 663
1727275601736 1.6812876462936401 664
1727275601823 1.6633193492889404 665
1727275601916 1.7623155117034912 666
1727275602014 1.8175323009490967 667
1727275602118 1.8018922805786133 668
1727275602225 1.7712132930755615 669
1727275602333 1.7317254543304443 670
1727275602442 1.681062936782837 671
1727275602549 1.6201448440551758 672
1727275602657 1.5917654037475586 673
1727275602765 1.653047800064087 674
1727275602876 1.771146535873413 675
1727275602984 1.8834285736083984 676
1727275603083 1.8614451885223389 677
1727275603179 1.8301589488983154 678
1727275603271 1.7918195724487305 679
1727275603361 1.7436676025390625 680
1727275603450 1.6874065399169922 681
1727275603538 1.629145860671997 682
1727275603626 1.5966691970825195 683
1727275603721 1.749394416809082 684
1727275603813 1.8286802768707275 685
1727275603909 1.820533275604248 686
1727275603999 1.7924903631210327 687
1727275604094 1.757169485092163 688
1727275604184 1.7133995294570923 689
1727275604273 1.6582396030426025 690
1727275604365 1.5863736867904663 691
1727275604456 1.546692132949829 692
1727275604548 1.7117176055908203 693
1727275604639 1.7721667289733887 694
1727275604729 1.754746913909912 695
1727275604824 1.7164547443389893 696
1727275604913 1.6638801097869873 697
1727275605001 1.6084996461868286 698
1727275605090 1.6310250759124756 699
1727275605179 1.7152390480041504 700
1727275605268 1.6842901706695557 701
1727275605356 1.6405919790267944 702
1727275605446 1.5818729400634766 703
1727275605537 1.5089707374572754 704
1727275605626 1.5062029361724854 705
1727275605715 1.6992154121398926 706
1727275605805 1.8506314754486084 707
1727275605894 1.8334484100341797 708
1727275605983 1.7953200340270996 709
1727275606073 1.7461388111114502 710
1727275606163 1.723320722579956 711
1727275606252 1.7527655363082886 712
1727275606341 1.764453411102295 713
1727275606431 1.7499562501907349 714
1727275606521 1.745714545249939 715
1727275606609 1.720841407775879 716
1727275606700 1.686509370803833 717
1727275606790 1.642071008682251 718
1727275606878 1.583076000213623 719
1727275606967 1.5192017555236816 720
1727275607055 1.529122233390808 721
1727275607143 1.8002901077270508 722
1727275607231 1.9222092628479004 723
1727275607321 1.9190828800201416 724
1727275607410 1.9136698246002197 725
1727275607497 1.893639087677002 726
1727275607586 1.8691256046295166 727
1727275607675 1.839399814605713 728
1727275607763 1.802985429763794 729
1727275607851 1.7576067447662354 730
1727275607941 1.7123191356658936 731
1727275608029 1.7200267314910889 732
1727275608117 1.7609161138534546 733
1727275608206 1.751234769821167 734
1727275608294 1.707378625869751 735
1727275608384 1.6573388576507568 736
1727275608473 1.6762065887451172 737
1727275608561 1.7867881059646606 738
1727275608650 1.8759548664093018 739
1727275608738 1.848290205001831 740
1727275608829 1.8119521141052246 741
1727275608922 1.7640173435211182 742
1727275609011 1.7129526138305664 743
1727275609100 1.7367160320281982 744
1727275609189 1.8143830299377441 745
1727275609278 1.7659788131713867 746
1727275609366 1.7472072839736938 747
1727275609456 1.8000990152359009 748
1727275609544 1.806689977645874 749
1727275609632 1.7710967063903809 750
1727275609721 1.7251861095428467 751
1727275609810 1.7199896574020386 752
1727275609899 1.8563692569732666 753
1727275609987 1.8284862041473389 754
1727275610075 1.790452480316162 755
1727275610164 1.7417739629745483 756
1727275610253 1.7238123416900635 757
1727275610342 1.7829906940460205 758
1727275610431 1.7569315433502197 759
1727275610520 1.7151871919631958 760
1727275610608 1.6624627113342285 761
1727275610697 1.596296787261963 762
1727275610785 1.5563805103302002 763
1727275610874 1.6156764030456543 764
1727275610963 1.6705551147460938 765
1727275611053 1.6403851509094238 766
1727275611144 1.613686442375183 767
1727275611237 1.6895194053649902 768
1727275611326 1.8682725429534912 769
1727275611417 1.9345623254776 770
1727275611508 1.9150644540786743 771
1727275611596 1.8914034366607666 772
1727275611688 1.8626554012298584 773
1727275611778 1.8287944793701172 774
1727275611866 1.787738561630249 775
1727275611955 1.7354254722595215 776
1727275612043 1.7160512208938599 777
1727275612132 1.7683123350143433 778
1727275612221 1.7763808965682983 779
1727275612310 1.7370209693908691 780
1727275612399 1.687137484550476 781
1727275612487 1.6785486936569214 782
1727275612575 1.801276683807373 783
1727275612664 1.7793004512786865 784
1727275612753 1.7300405502319336 785
1727275612841 1.7128291130065918 786
1727275612929 1.834105134010315 787
1727275613018 1.8027746677398682 788
1727275613106 1.762281894683838 789
1727275613195 1.7115845680236816 790
1727275613284 1.6892590522766113 791
1727275613373 1.7416274547576904 792
1727275613462 1.762732744216919 793
1727275613550 1.7279613018035889 794
1727275613638 1.6824218034744263 795
1727275613727 1.671443223953247 796
1727275613816 1.771479606628418 797
1727275613908 1.8224533796310425 798
1727275613997 1.8056025505065918 799
1727275614087 1.7769694328308105 800
1727275614176 1.742248296737671 801
1727275614265 1.7264549732208252 802
1727275614354 1.722620964050293 803
1727275614443 1.6779677867889404 804
1727275614533 1.6256928443908691 805
1727275614623 1.6415252685546875 806
1727275614713 1.6796579360961914 807
1727275614802 1.6419401168823242 808
1727275614890 1.5883365869522095 809
1727275614979 1.606297492980957 810
1727275615069 1.7161622047424316 811
1727275615158 1.8521692752838135 812
1727275615247 1.8634955883026123 813
1727275615336 1.9078381061553955 814
1727275615425 1.8875950574874878 815
1727275615514 1.884700059890747 816
1727275615603 1.8694419860839844 817
1727275615693 1.8418341875076294 818
1727275615781 1.808119773864746 819
1727275615870 1.7666531801223755 820
1727275615959 1.714423656463623 821
1727275616047 1.6568386554718018 822
1727275616136 1.684338092803955 823
1727275616225 1.706739902496338 824
1727275616314 1.6567786931991577 825
1727275616402 1.6386728286743164 826
1727275616491 1.7641382217407227 827
1727275616580 1.8805968761444092 828
1727275616669 1.8521685600280762 829
1727275616757 1.8183093070983887 830
1727275616845 1.777484655380249 831
1727275616940 1.7273447513580322 832
1727275617040 1.6661434173583984 833
1727275617144 1.604285717010498 834
1727275617253 1.608978271484375 835
1727275617361 1.7483012676239014 836
1727275617469 1.793487548828125 837
1727275617577 1.7654091119766235 838
1727275617685 1.7204854488372803 839
1727275617793 1.7516274452209473 840
1727275617901 1.7352712154388428 841
1727275618005 1.692495346069336 842
1727275618103 1.6360793113708496 843
1727275618196 1.566692590713501 844
1727275618288 1.5466349124908447 845
1727275618377 1.7054251432418823 846
1727275618467 1.783713698387146 847
1727275618555 1.7851721048355103 848
1727275618643 1.7476494312286377 849
1727275618733 1.7007651329040527 850
1727275618821 1.7327783107757568 851
1727275618910 1.8236114978790283 852
1727275618999 1.8093193769454956 853
1727275619094 1.7694085836410522 854
1727275619187 1.7183818817138672 855
1727275619279 1.6573127508163452 856
1727275619370 1.6830105781555176 857
1727275619461 1.8231276273727417 858
1727275619551 1.8093299865722656 859
1727275619645 1.7747056484222412 860
1727275619736 1.7303876876831055 861
1727275619827 1.6732416152954102 862
1727275619919 1.646744966506958 863
1727275620010 1.706735372543335 864
1727275620098 1.7297791242599487 865
1727275620187 1.6846314668655396 866
1727275620275 1.6375792026519775 867
1727275620362 1.7137353420257568 868
1727275620451 1.868821144104004 869
1727275620539 1.9136486053466797 870
1727275620628 1.8854033946990967 871
1727275620716 1.8477271795272827 872
1727275620804 1.805980920791626 873
1727275620893 1.8413995504379272 874
1727275620981 1.823164463043213 875
1727275621070 1.7916080951690674 876
1727275621159 1.7479894161224365 877
1727275621247 1.6924877166748047 878
1727275621335 1.6672656536102295 879
1727275621423 1.8235445022583008 880
1727275621512 1.8644728660583496 881
1727275621600 1.845646619796753 882
1727275621689 1.8214112520217896 883
1727275621777 1.7914032936096191 884
1727275621865 1.7554842233657837 885
1727275621954 1.711247205734253 886
1727275622042 1.6553410291671753 887
1727275622130 1.5825963020324707 888
1727275622219 1.543758749961853 889
1727275622308 1.7113282680511475 890
1727275622396 1.7724416255950928 891
1727275622486 1.7517495155334473 892
1727275622574 1.7124054431915283 893
1727275622662 1.6591254472732544 894
1727275622751 1.6041203737258911 895
1727275622839 1.626310110092163 896
1727275622928 1.714935541152954 897
1727275623017 1.6856577396392822 898
1727275623105 1.6420660018920898 899
1727275623193 1.58298921585083 900
1727275623282 1.5076792240142822 901
1727275623371 1.5445516109466553 902
1727275623460 1.7672796249389648 903
1727275623548 1.8949347734451294 904
1727275623637 1.8726354837417603 905
1727275623726 1.8457622528076172 906
1727275623814 1.8134080171585083 907
1727275623902 1.7748403549194336 908
1727275623991 1.7295644283294678 909
1727275624079 1.7295790910720825 910
1727275624172 1.7146742343902588 911
1727275624268 1.6960234642028809 912
1727275624361 1.6857516765594482 913
1727275624458 1.6439265012741089 914
1727275624550 1.584380865097046 915
1727275624640 1.5177679061889648 916
1727275624732 1.58986234664917 917
1727275624823 1.8253856897354126 918
1727275624915 1.9044570922851562 919
1727275625006 1.8729369640350342 920
1727275625097 1.833511471748352 921
1727275625189 1.8204329013824463 922
1727275625280 1.8478939533233643 923
1727275625369 1.8294413089752197 924
1727275625460 1.7988812923431396 925
1727275625550 1.7603321075439453 926
1727275625642 1.7110378742218018 927
1727275625739 1.6495485305786133 928
1727275625828 1.6166675090789795 929
1727275625918 1.7431437969207764 930
1727275626010 1.8465933799743652 931
1727275626103 1.8305743932724 932
1727275626192 1.805169939994812 933
1727275626282 1.7703851461410522 934
1727275626372 1.7230503559112549 935
1727275626463 1.6731197834014893 936
1727275626555 1.6991550922393799 937
1727275626645 1.7758862972259521 938
1727275626738 1.7844805717468262 939
1727275626826 1.7439208030700684 940
1727275626916 1.7672271728515625 941
1727275627007 1.8048580884933472 942
1727275627097 1.7945376634597778 943
1727275627188 1.7611346244812012 944
1727275627279 1.7177423238754272 945
1727275627370 1.6660950183868408 946
1727275627462 1.6914944648742676 947
1727275627553 1.7792123556137085 948
1727275627644 1.8167730569839478 949
1727275627733 1.7824969291687012 950
1727275627821 1.7302379608154297 951
1727275627908 1.7039246559143066 952
1727275627997 1.747605562210083 953
1727275628085 1.7601361274719238 954
1727275628173 1.7169086933135986 955
1727275628261 1.663942813873291 956
1727275628350 1.6917040348052979 957
1727275628439 1.7865275144577026 958
1727275628528 1.8717498779296875 959
1727275628616 1.840569019317627 960
1727275628705 1.7987990379333496 961
1727275628792 1.781046986579895 962
1727275628881 1.8193178176879883 963
1727275628969 1.8016295433044434 964
1727275629056 1.7691075801849365 965
1727275629144 1.7270090579986572 966
1727275629233 1.6727778911590576 967
1727275629324 1.648467779159546 968
1727275629413 1.7352458238601685 969
1727275629502 1.824566125869751 970
1727275629590 1.8228973150253296 971
1727275629678 1.8225150108337402 972
1727275629767 1.7979774475097656 973
1727275629854 1.7659218311309814 974
1727275629942 1.7230093479156494 975
1727275630031 1.6723991632461548 976
1727275630119 1.6975204944610596 977
1727275630207 1.7774244546890259 978
1727275630295 1.7901203632354736 979
1727275630383 1.7416057586669922 980
1727275630472 1.7195353507995605 981
1727275630560 1.7684636116027832 982
1727275630648 1.7778503894805908 983
1727275630738 1.7395178079605103 984
1727275630826 1.6907535791397095 985
1727275630914 1.6812453269958496 986
1727275631003 1.8017396926879883 987
1727275631091 1.7814775705337524 988
1727275631178 1.7333351373672485 989
1727275631268 1.7166800498962402 990
1727275631356 1.8343238830566406 991
1727275631443 1.806454062461853 992
1727275631533 1.7687580585479736 993
1727275631621 1.7205199003219604 994
1727275631709 1.6642268896102905 995
1727275631797 1.6733391284942627 996
1727275631888 1.6962617635726929 997
1727275631983 1.6783041954040527 998
1727275632085 1.6993074417114258 999
