1727301927810 2e-05 0
1727301927852 3.629235029220581 1
1727301927892 5.291502475738525 2
1727301927941 5.099019527435303 3
1727301927987 4.898979663848877 4
1727301928032 4.4721360206604 5
1727301928082 4.676570415496826 6
1727301928137 5.072566986083984 7
1727301928192 4.898979663848877 8
1727301928239 4.898979187011719 9
1727301928287 4.690415382385254 10
1727301928338 4.898979663848877 11
1727301928383 4.898979663848877 12
1727301928430 4.690415859222412 13
1727301928482 4.513242244720459 14
1727301928530 4.7969279289245605 15
1727301928573 4.523845195770264 16
1727301928632 5.099019527435303 17
1727301928676 4.898979663848877 18
1727301928719 4.898979663848877 19
1727301928763 3.7416574954986572 20
1727301928812 4.744178295135498 21
1727301928868 3.6742382049560547 22
1727301928916 4.872406005859375 23
1727301928961 5.2796478271484375 24
1727301929008 4.4721360206604 25
1727301929055 4.690415859222412 26
1727301929099 5.291502475738525 27
1727301929145 5.4772257804870605 28
1727301929195 5.099019527435303 29
1727301929242 4.690415859222412 30
1727301929290 4.4721360206604 31
1727301929346 5.4772257804870605 32
1727301929397 5.099019527435303 33
1727301929435 4.242640495300293 34
1727301929475 4.4721360206604 35
1727301929515 5.099019527435303 36
1727301929553 5.099019527435303 37
1727301929592 3.464101552963257 38
1727301929629 5.099019527435303 39
1727301929668 4.898979663848877 40
1727301929704 5.099019527435303 41
1727301929742 5.291502475738525 42
1727301929781 5.099019527435303 43
1727301929818 4.45884370803833 44
1727301929856 4.862774848937988 45
1727301929898 4.4721360206604 46
1727301929937 4.4721360206604 47
1727301929974 4.661634922027588 48
1727301930011 3.377917766571045 49
1727301930049 5.291502475738525 50
1727301930088 5.291502475738525 51
1727301930126 4.690415859222412 52
1727301930163 4.0 53
1727301930200 5.4772257804870605 54
1727301930236 5.291502475738525 55
1727301930271 5.291502475738525 56
1727301930311 5.099019527435303 57
1727301930348 4.4721360206604 58
1727301930385 4.898979663848877 59
1727301930423 4.898979663848877 60
1727301930459 4.0 61
1727301930501 4.6624979972839355 62
1727301930543 5.266772270202637 63
1727301930580 5.099019527435303 64
1727301930617 5.099019527435303 65
1727301930656 5.4772257804870605 66
1727301930696 5.099019527435303 67
1727301930734 4.729230880737305 68
1727301930771 4.081099033355713 69
1727301930808 5.291502475738525 70
1727301930845 4.242640495300293 71
1727301930882 3.464101552963257 72
1727301930924 5.291502475738525 73
1727301930962 5.4772257804870605 74
1727301931000 4.242640495300293 75
1727301931047 4.690415859222412 76
1727301931085 4.242640495300293 77
1727301931122 4.898979663848877 78
1727301931158 5.099019527435303 79
1727301931197 4.690415859222412 80
1727301931234 4.898979663848877 81
1727301931269 4.898979663848877 82
1727301931308 4.690415859222412 83
1727301931343 4.824622631072998 84
1727301931381 4.86609411239624 85
1727301931418 4.690415859222412 86
1727301931452 5.099019527435303 87
1727301931485 4.652428150177002 88
1727301931523 4.602582931518555 89
1727301931559 4.989427089691162 90
1727301931596 4.853547096252441 91
1727301931631 5.079898834228516 92
1727301931667 5.099507808685303 93
1727301931708 5.291502475738525 94
1727301931749 5.291502475738525 95
1727301931795 5.291502475738525 96
1727301931844 5.248618125915527 97
1727301931886 4.567028045654297 98
1727301931933 5.291502475738525 99
1727301931974 4.690415859222412 100
1727301932017 4.4721360206604 101
1727301932065 3.464101552963257 102
1727301932113 5.099019527435303 103
1727301932164 3.7416574954986572 104
1727301932214 5.099019527435303 105
1727301932259 4.690415859222412 106
1727301932303 4.898979663848877 107
1727301932353 4.4721360206604 108
1727301932406 5.099019527435303 109
1727301932454 5.099019527435303 110
1727301932501 4.4721360206604 111
1727301932551 4.898979663848877 112
1727301932603 4.242640495300293 113
1727301932658 4.690415859222412 114
1727301932706 4.242640495300293 115
1727301932755 5.099019527435303 116
1727301932801 4.898979663848877 117
1727301932848 4.4721360206604 118
1727301932912 4.898979663848877 119
1727301932962 5.099019527435303 120
1727301933010 5.099019527435303 121
1727301933055 5.190881252288818 122
1727301933099 4.423832416534424 123
1727301933142 4.4721360206604 124
1727301933186 5.656854152679443 125
1727301933227 4.898979663848877 126
1727301933265 4.898979663848877 127
1727301933307 5.291502475738525 128
1727301933362 4.898979663848877 129
1727301933424 4.898979663848877 130
1727301933473 4.898979663848877 131
1727301933513 5.289689064025879 132
1727301933567 4.1250386238098145 133
1727301933617 4.808098793029785 134
1727301933656 4.418977737426758 135
1727301933699 5.4772257804870605 136
1727301933738 4.4721360206604 137
1727301933779 5.4772257804870605 138
1727301933820 3.7884604930877686 139
1727301933857 4.377798080444336 140
1727301933897 4.4721360206604 141
1727301933933 5.291502475738525 142
1727301933972 5.4772257804870605 143
1727301934010 4.898979663848877 144
1727301934048 4.690415859222412 145
1727301934085 4.445224285125732 146
1727301934121 5.1028313636779785 147
1727301934158 4.4721360206604 148
1727301934197 4.712882041931152 149
1727301934234 5.249879360198975 150
1727301934270 4.4721360206604 151
1727301934307 4.898979663848877 152
1727301934344 4.690415859222412 153
1727301934379 5.4772257804870605 154
1727301934414 4.690415859222412 155
1727301934449 5.249701499938965 156
1727301934486 4.693333625793457 157
1727301934520 5.099019527435303 158
1727301934555 4.898979663848877 159
1727301934592 5.291502475738525 160
1727301934628 4.242640495300293 161
1727301934663 4.864213943481445 162
1727301934699 4.434024810791016 163
1727301934736 4.898979663848877 164
1727301934773 4.4721360206604 165
1727301934824 0.0 166
