1727299409670 2.3184709548950195 0
1727299409715 2.153595447540283 1
1727299409759 2.1796483993530273 2
1727299409797 2.106013774871826 3
1727299409834 2.0997772216796875 4
1727299409873 2.1859331130981445 5
1727299409913 2.1329991817474365 6
1727299409959 2.2714602947235107 7
1727299409995 2.222534418106079 8
1727299410037 2.216350555419922 9
1727299410090 2.311793327331543 10
1727299410135 2.1262965202331543 11
1727299410180 2.2114734649658203 12
1727299410224 2.073706865310669 13
1727299410266 2.2137486934661865 14
1727299410304 2.1645030975341797 15
1727299410342 2.2399868965148926 16
1727299410385 2.1378700733184814 17
1727299410421 2.206036329269409 18
1727299410457 2.22111439704895 19
1727299410491 2.1403064727783203 20
1727299410530 2.032984733581543 21
1727299410568 2.129826784133911 22
1727299410605 1.9838296175003052 23
1727299410643 2.1871838569641113 24
1727299410681 2.2605957984924316 25
1727299410724 2.1428492069244385 26
1727299410767 2.1564981937408447 27
1727299410809 2.230959177017212 28
1727299410854 2.1434271335601807 29
1727299410900 2.2720324993133545 30
1727299410949 2.2470202445983887 31
1727299410993 2.1658215522766113 32
1727299411040 2.036771297454834 33
1727299411085 2.1398684978485107 34
1727299411131 2.2054500579833984 35
1727299411176 2.0945065021514893 36
1727299411220 2.0518312454223633 37
1727299411263 2.031458854675293 38
1727299411308 2.1740965843200684 39
1727299411349 2.0756490230560303 40
1727299411396 2.058626174926758 41
1727299411441 2.243528127670288 42
1727299411486 2.1380064487457275 43
1727299411530 2.0344090461730957 44
1727299411575 2.066115379333496 45
1727299411613 2.136932611465454 46
1727299411658 2.279043197631836 47
1727299411701 2.239231586456299 48
1727299411743 2.187060832977295 49
1727299411788 2.1290102005004883 50
1727299411832 2.2336184978485107 51
1727299411878 2.0781667232513428 52
1727299411933 2.075695753097534 53
1727299411988 2.074665069580078 54
1727299412039 2.1997873783111572 55
1727299412091 2.0684471130371094 56
1727299412147 2.249516010284424 57
1727299412198 2.1779592037200928 58
1727299412249 2.2199230194091797 59
1727299412298 2.119213819503784 60
1727299412342 2.198338747024536 61
1727299412386 2.2402560710906982 62
1727299412430 2.196139335632324 63
1727299412471 2.2836875915527344 64
1727299412516 2.098928451538086 65
1727299412553 2.020902633666992 66
1727299412591 2.2259531021118164 67
1727299412631 2.2540721893310547 68
1727299412669 2.1858391761779785 69
1727299412708 2.1470141410827637 70
1727299412756 2.206996440887451 71
1727299412799 2.2657480239868164 72
1727299412835 2.1362662315368652 73
1727299412871 2.1015267372131348 74
1727299412910 2.112041711807251 75
1727299412948 2.2421560287475586 76
1727299412986 2.227952718734741 77
1727299413028 2.224715232849121 78
1727299413074 1.8169331550598145 79
1727299413117 2.071688175201416 80
1727299413163 2.185429096221924 81
1727299413207 2.16524338722229 82
1727299413250 2.0805397033691406 83
1727299413297 2.252593994140625 84
1727299413341 2.116353750228882 85
1727299413387 2.1614174842834473 86
1727299413433 2.123408317565918 87
1727299413478 2.089421033859253 88
1727299413523 2.0460832118988037 89
1727299413568 2.1857662200927734 90
1727299413609 2.2173984050750732 91
1727299413653 2.2451913356781006 92
1727299413699 2.2249345779418945 93
1727299413743 2.2934861183166504 94
1727299413780 2.160895347595215 95
1727299413817 2.1273531913757324 96
1727299413853 2.0841264724731445 97
1727299413893 2.1578750610351562 98
1727299413933 2.188534736633301 99
1727299413970 2.1607794761657715 100
1727299414008 2.156872272491455 101
1727299414043 2.232671022415161 102
1727299414082 2.2502856254577637 103
1727299414118 2.105266571044922 104
1727299414157 2.2774648666381836 105
1727299414193 2.211358070373535 106
1727299414231 2.1835522651672363 107
1727299414269 2.0602643489837646 108
1727299414307 2.161949634552002 109
1727299414343 2.0096230506896973 110
1727299414380 2.2665746212005615 111
1727299414419 2.147826910018921 112
1727299414457 2.018432140350342 113
1727299414493 2.2388932704925537 114
1727299414529 2.1512179374694824 115
1727299414567 2.2195379734039307 116
1727299414606 2.2159624099731445 117
1727299414646 2.0572478771209717 118
1727299414688 2.0697829723358154 119
1727299414723 2.1966962814331055 120
1727299414761 1.9662754535675049 121
1727299414798 2.178535223007202 122
1727299414836 2.1864137649536133 123
1727299414872 2.0372753143310547 124
1727299414910 1.9724024534225464 125
1727299414948 2.1636602878570557 126
1727299414985 2.196532726287842 127
1727299415023 2.081707715988159 128
1727299415061 2.1632838249206543 129
1727299415103 2.2795586585998535 130
1727299415142 2.2963547706604004 131
1727299415178 2.1976261138916016 132
1727299415214 2.252143383026123 133
1727299415249 2.242246389389038 134
1727299415289 2.2353928089141846 135
1727299415326 2.292565107345581 136
1727299415363 2.100468158721924 137
1727299415402 2.274425745010376 138
1727299415439 2.243211507797241 139
1727299415478 2.1211953163146973 140
1727299415514 2.1823525428771973 141
1727299415551 2.118337631225586 142
1727299415588 1.9491908550262451 143
1727299415627 2.147520065307617 144
1727299415666 2.214362859725952 145
1727299415702 2.190124750137329 146
1727299415742 2.0368199348449707 147
1727299415783 1.9214891195297241 148
1727299415827 2.1840829849243164 149
1727299415872 2.1837594509124756 150
1727299415911 2.286426544189453 151
1727299415948 2.188605785369873 152
1727299415985 2.2415318489074707 153
1727299416022 2.210954427719116 154
1727299416061 2.1453208923339844 155
1727299416099 2.00274658203125 156
1727299416137 2.1278865337371826 157
1727299416174 2.2674968242645264 158
1727299416210 2.0294089317321777 159
1727299416249 2.1690049171447754 160
1727299416287 2.147629737854004 161
1727299416324 2.290895938873291 162
1727299416363 2.104928493499756 163
1727299416404 2.167975902557373 164
1727299416441 2.16103458404541 165
1727299416477 2.0837793350219727 166
1727299416514 2.2925374507904053 167
1727299416553 2.1139140129089355 168
1727299416591 2.104133129119873 169
1727299416628 2.2276642322540283 170
1727299416667 2.1790874004364014 171
1727299416704 2.066039800643921 172
1727299416743 2.0953872203826904 173
1727299416780 2.1684343814849854 174
1727299416817 2.251096248626709 175
1727299416853 2.226961612701416 176
1727299416894 2.2014808654785156 177
1727299416933 2.157058000564575 178
1727299416973 2.0547447204589844 179
1727299417018 2.2434821128845215 180
1727299417063 2.1663386821746826 181
1727299417108 2.2916927337646484 182
1727299417151 2.2393407821655273 183
1727299417196 2.089094638824463 184
1727299417241 2.214426279067993 185
1727299417288 2.207296371459961 186
1727299417332 2.231355905532837 187
1727299417377 2.2057886123657227 188
1727299417426 2.2179477214813232 189
1727299417470 1.94833242893219 190
1727299417518 2.1507132053375244 191
1727299417559 2.060788869857788 192
1727299417595 2.2739107608795166 193
1727299417632 2.249234199523926 194
1727299417673 2.185845136642456 195
1727299417710 2.073737859725952 196
1727299417747 2.179243326187134 197
1727299417785 2.262037754058838 198
1727299417825 2.27065110206604 199
1727299417862 2.2344961166381836 200
1727299417900 1.8872441053390503 201
1727299417937 2.2580456733703613 202
1727299417975 2.2242791652679443 203
1727299418013 2.1092653274536133 204
1727299418049 2.186269998550415 205
1727299418085 2.2356295585632324 206
1727299418122 2.1724681854248047 207
1727299418163 2.2480034828186035 208
1727299418200 2.263148784637451 209
1727299418236 2.153796911239624 210
1727299418274 2.2450757026672363 211
1727299418311 2.2026636600494385 212
1727299418348 2.234255313873291 213
1727299418386 2.13986873626709 214
1727299418424 2.224564790725708 215
1727299418460 2.1839141845703125 216
1727299418496 2.1969714164733887 217
1727299418534 2.1160430908203125 218
1727299418571 2.1940407752990723 219
1727299418608 2.2555723190307617 220
1727299418648 2.137746810913086 221
1727299418683 2.1631641387939453 222
1727299418727 2.111079454421997 223
1727299418772 2.2260594367980957 224
1727299418808 2.251474380493164 225
1727299418847 2.2329177856445312 226
1727299418884 2.2378649711608887 227
1727299418924 2.2635929584503174 228
1727299418961 2.271826982498169 229
1727299418999 2.2687790393829346 230
1727299419038 2.191309690475464 231
1727299419075 2.1300137042999268 232
1727299419113 2.210047721862793 233
1727299419152 2.1529510021209717 234
1727299419189 2.157637596130371 235
1727299419226 2.289001941680908 236
1727299419263 2.2882637977600098 237
1727299419298 2.27549409866333 238
1727299419338 2.24937105178833 239
1727299419375 2.1556167602539062 240
1727299419414 2.175997018814087 241
1727299419454 2.203503370285034 242
1727299419494 2.1721408367156982 243
1727299419530 2.206299304962158 244
1727299419566 2.140488624572754 245
1727299419603 2.2570297718048096 246
1727299419641 2.1707680225372314 247
1727299419681 1.978440523147583 248
1727299419719 1.9643934965133667 249
1727299419755 1.9164494276046753 250
1727299419792 2.244393825531006 251
1727299419830 2.248940944671631 252
1727299419867 2.2013068199157715 253
1727299419904 2.096315622329712 254
1727299419954 2.121328592300415 255
1727299419993 1.9502005577087402 256
1727299420030 2.0950489044189453 257
1727299420067 2.2725565433502197 258
1727299420106 2.196779727935791 259
1727299420144 2.1801679134368896 260
1727299420185 2.0707383155822754 261
1727299420223 2.206674098968506 262
1727299420262 2.1807503700256348 263
1727299420299 2.2682230472564697 264
1727299420337 2.0267794132232666 265
1727299420373 2.135056495666504 266
1727299420413 2.2251343727111816 267
1727299420450 2.13492751121521 268
1727299420486 2.2385401725769043 269
1727299420523 2.1565542221069336 270
1727299420560 2.1010661125183105 271
1727299420599 2.2598283290863037 272
1727299420636 2.1419429779052734 273
1727299420675 2.1968138217926025 274
1727299420712 2.196457624435425 275
1727299420747 2.2353038787841797 276
1727299420785 2.28599214553833 277
1727299420821 2.2935895919799805 278
1727299420858 2.0463430881500244 279
1727299420895 2.125575304031372 280
1727299420938 2.1077051162719727 281
1727299420982 2.222635507583618 282
1727299421026 2.1536238193511963 283
1727299421072 2.1952595710754395 284
1727299421117 2.1857752799987793 285
1727299421163 2.058260440826416 286
1727299421207 2.25347900390625 287
1727299421252 2.224735736846924 288
1727299421297 2.219353199005127 289
1727299421340 2.1916024684906006 290
1727299421382 2.1714565753936768 291
1727299421427 2.1367547512054443 292
1727299421466 2.1546130180358887 293
1727299421503 2.2772202491760254 294
1727299421540 2.22906494140625 295
1727299421577 1.9844707250595093 296
1727299421616 1.786670446395874 297
1727299421654 1.731543779373169 298
1727299421693 1.6272369623184204 299
1727299421730 2.1997222900390625 300
1727299421767 2.1994125843048096 301
1727299421806 2.1721560955047607 302
1727299421843 2.1508796215057373 303
1727299421880 2.1930654048919678 304
1727299421919 2.1107654571533203 305
1727299421955 2.233323335647583 306
1727299421993 2.2056732177734375 307
1727299422031 2.2591214179992676 308
1727299422068 2.185112953186035 309
1727299422105 2.157111406326294 310
1727299422142 2.2752203941345215 311
1727299422183 2.2545316219329834 312
1727299422219 2.173109292984009 313
1727299422256 2.176156520843506 314
1727299422293 2.2086119651794434 315
1727299422332 2.023554801940918 316
1727299422369 2.0637264251708984 317
1727299422404 2.1092593669891357 318
1727299422441 1.993269443511963 319
1727299422477 2.102565288543701 320
1727299422516 2.0173873901367188 321
1727299422553 2.2052841186523438 322
1727299422590 2.2161316871643066 323
1727299422627 2.23087215423584 324
1727299422665 2.1503500938415527 325
1727299422703 2.220991849899292 326
1727299422740 2.2536580562591553 327
1727299422777 2.118680715560913 328
1727299422816 2.137362241744995 329
1727299422853 2.0140669345855713 330
1727299422891 2.129326581954956 331
1727299422929 2.0999724864959717 332
1727299422967 2.22859263420105 333
1727299423004 2.16546630859375 334
1727299423044 2.2497572898864746 335
1727299423081 2.227038860321045 336
1727299423118 2.2917490005493164 337
1727299423154 2.1590728759765625 338
1727299423193 2.1410365104675293 339
1727299423231 2.1715781688690186 340
1727299423269 2.227909564971924 341
1727299423307 2.3296968936920166 342
1727299423341 2.084339141845703 343
1727299423379 1.9953290224075317 344
1727299423422 2.068007707595825 345
1727299423459 2.2215499877929688 346
1727299423495 2.154907464981079 347
1727299423534 1.982897400856018 348
1727299423571 2.0235540866851807 349
1727299423609 1.880340576171875 350
1727299423645 1.773772954940796 351
1727299423686 2.156344175338745 352
1727299423725 2.210350513458252 353
1727299423761 2.052489995956421 354
1727299423799 2.227738857269287 355
1727299423836 2.215287923812866 356
1727299423874 2.24996280670166 357
1727299423912 2.2029452323913574 358
1727299423951 2.150388479232788 359
1727299423988 2.166311264038086 360
1727299424025 2.079477548599243 361
1727299424063 1.803096055984497 362
1727299424101 1.7540066242218018 363
1727299424139 1.7378371953964233 364
1727299424177 1.724067211151123 365
1727299424215 1.7095811367034912 366
1727299424253 1.6927828788757324 367
1727299424291 1.673856496810913 368
1727299424328 1.6566689014434814 369
1727299424365 1.6318628787994385 370
1727299424403 1.6174850463867188 371
1727299424443 1.6065173149108887 372
1727299424481 1.5916036367416382 373
1727299424518 1.5686700344085693 374
1727299424555 1.5309098958969116 375
1727299424593 1.5012147426605225 376
1727299424631 1.4902000427246094 377
1727299424669 2.1419739723205566 378
1727299424709 2.18086576461792 379
1727299424748 1.9794745445251465 380
1727299424785 2.0285427570343018 381
1727299424822 2.213963031768799 382
1727299424858 2.049851417541504 383
1727299424896 1.972959280014038 384
1727299424936 1.9125856161117554 385
1727299424973 1.8604066371917725 386
1727299425008 1.7863287925720215 387
1727299425050 1.6459027528762817 388
1727299425093 1.5944501161575317 389
1727299425137 1.5170150995254517 390
1727299425185 1.4705448150634766 391
1727299425225 1.4503604173660278 392
1727299425266 1.447664499282837 393
1727299425310 1.444874882698059 394
1727299425366 1.44198477268219 395
1727299425403 1.4389861822128296 396
1727299425442 1.4358712434768677 397
1727299425480 1.432629942893982 398
1727299425526 1.4292519092559814 399
1727299425564 1.4257246255874634 400
1727299425603 1.422034502029419 401
1727299425641 1.4181654453277588 402
1727299425681 1.414099097251892 403
1727299425718 1.4098137617111206 404
1727299425757 1.4052847623825073 405
1727299425798 1.4004817008972168 406
1727299425835 1.3953691720962524 407
1727299425872 1.3899040222167969 408
1727299425910 1.3840330839157104 409
1727299425951 1.3776899576187134 410
1727299425988 1.3707908391952515 411
1727299426028 1.363226056098938 412
1727299426066 1.3548504114151 413
1727299426104 1.3456333875656128 414
1727299426141 1.336804986000061 415
1727299426179 1.3268228769302368 416
1727299426217 1.3156965970993042 417
1727299426256 1.3049877882003784 418
1727299426294 1.292437195777893 419
1727299426331 1.2772047519683838 420
1727299426368 1.2620347738265991 421
1727299426405 1.2467067241668701 422
1727299426445 1.2344979047775269 423
1727299426482 1.2344979047775269 424
