1726426191351 2e-05 0
1726426191396 1.6193145513534546 1
1726426191436 1.6025742292404175 2
1726426191475 1.602574348449707 3
1726426191515 2.0 4
1726426191554 2.0000152587890625 5
1726426191595 2.44724178314209 6
1726426191635 1.041713833808899 7
1726426191676 2.036954164505005 8
1726426191716 2.711412191390991 9
1726426191757 1.7720985412597656 10
1726426191799 2.114936351776123 11
1726426191841 2.5400643348693848 12
1726426191884 0.32247161865234375 13
1726426191930 2.4494898319244385 14
1726426191975 2.678532361984253 15
1726426192018 2.446660041809082 16
1726426192063 2.585477352142334 17
1726426192117 2.087578058242798 18
1726426192167 2.1600208282470703 19
1726426192209 1.0387787818908691 20
1726426192250 1.7918155193328857 21
1726426192288 2.047459602355957 22
1726426192327 1.4764420986175537 23
1726426192368 2.406987428665161 24
1726426192410 2.0272328853607178 25
1726426192453 2.7250022888183594 26
1726426192498 1.802944302558899 27
1726426192548 1.8700312376022339 28
1726426192602 1.6737698316574097 29
1726426192653 2.085925579071045 30
1726426192702 1.818924903869629 31
1726426192753 2.051037311553955 32
1726426192801 2.514461040496826 33
1726426192853 0.7533891201019287 34
1726426192900 2.179170608520508 35
1726426192948 2.0 36
1726426192995 2.4494898319244385 37
1726426193044 2.8284270763397217 38
1726426193087 2.362459897994995 39
1726426193130 1.6726535558700562 40
1726426193174 2.227724552154541 41
1726426193219 0.4107320308685303 42
1726426193261 2.4480624198913574 43
1726426193304 2.0488667488098145 44
1726426193346 1.5961010456085205 45
1726426193389 0.6856563687324524 46
1726426193432 2.6593146324157715 47
1726426193475 2.0 48
1726426193517 2.0 49
1726426193559 1.9149792194366455 50
1726426193603 1.744759440422058 51
1726426193646 2.0507490634918213 52
1726426193691 1.532071590423584 53
1726426193735 2.4494898319244385 54
1726426193777 1.7871050834655762 55
1726426193818 1.986102819442749 56
1726426193862 2.002916097640991 57
1726426193906 2.1984775066375732 58
1726426193949 2.5655059814453125 59
1726426193995 1.9520398378372192 60
1726426194045 0.5367189049720764 61
1726426194084 2.0 62
1726426194125 0.8099418878555298 63
1726426194166 1.8736529350280762 64
1726426194207 2.661625862121582 65
1726426194249 2.71657657623291 66
1726426194289 1.941164493560791 67
1726426194328 2.0 68
1726426194372 1.9501526355743408 69
1726426194416 2.158097743988037 70
1726426194475 1.6028119325637817 71
1726426194516 2.125394105911255 72
1726426194558 2.2986316680908203 73
1726426194610 2.4214224815368652 74
1726426194657 2.045820951461792 75
1726426194712 1.5309407711029053 76
1726426194762 1.799084186553955 77
1726426194821 1.9969137907028198 78
1726426194864 1.424938678741455 79
1726426194903 2.2934274673461914 80
1726426194942 1.4440040588378906 81
1726426194982 2.0 82
1726426195022 2.4494898319244385 83
1726426195060 2.4494898319244385 84
1726426195100 0.9580062627792358 85
1726426195140 2.3238353729248047 86
1726426195179 2.451850414276123 87
1726426195220 1.6824932098388672 88
1726426195260 1.158268690109253 89
1726426195299 1.7997156381607056 90
1726426195339 0.9769253134727478 91
1726426195379 1.8346316814422607 92
1726426195418 1.6693180799484253 93
1726426195459 2.119489908218384 94
1726426195499 1.7596640586853027 95
1726426195539 1.4142135381698608 96
1726426195579 1.6091655492782593 97
1726426195619 1.508504033088684 98
1726426195659 1.8024553060531616 99
1726426195700 1.8965376615524292 100
1726426195742 1.7916638851165771 101
1726426195783 1.6176612377166748 102
1726426195828 2.323209047317505 103
1726426195873 1.8213852643966675 104
1726426195919 1.7533583641052246 105
1726426195966 1.9928641319274902 106
1726426196015 2.0779836177825928 107
1726426196073 1.8769199848175049 108
1726426196127 1.8812845945358276 109
1726426196175 1.6702487468719482 110
1726426196225 2.422761917114258 111
1726426196274 2.0527029037475586 112
1726426196322 2.4927072525024414 113
1726426196371 2.0 114
1726426196419 2.5314605236053467 115
1726426196469 1.8165949583053589 116
1726426196521 1.1748491525650024 117
1726426196570 1.9699372053146362 118
1726426196628 1.4142135381698608 119
1726426196695 1.5352654457092285 120
1726426196745 1.4493751525878906 121
1726426196801 1.8791579008102417 122
1726426196855 1.5227952003479004 123
1726426196904 2.199965476989746 124
1726426196954 1.4553734064102173 125
1726426197004 1.519158124923706 126
1726426197053 2.3501460552215576 127
1726426197102 1.8649656772613525 128
1726426197152 2.143523931503296 129
1726426197202 2.3640224933624268 130
1726426197250 0.09566057473421097 131
1726426197302 0.5085645914077759 132
1726426197351 1.9798425436019897 133
1726426197399 1.9587111473083496 134
1726426197448 1.7113951444625854 135
1726426197499 1.0469558238983154 136
1726426197549 2.102720022201538 137
1726426197614 2.8284270763397217 138
1726426197680 2.4104549884796143 139
1726426197748 1.7336552143096924 140
1726426197799 1.9828096628189087 141
1726426197848 2.032273054122925 142
1726426197902 2.0 143
1726426197953 2.7318270206451416 144
1726426198005 1.6567133665084839 145
1726426198056 1.5269732475280762 146
1726426198106 2.4494898319244385 147
1726426198157 2.294412612915039 148
1726426198215 2.5153303146362305 149
1726426198273 1.9710921049118042 150
1726426198329 2.4259440898895264 151
1726426198379 2.4494898319244385 152
1726426198437 1.4142135381698608 153
1726426198499 1.999739408493042 154
1726426198550 2.4290716648101807 155
1726426198601 2.0741944313049316 156
1726426198649 2.0067076683044434 157
1726426198705 1.1714513301849365 158
1726426198756 0.2509304881095886 159
1726426198820 1.254852533340454 160
1726426198895 1.5090954303741455 161
1726426198968 1.642006754875183 162
1726426199057 2.175065040588379 163
1726426199161 2.4217448234558105 164
1726426199260 0.44184017181396484 165
1726426199364 2.0301949977874756 166
1726426199471 2.1335699558258057 167
1726426199581 1.8822740316390991 168
1726426199678 2.3715298175811768 169
1726426199773 2.0 170
1726426199846 1.921168565750122 171
1726426199907 2.3577072620391846 172
1726426199967 2.0243589878082275 173
1726426200025 2.0537753105163574 174
1726426200079 2.0863640308380127 175
1726426200137 1.3186448812484741 176
1726426200209 1.7444978952407837 177
1726426200261 0.7381735444068909 178
1726426200333 1.30324387550354 179
1726426200394 1.9815775156021118 180
1726426200462 2.1906931400299072 181
1726426200529 0.6718165874481201 182
1726426200609 1.9033979177474976 183
1726426200688 2.244410991668701 184
1726426200763 0.8637176156044006 185
1726426200825 2.0220649242401123 186
1726426200889 1.9165420532226562 187
1726426200960 1.7842960357666016 188
1726426201033 1.3783037662506104 189
1726426201100 2.678252935409546 190
1726426201159 1.4106674194335938 191
1726426201223 1.5748358964920044 192
1726426201278 2.2695488929748535 193
1726426201347 2.355943441390991 194
1726426201414 0.9527410864830017 195
1726426201471 1.9742897748947144 196
1726426201521 1.3970651626586914 197
1726426201571 2.072880268096924 198
1726426201618 1.7858089208602905 199
1726426201663 1.5395513772964478 200
1726426201714 1.3478468656539917 201
1726426201764 1.923343539237976 202
1726426201816 1.4332503080368042 203
1726426201859 2.375190019607544 204
1726426201902 2.4204235076904297 205
1726426201945 1.4188541173934937 206
1726426201994 2.056433916091919 207
1726426202039 1.8807748556137085 208
1726426202084 2.3673596382141113 209
1726426202128 2.179269552230835 210
1726426202172 1.280606746673584 211
1726426202217 2.2885122299194336 212
1726426202267 1.1643420457839966 213
1726426202313 2.2790122032165527 214
1726426202360 1.4186996221542358 215
1726426202408 2.3588361740112305 216
1726426202454 2.021029472351074 217
1726426202501 0.7433977127075195 218
1726426202547 1.3054571151733398 219
1726426202591 2.3043105602264404 220
1726426202644 1.9818484783172607 221
1726426202687 2.565129280090332 222
1726426202730 1.7206629514694214 223
1726426202771 1.0159668922424316 224
1726426202814 2.053292751312256 225
1726426202857 2.048306465148926 226
1726426202901 1.966787576675415 227
1726426202943 1.0132609605789185 228
1726426202984 0.2606898844242096 229
1726426203030 1.3653650283813477 230
1726426203077 2.3911733627319336 231
1726426203123 2.4846959114074707 232
1726426203170 1.7630831003189087 233
1726426203211 2.0054352283477783 234
1726426203254 2.4494898319244385 235
1726426203293 2.5458455085754395 236
1726426203332 2.2182562351226807 237
1726426203372 1.2197808027267456 238
1726426203413 1.6773501634597778 239
1726426203453 1.8876664638519287 240
1726426203498 2.301140308380127 241
1726426203538 2.330965518951416 242
1726426203593 1.4192993640899658 243
1726426203641 1.4142135381698608 244
1726426203681 2.4288647174835205 245
1726426203725 1.9123300313949585 246
1726426203764 2.051774740219116 247
1726426203803 2.3961260318756104 248
1726426203846 0.5840874314308167 249
1726426203889 1.7000353336334229 250
1726426203937 2.143355369567871 251
1726426203980 2.133181571960449 252
1726426204041 1.529568076133728 253
1726426204085 1.2949014902114868 254
1726426204133 2.0402920246124268 255
1726426204179 2.067629814147949 256
1726426204222 2.199448585510254 257
1726426204264 2.022223472595215 258
1726426204305 2.686140537261963 259
1726426204351 2.190453052520752 260
1726426204395 1.1981194019317627 261
1726426204440 2.0146522521972656 262
1726426204493 1.9329134225845337 263
1726426204545 1.4383610486984253 264
1726426204590 2.4494898319244385 265
1726426204634 2.4494898319244385 266
1726426204674 2.2099108695983887 267
1726426204722 1.8505619764328003 268
1726426204763 2.352675199508667 269
1726426204803 2.248521566390991 270
1726426204851 2.757295846939087 271
1726426204890 2.0145888328552246 272
1726426204929 2.237860679626465 273
1726426204968 2.0240859985351562 274
1726426205013 2.4494898319244385 275
1726426205055 1.4431945085525513 276
1726426205103 1.9924832582473755 277
1726426205142 1.6950688362121582 278
1726426205180 1.800876498222351 279
1726426205224 1.909952998161316 280
1726426205265 1.7589619159698486 281
1726426205304 0.5662669539451599 282
1726426205342 2.5784788131713867 283
1726426205382 2.758065700531006 284
1726426205420 1.9185049533843994 285
1726426205465 2.356431245803833 286
1726426205505 1.7014222145080566 287
1726426205546 2.770493745803833 288
1726426205590 1.9142767190933228 289
1726426205640 1.929059624671936 290
1726426205685 2.427177667617798 291
1726426205729 2.08121919631958 292
1726426205770 1.5544942617416382 293
1726426205816 2.3806943893432617 294
1726426205866 2.0 295
1726426205912 2.4494898319244385 296
1726426205960 1.8215886354446411 297
1726426206006 1.7726877927780151 298
1726426206046 1.9213711023330688 299
1726426206084 1.982174038887024 300
1726426206123 2.3596811294555664 301
1726426206162 2.576937675476074 302
1726426206205 2.2176787853240967 303
1726426206247 1.6973865032196045 304
1726426206285 1.5110796689987183 305
1726426206327 1.9451583623886108 306
1726426206365 2.3466482162475586 307
1726426206404 2.1501200199127197 308
1726426206443 1.4265048503875732 309
1726426206481 1.4265048503875732 310
1726426206521 2.225837469100952 311
1726426206567 2.0323615074157715 312
1726426206609 0.4341416656970978 313
1726426206650 1.8834519386291504 314
1726426206694 2.001152753829956 315
1726426206739 1.683937668800354 316
1726426206789 1.9841910600662231 317
1726426206831 2.16860294342041 318
1726426206871 2.777310609817505 319
1726426206910 2.0027661323547363 320
1726426206952 2.4494898319244385 321
1726426207004 1.6214756965637207 322
1726426207050 2.2864339351654053 323
1726426207090 2.3345181941986084 324
1726426207136 2.4469168186187744 325
1726426207176 2.4494898319244385 326
1726426207215 2.442821502685547 327
1726426207253 2.1018359661102295 328
1726426207291 2.464970350265503 329
1726426207332 2.1831541061401367 330
1726426207377 2.4494898319244385 331
1726426207419 2.0 332
1726426207457 2.0 333
1726426207501 2.5928566455841064 334
1726426207560 1.8592784404754639 335
1726426207603 2.042483329772949 336
1726426207643 0.818540096282959 337
1726426207683 1.2753633260726929 338
1726426207721 1.9856318235397339 339
1726426207760 2.2171132564544678 340
1726426207798 2.684826135635376 341
1726426207839 2.324110746383667 342
1726426207877 1.799827218055725 343
1726426207920 2.0012564659118652 344
1726426207959 1.9147093296051025 345
1726426208000 2.4484760761260986 346
1726426208039 2.0781044960021973 347
1726426208081 2.019185781478882 348
1726426208122 1.900929570198059 349
1726426208161 2.0800750255584717 350
1726426208206 2.0025033950805664 351
1726426208247 2.205615758895874 352
1726426208287 2.8284270763397217 353
1726426208327 1.5068520307540894 354
1726426208366 1.891205906867981 355
1726426208404 1.6426469087600708 356
1726426208445 1.7959671020507812 357
1726426208486 2.394021511077881 358
1726426208530 2.1095876693725586 359
1726426208574 2.04654598236084 360
1726426208613 2.326685667037964 361
1726426208655 2.6311094760894775 362
1726426208695 1.607491135597229 363
1726426208733 2.4989287853240967 364
1726426208777 1.9059098958969116 365
1726426208822 2.406470775604248 366
1726426208883 2.3885960578918457 367
1726426208936 2.1964738368988037 368
1726426208982 2.3509833812713623 369
1726426209029 1.7100777626037598 370
1726426209078 2.2927374839782715 371
1726426209126 1.9457112550735474 372
1726426209168 1.7091211080551147 373
1726426209210 2.235384464263916 374
1726426209255 1.5164132118225098 375
1726426209298 1.4204045534133911 376
1726426209343 1.668056845664978 377
1726426209386 2.420318365097046 378
1726426209429 1.5502499341964722 379
1726426209476 1.4238440990447998 380
1726426209523 0.028505094349384308 381
1726426209567 2.4331436157226562 382
1726426209608 2.4494898319244385 383
1726426209649 2.1888322830200195 384
1726426209690 1.9178181886672974 385
1726426209730 1.464515209197998 386
1726426209776 0.0 387
