1726421873369 1.118931770324707 0
1726421873411 0.9862089157104492 1
1726421873452 0.7425272464752197 2
1726421873491 0.6481049656867981 3
1726421873530 1.1853501796722412 4
1726421873570 0.8561916351318359 5
1726421873609 1.062809944152832 6
1726421873647 1.1005786657333374 7
1726421873689 1.1828765869140625 8
1726421873729 1.2457928657531738 9
1726421873769 1.3266243934631348 10
1726421873809 1.1169099807739258 11
1726421873848 1.2622140645980835 12
1726421873887 0.9766209125518799 13
1726421873928 0.6175019145011902 14
1726421873969 0.5595746040344238 15
1726421874009 0.6336231231689453 16
1726421874047 0.7069482803344727 17
1726421874087 0.7930247783660889 18
1726421874126 0.6098051071166992 19
1726421874166 0.2775236666202545 20
1726421874208 0.34653139114379883 21
1726421874248 0.3708152770996094 22
1726421874288 0.5569414496421814 23
1726421874327 1.2697908878326416 24
1726421874368 1.1640347242355347 25
1726421874407 0.9707139730453491 26
1726421874446 0.7385908365249634 27
1726421874486 0.8483079671859741 28
1726421874525 1.1499871015548706 29
1726421874564 0.8906725645065308 30
1726421874603 1.1831104755401611 31
1726421874644 1.0555014610290527 32
1726421874684 0.9856033325195312 33
1726421874724 1.069576382637024 34
1726421874765 1.0348235368728638 35
1726421874804 1.102030873298645 36
1726421874842 0.8992483615875244 37
1726421874883 1.1465253829956055 38
1726421874924 0.7690712213516235 39
1726421874963 0.8886735439300537 40
1726421875004 0.6549935936927795 41
1726421875044 0.7524756193161011 42
1726421875083 0.6807324886322021 43
1726421875123 1.081285834312439 44
1726421875164 0.9347686767578125 45
1726421875203 1.072035551071167 46
1726421875241 0.9075199961662292 47
1726421875280 0.6417886018753052 48
1726421875320 0.9944387674331665 49
1726421875360 0.9234087467193604 50
1726421875399 0.3547540307044983 51
1726421875441 0.5678635835647583 52
1726421875481 0.7902973294258118 53
1726421875520 0.9404425621032715 54
1726421875561 1.0615630149841309 55
1726421875601 0.7629785537719727 56
1726421875639 1.0077989101409912 57
1726421875683 1.183215856552124 58
1726421875725 1.437272071838379 59
1726421875768 1.089349389076233 60
1726421875814 1.0683393478393555 61
1726421875860 0.7728577256202698 62
1726421875907 0.7454066872596741 63
1726421875955 0.7193858027458191 64
1726421876005 0.6993585228919983 65
1726421876054 0.7746993899345398 66
1726421876102 0.9251353740692139 67
1726421876149 0.9484165906906128 68
1726421876198 0.8087877631187439 69
1726421876244 0.7209400534629822 70
1726421876294 0.7571700215339661 71
1726421876341 0.6974639892578125 72
1726421876390 1.108138918876648 73
1726421876438 0.8294724822044373 74
1726421876488 0.6754789352416992 75
1726421876535 0.8500630855560303 76
1726421876584 0.7539937496185303 77
1726421876631 0.6083463430404663 78
1726421876681 0.7626107931137085 79
1726421876728 0.7954127788543701 80
1726421876777 0.8796606063842773 81
1726421876824 1.0940121412277222 82
1726421876874 0.7856367826461792 83
1726421876924 0.9404590725898743 84
1726421876974 0.8692624568939209 85
1726421877021 1.0348762273788452 86
1726421877070 1.082778811454773 87
1726421877117 0.9663823843002319 88
1726421877166 1.0659825801849365 89
1726421877214 1.008228063583374 90
1726421877264 0.7448121905326843 91
1726421877310 0.5423458218574524 92
1726421877359 0.9322903156280518 93
1726421877407 0.2681100070476532 94
1726421877456 0.6010433435440063 95
1726421877503 0.5636346936225891 96
1726421877552 0.8185164928436279 97
1726421877600 0.8914722204208374 98
1726421877648 0.6242755651473999 99
1726421877697 0.8612716197967529 100
1726421877746 0.9819322824478149 101
1726421877792 0.851993203163147 102
1726421877842 0.8839161396026611 103
1726421877889 0.8543102145195007 104
1726421877941 0.9956711530685425 105
1726421877990 1.0677858591079712 106
1726421878037 0.9607018232345581 107
1726421878087 1.1281542778015137 108
1726421878134 0.7993847131729126 109
1726421878183 1.1166846752166748 110
1726421878232 0.943347156047821 111
1726421878289 0.8705151081085205 112
1726421878345 0.762826144695282 113
1726421878395 1.0392109155654907 114
1726421878446 0.8819471597671509 115
1726421878496 0.9561784863471985 116
1726421878545 0.9730100035667419 117
1726421878595 0.9924172163009644 118
1726421878644 1.0941879749298096 119
1726421878694 1.2300862073898315 120
1726421878742 0.9038378000259399 121
1726421878792 1.0745502710342407 122
1726421878840 1.0931940078735352 123
1726421878891 0.7960871458053589 124
1726421878939 0.9802917838096619 125
1726421878989 0.8837725520133972 126
1726421879040 0.5768359899520874 127
1726421879091 0.8028752207756042 128
1726421879136 0.8865023851394653 129
1726421879184 0.8542168140411377 130
1726421879227 0.5845483541488647 131
1726421879271 0.6701596975326538 132
1726421879313 1.0503594875335693 133
1726421879355 1.0501055717468262 134
1726421879397 1.2035564184188843 135
1726421879437 0.5577095150947571 136
1726421879479 1.050620675086975 137
1726421879520 1.047990083694458 138
1726421879558 1.0457568168640137 139
1726421879599 1.1427948474884033 140
1726421879639 0.7885162830352783 141
1726421879677 1.0057711601257324 142
1726421879719 0.8838002681732178 143
1726421879760 0.7127150893211365 144
1726421879798 0.8874791860580444 145
1726421879838 0.9265700578689575 146
1726421879877 1.012229084968567 147
1726421879917 0.5199800729751587 148
1726421879959 0.6439375877380371 149
1726421879999 0.9848934412002563 150
1726421880039 1.4014298915863037 151
1726421880078 0.9184293150901794 152
1726421880121 0.7739720940589905 153
1726421880161 1.2351763248443604 154
1726421880201 1.1426153182983398 155
1726421880242 0.8600201606750488 156
1726421880281 1.047715187072754 157
1726421880324 1.1383976936340332 158
1726421880371 1.1723377704620361 159
1726421880424 1.2157769203186035 160
1726421880472 0.7652572393417358 161
1726421880509 0.7601950168609619 162
1726421880549 0.8117877244949341 163
1726421880588 0.7379999756813049 164
1726421880627 0.6242952942848206 165
1726421880665 0.6337287425994873 166
1726421880707 0.38698986172676086 167
1726421880745 0.808083176612854 168
1726421880783 0.7115762233734131 169
1726421880823 0.9605898857116699 170
1726421880862 1.0684995651245117 171
1726421880901 0.94261634349823 172
1726421880941 0.715859591960907 173
1726421880981 0.593040943145752 174
1726421881020 0.6743502616882324 175
1726421881058 0.43317845463752747 176
1726421881097 0.9467252492904663 177
1726421881137 1.022863745689392 178
1726421881176 1.181900143623352 179
1726421881217 1.1363680362701416 180
1726421881258 1.0922772884368896 181
1726421881297 0.8096413016319275 182
1726421881336 0.6253759264945984 183
1726421881376 0.7371041178703308 184
1726421881416 0.33260416984558105 185
1726421881456 0.649657130241394 186
1726421881496 1.0555155277252197 187
1726421881535 1.181888222694397 188
1726421881575 0.7488248944282532 189
1726421881618 0.435954749584198 190
1726421881661 0.5673997402191162 191
1726421881700 0.9406176805496216 192
1726421881745 0.9937035441398621 193
1726421881785 1.1848993301391602 194
1726421881825 1.3413605690002441 195
1726421881866 1.1364436149597168 196
1726421881906 0.6036049127578735 197
1726421881948 0.47605204582214355 198
1726421881990 1.092162013053894 199
1726421882030 1.0558815002441406 200
1726421882068 1.095885992050171 201
1726421882107 1.1295615434646606 202
1726421882147 1.0105849504470825 203
1726421882186 0.7829990386962891 204
1726421882226 0.9057484269142151 205
1726421882265 1.1008074283599854 206
1726421882304 1.0257980823516846 207
1726421882342 0.8514530658721924 208
1726421882382 0.9870675802230835 209
1726421882422 0.854236364364624 210
1726421882460 0.7412797212600708 211
1726421882500 0.6767188310623169 212
1726421882540 0.6947816610336304 213
1726421882577 0.5466577410697937 214
1726421882617 0.8118289709091187 215
1726421882657 0.8789172172546387 216
1726421882699 0.8251184821128845 217
1726421882742 1.051217794418335 218
1726421882786 1.03012216091156 219
1726421882836 1.0114502906799316 220
1726421882877 0.8044055700302124 221
1726421882920 0.7869251370429993 222
1726421882972 0.8357764482498169 223
1726421883013 0.4991520047187805 224
1726421883052 0.7306195497512817 225
1726421883099 1.0342787504196167 226
1726421883158 1.2289881706237793 227
1726421883209 1.214042067527771 228
1726421883251 1.2933435440063477 229
1726421883296 1.2265748977661133 230
1726421883336 1.0230978727340698 231
1726421883381 1.0172090530395508 232
1726421883423 0.7023131251335144 233
1726421883462 0.5939972400665283 234
1726421883501 0.5289725065231323 235
1726421883540 0.673032283782959 236
1726421883578 0.7605234980583191 237
1726421883626 1.2190303802490234 238
1726421883665 1.265106201171875 239
1726421883707 1.1731431484222412 240
1726421883753 1.1981115341186523 241
1726421883795 1.0341112613677979 242
1726421883845 0.871593713760376 243
1726421883914 0.7742345333099365 244
1726421883961 0.9424577951431274 245
1726421884014 0.8919450044631958 246
1726421884050 1.1024539470672607 247
1726421884089 0.9988539814949036 248
1726421884129 0.9000122547149658 249
1726421884167 0.42105257511138916 250
1726421884207 0.8543078899383545 251
1726421884246 0.6825425624847412 252
1726421884285 0.9092867374420166 253
1726421884324 0.9869416356086731 254
1726421884362 0.8376320600509644 255
1726421884403 0.5409935712814331 256
1726421884442 0.6183844208717346 257
1726421884480 0.6131542921066284 258
1726421884519 0.9214484691619873 259
1726421884558 0.7624915838241577 260
1726421884597 0.9800587296485901 261
1726421884636 1.108716607093811 262
1726421884675 1.210787296295166 263
1726421884714 1.1269214153289795 264
1726421884754 0.9705016613006592 265
1726421884792 1.2026286125183105 266
1726421884832 1.0818965435028076 267
1726421884871 0.8967626690864563 268
1726421884908 0.9536663293838501 269
1726421884948 1.096787929534912 270
1726421884988 1.1195869445800781 271
1726421885026 0.9891974925994873 272
1726421885065 0.8959423303604126 273
1726421885105 1.059322714805603 274
1726421885145 0.8814175724983215 275
1726421885183 0.90718674659729 276
1726421885223 0.7066326141357422 277
1726421885263 1.2177214622497559 278
1726421885302 1.1844364404678345 279
1726421885340 0.7821443676948547 280
1726421885379 0.7576490044593811 281
1726421885419 0.7461336255073547 282
1726421885458 1.0489006042480469 283
1726421885497 0.6720399260520935 284
1726421885536 0.8052010536193848 285
1726421885575 0.986443042755127 286
1726421885613 0.9618619084358215 287
1726421885655 1.1180589199066162 288
1726421885695 1.1222267150878906 289
1726421885735 0.960517168045044 290
1726421885773 0.8948428630828857 291
1726421885812 1.18379545211792 292
1726421885851 1.3384032249450684 293
1726421885890 1.3937232494354248 294
1726421885929 1.3276870250701904 295
1726421885971 1.3451038599014282 296
1726421886009 1.1295137405395508 297
1726421886047 1.1356309652328491 298
1726421886085 1.0196685791015625 299
1726421886125 0.8353818655014038 300
1726421886164 0.7526136040687561 301
1726421886203 1.0779814720153809 302
1726421886243 1.0941835641860962 303
1726421886282 1.1501820087432861 304
1726421886320 1.0744282007217407 305
1726421886359 0.8898082971572876 306
1726421886399 0.6496286988258362 307
1726421886439 1.3271292448043823 308
1726421886477 1.279600977897644 309
1726421886516 0.8333631157875061 310
1726421886556 1.036872148513794 311
1726421886595 1.182100534439087 312
1726421886634 1.2123034000396729 313
1726421886674 1.138142466545105 314
1726421886714 1.2938244342803955 315
1726421886752 1.079636812210083 316
1726421886791 0.9547425508499146 317
1726421886831 0.6910829544067383 318
1726421886870 0.6655209064483643 319
1726421886909 0.4667429029941559 320
1726421886949 0.7371225953102112 321
1726421886990 0.44392895698547363 322
1726421887028 0.5622057914733887 323
1726421887067 0.8536289930343628 324
1726421887106 0.9391520023345947 325
1726421887146 0.6555774211883545 326
1726421887185 0.9885448217391968 327
1726421887226 0.984412670135498 328
1726421887265 0.8889497518539429 329
1726421887303 0.995671272277832 330
1726421887342 0.7047619819641113 331
1726421887382 0.662268877029419 332
1726421887421 0.7666729688644409 333
1726421887461 0.9278122186660767 334
1726421887502 0.7775025367736816 335
1726421887541 0.5332285165786743 336
1726421887580 0.6158045530319214 337
1726421887620 0.5576218366622925 338
1726421887659 0.7840856313705444 339
1726421887698 0.6925362348556519 340
1726421887739 0.7425031065940857 341
1726421887780 0.7703425884246826 342
1726421887820 0.7548718452453613 343
1726421887859 0.5306910872459412 344
1726421887899 0.8468655943870544 345
1726421887939 0.9534555673599243 346
1726421887978 1.1487493515014648 347
1726421888020 0.7820498943328857 348
1726421888060 1.149719476699829 349
1726421888098 0.9916336536407471 350
1726421888137 0.7208168506622314 351
1726421888177 1.045440435409546 352
1726421888216 0.7967386245727539 353
1726421888257 0.7770887613296509 354
1726421888297 1.1746892929077148 355
1726421888336 0.5282083749771118 356
1726421888375 1.111968994140625 357
1726421888414 1.0695033073425293 358
1726421888453 1.2374699115753174 359
1726421888494 1.2462188005447388 360
1726421888537 0.9391706585884094 361
1726421888587 0.8468713760375977 362
1726421888633 0.9241695404052734 363
1726421888680 1.1952831745147705 364
1726421888727 1.1712844371795654 365
1726421888780 1.0106492042541504 366
1726421888829 1.0065590143203735 367
1726421888879 0.8248975276947021 368
1726421888931 0.9436039328575134 369
1726421888995 1.0514740943908691 370
1726421889050 1.0566205978393555 371
1726421889099 1.1826926469802856 372
1726421889141 1.1094794273376465 373
1726421889188 0.6350085735321045 374
1726421889236 0.6533051133155823 375
1726421889283 0.8397137522697449 376
1726421889326 0.815860390663147 377
1726421889373 1.103186845779419 378
1726421889414 1.3321647644042969 379
1726421889470 1.1054478883743286 380
1726421889518 1.243645429611206 381
1726421889576 1.3383206129074097 382
1726421889619 1.2013123035430908 383
1726421889658 1.0623931884765625 384
1726421889698 0.9282171726226807 385
1726421889742 1.355023741722107 386
1726421889783 1.0301486253738403 387
1726421889829 0.9486106634140015 388
1726421889870 0.8638384342193604 389
1726421889907 0.8590782284736633 390
1726421889945 1.0730479955673218 391
1726421889989 0.8563869595527649 392
1726421890056 0.7924458384513855 393
1726421890100 0.4875977635383606 394
1726421890145 0.48227930068969727 395
1726421890195 0.526197075843811 396
1726421890239 1.0306148529052734 397
1726421890293 0.7753260731697083 398
1726421890335 0.8218169808387756 399
1726421890371 0.7568066716194153 400
1726421890409 0.8882666826248169 401
1726421890447 0.7697261571884155 402
1726421890486 0.7249947786331177 403
1726421890523 0.6224046349525452 404
1726421890561 0.897964596748352 405
1726421890600 1.2230286598205566 406
1726421890639 1.1543793678283691 407
1726421890685 1.1794946193695068 408
1726421890730 1.2331126928329468 409
1726421890776 1.0268585681915283 410
1726421890835 0.8766181468963623 411
1726421890895 0.7596750855445862 412
1726421890955 0.5419068336486816 413
1726421891014 1.086840033531189 414
1726421891073 0.41852378845214844 415
1726421891132 0.6296373009681702 416
1726421891188 0.6556081175804138 417
1726421891246 0.426601767539978 418
1726421891297 0.4684935212135315 419
1726421891348 0.5767480134963989 420
1726421891396 0.5621823072433472 421
1726421891446 0.6046929359436035 422
1726421891494 0.4782981276512146 423
1726421891537 1.0553293228149414 424
1726421891579 0.7279548645019531 425
1726421891627 0.9976179003715515 426
1726421891687 0.8416190147399902 427
1726421891740 0.7463876605033875 428
1726421891791 0.9620246291160583 429
1726421891845 0.9780516624450684 430
1726421891898 0.947317361831665 431
1726421891957 0.9989674091339111 432
1726421892018 0.9764598608016968 433
1726421892078 0.8668422698974609 434
1726421892138 0.9333932995796204 435
1726421892199 0.7159144878387451 436
1726421892285 1.0278754234313965 437
1726421892364 0.9035019874572754 438
1726421892425 0.7780700922012329 439
1726421892482 0.8287131786346436 440
1726421892557 0.8780035972595215 441
1726421892630 0.7645540833473206 442
1726421892688 0.8273717761039734 443
1726421892750 0.7588788270950317 444
1726421892829 1.1205812692642212 445
1726421892913 1.2531840801239014 446
1726421892974 1.3458203077316284 447
1726421893032 0.9368551969528198 448
1726421893090 0.8138389587402344 449
1726421893162 0.5658499002456665 450
1726421893234 0.2000890076160431 451
1726421893312 0.598178505897522 452
1726421893379 1.2399733066558838 453
1726421893440 0.9468649625778198 454
1726421893503 0.909744918346405 455
1726421893559 0.9564223289489746 456
1726421893610 0.886189341545105 457
1726421893657 0.7489709854125977 458
1726421893707 0.5321985483169556 459
1726421893756 1.0949193239212036 460
1726421893806 0.7368307709693909 461
1726421893854 0.7365622520446777 462
1726421893905 0.5929661989212036 463
1726421893953 0.28824761509895325 464
1726421894021 0.7670879364013672 465
1726421894089 0.5134233832359314 466
1726421894154 0.6937141418457031 467
1726421894220 0.7187153697013855 468
1726421894268 0.8877232670783997 469
1726421894316 0.2615637183189392 470
1726421894376 0.4380956292152405 471
1726421894427 1.3160526752471924 472
1726421894473 1.2609483003616333 473
1726421894519 0.8851488828659058 474
1726421894566 0.584118127822876 475
1726421894612 0.7743824124336243 476
1726421894661 1.1056853532791138 477
1726421894705 0.9347071647644043 478
1726421894751 1.265887975692749 479
1726421894793 1.1666700839996338 480
1726421894836 1.2002451419830322 481
1726421894877 0.8967839479446411 482
1726421894917 0.689724326133728 483
1726421894961 0.5209747552871704 484
1726421895005 0.6583547592163086 485
1726421895047 0.6735467910766602 486
1726421895094 0.5641982555389404 487
1726421895134 0.3354523777961731 488
1726421895183 0.8213450312614441 489
1726421895225 0.7891149520874023 490
1726421895270 0.6464825868606567 491
1726421895313 0.7042636871337891 492
1726421895369 0.7906521558761597 493
1726421895411 0.9056021571159363 494
1726421895451 1.2197010517120361 495
1726421895489 0.7162615060806274 496
1726421895532 0.827417254447937 497
1726421895572 0.7763336896896362 498
1726421895609 1.0350940227508545 499
1726421895649 1.0510776042938232 500
1726421895694 1.2495222091674805 501
1726421895733 0.9098807573318481 502
1726421895778 1.0117158889770508 503
1726421895815 0.9228713512420654 504
1726421895851 0.9172313213348389 505
1726421895889 0.8375123143196106 506
1726421895929 0.5490684509277344 507
1726421895968 0.21190336346626282 508
1726421896008 0.5914713144302368 509
1726421896049 0.5652893781661987 510
1726421896088 0.5847976207733154 511
1726421896126 0.3598834276199341 512
1726421896167 1.0358588695526123 513
1726421896207 1.2096073627471924 514
1726421896245 1.2211644649505615 515
1726421896285 1.1083623170852661 516
1726421896324 1.0878535509109497 517
1726421896363 0.8572857975959778 518
1726421896402 0.5900068283081055 519
1726421896442 0.9163026809692383 520
1726421896481 0.688274085521698 521
1726421896520 0.9216097593307495 522
1726421896559 1.3117343187332153 523
1726421896599 1.175925374031067 524
1726421896637 1.0968676805496216 525
1726421896677 1.19254469871521 526
1726421896717 1.1642709970474243 527
1726421896759 1.033447504043579 528
1726421896797 1.1408846378326416 529
1726421896836 1.0578546524047852 530
1726421896876 1.089954137802124 531
1726421896915 0.9881711602210999 532
1726421896954 0.9694123268127441 533
1726421896995 1.0981082916259766 534
1726421897036 1.1504018306732178 535
1726421897076 0.6941637992858887 536
1726421897117 0.8101965188980103 537
1726421897156 1.1081223487854004 538
1726421897196 0.7824568152427673 539
1726421897255 0.7485600709915161 540
1726421897297 0.3393629491329193 541
1726421897341 0.4009774625301361 542
1726421897381 0.7645613551139832 543
1726421897421 0.47305312752723694 544
1726421897462 0.732233464717865 545
1726421897504 1.1234763860702515 546
1726421897543 1.1420433521270752 547
1726421897583 1.0236284732818604 548
1726421897624 0.5732554197311401 549
1726421897662 0.7332080602645874 550
1726421897702 0.7442169189453125 551
1726421897741 0.7843766808509827 552
1726421897782 0.5694090127944946 553
1726421897822 0.9130414128303528 554
1726421897862 0.6577290296554565 555
1726421897901 0.8266225457191467 556
1726421897940 1.0048832893371582 557
1726421897981 1.0125192403793335 558
1726421898022 1.043363332748413 559
1726421898060 1.1574742794036865 560
1726421898100 0.887332558631897 561
1726421898140 0.8241105079650879 562
1726421898180 0.9429946541786194 563
1726421898220 0.8296672105789185 564
1726421898262 0.3497621417045593 565
1726421898302 0.7601180076599121 566
1726421898341 0.6006872653961182 567
1726421898381 0.7403925657272339 568
1726421898421 1.083899736404419 569
1726421898459 1.0446494817733765 570
1726421898498 1.0664633512496948 571
1726421898539 1.1156336069107056 572
1726421898578 0.8485513925552368 573
1726421898617 0.9588702321052551 574
1726421898656 1.1568331718444824 575
1726421898696 1.0687427520751953 576
1726421898737 0.6691297292709351 577
1726421898782 1.1550368070602417 578
1726421898828 0.7532079815864563 579
1726421898872 0.8058403730392456 580
1726421898917 0.8864436149597168 581
1726421898961 0.8486925363540649 582
1726421899003 0.9514962434768677 583
1726421899046 0.5170680284500122 584
1726421899086 0.4079033434391022 585
1726421899126 0.8468219041824341 586
1726421899167 1.0774118900299072 587
1726421899208 0.9771796464920044 588
1726421899248 0.8972423672676086 589
1726421899289 1.1307101249694824 590
1726421899329 1.052605390548706 591
1726421899370 0.8965961933135986 592
1726421899409 0.7832998633384705 593
1726421899449 0.8315674066543579 594
1726421899489 0.7033834457397461 595
1726421899528 0.7118161916732788 596
1726421899569 0.5704416036605835 597
1726421899609 0.8861980438232422 598
1726421899646 0.7638472318649292 599
1726421899685 0.714069664478302 600
1726421899725 0.849135160446167 601
1726421899766 0.7474991679191589 602
1726421899806 0.9244433045387268 603
1726421899846 0.7389326691627502 604
1726421899885 1.2172470092773438 605
1726421899924 1.04719877243042 606
1726421899963 1.0313341617584229 607
1726421900003 1.212646722793579 608
1726421900043 1.1288683414459229 609
1726421900083 1.0235333442687988 610
1726421900125 1.0353798866271973 611
1726421900164 1.065001368522644 612
1726421900203 1.0668121576309204 613
1726421900242 0.6287767291069031 614
1726421900282 0.8061044812202454 615
1726421900323 1.3794589042663574 616
1726421900365 1.0510926246643066 617
1726421900404 1.4435391426086426 618
1726421900444 1.1759872436523438 619
1726421900486 1.0493706464767456 620
1726421900526 1.0117554664611816 621
1726421900565 0.6816805601119995 622
1726421900606 1.2603483200073242 623
1726421900646 0.765347421169281 624
1726421900683 0.9481611847877502 625
1726421900723 1.127961277961731 626
1726421900763 1.088965654373169 627
1726421900802 1.0543177127838135 628
1726421900841 0.9999791383743286 629
1726421900881 0.8460414409637451 630
1726421900920 0.7963063716888428 631
1726421900959 0.9987921118736267 632
1726421900999 0.7084543704986572 633
1726421901039 0.9895632266998291 634
1726421901078 0.7618703246116638 635
1726421901117 1.1049048900604248 636
1726421901157 0.8499759435653687 637
1726421901206 1.0395710468292236 638
1726421901253 0.6652742624282837 639
1726421901296 0.9771369099617004 640
1726421901336 0.6328132152557373 641
1726421901375 0.8129754662513733 642
1726421901416 0.5390991568565369 643
1726421901457 0.7751010656356812 644
1726421901495 0.7119280099868774 645
1726421901536 0.6940439939498901 646
1726421901576 0.9332638382911682 647
1726421901613 0.9934653639793396 648
1726421901653 0.6944661140441895 649
1726421901692 0.828576922416687 650
1726421901732 0.9341561794281006 651
1726421901772 0.948104977607727 652
1726421901814 1.1373279094696045 653
1726421901853 0.9580405950546265 654
1726421901891 1.107357144355774 655
1726421901933 1.040392279624939 656
1726421901974 0.4701439142227173 657
1726421902014 0.704701840877533 658
1726421902055 0.5329956412315369 659
1726421902095 0.168351948261261 660
1726421902133 0.4189547300338745 661
1726421902172 0.8143649697303772 662
1726421902212 0.7734144926071167 663
1726421902252 0.8472610712051392 664
1726421902291 1.1518903970718384 665
1726421902331 1.1059484481811523 666
1726421902371 0.9322328567504883 667
1726421902408 0.953479528427124 668
1726421902448 0.7670236229896545 669
1726421902487 0.9216787815093994 670
1726421902528 0.6281310319900513 671
1726421902567 0.6274112462997437 672
1726421902608 1.2439091205596924 673
1726421902647 1.0188260078430176 674
1726421902684 1.1730167865753174 675
1726421902724 1.2251462936401367 676
1726421902764 0.9845299124717712 677
1726421902803 1.1659047603607178 678
1726421902842 0.9759312272071838 679
1726421902882 1.0264949798583984 680
1726421902922 1.0119832754135132 681
1726421902960 0.8826702833175659 682
1726421903000 0.7513399124145508 683
1726421903040 1.2511942386627197 684
1726421903079 0.9306453466415405 685
1726421903118 0.9373977184295654 686
1726421903158 0.9349875450134277 687
1726421903198 0.9290221333503723 688
1726421903237 1.0444519519805908 689
1726421903277 1.0140819549560547 690
1726421903317 1.0049841403961182 691
1726421903357 0.9157470464706421 692
1726421903396 0.764431893825531 693
1726421903436 0.749838650226593 694
1726421903474 0.7524166107177734 695
1726421903513 0.594213604927063 696
1726421903554 0.652755081653595 697
1726421903592 0.6939187049865723 698
1726421903631 0.96198570728302 699
1726421903672 0.8225787878036499 700
1726421903710 0.7086414098739624 701
1726421903749 0.6108064651489258 702
1726421903791 0.6142889857292175 703
1726421903829 1.011851191520691 704
1726421903872 0.71697998046875 705
1726421903912 0.7463686466217041 706
1726421903951 0.831821858882904 707
1726421903992 0.46648257970809937 708
1726421904032 0.5894908905029297 709
1726421904071 0.5895460247993469 710
1726421904111 0.7941979765892029 711
1726421904151 1.0827512741088867 712
1726421904189 0.6971548795700073 713
1726421904228 0.8476073741912842 714
1726421904267 0.5216279029846191 715
1726421904308 0.7655707001686096 716
1726421904347 0.6789206266403198 717
1726421904387 0.3423573970794678 718
1726421904426 0.3302081525325775 719
1726421904464 0.7382115125656128 720
1726421904503 0.5678086280822754 721
1726421904544 0.47655102610588074 722
1726421904583 0.8737505674362183 723
1726421904622 0.8584287166595459 724
1726421904662 0.959881067276001 725
1726421904701 0.9547497034072876 726
1726421904740 0.4747389853000641 727
1726421904782 0.43887174129486084 728
1726421904822 0.8723344802856445 729
1726421904860 1.116892695426941 730
1726421904899 0.9155793786048889 731
1726421904938 0.8683154582977295 732
1726421904977 1.1562172174453735 733
1726421905017 1.3823468685150146 734
1726421905059 1.278304100036621 735
1726421905098 1.1062769889831543 736
1726421905138 1.1518144607543945 737
1726421905178 0.8027936220169067 738
1726421905218 0.7695494890213013 739
1726421905256 1.0534369945526123 740
1726421905297 1.0130687952041626 741
1726421905336 0.9018670320510864 742
1726421905375 0.9584614038467407 743
1726421905414 1.0591554641723633 744
1726421905454 1.2183499336242676 745
1726421905493 1.0186653137207031 746
1726421905531 0.9960703253746033 747
1726421905571 0.938713788986206 748
1726421905610 0.8490468859672546 749
1726421905650 0.5369403958320618 750
1726421905691 0.5332839488983154 751
1726421905735 0.5293058156967163 752
1726421905777 0.7612967491149902 753
1726421905823 0.43123701214790344 754
1726421905867 0.9402977228164673 755
1726421905914 0.8567876815795898 756
1726421905958 0.7103030681610107 757
1726421906006 0.8394526839256287 758
1726421906052 0.7905327677726746 759
1726421906102 1.0078727006912231 760
1726421906151 1.2869493961334229 761
1726421906200 1.1797752380371094 762
1726421906246 1.1649469137191772 763
1726421906294 0.8995330929756165 764
1726421906340 0.8086835145950317 765
1726421906388 0.6674928665161133 766
1726421906434 0.8234360218048096 767
1726421906484 0.8369361758232117 768
1726421906532 0.8573419451713562 769
1726421906581 0.8148684501647949 770
1726421906628 1.0558797121047974 771
1726421906676 0.704658031463623 772
1726421906722 0.634647011756897 773
1726421906771 0.43137127161026 774
1726421906820 0.7476805448532104 775
1726421906868 0.7813575267791748 776
1726421906914 0.5225120782852173 777
1726421906966 0.5188377499580383 778
1726421907013 0.5246251821517944 779
1726421907061 0.7495392560958862 780
1726421907107 0.30414584279060364 781
1726421907155 0.6312652826309204 782
1726421907201 0.6175973415374756 783
1726421907250 0.5893392562866211 784
1726421907298 0.5869653820991516 785
1726421907347 0.3411843776702881 786
1726421907394 0.5078273415565491 787
1726421907441 1.0603418350219727 788
1726421907489 1.0042669773101807 789
1726421907537 0.9982156753540039 790
1726421907586 0.995904803276062 791
1726421907632 0.5514681339263916 792
1726421907681 0.3680019676685333 793
1726421907727 0.33794933557510376 794
1726421907776 0.5397017002105713 795
1726421907824 1.0078611373901367 796
1726421907872 0.923690915107727 797
1726421907919 0.8738877773284912 798
1726421907970 0.8369336724281311 799
1726421908020 1.1175293922424316 800
1726421908067 0.9891257286071777 801
1726421908115 1.0276708602905273 802
1726421908162 0.6879419088363647 803
1726421908211 1.0610551834106445 804
1726421908257 1.0076121091842651 805
1726421908305 1.0377376079559326 806
1726421908353 1.0245013236999512 807
1726421908401 1.1289525032043457 808
1726421908447 0.5705541372299194 809
1726421908495 0.8909550905227661 810
1726421908542 0.8702754974365234 811
1726421908592 1.1386942863464355 812
1726421908639 1.1304168701171875 813
1726421908686 0.6380484104156494 814
1726421908732 0.5516914129257202 815
1726421908782 0.5500645637512207 816
1726421908829 0.7846312522888184 817
1726421908877 0.6097952127456665 818
1726421908923 0.7443187236785889 819
1726421908973 0.480110764503479 820
1726421909053 0.707927942276001 821
1726421909098 0.5029996633529663 822
1726421909143 0.968468427658081 823
1726421909185 0.681816816329956 824
1726421909228 0.7481157779693604 825
1726421909271 0.7300547957420349 826
1726421909313 0.775160551071167 827
1726421909355 0.999988317489624 828
1726421909394 0.6732492446899414 829
1726421909436 0.8673609495162964 830
1726421909477 0.5941981077194214 831
1726421909515 0.5288525819778442 832
1726421909557 0.44357922673225403 833
1726421909597 0.5628511309623718 834
1726421909636 0.46990087628364563 835
1726421909676 0.4648805856704712 836
1726421909715 0.5073024034500122 837
1726421909754 0.5063000321388245 838
1726421909794 0.7308771014213562 839
1726421909836 0.7145363688468933 840
1726421909875 0.7036300897598267 841
1726421909914 0.7913970351219177 842
1726421909954 1.1662890911102295 843
1726421909993 1.0666667222976685 844
1726421910031 0.6310639381408691 845
1726421910073 0.8044614195823669 846
1726421910116 0.789462685585022 847
1726421910155 0.773108184337616 848
1726421910195 0.871423602104187 849
1726421910234 1.2020130157470703 850
1726421910273 0.7380132079124451 851
1726421910314 0.33818864822387695 852
1726421910358 0.3132162392139435 853
1726421910397 0.4705447554588318 854
1726421910437 0.4677591025829315 855
1726421910475 0.5849323868751526 856
1726421910514 0.9260044097900391 857
1726421910555 0.9045170545578003 858
1726421910594 1.0820720195770264 859
1726421910632 1.2062981128692627 860
1726421910673 1.1508562564849854 861
1726421910712 0.9262492060661316 862
1726421910751 0.8890742063522339 863
1726421910790 0.6515432000160217 864
1726421910831 0.6196566820144653 865
1726421910870 1.3666067123413086 866
1726421910909 0.95170658826828 867
1726421910948 1.0090360641479492 868
1726421910987 0.91231769323349 869
1726421911027 1.0012319087982178 870
1726421911069 0.9558278322219849 871
1726421911109 0.7997478246688843 872
1726421911150 0.7858771085739136 873
1726421911190 0.9774026870727539 874
1726421911230 0.7901529669761658 875
1726421911271 0.7494137287139893 876
1726421911315 0.5531949400901794 877
1726421911355 0.5249485969543457 878
1726421911394 0.49236756563186646 879
1726421911434 0.4538411796092987 880
1726421911473 0.4063468277454376 881
1726421911512 0.3425779342651367 882
1726421911552 0.25989657640457153 883
1726421911593 0.23758524656295776 884
1726421911634 0.21502572298049927 885
1726421911673 0.20678235590457916 886
1726421911713 0.19776588678359985 887
1726421911754 0.18782496452331543 888
1726421911791 0.4353344440460205 889
1726421911832 0.39968401193618774 890
1726421911871 0.535370409488678 891
1726421911909 0.5273955464363098 892
1726421911953 0.5264074802398682 893
1726421911995 0.5253965854644775 894
1726421912034 0.5518497228622437 895
1726421912076 0.5501657724380493 896
1726421912115 0.5484352111816406 897
1726421912154 0.5890191197395325 898
1726421912193 0.5085148215293884 899
1726421912233 0.5125160813331604 900
1726421912273 0.5089564919471741 901
1726421912313 0.5082265138626099 902
1726421912354 0.17082266509532928 903
1726421912394 0.15931347012519836 904
1726421912433 0.13532105088233948 905
1726421912476 0.1353210210800171 906
