1727302251955 0.0 0
1727302251991 0.0 1
1727302252028 0.0 2
1727302252067 0.0 3
1727302252104 0.0 4
1727302252140 0.0 5
1727302252176 0.0 6
1727302252212 0.0 7
1727302252246 0.0 8
1727302252285 0.0 9
1727302252326 0.0 10
1727302252365 0.0 11
1727302252400 0.0 12
1727302252436 0.0 13
1727302252472 0.0 14
1727302252507 0.0 15
1727302252544 0.0 16
1727302252578 0.0 17
1727302252612 0.0 18
1727302252646 0.0 19
1727302252680 0.0 20
1727302252714 0.0 21
1727302252748 0.0 22
1727302252784 0.0 23
1727302252818 0.0 24
1727302252852 0.0 25
1727302252888 0.0 26
1727302252923 0.0 27
1727302252958 0.0 28
1727302252993 0.0 29
1727302253031 0.0 30
1727302253069 0.0 31
1727302253107 0.0 32
1727302253142 0.0 33
1727302253176 0.0 34
1727302253212 0.0 35
1727302253247 0.0 36
1727302253283 0.0 37
1727302253319 0.0 38
1727302253353 0.0 39
1727302253388 0.0 40
1727302253422 0.0 41
1727302253458 0.0 42
1727302253494 0.0 43
1727302253532 0.0 44
1727302253570 0.0 45
1727302253606 0.0 46
1727302253641 0.0 47
1727302253680 0.0 48
1727302253716 0.0 49
1727302253753 0.0 50
1727302253792 4.605170249938965 51
1727302253829 0.0 52
1727302253866 0.0 53
1727302253903 0.0 54
1727302253941 0.0 55
1727302253978 0.0 56
1727302254014 0.0 57
1727302254049 0.0 58
1727302254083 0.0 59
1727302254117 0.0 60
1727302254152 0.0 61
1727302254186 0.0 62
1727302254220 0.0 63
1727302254253 0.0 64
1727302254289 0.0 65
1727302254327 0.0 66
1727302254363 0.0 67
1727302254397 0.0 68
1727302254431 0.0 69
1727302254465 0.0 70
1727302254499 4.605170249938965 71
1727302254533 0.0 72
1727302254568 0.0 73
1727302254603 0.0 74
1727302254637 0.0 75
1727302254673 0.0 76
1727302254709 0.0 77
1727302254743 0.0 78
1727302254778 0.0 79
1727302254819 0.0 80
1727302254854 0.0 81
1727302254891 0.0 82
1727302254925 0.0 83
1727302254960 0.0 84
1727302254994 0.0 85
1727302255028 0.0 86
1727302255066 0.0 87
1727302255101 0.0 88
1727302255135 0.0 89
1727302255169 0.0 90
1727302255205 4.605170249938965 91
1727302255240 0.0 92
1727302255274 0.0 93
1727302255311 0.0 94
1727302255346 0.0 95
1727302255381 0.0 96
1727302255415 0.0 97
1727302255449 0.0 98
1727302255484 0.0 99
1727302255518 0.0 100
1727302255555 0.0 101
1727302255592 0.0 102
1727302255626 0.0 103
1727302255661 0.0 104
1727302255695 0.0 105
1727302255729 0.0 106
1727302255763 0.0 107
1727302255799 0.0 108
1727302255836 0.0 109
1727302255870 0.0 110
1727302255906 0.0 111
1727302255943 0.0 112
1727302255981 0.0 113
1727302256019 0.0 114
1727302256059 0.0 115
1727302256094 0.0 116
1727302256130 0.0 117
1727302256167 0.0 118
1727302256204 0.0 119
1727302256241 0.0 120
1727302256277 0.0 121
1727302256317 0.0 122
1727302256353 0.0 123
1727302256390 0.0 124
1727302256429 0.0 125
1727302256467 0.0 126
1727302256505 0.0 127
1727302256542 0.0 128
1727302256581 0.0 129
1727302256619 0.0 130
1727302256655 4.605170249938965 131
1727302256692 0.0 132
1727302256725 0.0 133
1727302256759 0.0 134
1727302256793 0.0 135
1727302256828 0.0 136
1727302256862 0.0 137
1727302256898 0.0 138
1727302256934 0.0 139
1727302256968 0.0 140
1727302257002 0.0 141
1727302257036 0.0 142
1727302257071 0.0 143
1727302257105 0.0 144
1727302257139 0.0 145
1727302257174 0.0 146
1727302257208 0.0 147
1727302257242 0.0 148
1727302257277 0.0 149
1727302257312 0.0 150
1727302257348 0.0 151
1727302257383 0.0 152
1727302257417 0.0 153
1727302257450 0.0 154
1727302257485 0.0 155
1727302257519 0.0 156
1727302257555 0.0 157
1727302257592 0.0 158
1727302257632 0.0 159
1727302257667 0.0 160
1727302257702 0.0 161
1727302257736 0.0 162
1727302257771 0.0 163
1727302257807 0.0 164
1727302257843 4.605170249938965 165
1727302257878 0.0 166
1727302257913 0.0 167
1727302257949 0.0 168
1727302257983 0.0 169
1727302258017 0.0 170
1727302258052 0.0 171
1727302258086 0.0 172
1727302258121 0.0 173
1727302258155 0.0 174
1727302258190 0.0 175
1727302258228 0.0 176
1727302258262 0.0 177
1727302258298 0.0 178
1727302258336 0.0 179
1727302258373 0.0 180
1727302258410 0.0 181
1727302258447 0.0 182
1727302258484 0.0 183
1727302258521 0.0 184
1727302258558 0.0 185
1727302258596 0.0 186
1727302258633 0.0 187
1727302258669 0.0 188
1727302258706 0.0 189
1727302258742 0.0 190
1727302258779 0.0 191
1727302258818 0.0 192
1727302258858 0.0 193
1727302258902 0.0 194
1727302258940 0.0 195
1727302258976 0.0 196
1727302259025 0.0 197
1727302259063 0.0 198
1727302259100 0.0 199
1727302259137 4.605170249938965 200
1727302259170 0.0 201
1727302259203 0.0 202
1727302259236 0.0 203
1727302259270 0.0 204
1727302259303 0.0 205
1727302259338 0.0 206
1727302259372 0.0 207
1727302259406 0.0 208
1727302259441 0.0 209
1727302259475 0.0 210
1727302259509 0.0 211
1727302259542 0.0 212
1727302259576 0.0 213
1727302259609 0.0 214
1727302259644 0.0 215
1727302259679 0.0 216
1727302259716 4.605170249938965 217
1727302259754 0.0 218
1727302259792 4.605170249938965 219
1727302259829 0.0 220
1727302259865 0.0 221
1727302259902 0.0 222
1727302259939 0.0 223
1727302259975 0.0 224
1727302260010 0.0 225
1727302260044 0.0 226
1727302260079 4.605170249938965 227
1727302260112 0.0 228
1727302260147 0.0 229
1727302260183 0.0 230
1727302260218 0.0 231
1727302260252 0.0 232
1727302260287 0.0 233
1727302260323 0.0 234
1727302260357 0.0 235
