1727307900767 1.960310697555542 0
1727307900806 1.8909624814987183 1
1727307900843 1.6986987590789795 2
1727307900882 1.7526063919067383 3
1727307900920 1.8087239265441895 4
1727307900959 1.748338222503662 5
1727307900998 1.885205626487732 6
1727307901036 1.6777687072753906 7
1727307901077 1.666248083114624 8
1727307901117 1.6961663961410522 9
1727307901156 1.9131333827972412 10
1727307901205 1.844353199005127 11
1727307901250 1.9359548091888428 12
1727307901292 1.4245123863220215 13
1727307901336 1.7510559558868408 14
1727307901379 1.7321908473968506 15
1727307901419 1.9426846504211426 16
1727307901461 1.9780902862548828 17
1727307901502 1.710616946220398 18
1727307901547 1.6222659349441528 19
1727307901586 1.899381160736084 20
1727307901625 1.9155170917510986 21
1727307901666 1.5380558967590332 22
1727307901707 1.8563323020935059 23
1727307901749 1.806107759475708 24
1727307901797 1.7721434831619263 25
1727307901842 1.1202824115753174 26
1727307901889 1.7866170406341553 27
1727307901935 1.432581901550293 28
1727307901986 1.432581901550293 29
