1726484938632 2.0550365447998047 0
1726484938659 2.0550365447998047 1
1726484938686 2.0550365447998047 2
1726484938713 2.0550365447998047 3
1726484938742 2.0550365447998047 4
1726484938767 2.0550365447998047 5
1726484938793 2.0550365447998047 6
1726484938820 2.0550365447998047 7
1726484938847 2.0550365447998047 8
1726484938874 2.0550365447998047 9
1726484938900 2.0550365447998047 10
1726484938925 2.0550365447998047 11
1726484938951 2.0550365447998047 12
1726484938980 2.0550365447998047 13
1726484939008 2.0550365447998047 14
1726484939034 2.0550365447998047 15
1726484939063 2.0550365447998047 16
1726484939091 2.0550365447998047 17
1726484939118 2.0550365447998047 18
1726484939144 2.0550365447998047 19
1726484939169 2.0550365447998047 20
1726484939196 2.0550365447998047 21
1726484939223 2.0550365447998047 22
1726484939250 2.0550365447998047 23
1726484939276 2.0550365447998047 24
1726484939307 2.0550365447998047 25
1726484939335 2.0550365447998047 26
1726484939360 2.0550365447998047 27
1726484939387 2.0550365447998047 28
1726484939415 2.0550365447998047 29
1726484939441 2.0550365447998047 30
1726484939469 2.0550365447998047 31
1726484939496 2.0550365447998047 32
1726484939523 2.0550365447998047 33
1726484939548 2.0550365447998047 34
1726484939575 2.0550365447998047 35
1726484939602 2.0550365447998047 36
1726484939629 2.0550365447998047 37
1726484939655 2.0550365447998047 38
1726484939682 2.0550365447998047 39
1726484939710 2.0550365447998047 40
1726484939739 2.0550365447998047 41
1726484939764 2.0550365447998047 42
1726484939791 2.0550365447998047 43
1726484939818 2.0550365447998047 44
1726484939844 2.0550365447998047 45
1726484939871 2.0550365447998047 46
1726484939899 2.0550365447998047 47
1726484939925 2.0550365447998047 48
1726484939950 2.0550365447998047 49
1726484939981 2.0550365447998047 50
1726484940010 2.0550365447998047 51
1726484940043 2.0550365447998047 52
1726484940071 2.0550365447998047 53
1726484940098 2.0550365447998047 54
1726484940125 2.0550365447998047 55
1726484940150 2.0550365447998047 56
1726484940177 2.0550365447998047 57
1726484940204 2.0550365447998047 58
1726484940233 2.0550365447998047 59
1726484940260 2.0550365447998047 60
1726484940288 2.0550365447998047 61
1726484940316 2.0550365447998047 62
1726484940343 2.0550365447998047 63
1726484940370 2.0550365447998047 64
1726484940396 2.0550365447998047 65
1726484940451 2.0550365447998047 66
1726484940479 2.0550365447998047 67
1726484940507 2.0550365447998047 68
1726484940535 2.0550365447998047 69
1726484940562 2.0550365447998047 70
1726484940588 2.0550365447998047 71
1726484940614 2.0550365447998047 72
1726484940641 2.0550365447998047 73
1726484940667 2.0550365447998047 74
1726484940694 2.0550365447998047 75
1726484940721 2.0550365447998047 76
1726484940747 2.0550365447998047 77
1726484940772 2.0550365447998047 78
1726484940799 2.0550365447998047 79
1726484940826 2.0550365447998047 80
1726484940852 2.0550365447998047 81
1726484940878 2.0550365447998047 82
1726484940905 2.0550365447998047 83
1726484940930 2.0550365447998047 84
1726484940956 2.0550365447998047 85
1726484940983 2.0550365447998047 86
1726484941010 2.0550365447998047 87
1726484941036 2.0550365447998047 88
1726484941063 2.0550365447998047 89
1726484941090 2.0550365447998047 90
1726484941115 2.0550365447998047 91
1726484941141 2.0550365447998047 92
1726484941168 2.0550365447998047 93
1726484941195 2.0550365447998047 94
1726484941222 2.0550365447998047 95
1726484941251 2.0550365447998047 96
1726484941278 2.0550365447998047 97
1726484941303 2.0550365447998047 98
1726484941330 2.0550365447998047 99
1726484941356 2.0550365447998047 100
1726484941382 2.0550365447998047 101
1726484941409 2.0550365447998047 102
1726484941436 2.0550365447998047 103
1726484941463 2.0550365447998047 104
1726484941490 2.0550365447998047 105
1726484941518 2.0550365447998047 106
1726484941545 2.0550365447998047 107
1726484941572 2.0550365447998047 108
1726484941599 2.0550365447998047 109
1726484941627 2.0550365447998047 110
1726484941654 2.0550365447998047 111
1726484941681 2.0550365447998047 112
1726484941705 2.0550365447998047 113
1726484941735 2.0550365447998047 114
1726484941763 2.0550365447998047 115
1726484941789 2.0550365447998047 116
1726484941816 2.0550365447998047 117
1726484941843 2.0550365447998047 118
1726484941870 2.0550365447998047 119
1726484941897 2.0550365447998047 120
1726484941922 2.0550365447998047 121
1726484941949 2.0550365447998047 122
1726484941978 2.0550365447998047 123
1726484942004 2.0550365447998047 124
1726484942032 2.0550365447998047 125
1726484942059 2.0550365447998047 126
1726484942086 2.0550365447998047 127
1726484942111 2.0550365447998047 128
1726484942138 2.0550365447998047 129
1726484942164 2.0550365447998047 130
1726484942190 2.0550365447998047 131
1726484942217 2.0550365447998047 132
1726484942245 2.0550365447998047 133
1726484942272 2.0550365447998047 134
1726484942297 2.0550365447998047 135
1726484942323 2.0550365447998047 136
1726484942350 2.0550365447998047 137
1726484942376 2.0550365447998047 138
1726484942403 2.0550365447998047 139
1726484942430 2.0550365447998047 140
1726484942457 2.0550365447998047 141
1726484942484 2.0550365447998047 142
1726484942511 2.0550365447998047 143
1726484942538 2.0550365447998047 144
1726484942564 2.0550365447998047 145
1726484942590 2.0550365447998047 146
1726484942617 2.0550365447998047 147
1726484942644 2.0550365447998047 148
1726484942669 2.0550365447998047 149
1726484942696 2.0550365447998047 150
1726484942725 2.0550365447998047 151
1726484942753 2.0550365447998047 152
1726484942779 2.0550365447998047 153
1726484942806 2.0550365447998047 154
1726484942833 2.0550365447998047 155
1726484942857 2.0550365447998047 156
1726484942884 2.0550365447998047 157
1726484942910 2.0550365447998047 158
1726484942936 2.0550365447998047 159
1726484942963 2.0550365447998047 160
1726484942992 2.0550365447998047 161
1726484943018 2.0550365447998047 162
1726484943044 2.0550365447998047 163
1726484943072 2.0550365447998047 164
1726484943098 2.0550365447998047 165
1726484943125 2.0550365447998047 166
1726484943151 2.0550365447998047 167
1726484943178 2.0550365447998047 168
1726484943203 2.0550365447998047 169
1726484943233 2.0550365447998047 170
1726484943260 2.0550365447998047 171
1726484943286 2.0550365447998047 172
1726484943312 2.0550365447998047 173
1726484943338 2.0550365447998047 174
1726484943366 2.0550365447998047 175
1726484943392 2.0550365447998047 176
1726484943417 2.0550365447998047 177
1726484943444 2.0550365447998047 178
1726484943472 2.0550365447998047 179
1726484943499 2.0550365447998047 180
1726484943526 2.0550365447998047 181
1726484943552 2.0550365447998047 182
1726484943579 2.0550365447998047 183
1726484943604 2.0550365447998047 184
1726484943631 2.0550365447998047 185
1726484943658 2.0550365447998047 186
1726484943684 2.0550365447998047 187
1726484943711 2.0550365447998047 188
1726484943738 2.0550365447998047 189
1726484943763 2.0550365447998047 190
1726484943790 2.0550365447998047 191
1726484943817 2.0550365447998047 192
1726484943844 2.0550365447998047 193
1726484943871 2.0550365447998047 194
1726484943898 2.0550365447998047 195
1726484943924 2.0550365447998047 196
1726484943950 2.0550365447998047 197
1726484943978 2.0550365447998047 198
1726484944005 2.0550365447998047 199
1726484944030 2.0550365447998047 200
1726484944057 2.0550365447998047 201
1726484944083 2.0550365447998047 202
1726484944108 2.0550365447998047 203
1726484944134 2.0550365447998047 204
1726484944160 2.0550365447998047 205
1726484944185 2.0550365447998047 206
1726484944212 2.0550365447998047 207
1726484944240 2.0550365447998047 208
1726484944266 2.0550365447998047 209
1726484944291 2.0550365447998047 210
1726484944317 2.0550365447998047 211
1726484944343 2.0550365447998047 212
1726484944370 2.0550365447998047 213
1726484944397 2.0550365447998047 214
1726484944427 2.0550365447998047 215
1726484944458 2.0550365447998047 216
1726484944491 2.0550365447998047 217
1726484944522 2.0550365447998047 218
1726484944550 2.0550365447998047 219
1726484944578 2.0550365447998047 220
1726484944604 2.0550365447998047 221
1726484944632 2.0550365447998047 222
1726484944659 2.0550365447998047 223
1726484944686 2.0550365447998047 224
1726484944715 2.0550365447998047 225
1726484944744 2.0550365447998047 226
1726484944773 2.0550365447998047 227
1726484944801 2.0550365447998047 228
1726484944829 2.0550365447998047 229
1726484944856 2.0550365447998047 230
1726484944886 2.0550365447998047 231
1726484944913 2.0550365447998047 232
1726484944939 2.0550365447998047 233
1726484944965 2.0550365447998047 234
1726484944994 2.0550365447998047 235
1726484945022 2.0550365447998047 236
1726484945049 2.0550365447998047 237
1726484945073 2.0550365447998047 238
1726484945101 2.0550365447998047 239
1726484945127 2.0550365447998047 240
1726484945154 2.0550365447998047 241
1726484945180 2.0550365447998047 242
1726484945207 2.0550365447998047 243
1726484945235 2.0550365447998047 244
1726484945259 2.0550365447998047 245
1726484945285 2.0550365447998047 246
1726484945312 2.0550365447998047 247
1726484945338 2.0550365447998047 248
1726484945365 2.0550365447998047 249
1726484945391 2.0550365447998047 250
1726484945415 2.0550365447998047 251
1726484945442 2.0550365447998047 252
1726484945469 2.0550365447998047 253
1726484945496 2.0550365447998047 254
1726484945524 2.0550365447998047 255
1726484945550 2.0550365447998047 256
1726484945577 2.0550365447998047 257
1726484945601 2.0550365447998047 258
1726484945629 2.0550365447998047 259
1726484945655 2.0550365447998047 260
1726484945681 2.0550365447998047 261
1726484945708 2.0550365447998047 262
1726484945735 2.0550365447998047 263
1726484945761 2.0550365447998047 264
1726484945786 2.0550365447998047 265
1726484945812 2.0550365447998047 266
1726484945838 2.0550365447998047 267
1726484945865 2.0550365447998047 268
1726484945891 2.0550365447998047 269
1726484945917 2.0550365447998047 270
1726484945942 2.0550365447998047 271
1726484945968 2.0550365447998047 272
1726484945996 2.0550365447998047 273
1726484946023 2.0550365447998047 274
1726484946051 2.0550365447998047 275
1726484946078 2.0550365447998047 276
1726484946103 2.0550365447998047 277
1726484946128 2.0550365447998047 278
1726484946154 2.0550365447998047 279
1726484946180 2.0550365447998047 280
1726484946207 2.0550365447998047 281
1726484946234 2.0550365447998047 282
1726484946260 2.0550365447998047 283
1726484946286 2.0550365447998047 284
1726484946313 2.0550365447998047 285
1726484946340 2.0550365447998047 286
1726484946365 2.0550365447998047 287
1726484946391 2.0550365447998047 288
1726484946418 2.0550365447998047 289
1726484946443 2.0550365447998047 290
1726484946469 2.0550365447998047 291
1726484946498 2.0550365447998047 292
1726484946525 2.0550365447998047 293
1726484946552 2.0550365447998047 294
1726484946578 2.0550365447998047 295
1726484946604 2.0550365447998047 296
1726484946628 2.0550365447998047 297
1726484946655 2.0550365447998047 298
1726484946681 2.0550365447998047 299
1726484946707 2.0550365447998047 300
1726484946734 2.0550365447998047 301
1726484946764 2.0550365447998047 302
1726484946791 2.0550365447998047 303
1726484946816 2.0550365447998047 304
1726484946842 2.0550365447998047 305
1726484946868 2.0550365447998047 306
1726484946895 2.0550365447998047 307
1726484946922 2.0550365447998047 308
1726484946948 2.0550365447998047 309
1726484946972 2.0550365447998047 310
1726484947001 2.0550365447998047 311
1726484947028 2.0550365447998047 312
1726484947054 2.0550365447998047 313
1726484947080 2.0550365447998047 314
1726484947107 2.0550365447998047 315
1726484947133 2.0550365447998047 316
1726484947158 2.0550365447998047 317
1726484947183 2.0550365447998047 318
1726484947210 2.0550365447998047 319
1726484947236 2.0550365447998047 320
1726484947266 2.0550365447998047 321
1726484947292 2.0550365447998047 322
1726484947317 2.0550365447998047 323
1726484947348 2.0550365447998047 324
1726484947377 2.0550365447998047 325
1726484947405 2.0550365447998047 326
1726484947434 2.0550365447998047 327
1726484947461 2.0550365447998047 328
1726484947489 2.0550365447998047 329
1726484947519 2.0550365447998047 330
1726484947546 2.0550365447998047 331
1726484947573 2.0550365447998047 332
1726484947600 2.0550365447998047 333
1726484947627 2.0550365447998047 334
1726484947655 2.0550365447998047 335
1726484947683 2.0550365447998047 336
1726484947711 2.0550365447998047 337
1726484947739 2.0550365447998047 338
1726484947768 2.0550365447998047 339
1726484947796 2.0550365447998047 340
1726484947824 2.0550365447998047 341
1726484947852 2.0550365447998047 342
1726484947877 2.0550365447998047 343
1726484947904 2.0550365447998047 344
1726484947931 2.0550365447998047 345
1726484947957 2.0550365447998047 346
1726484947984 2.0550365447998047 347
1726484948014 2.0550365447998047 348
1726484948041 2.0550365447998047 349
1726484948066 2.0550365447998047 350
1726484948093 2.0550365447998047 351
1726484948119 2.0550365447998047 352
1726484948145 2.0550365447998047 353
1726484948172 2.0550365447998047 354
1726484948198 2.0550365447998047 355
1726484948223 2.0550365447998047 356
1726484948252 2.0550365447998047 357
1726484948279 2.0550365447998047 358
1726484948306 2.0550365447998047 359
1726484948332 2.0550365447998047 360
1726484948358 2.0550365447998047 361
1726484948384 2.0550365447998047 362
1726484948409 2.0550365447998047 363
1726484948436 2.0550365447998047 364
1726484948462 2.0550365447998047 365
1726484948488 2.0550365447998047 366
1726484948516 2.0550365447998047 367
1726484948543 2.0550365447998047 368
1726484948569 2.0550365447998047 369
1726484948594 2.0550365447998047 370
1726484948622 2.0550365447998047 371
1726484948649 2.0550365447998047 372
1726484948675 2.0550365447998047 373
1726484948701 2.0550365447998047 374
1726484948728 2.0550365447998047 375
1726484948756 2.0550365447998047 376
1726484948781 2.0550365447998047 377
1726484948808 2.0550365447998047 378
1726484948834 2.0550365447998047 379
1726484948860 2.0550365447998047 380
1726484948887 2.0550365447998047 381
1726484948914 2.0550365447998047 382
1726484948940 2.0550365447998047 383
1726484948965 2.0550365447998047 384
1726484948993 2.0550365447998047 385
1726484949020 2.0550365447998047 386
1726484949046 2.0550365447998047 387
1726484949073 2.0550365447998047 388
1726484949099 2.0550365447998047 389
1726484949124 2.0550365447998047 390
1726484949150 2.0550365447998047 391
1726484949177 2.0550365447998047 392
1726484949202 2.0550365447998047 393
1726484949229 2.0550365447998047 394
1726484949258 2.0550365447998047 395
1726484949285 2.0550365447998047 396
1726484949310 2.0550365447998047 397
1726484949337 2.0550365447998047 398
1726484949364 2.0550365447998047 399
1726484949390 2.0550365447998047 400
1726484949416 2.0550365447998047 401
1726484949443 2.0550365447998047 402
1726484949467 2.0550365447998047 403
1726484949495 2.0550365447998047 404
1726484949524 2.0550365447998047 405
1726484949553 2.0550365447998047 406
1726484949582 2.0550365447998047 407
1726484949609 2.0550365447998047 408
1726484949636 2.0550365447998047 409
1726484949664 2.0550365447998047 410
1726484949691 2.0550365447998047 411
1726484949716 2.0550365447998047 412
1726484949745 2.0550365447998047 413
1726484949772 2.0550365447998047 414
1726484949799 2.0550365447998047 415
1726484949827 2.0550365447998047 416
1726484949855 2.0550365447998047 417
1726484949882 2.0550365447998047 418
1726484949909 2.0550365447998047 419
1726484949933 2.0550365447998047 420
1726484949961 2.0550365447998047 421
1726484949987 2.0550365447998047 422
1726484950015 2.0550365447998047 423
1726484950042 2.0550365447998047 424
1726484950069 2.0550365447998047 425
1726484950095 2.0550365447998047 426
1726484950120 2.0550365447998047 427
1726484950146 2.0550365447998047 428
1726484950173 2.0550365447998047 429
1726484950201 2.0550365447998047 430
1726484950228 2.0550365447998047 431
1726484950256 2.0550365447998047 432
1726484950282 2.0550365447998047 433
1726484950307 2.0550365447998047 434
1726484950335 2.0550365447998047 435
1726484950361 2.0550365447998047 436
1726484950387 2.0550365447998047 437
1726484950414 2.0550365447998047 438
1726484950440 2.0550365447998047 439
1726484950464 2.0550365447998047 440
1726484950491 2.0550365447998047 441
1726484950520 2.0550365447998047 442
1726484950546 2.0550365447998047 443
1726484950572 2.0550365447998047 444
1726484950599 2.0550365447998047 445
1726484950625 2.0550365447998047 446
1726484950650 2.0550365447998047 447
1726484950677 2.0550365447998047 448
1726484950702 2.0550365447998047 449
1726484950729 2.0550365447998047 450
1726484950758 2.0550365447998047 451
1726484950786 2.0550365447998047 452
1726484950812 2.0550365447998047 453
1726484950839 2.0550365447998047 454
1726484950865 2.0550365447998047 455
1726484950891 2.0550365447998047 456
1726484950917 2.0550365447998047 457
1726484950943 2.0550365447998047 458
1726484950970 2.0550365447998047 459
1726484950996 2.0550365447998047 460
1726484951025 2.0550365447998047 461
1726484951052 2.0550365447998047 462
1726484951079 2.0550365447998047 463
1726484951105 2.0550365447998047 464
1726484951132 2.0550365447998047 465
1726484951159 2.0550365447998047 466
1726484951183 2.0550365447998047 467
1726484951209 2.0550365447998047 468
1726484951236 2.0550365447998047 469
1726484951262 2.0550365447998047 470
1726484951290 2.0550365447998047 471
1726484951320 2.0550365447998047 472
1726484951349 2.0550365447998047 473
1726484951376 2.0550365447998047 474
1726484951401 2.0550365447998047 475
1726484951428 2.0550365447998047 476
1726484951455 2.0550365447998047 477
1726484951481 2.0550365447998047 478
1726484951508 2.0550365447998047 479
1726484951537 2.0550365447998047 480
1726484951564 2.0550365447998047 481
1726484951589 2.0550365447998047 482
1726484951616 2.0550365447998047 483
1726484951643 2.0550365447998047 484
1726484951669 2.0550365447998047 485
1726484951695 2.0550365447998047 486
1726484951721 2.0550365447998047 487
1726484951748 2.0550365447998047 488
1726484951776 2.0550365447998047 489
1726484951803 2.0550365447998047 490
1726484951830 2.0550365447998047 491
1726484951857 2.0550365447998047 492
1726484951883 2.0550365447998047 493
1726484951910 2.0550365447998047 494
1726484951937 2.0550365447998047 495
1726484951961 2.0550365447998047 496
1726484951988 2.0550365447998047 497
1726484952017 2.0550365447998047 498
1726484952044 2.0550365447998047 499
1726484952071 2.0550365447998047 500
1726484952098 2.0550365447998047 501
1726484952125 2.0550365447998047 502
1726484952150 2.0550365447998047 503
1726484952176 2.0550365447998047 504
1726484952203 2.0550365447998047 505
1726484952230 2.0550365447998047 506
1726484952257 2.0550365447998047 507
1726484952286 2.0550365447998047 508
1726484952314 2.0550365447998047 509
1726484952341 2.0550365447998047 510
1726484952366 2.0550365447998047 511
1726484952393 2.0550365447998047 512
1726484952420 2.0550365447998047 513
1726484952446 2.0550365447998047 514
1726484952474 2.0550365447998047 515
1726484952500 2.0550365447998047 516
1726484952527 2.0550365447998047 517
1726484952553 2.0550365447998047 518
1726484952580 2.0550365447998047 519
1726484952606 2.0550365447998047 520
1726484952633 2.0550365447998047 521
1726484952660 2.0550365447998047 522
1726484952686 2.0550365447998047 523
1726484952711 2.0550365447998047 524
1726484952737 2.0550365447998047 525
1726484952767 2.0550365447998047 526
1726484952794 2.0550365447998047 527
1726484952821 2.0550365447998047 528
1726484952848 2.0550365447998047 529
1726484952875 2.0550365447998047 530
1726484952901 2.0550365447998047 531
1726484952926 2.0550365447998047 532
1726484952953 2.0550365447998047 533
1726484952980 2.0550365447998047 534
1726484953006 2.0550365447998047 535
1726484953033 2.0550365447998047 536
1726484953060 2.0550365447998047 537
1726484953087 2.0550365447998047 538
1726484953111 2.0550365447998047 539
1726484953140 2.0550365447998047 540
1726484953167 2.0550365447998047 541
1726484953193 2.0550365447998047 542
1726484953221 2.0550365447998047 543
1726484953248 2.0550365447998047 544
1726484953275 2.0550365447998047 545
1726484953301 2.0550365447998047 546
1726484953328 2.0550365447998047 547
1726484953355 2.0550365447998047 548
1726484953382 2.0550365447998047 549
1726484953409 2.0550365447998047 550
1726484953436 2.0550365447998047 551
1726484953463 2.0550365447998047 552
1726484953488 2.0550365447998047 553
1726484953517 2.0550365447998047 554
1726484953545 2.0550365447998047 555
1726484953572 2.0550365447998047 556
1726484953599 2.0550365447998047 557
1726484953626 2.0550365447998047 558
1726484953653 2.0550365447998047 559
1726484953680 2.0550365447998047 560
1726484953705 2.0550365447998047 561
1726484953732 2.0550365447998047 562
1726484953762 2.0550365447998047 563
1726484953790 2.0550365447998047 564
1726484953817 2.0550365447998047 565
1726484953846 2.0550365447998047 566
1726484953874 2.0550365447998047 567
1726484953902 2.0550365447998047 568
1726484953930 2.0550365447998047 569
1726484953959 2.0550365447998047 570
1726484953985 2.0550365447998047 571
1726484954016 2.0550365447998047 572
1726484954044 2.0550365447998047 573
1726484954071 2.0550365447998047 574
1726484954098 2.0550365447998047 575
1726484954125 2.0550365447998047 576
1726484954151 2.0550365447998047 577
1726484954178 2.0550365447998047 578
1726484954202 2.0550365447998047 579
1726484954229 2.0550365447998047 580
1726484954256 2.0550365447998047 581
1726484954285 2.0550365447998047 582
1726484954312 2.0550365447998047 583
1726484954339 2.0550365447998047 584
1726484954366 2.0550365447998047 585
1726484954391 2.0550365447998047 586
1726484954417 2.0550365447998047 587
1726484954444 2.0550365447998047 588
1726484954470 2.0550365447998047 589
1726484954497 2.0550365447998047 590
1726484954526 2.0550365447998047 591
1726484954553 2.0550365447998047 592
1726484954577 2.0550365447998047 593
1726484954604 2.0550365447998047 594
1726484954631 2.0550365447998047 595
1726484954658 2.0550365447998047 596
1726484954686 2.0550365447998047 597
1726484954713 2.0550365447998047 598
1726484954740 2.0550365447998047 599
1726484954768 2.0550365447998047 600
1726484954794 2.0550365447998047 601
1726484954821 2.0550365447998047 602
1726484954848 2.0550365447998047 603
1726484954874 2.0550365447998047 604
1726484954901 2.0550365447998047 605
1726484954928 2.0550365447998047 606
1726484954956 2.0550365447998047 607
1726484954981 2.0550365447998047 608
1726484955008 2.0550365447998047 609
1726484955037 2.0550365447998047 610
1726484955063 2.0550365447998047 611
1726484955091 2.0550365447998047 612
1726484955119 2.0550365447998047 613
1726484955146 2.0550365447998047 614
1726484955170 2.0550365447998047 615
1726484955198 2.0550365447998047 616
1726484955225 2.0550365447998047 617
1726484955252 2.0550365447998047 618
1726484955280 2.0550365447998047 619
1726484955307 2.0550365447998047 620
1726484955334 2.0550365447998047 621
1726484955361 2.0550365447998047 622
1726484955386 2.0550365447998047 623
1726484955414 2.0550365447998047 624
1726484955441 2.0550365447998047 625
1726484955468 2.0550365447998047 626
1726484955495 2.0550365447998047 627
1726484955523 2.0550365447998047 628
1726484955551 2.0550365447998047 629
1726484955576 2.0550365447998047 630
1726484955603 2.0550365447998047 631
1726484955630 2.0550365447998047 632
1726484955657 2.0550365447998047 633
1726484955683 2.0550365447998047 634
1726484955710 2.0550365447998047 635
1726484955738 2.0550365447998047 636
1726484955762 2.0550365447998047 637
1726484955791 2.0550365447998047 638
1726484955819 2.0550365447998047 639
1726484955846 2.0550365447998047 640
1726484955872 2.0550365447998047 641
1726484955899 2.0550365447998047 642
1726484955926 2.0550365447998047 643
1726484955955 2.0550365447998047 644
1726484955983 2.0550365447998047 645
1726484956009 2.0550365447998047 646
1726484956039 2.0550365447998047 647
1726484956066 2.0550365447998047 648
1726484956094 2.0550365447998047 649
1726484956120 2.0550365447998047 650
1726484956147 2.0550365447998047 651
1726484956174 2.0550365447998047 652
1726484956198 2.0550365447998047 653
1726484956225 2.0550365447998047 654
1726484956252 2.0550365447998047 655
1726484956280 2.0550365447998047 656
1726484956307 2.0550365447998047 657
1726484956334 2.0550365447998047 658
1726484956361 2.0550365447998047 659
1726484956385 2.0550365447998047 660
1726484956413 2.0550365447998047 661
1726484956440 2.0550365447998047 662
1726484956467 2.0550365447998047 663
1726484956493 2.0550365447998047 664
1726484956520 2.0550365447998047 665
1726484956549 2.0550365447998047 666
1726484956575 2.0550365447998047 667
1726484956601 2.0550365447998047 668
1726484956628 2.0550365447998047 669
1726484956655 2.0550365447998047 670
1726484956681 2.0550365447998047 671
1726484956708 2.0550365447998047 672
1726484956735 2.0550365447998047 673
1726484956762 2.0550365447998047 674
1726484956789 2.0550365447998047 675
1726484956817 2.0550365447998047 676
1726484956844 2.0550365447998047 677
1726484956870 2.0550365447998047 678
1726484956897 2.0550365447998047 679
1726484956924 2.0550365447998047 680
1726484956950 2.0550365447998047 681
1726484956976 2.0550365447998047 682
1726484957003 2.0550365447998047 683
1726484957032 2.0550365447998047 684
1726484957058 2.0550365447998047 685
1726484957085 2.0550365447998047 686
1726484957112 2.0550365447998047 687
1726484957138 2.0550365447998047 688
1726484957163 2.0550365447998047 689
1726484957190 2.0550365447998047 690
1726484957216 2.0550365447998047 691
1726484957243 2.0550365447998047 692
1726484957269 2.0550365447998047 693
1726484957297 2.0550365447998047 694
1726484957324 2.0550365447998047 695
1726484957350 2.0550365447998047 696
1726484957377 2.0550365447998047 697
1726484957403 2.0550365447998047 698
1726484957430 2.0550365447998047 699
1726484957457 2.0550365447998047 700
1726484957484 2.0550365447998047 701
1726484957509 2.0550365447998047 702
1726484957537 2.0550365447998047 703
1726484957564 2.0550365447998047 704
1726484957590 2.0550365447998047 705
1726484957617 2.0550365447998047 706
1726484957645 2.0550365447998047 707
1726484957672 2.0550365447998047 708
1726484957696 2.0550365447998047 709
1726484957723 2.0550365447998047 710
1726484957750 2.0550365447998047 711
1726484957776 2.0550365447998047 712
1726484957804 2.0550365447998047 713
1726484957831 2.0550365447998047 714
1726484957858 2.0550365447998047 715
1726484957882 2.0550365447998047 716
1726484957909 2.0550365447998047 717
1726484957936 2.0550365447998047 718
1726484957962 2.0550365447998047 719
1726484957989 2.0550365447998047 720
1726484958016 2.0550365447998047 721
1726484958043 2.0550365447998047 722
1726484958069 2.0550365447998047 723
1726484958096 2.0550365447998047 724
1726484958123 2.0550365447998047 725
1726484958149 2.0550365447998047 726
1726484958175 2.0550365447998047 727
1726484958202 2.0550365447998047 728
1726484958229 2.0550365447998047 729
1726484958255 2.0550365447998047 730
1726484958284 2.0550365447998047 731
1726484958311 2.0550365447998047 732
1726484958338 2.0550365447998047 733
1726484958364 2.0550365447998047 734
1726484958391 2.0550365447998047 735
1726484958418 2.0550365447998047 736
1726484958443 2.0550365447998047 737
1726484958469 2.0550365447998047 738
1726484958497 2.0550365447998047 739
1726484958523 2.0550365447998047 740
1726484958552 2.0550365447998047 741
1726484958580 2.0550365447998047 742
1726484958606 2.0550365447998047 743
1726484958633 2.0550365447998047 744
1726484958659 2.0550365447998047 745
1726484958686 2.0550365447998047 746
1726484958713 2.0550365447998047 747
1726484958739 2.0550365447998047 748
1726484958767 2.0550365447998047 749
1726484958797 2.0550365447998047 750
1726484958826 2.0550365447998047 751
1726484958853 2.0550365447998047 752
1726484958878 2.0550365447998047 753
1726484958905 2.0550365447998047 754
1726484958933 2.0550365447998047 755
1726484958961 2.0550365447998047 756
1726484958989 2.0550365447998047 757
1726484959016 2.0550365447998047 758
1726484959046 2.0550365447998047 759
1726484959073 2.0550365447998047 760
1726484959099 2.0550365447998047 761
1726484959125 2.0550365447998047 762
1726484959152 2.0550365447998047 763
1726484959178 2.0550365447998047 764
1726484959204 2.0550365447998047 765
1726484959231 2.0550365447998047 766
1726484959259 2.0550365447998047 767
1726484959286 2.0550365447998047 768
1726484959313 2.0550365447998047 769
1726484959340 2.0550365447998047 770
1726484959366 2.0550365447998047 771
1726484959392 2.0550365447998047 772
1726484959419 2.0550365447998047 773
1726484959446 2.0550365447998047 774
1726484959471 2.0550365447998047 775
1726484959498 2.0550365447998047 776
1726484959525 2.0550365447998047 777
1726484959554 2.0550365447998047 778
1726484959580 2.0550365447998047 779
1726484959607 2.0550365447998047 780
1726484959634 2.0550365447998047 781
1726484959660 2.0550365447998047 782
1726484959685 2.0550365447998047 783
1726484959712 2.0550365447998047 784
1726484959739 2.0550365447998047 785
1726484959766 2.0550365447998047 786
1726484959800 2.0550365447998047 787
1726484959829 2.0550365447998047 788
1726484959858 2.0550365447998047 789
1726484959888 2.0550365447998047 790
1726484959916 2.0550365447998047 791
1726484959944 2.0550365447998047 792
1726484959973 2.0550365447998047 793
1726484959998 2.0550365447998047 794
1726484960027 2.0550365447998047 795
1726484960057 2.0550365447998047 796
1726484960085 2.0550365447998047 797
1726484960114 2.0550365447998047 798
1726484960141 2.0550365447998047 799
1726484960170 2.0550365447998047 800
1726484960197 2.0550365447998047 801
1726484960225 2.0550365447998047 802
1726484960252 2.0550365447998047 803
1726484960279 2.0550365447998047 804
1726484960306 2.0550365447998047 805
1726484960334 2.0550365447998047 806
1726484960362 2.0550365447998047 807
1726484960389 2.0550365447998047 808
1726484960417 2.0550365447998047 809
1726484960445 2.0550365447998047 810
1726484960470 2.0550365447998047 811
1726484960497 2.0550365447998047 812
1726484960524 2.0550365447998047 813
1726484960551 2.0550365447998047 814
1726484960578 2.0550365447998047 815
1726484960604 2.0550365447998047 816
1726484960631 2.0550365447998047 817
1726484960656 2.0550365447998047 818
1726484960683 2.0550365447998047 819
1726484960709 2.0550365447998047 820
1726484960735 2.0550365447998047 821
1726484960762 2.0550365447998047 822
1726484960789 2.0550365447998047 823
1726484960819 2.0550365447998047 824
1726484960845 2.0550365447998047 825
1726484960871 2.0550365447998047 826
1726484960898 2.0550365447998047 827
1726484960925 2.0550365447998047 828
1726484960954 2.0550365447998047 829
1726484960981 2.0550365447998047 830
1726484961009 2.0550365447998047 831
1726484961038 2.0550365447998047 832
1726484961067 2.0550365447998047 833
1726484961098 2.0550365447998047 834
1726484961133 2.0550365447998047 835
1726484961159 2.0550365447998047 836
1726484961183 2.0550365447998047 837
1726484961210 2.0550365447998047 838
1726484961237 2.0550365447998047 839
1726484961265 2.0550365447998047 840
1726484961294 2.0550365447998047 841
1726484961324 2.0550365447998047 842
1726484961353 2.0550365447998047 843
1726484961382 2.0550365447998047 844
1726484961409 2.0550365447998047 845
1726484961436 2.0550365447998047 846
1726484961464 2.0550365447998047 847
1726484961492 2.0550365447998047 848
1726484961521 2.0550365447998047 849
1726484961551 2.0550365447998047 850
1726484961578 2.0550365447998047 851
1726484961605 2.0550365447998047 852
