1727301791698 0.28290390968322754 0
1727301791736 0.08863162994384766 1
1727301791771 0.06264233589172363 2
1727301791809 0.17683982849121094 3
1727301791853 -0.07668006420135498 4
1727301791895 -0.14717817306518555 5
1727301791935 0.0606386661529541 6
1727301791973 -0.004816532135009766 7
1727301792016 0.0945749282836914 8
1727301792051 0.20874476432800293 9
1727301792085 0.01802206039428711 10
1727301792121 0.614953875541687 11
1727301792167 0.14838838577270508 12
1727301792206 0.07107853889465332 13
1727301792243 -0.08713507652282715 14
1727301792282 0.1242833137512207 15
1727301792320 0.04323768615722656 16
1727301792358 -0.01325678825378418 17
1727301792395 0.011327743530273438 18
1727301792437 0.08425736427307129 19
1727301792478 0.2350168228149414 20
1727301792514 -0.03690791130065918 21
1727301792551 0.1552417278289795 22
1727301792589 -0.0678262710571289 23
1727301792625 0.20581436157226562 24
1727301792662 -0.10245752334594727 25
1727301792707 -0.16087818145751953 26
1727301792744 -0.13900279998779297 27
1727301792779 0.09958696365356445 28
1727301792816 -0.10641312599182129 29
1727301792857 0.0549924373626709 30
1727301792901 0.1716001033782959 31
1727301792942 0.12530231475830078 32
1727301792980 0.10895299911499023 33
1727301793015 0.20417571067810059 34
1727301793051 -0.010864019393920898 35
1727301793089 0.15720725059509277 36
1727301793129 -0.0011031627655029297 37
1727301793170 0.1920790672302246 38
1727301793207 0.11243081092834473 39
1727301793247 -0.10660099983215332 40
1727301793285 0.1886589527130127 41
1727301793333 -0.04192829132080078 42
1727301793374 -0.1371908187866211 43
1727301793416 -0.06557595729827881 44
1727301793458 -0.08816659450531006 45
1727301793498 4.681116104125977 46
1727301793538 0.03348207473754883 47
1727301793579 0.19045257568359375 48
1727301793614 0.06277036666870117 49
1727301793651 0.19573354721069336 50
1727301793689 0.0748586654663086 51
1727301793727 0.0031828880310058594 52
1727301793771 -0.023143529891967773 53
1727301793812 0.11857724189758301 54
1727301793856 -0.06080067157745361 55
1727301793899 0.11891841888427734 56
1727301793939 0.0667111873626709 57
1727301793987 -0.7801951169967651 58
1727301794028 0.09600591659545898 59
1727301794071 -0.039031386375427246 60
1727301794117 0.150254487991333 61
1727301794154 0.0016336441040039062 62
1727301794192 0.10157251358032227 63
1727301794230 0.01130223274230957 64
1727301794268 0.11384892463684082 65
1727301794307 -0.027658462524414062 66
1727301794343 -0.010313749313354492 67
1727301794387 -0.04399538040161133 68
1727301794426 0.06001687049865723 69
1727301794464 0.05477142333984375 70
1727301794501 0.08287930488586426 71
1727301794536 0.10680794715881348 72
1727301794578 -0.12554442882537842 73
1727301794616 -0.053150057792663574 74
1727301794651 0.1336040496826172 75
1727301794685 0.05545759201049805 76
1727301794721 0.12096405029296875 77
1727301794759 0.014213800430297852 78
1727301794793 0.0687856674194336 79
1727301794829 0.04620504379272461 80
1727301794865 0.018213510513305664 81
1727301794898 0.15827703475952148 82
1727301794934 0.18045663833618164 83
1727301794969 0.0439755916595459 84
1727301795002 0.1561577320098877 85
1727301795036 0.09148907661437988 86
1727301795069 0.14580273628234863 87
1727301795109 0.22477054595947266 88
1727301795148 0.024294614791870117 89
1727301795185 0.13892626762390137 90
1727301795220 -0.1661280393600464 91
1727301795257 0.15589213371276855 92
1727301795296 0.11647939682006836 93
1727301795333 0.13354134559631348 94
1727301795375 0.0786445140838623 95
1727301795422 0.09511065483093262 96
1727301795459 0.05211591720581055 97
1727301795496 0.0592808723449707 98
1727301795535 -0.0645303726196289 99
1727301795572 0.07776689529418945 100
1727301795609 0.07838606834411621 101
1727301795645 0.03269147872924805 102
1727301795686 0.20788002014160156 103
1727301795729 0.027069091796875 104
1727301795765 0.21959447860717773 105
1727301795801 0.06884765625 106
1727301795835 0.1478862762451172 107
1727301795869 -0.0435338020324707 108
1727301795906 0.08675694465637207 109
1727301795947 0.2241377830505371 110
1727301795984 0.10108089447021484 111
1727301796019 -0.08536863327026367 112
1727301796053 0.023813247680664062 113
1727301796087 0.09612393379211426 114
1727301796120 0.2064676284790039 115
1727301796154 -0.04195070266723633 116
1727301796188 -0.04579031467437744 117
1727301796221 0.18117189407348633 118
1727301796255 0.14903664588928223 119
1727301796288 0.0292360782623291 120
1727301796321 0.08531403541564941 121
1727301796355 0.11159777641296387 122
1727301796388 0.07123136520385742 123
1727301796426 0.07337141036987305 124
1727301796473 0.10680794715881348 125
1727301796513 0.0980064868927002 126
1727301796552 0.07536768913269043 127
1727301796587 0.14595961570739746 128
1727301796623 0.2255699634552002 129
1727301796660 -0.24658870697021484 130
1727301796698 0.16814446449279785 131
1727301796741 0.07413411140441895 132
1727301796784 0.11735796928405762 133
1727301796838 0.11177229881286621 134
1727301796882 -0.06557047367095947 135
1727301796926 0.08392190933227539 136
1727301796968 0.21227502822875977 137
1727301797011 0.07299232482910156 138
1727301797055 0.10161423683166504 139
1727301797097 0.21495580673217773 140
1727301797138 -0.01805257797241211 141
1727301797184 0.08819365501403809 142
1727301797233 -0.05342817306518555 143
1727301797275 -0.0440828800201416 144
1727301797317 -0.7801951169967651 145
1727301797360 -0.053603172302246094 146
1727301797406 -0.030537724494934082 147
1727301797451 0.255906343460083 148
1727301797504 0.09603309631347656 149
1727301797551 -0.06770884990692139 150
1727301797601 -0.13025343418121338 151
1727301797651 -0.08930182456970215 152
1727301797700 0.17088675498962402 153
1727301797746 0.13310480117797852 154
1727301797796 -0.03626418113708496 155
1727301797847 -0.7801951169967651 156
1727301797891 -0.7801951169967651 157
