1726234616211 1.44138503074646 0
1726234616249 1.4376676082611084 1
1726234616286 1.4261187314987183 2
1726234616324 1.4156469106674194 3
1726234616361 1.4068593978881836 4
1726234616398 1.4297953844070435 5
1726234616436 1.4122662544250488 6
1726234616474 1.422184705734253 7
1726234616511 1.417550802230835 8
1726234616548 1.402348518371582 9
1726234616589 1.3875130414962769 10
1726234616630 1.3907967805862427 11
1726234616672 1.4200958013534546 12
1726234616709 1.4416561126708984 13
1726234616747 1.4451467990875244 14
1726234616785 1.441964864730835 15
1726234616824 1.4427754878997803 16
1726234616862 1.433777928352356 17
1726234616900 1.4222770929336548 18
1726234616938 1.4363343715667725 19
1726234616975 1.4368290901184082 20
1726234617013 1.429855465888977 21
1726234617053 1.4381601810455322 22
1726234617096 1.445344090461731 23
1726234617136 1.4243555068969727 24
1726234617174 1.416869878768921 25
1726234617213 1.4421179294586182 26
1726234617252 1.4347842931747437 27
1726234617291 1.4307934045791626 28
1726234617330 1.4288451671600342 29
1726234617368 1.4460748434066772 30
1726234617407 1.437324047088623 31
1726234617445 1.441929578781128 32
1726234617483 1.4415709972381592 33
1726234617521 1.419363260269165 34
1726234617560 1.4320498704910278 35
1726234617599 1.4376530647277832 36
1726234617637 1.429591417312622 37
1726234617674 1.4370754957199097 38
1726234617712 1.4376392364501953 39
1726234617751 1.4440913200378418 40
1726234617793 1.4340916872024536 41
1726234617840 1.4469513893127441 42
1726234617884 1.449573278427124 43
1726234617928 1.439799189567566 44
1726234617977 1.4266797304153442 45
1726234618016 1.4506503343582153 46
1726234618057 1.4429904222488403 47
1726234618100 1.4415732622146606 48
1726234618140 1.437301516532898 49
1726234618189 1.436572790145874 50
1726234618238 1.4500558376312256 51
1726234618274 1.4475748538970947 52
1726234618310 1.4446853399276733 53
1726234618346 1.447793960571289 54
1726234618383 1.4419375658035278 55
1726234618421 1.4331328868865967 56
1726234618457 1.4173113107681274 57
1726234618494 1.4479727745056152 58
1726234618530 1.4418456554412842 59
1726234618567 1.4371033906936646 60
1726234618604 1.4242923259735107 61
1726234618641 1.4344110488891602 62
1726234618678 1.443639874458313 63
1726234618715 1.4412333965301514 64
1726234618752 1.4279887676239014 65
1726234618790 1.432985544204712 66
1726234618831 1.441916584968567 67
1726234618880 1.4396698474884033 68
1726234618920 1.4449803829193115 69
1726234618961 1.4466959238052368 70
1726234619002 1.4506335258483887 71
1726234619041 1.4466593265533447 72
1726234619084 1.4338186979293823 73
1726234619134 1.4259603023529053 74
1726234619189 1.4257009029388428 75
1726234619240 1.427925705909729 76
1726234619283 1.4185787439346313 77
1726234619325 1.4012036323547363 78
1726234619369 1.4124009609222412 79
1726234619410 1.4329841136932373 80
1726234619460 1.430046796798706 81
1726234619517 1.4333391189575195 82
1726234619577 1.4390887022018433 83
1726234619619 1.4305506944656372 84
1726234619661 1.4275985956192017 85
1726234619707 1.4473274946212769 86
1726234619750 1.4227038621902466 87
1726234619791 1.431411623954773 88
1726234619834 1.431646704673767 89
1726234619873 1.4303219318389893 90
1726234619916 1.432438611984253 91
1726234619960 1.4287099838256836 92
1726234620003 1.4212957620620728 93
1726234620046 1.434606671333313 94
1726234620087 1.431942343711853 95
1726234620126 1.4296895265579224 96
1726234620167 1.4184622764587402 97
1726234620220 1.4191540479660034 98
1726234620267 1.4443142414093018 99
1726234620304 1.4487712383270264 100
1726234620341 1.4374792575836182 101
1726234620378 1.4472594261169434 102
1726234620415 1.4261431694030762 103
1726234620451 1.418276309967041 104
1726234620488 1.4359490871429443 105
1726234620525 1.4272308349609375 106
1726234620562 1.423142671585083 107
1726234620600 1.4102084636688232 108
1726234620637 1.4078513383865356 109
1726234620674 1.4142603874206543 110
1726234620711 1.41410493850708 111
1726234620748 1.4168074131011963 112
1726234620785 1.4257819652557373 113
1726234620823 1.4007035493850708 114
1726234620861 1.4179067611694336 115
1726234620902 1.4007940292358398 116
1726234620940 1.412371277809143 117
1726234620982 1.420461654663086 118
1726234621035 1.4206163883209229 119
1726234621086 1.4237751960754395 120
1726234621129 1.415783166885376 121
1726234621177 1.4215749502182007 122
1726234621221 1.4070408344268799 123
1726234621257 1.3989239931106567 124
1726234621293 1.411271572113037 125
1726234621330 1.411966323852539 126
1726234621368 1.409593105316162 127
1726234621405 1.4217814207077026 128
1726234621442 1.420695424079895 129
1726234621479 1.4339890480041504 130
1726234621516 1.42671537399292 131
1726234621552 1.4167540073394775 132
1726234621590 1.4187582731246948 133
1726234621627 1.4301843643188477 134
1726234621664 1.4200328588485718 135
1726234621700 1.4335078001022339 136
1726234621738 1.4017062187194824 137
1726234621775 1.4151555299758911 138
1726234621812 1.4291073083877563 139
1726234621849 1.4279006719589233 140
1726234621886 1.4478800296783447 141
1726234621924 1.4352604150772095 142
1726234621961 1.4302067756652832 143
1726234621998 1.4297943115234375 144
1726234622035 1.43744957447052 145
1726234622072 1.431272268295288 146
1726234622109 1.4375656843185425 147
1726234622146 1.4272959232330322 148
1726234622185 1.4445140361785889 149
1726234622222 1.4423798322677612 150
1726234622260 1.4412853717803955 151
1726234622297 1.4489703178405762 152
1726234622334 1.4483568668365479 153
1726234622371 1.4497127532958984 154
1726234622409 1.4402978420257568 155
1726234622446 1.4266443252563477 156
1726234622483 1.4387145042419434 157
1726234622520 1.445099115371704 158
1726234622557 1.434412956237793 159
1726234622595 1.4415003061294556 160
1726234622633 1.447299599647522 161
1726234622669 1.4392999410629272 162
1726234622706 1.4456701278686523 163
1726234622744 1.4381725788116455 164
1726234622780 1.4312212467193604 165
1726234622817 1.437957763671875 166
1726234622854 1.4508988857269287 167
1726234622892 1.4373257160186768 168
1726234622929 1.4445297718048096 169
1726234622967 1.4499964714050293 170
1726234623003 1.4407610893249512 171
1726234623039 1.4374208450317383 172
1726234623077 1.4319795370101929 173
1726234623114 1.4413084983825684 174
1726234623150 1.4323240518569946 175
1726234623187 1.4401201009750366 176
1726234623224 1.4351997375488281 177
1726234623261 1.427112102508545 178
1726234623298 1.441267728805542 179
1726234623335 1.436815857887268 180
1726234623371 1.4336562156677246 181
1726234623409 1.420706033706665 182
1726234623446 1.4329442977905273 183
1726234623483 1.436625361442566 184
1726234623519 1.4406369924545288 185
1726234623556 1.4225373268127441 186
1726234623594 1.430344820022583 187
1726234623631 1.4431320428848267 188
1726234623668 1.4453155994415283 189
1726234623704 1.4153982400894165 190
1726234623741 1.4087717533111572 191
1726234623777 1.3960325717926025 192
1726234623815 1.4137370586395264 193
1726234623852 1.4105528593063354 194
1726234623889 1.4266810417175293 195
1726234623926 1.4403446912765503 196
1726234623963 1.4411976337432861 197
1726234624000 1.4462157487869263 198
1726234624037 1.4416704177856445 199
1726234624073 1.4412717819213867 200
1726234624110 1.4294209480285645 201
1726234624148 1.4231247901916504 202
1726234624184 1.4384098052978516 203
1726234624222 1.4384868144989014 204
1726234624259 1.4387929439544678 205
1726234624296 1.4364793300628662 206
1726234624333 1.4385300874710083 207
1726234624370 1.4404460191726685 208
1726234624408 1.4404127597808838 209
1726234624445 1.4402134418487549 210
1726234624483 1.4287612438201904 211
1726234624521 1.4401814937591553 212
1726234624558 1.4205055236816406 213
1726234624595 1.4235217571258545 214
1726234624633 1.419124722480774 215
1726234624671 1.4141626358032227 216
1726234624708 1.4423739910125732 217
1726234624745 1.439476490020752 218
1726234624783 1.4431129693984985 219
1726234624821 1.4149130582809448 220
1726234624859 1.4233524799346924 221
1726234624896 1.424871802330017 222
1726234624943 1.4313887357711792 223
1726234624985 1.4281460046768188 224
1726234625025 1.4509577751159668 225
1726234625065 1.4472248554229736 226
1726234625105 1.4421124458312988 227
1726234625144 1.4475529193878174 228
1726234625183 1.4422886371612549 229
1726234625222 1.4445406198501587 230
1726234625261 1.4402016401290894 231
1726234625298 1.4349966049194336 232
1726234625337 1.4421359300613403 233
1726234625375 1.4371451139450073 234
1726234625413 1.4317338466644287 235
1726234625451 1.38160240650177 236
1726234625489 1.4147262573242188 237
1726234625527 1.412460446357727 238
1726234625565 1.427243709564209 239
1726234625603 1.4230926036834717 240
1726234625640 1.4271609783172607 241
1726234625678 1.4342894554138184 242
1726234625716 1.4157757759094238 243
1726234625753 1.4169361591339111 244
1726234625790 1.4092237949371338 245
1726234625828 1.4347553253173828 246
1726234625867 1.426182746887207 247
1726234625905 1.4508249759674072 248
1726234625943 1.4498982429504395 249
1726234625983 1.4390062093734741 250
1726234626022 1.4423373937606812 251
1726234626059 1.445570945739746 252
1726234626096 1.442899227142334 253
1726234626134 1.4462920427322388 254
1726234626172 1.4463908672332764 255
1726234626209 1.4475812911987305 256
1726234626247 1.447049856185913 257
1726234626285 1.4465389251708984 258
1726234626322 1.4428565502166748 259
1726234626361 1.4153437614440918 260
1726234626399 1.4113545417785645 261
1726234626437 1.4195140600204468 262
1726234626474 1.4328244924545288 263
1726234626512 1.3928278684616089 264
1726234626550 1.4188556671142578 265
1726234626588 1.4160304069519043 266
1726234626626 1.4470808506011963 267
1726234626663 1.4354065656661987 268
1726234626700 1.4296374320983887 269
1726234626739 1.4118249416351318 270
1726234626777 1.401871681213379 271
1726234626814 1.3917324542999268 272
1726234626852 1.4283080101013184 273
1726234626891 1.4389448165893555 274
1726234626929 1.44203519821167 275
1726234626967 1.440353274345398 276
1726234627005 1.4406702518463135 277
1726234627045 1.4263073205947876 278
1726234627082 1.4036970138549805 279
1726234627121 1.4238300323486328 280
1726234627160 1.416019082069397 281
1726234627198 1.4445263147354126 282
1726234627235 1.4277639389038086 283
1726234627274 1.429426670074463 284
1726234627314 1.423201560974121 285
1726234627353 1.43027925491333 286
1726234627391 1.4283076524734497 287
1726234627430 1.420932412147522 288
1726234627468 1.43802809715271 289
1726234627506 1.4381078481674194 290
1726234627544 1.4304251670837402 291
1726234627582 1.4300891160964966 292
1726234627621 1.4286543130874634 293
1726234627659 1.4481664896011353 294
1726234627697 1.4506490230560303 295
1726234627735 1.4425849914550781 296
1726234627772 1.4117166996002197 297
1726234627810 1.421831488609314 298
1726234627849 1.4235575199127197 299
1726234627888 1.4410505294799805 300
1726234627932 1.4371085166931152 301
1726234627977 1.4300510883331299 302
1726234628017 1.4307183027267456 303
1726234628059 1.4469960927963257 304
1726234628101 1.4369761943817139 305
1726234628145 1.4463521242141724 306
1726234628185 1.4183111190795898 307
1726234628225 1.4466150999069214 308
1726234628263 1.4434254169464111 309
1726234628303 1.4282675981521606 310
1726234628342 1.4482436180114746 311
1726234628383 1.446216106414795 312
1726234628424 1.447347640991211 313
1726234628465 1.4250935316085815 314
1726234628509 1.4379088878631592 315
1726234628562 1.437976598739624 316
1726234628601 1.4472475051879883 317
1726234628640 1.4362075328826904 318
1726234628681 1.4216762781143188 319
1726234628722 1.408841848373413 320
1726234628761 1.4111955165863037 321
1726234628801 1.4311555624008179 322
1726234628845 1.4111487865447998 323
1726234628886 1.421980619430542 324
1726234628932 1.4486432075500488 325
1726234628978 1.432437777519226 326
1726234629021 1.439659595489502 327
1726234629065 1.4371838569641113 328
1726234629104 1.4440816640853882 329
1726234629145 1.4360170364379883 330
1726234629183 1.4305764436721802 331
1726234629222 1.400963544845581 332
1726234629259 1.3997132778167725 333
1726234629299 1.4398802518844604 334
1726234629345 1.4492864608764648 335
1726234629388 1.4448840618133545 336
1726234629429 1.437791347503662 337
1726234629469 1.442029595375061 338
1726234629509 1.43132746219635 339
1726234629547 1.4327924251556396 340
1726234629585 1.4190346002578735 341
1726234629624 1.4047380685806274 342
1726234629662 1.4299733638763428 343
1726234629698 1.4485149383544922 344
1726234629735 1.4418230056762695 345
1726234629771 1.4491573572158813 346
1726234629806 1.4399847984313965 347
1726234629842 1.4342329502105713 348
1726234629879 1.4496448040008545 349
1726234629916 1.441731333732605 350
1726234629952 1.4442614316940308 351
1726234629988 1.4477787017822266 352
1726234630024 1.4459660053253174 353
1726234630060 1.432860016822815 354
1726234630096 1.435634732246399 355
1726234630132 1.4122302532196045 356
1726234630168 1.4400334358215332 357
1726234630205 1.4212950468063354 358
1726234630241 1.4102327823638916 359
1726234630278 1.3933727741241455 360
1726234630315 1.4251340627670288 361
1726234630352 1.3927578926086426 362
1726234630390 1.3892472982406616 363
1726234630433 1.4124560356140137 364
1726234630478 1.4091155529022217 365
1726234630531 1.4138519763946533 366
1726234630575 1.4145456552505493 367
1726234630615 1.390844702720642 368
1726234630654 1.4008216857910156 369
1726234630695 1.4192417860031128 370
1726234630744 1.4134410619735718 371
1726234630795 1.4087269306182861 372
1726234630843 1.4170515537261963 373
1726234630887 1.409887433052063 374
1726234630924 1.429558515548706 375
1726234630960 1.429201602935791 376
1726234630996 1.4280321598052979 377
1726234631032 1.421412706375122 378
1726234631069 1.414562702178955 379
1726234631107 1.4212942123413086 380
1726234631143 1.407965064048767 381
1726234631180 1.3885416984558105 382
1726234631216 1.4307951927185059 383
1726234631253 1.4182510375976562 384
1726234631290 1.4334607124328613 385
1726234631327 1.4445302486419678 386
1726234631364 1.443724274635315 387
1726234631402 1.4455115795135498 388
1726234631438 1.4279255867004395 389
1726234631476 1.4295494556427002 390
1726234631512 1.4205925464630127 391
1726234631549 1.4151277542114258 392
1726234631586 1.4343438148498535 393
1726234631624 1.4381282329559326 394
1726234631662 1.4343342781066895 395
1726234631699 1.4329322576522827 396
1726234631737 1.4292151927947998 397
1726234631774 1.4262104034423828 398
1726234631813 1.437391996383667 399
1726234631851 1.4257436990737915 400
1726234631889 1.4376881122589111 401
1726234631927 1.4282526969909668 402
1726234631966 1.4226802587509155 403
1726234632003 1.4357531070709229 404
1726234632042 1.432835578918457 405
1726234632080 1.438638687133789 406
1726234632118 1.438973307609558 407
1726234632155 1.4305500984191895 408
1726234632193 1.4178247451782227 409
1726234632230 1.4038281440734863 410
1726234632268 1.4229382276535034 411
1726234632305 1.4116933345794678 412
1726234632342 1.4199182987213135 413
1726234632381 1.427591323852539 414
1726234632420 1.4071565866470337 415
1726234632462 1.4258779287338257 416
1726234632501 1.4338700771331787 417
1726234632540 1.4396693706512451 418
1726234632579 1.452059030532837 419
1726234632617 1.4489450454711914 420
1726234632656 1.4363045692443848 421
1726234632695 1.430335521697998 422
1726234632733 1.4195384979248047 423
1726234632771 1.39228093624115 424
1726234632810 1.402818202972412 425
1726234632848 1.3791459798812866 426
1726234632897 1.3794779777526855 427
1726234632946 1.441724181175232 428
1726234633000 1.4313881397247314 429
1726234633063 1.4130247831344604 430
1726234633109 1.4078950881958008 431
1726234633157 1.4129750728607178 432
1726234633208 1.4175935983657837 433
1726234633256 1.4033420085906982 434
1726234633304 1.420535922050476 435
1726234633352 1.4221599102020264 436
1726234633404 1.4343841075897217 437
1726234633470 1.431593418121338 438
1726234633529 1.427150845527649 439
1726234633581 1.436792016029358 440
1726234633630 1.443882703781128 441
1726234633682 1.448387861251831 442
1726234633731 1.4352798461914062 443
1726234633781 1.4405150413513184 444
1726234633831 1.4403419494628906 445
1726234633881 1.4313313961029053 446
1726234633940 1.4418115615844727 447
1726234633989 1.44197416305542 448
1726234634036 1.4348139762878418 449
1726234634084 1.4347507953643799 450
1726234634140 1.442598581314087 451
1726234634207 1.428627371788025 452
1726234634254 1.4182891845703125 453
1726234634296 1.4342440366744995 454
1726234634338 1.4391686916351318 455
1726234634380 1.4297420978546143 456
1726234634420 1.4447741508483887 457
1726234634459 1.4415202140808105 458
1726234634499 1.4406501054763794 459
1726234634538 1.438004493713379 460
1726234634577 1.4384416341781616 461
1726234634617 1.438138484954834 462
1726234634657 1.421647310256958 463
1726234634697 1.4447535276412964 464
1726234634734 1.4407310485839844 465
1726234634773 1.417052149772644 466
1726234634811 1.4138462543487549 467
1726234634849 1.4097309112548828 468
1726234634887 1.4007363319396973 469
1726234634925 1.3752524852752686 470
1726234634964 1.3756160736083984 471
1726234635001 1.4083428382873535 472
1726234635038 1.4169044494628906 473
1726234635077 1.4131522178649902 474
1726234635114 1.4036989212036133 475
1726234635152 1.4016879796981812 476
1726234635190 1.3993680477142334 477
1726234635227 1.3969485759735107 478
1726234635265 1.3823614120483398 479
1726234635302 1.4126315116882324 480
1726234635340 1.4381632804870605 481
1726234635378 1.4391119480133057 482
1726234635416 1.4448509216308594 483
1726234635454 1.4376839399337769 484
1726234635491 1.4310481548309326 485
1726234635529 1.4307663440704346 486
1726234635566 1.4410299062728882 487
1726234635604 1.429563283920288 488
1726234635641 1.4243049621582031 489
1726234635680 1.4359769821166992 490
1726234635717 1.4197402000427246 491
1726234635754 1.4311412572860718 492
1726234635792 1.4196209907531738 493
1726234635832 1.4387402534484863 494
1726234635871 1.4378221035003662 495
1726234635908 1.433016300201416 496
1726234635946 1.4245954751968384 497
1726234635983 1.4498071670532227 498
1726234636021 1.4485973119735718 499
1726234636058 1.435897707939148 500
1726234636095 1.42886483669281 501
1726234636134 1.4340919256210327 502
1726234636173 1.4304876327514648 503
1726234636211 1.4392422437667847 504
1726234636249 1.4214656352996826 505
1726234636287 1.4331518411636353 506
1726234636325 1.4249387979507446 507
1726234636362 1.4341940879821777 508
1726234636401 1.4371404647827148 509
1726234636439 1.4467105865478516 510
1726234636477 1.4520846605300903 511
1726234636514 1.4414846897125244 512
1726234636552 1.4411437511444092 513
1726234636590 1.4231396913528442 514
1726234636629 1.4224504232406616 515
1726234636668 1.4217272996902466 516
1726234636705 1.4363956451416016 517
1726234636743 1.4413261413574219 518
1726234636781 1.4318873882293701 519
1726234636818 1.418891191482544 520
1726234636855 1.4107095003128052 521
1726234636895 1.4027056694030762 522
1726234636933 1.4019341468811035 523
1726234636970 1.4096351861953735 524
1726234637007 1.4040870666503906 525
1726234637046 1.3954267501831055 526
1726234637084 1.4030430316925049 527
1726234637121 1.4019988775253296 528
1726234637159 1.4008853435516357 529
1726234637197 1.4067597389221191 530
1726234637235 1.3821873664855957 531
1726234637273 1.3813655376434326 532
1726234637310 1.381258487701416 533
1726234637348 1.3811469078063965 534
1726234637386 1.4182581901550293 535
1726234637424 1.438201904296875 536
1726234637462 1.4460523128509521 537
1726234637499 1.432126760482788 538
1726234637540 1.4358643293380737 539
1726234637578 1.4401087760925293 540
1726234637616 1.428974986076355 541
1726234637655 1.4063738584518433 542
1726234637693 1.4097741842269897 543
1726234637731 1.4053173065185547 544
1726234637769 1.4295191764831543 545
1726234637807 1.4072685241699219 546
1726234637845 1.3968528509140015 547
1726234637883 1.3865444660186768 548
1726234637922 1.3885945081710815 549
1726234637961 1.422747254371643 550
1726234637999 1.4151341915130615 551
1726234638036 1.4336073398590088 552
1726234638074 1.4368399381637573 553
1726234638113 1.4296894073486328 554
1726234638152 1.4289014339447021 555
1726234638206 1.4240922927856445 556
1726234638255 1.4205098152160645 557
1726234638300 1.4304585456848145 558
1726234638340 1.427427053451538 559
1726234638383 1.4264013767242432 560
1726234638424 1.4210554361343384 561
1726234638466 1.4191782474517822 562
1726234638506 1.405949354171753 563
1726234638547 1.4042153358459473 564
1726234638594 1.403587818145752 565
1726234638643 1.4338458776474 566
1726234638683 1.4232347011566162 567
1726234638722 1.4158532619476318 568
1726234638760 1.423811912536621 569
1726234638796 1.4041826725006104 570
1726234638832 1.39734947681427 571
1726234638869 1.4186549186706543 572
1726234638907 1.4203765392303467 573
1726234638945 1.4189550876617432 574
1726234638982 1.4346628189086914 575
1726234639019 1.4379303455352783 576
1726234639056 1.4282894134521484 577
1726234639093 1.42460298538208 578
1726234639131 1.4074586629867554 579
1726234639170 1.4149894714355469 580
1726234639208 1.414470911026001 581
1726234639246 1.4323945045471191 582
1726234639284 1.43018639087677 583
1726234639321 1.398432970046997 584
1726234639359 1.4081056118011475 585
1726234639398 1.4048244953155518 586
1726234639436 1.3895210027694702 587
1726234639474 1.4019126892089844 588
1726234639512 1.3989026546478271 589
1726234639549 1.4008806943893433 590
1726234639588 1.438223123550415 591
1726234639626 1.4348833560943604 592
1726234639664 1.4362386465072632 593
1726234639701 1.4375591278076172 594
1726234639739 1.4315485954284668 595
1726234639777 1.4250309467315674 596
1726234639815 1.4245142936706543 597
1726234639852 1.415673851966858 598
1726234639891 1.4166868925094604 599
1726234639929 1.4099750518798828 600
1726234639967 1.4087915420532227 601
1726234640005 1.3902065753936768 602
1726234640043 1.4068185091018677 603
1726234640081 1.4107756614685059 604
1726234640118 1.435498595237732 605
1726234640156 1.436690330505371 606
1726234640195 1.4290616512298584 607
1726234640232 1.4252049922943115 608
1726234640269 1.423410177230835 609
1726234640307 1.4372755289077759 610
1726234640345 1.4343528747558594 611
1726234640382 1.4353017807006836 612
1726234640420 1.4333990812301636 613
1726234640458 1.4350905418395996 614
1726234640496 1.4320443868637085 615
1726234640534 1.4378492832183838 616
1726234640571 1.4379947185516357 617
1726234640609 1.412092685699463 618
1726234640648 1.4314790964126587 619
1726234640686 1.4136885404586792 620
1726234640723 1.4153856039047241 621
1726234640760 1.4135401248931885 622
1726234640799 1.4124994277954102 623
1726234640837 1.3973840475082397 624
1726234640874 1.4067740440368652 625
1726234640913 1.40385103225708 626
1726234640951 1.4378654956817627 627
1726234640989 1.434934377670288 628
1726234641027 1.436596155166626 629
1726234641065 1.4427173137664795 630
1726234641103 1.4474962949752808 631
1726234641141 1.4423608779907227 632
1726234641178 1.4499919414520264 633
1726234641216 1.444900631904602 634
1726234641254 1.4501826763153076 635
1726234641291 1.424194097518921 636
1726234641329 1.4196891784667969 637
1726234641367 1.4255497455596924 638
1726234641405 1.426181674003601 639
1726234641443 1.4085867404937744 640
1726234641481 1.3896616697311401 641
1726234641518 1.3954010009765625 642
1726234641556 1.399059534072876 643
1726234641594 1.3817083835601807 644
1726234641632 1.3817025423049927 645
1726234641670 1.3816968202590942 646
1726234641709 1.3816909790039062 647
1726234641746 1.4026788473129272 648
1726234641784 1.395855188369751 649
1726234641823 1.3933987617492676 650
1726234641863 1.3964765071868896 651
1726234641907 1.406354546546936 652
1726234641966 1.4046101570129395 653
1726234642012 1.4136645793914795 654
1726234642052 1.4155418872833252 655
1726234642091 1.4134374856948853 656
1726234642130 1.4110682010650635 657
1726234642176 1.3992319107055664 658
1726234642218 1.3950010538101196 659
1726234642259 1.3915135860443115 660
1726234642310 1.3890751600265503 661
1726234642351 1.4093974828720093 662
1726234642392 1.4032429456710815 663
1726234642444 1.4017976522445679 664
1726234642509 1.4094350337982178 665
1726234642560 1.4188461303710938 666
1726234642596 1.4161803722381592 667
1726234642633 1.4128921031951904 668
1726234642671 1.3831276893615723 669
1726234642707 1.3830907344818115 670
1726234642744 1.3830525875091553 671
1726234642780 1.383013129234314 672
1726234642816 1.384362816810608 673
1726234642853 1.384216547012329 674
1726234642889 1.3842144012451172 675
1726234642926 1.3842121362686157 676
1726234642964 1.3842096328735352 677
1726234643002 1.3842074871063232 678
1726234643041 1.3842051029205322 679
1726234643083 1.3842025995254517 680
1726234643121 1.384200096130371 681
1726234643160 1.384197473526001 682
1726234643206 1.3841947317123413 683
1726234643242 1.3841919898986816 684
1726234643278 1.3841893672943115 685
1726234643315 1.3841866254806519 686
1726234643352 1.4061815738677979 687
1726234643388 1.3998329639434814 688
1726234643425 1.3832263946533203 689
1726234643462 1.388305902481079 690
1726234643499 1.3860379457473755 691
1726234643541 1.3831758499145508 692
1726234643581 1.3774118423461914 693
1726234643620 1.3723843097686768 694
1726234643656 1.3677279949188232 695
1726234643693 1.3675826787948608 696
1726234643729 1.367436170578003 697
1726234643766 1.3672887086868286 698
1726234643804 1.3671395778656006 699
1726234643841 1.3669896125793457 700
1726234643879 1.3668382167816162 701
1726234643917 1.3837970495224 702
1726234643954 1.3815739154815674 703
1726234643992 1.3789472579956055 704
1726234644029 1.3640393018722534 705
1726234644067 1.363861083984375 706
1726234644105 1.3636809587478638 707
1726234644143 1.3634992837905884 708
1726234644182 1.3633155822753906 709
1726234644219 1.3568371534347534 710
1726234644258 1.3565716743469238 711
1726234644296 1.356302261352539 712
1726234644333 1.3560289144515991 713
1726234644371 1.3557512760162354 714
1726234644410 1.3554693460464478 715
1726234644448 1.3551830053329468 716
1726234644486 1.3548921346664429 717
1726234644524 1.3545963764190674 718
1726234644562 1.3542958498001099 719
1726234644599 1.3539903163909912 720
1726234644637 1.3536794185638428 721
1726234644677 1.3533633947372437 722
1726234644715 1.353041648864746 723
1726234644752 1.3527140617370605 724
1726234644790 1.3523807525634766 725
1726234644828 1.3520407676696777 726
1726234644866 1.351746678352356 727
1726234644904 1.351746678352356 728
