1727298495682 1.4243998527526855 0
1727298495727 0.27323734760284424 1
1727298495773 0.3038131296634674 2
1727298495818 0.2743780016899109 3
1727298495864 0.34100034832954407 4
1727298495910 0.447399377822876 5
1727298495955 0.5051889419555664 6
1727298496000 0.5165829062461853 7
1727298496043 0.5389670133590698 8
1727298496089 0.8200187683105469 9
1727298496133 0.6117020845413208 10
1727298496176 0.5131924748420715 11
1727298496222 0.4883299469947815 12
1727298496269 0.42421892285346985 13
1727298496313 0.5582461357116699 14
1727298496354 0.6622487306594849 15
1727298496399 0.32744884490966797 16
1727298496443 0.29070964455604553 17
1727298496481 0.5437541604042053 18
1727298496521 0.5051334500312805 19
1727298496558 0.7229714393615723 20
1727298496594 0.40962255001068115 21
1727298496635 0.5155146718025208 22
1727298496686 0.6659546494483948 23
1727298496731 0.4356691241264343 24
1727298496784 0.6942442655563354 25
1727298496832 0.49796056747436523 26
1727298496885 0.7348710894584656 27
1727298496941 0.5130759477615356 28
1727298496986 0.324308305978775 29
1727298497035 0.3072728216648102 30
1727298497081 0.6458720564842224 31
1727298497134 0.48093584179878235 32
1727298497187 0.33282801508903503 33
1727298497241 0.2902210056781769 34
1727298497293 0.3579532504081726 35
1727298497343 0.3749089539051056 36
1727298497397 0.34668007493019104 37
1727298497452 0.35243016481399536 38
1727298497508 0.36114242672920227 39
1727298497560 0.7059651017189026 40
1727298497611 0.42140042781829834 41
1727298497667 0.5231227874755859 42
1727298497722 0.32741594314575195 43
1727298497777 0.6933785080909729 44
1727298497835 0.520593523979187 45
1727298497889 0.5439540147781372 46
1727298497944 0.6586936712265015 47
1727298497995 0.39671698212623596 48
1727298498051 0.67452472448349 49
1727298498108 0.6692832112312317 50
1727298498156 0.5453841090202332 51
1727298498205 0.5307656526565552 52
1727298498259 0.5121844410896301 53
1727298498305 0.33201155066490173 54
1727298498342 0.47984039783477783 55
1727298498381 0.2801547944545746 56
1727298498421 0.6494016051292419 57
1727298498460 0.5097616910934448 58
1727298498499 0.36691638827323914 59
1727298498537 0.9508377313613892 60
1727298498575 0.5347588062286377 61
1727298498613 0.21877458691596985 62
1727298498650 0.2585761547088623 63
1727298498686 0.46865424513816833 64
1727298498723 0.5094013214111328 65
1727298498761 0.413358598947525 66
1727298498799 0.2640756368637085 67
1727298498841 0.5065371990203857 68
1727298498881 0.4007493853569031 69
1727298498918 0.30485838651657104 70
1727298498959 0.4394412636756897 71
1727298498997 0.5748736262321472 72
1727298499034 0.5913445949554443 73
1727298499071 0.5627401471138 74
1727298499109 0.6248462200164795 75
1727298499146 0.6923086643218994 76
1727298499183 0.24946630001068115 77
1727298499222 0.5339235067367554 78
1727298499260 0.3655405044555664 79
1727298499299 0.58306485414505 80
1727298499335 0.46213775873184204 81
1727298499372 0.7615272998809814 82
1727298499408 0.4309089183807373 83
1727298499445 0.4774584472179413 84
1727298499484 0.4981870949268341 85
1727298499524 0.4993148446083069 86
1727298499559 0.6451936960220337 87
1727298499597 0.6117143034934998 88
1727298499645 0.4608707129955292 89
1727298499681 0.32065656781196594 90
1727298499725 0.6054940223693848 91
1727298499772 0.5177542567253113 92
1727298499815 0.5091801285743713 93
1727298499854 0.7439388632774353 94
1727298499890 0.37728068232536316 95
1727298499926 0.5794597268104553 96
1727298499962 0.5504159331321716 97
1727298500000 0.618545651435852 98
1727298500038 0.35629668831825256 99
1727298500079 0.46291401982307434 100
1727298500117 0.43104493618011475 101
1727298500158 0.35669562220573425 102
1727298500196 0.409736305475235 103
1727298500232 0.514380693435669 104
1727298500270 0.3799836337566376 105
1727298500307 0.5466856360435486 106
1727298500345 0.5341455936431885 107
1727298500383 0.5298502445220947 108
1727298500418 0.45690226554870605 109
1727298500454 0.5343231558799744 110
1727298500491 0.39682453870773315 111
1727298500531 0.5067046284675598 112
1727298500568 0.6126853823661804 113
1727298500605 0.47737249732017517 114
1727298500643 0.5288552045822144 115
1727298500680 0.4813995063304901 116
1727298500718 0.5411388278007507 117
1727298500756 0.7645466923713684 118
1727298500792 0.5332179665565491 119
1727298500834 0.7107903361320496 120
1727298500872 0.6666832566261292 121
1727298500909 0.5534993410110474 122
1727298500947 0.6052439212799072 123
1727298500996 0.3750629425048828 124
1727298501043 0.6743081212043762 125
1727298501098 0.5618559718132019 126
1727298501151 0.587877094745636 127
1727298501187 0.622089684009552 128
1727298501229 0.5545670390129089 129
1727298501270 0.5010446310043335 130
1727298501312 0.46924009919166565 131
1727298501357 0.6369286775588989 132
1727298501400 0.7381795048713684 133
1727298501444 0.5428839921951294 134
1727298501495 0.4616774916648865 135
1727298501541 0.6508899927139282 136
1727298501587 0.5554701685905457 137
1727298501633 0.6236031651496887 138
1727298501678 0.41163724660873413 139
1727298501723 0.3542238473892212 140
1727298501768 0.4690520465373993 141
1727298501812 0.5093298554420471 142
1727298501855 0.31997108459472656 143
1727298501895 0.8066853880882263 144
1727298501937 0.6045935750007629 145
1727298501974 0.5273439884185791 146
1727298502009 0.6239901781082153 147
1727298502048 0.7701590657234192 148
1727298502085 0.29600703716278076 149
1727298502123 0.4796450138092041 150
1727298502160 0.4792444705963135 151
1727298502197 0.48845934867858887 152
1727298502233 0.32022836804389954 153
1727298502270 0.4460117220878601 154
1727298502309 0.5120097994804382 155
1727298502347 0.34056705236434937 156
1727298502383 0.4535532593727112 157
1727298502418 0.45844751596450806 158
1727298502454 0.29104769229888916 159
1727298502492 0.5374094843864441 160
1727298502532 0.6406257152557373 161
1727298502569 0.5725719928741455 162
1727298502605 0.5153857469558716 163
1727298502641 0.6939012408256531 164
1727298502679 0.6508844494819641 165
1727298502715 0.6952417492866516 166
1727298502751 0.5093275904655457 167
1727298502789 0.6894015073776245 168
1727298502834 0.33573466539382935 169
1727298502879 0.4603372812271118 170
1727298502913 0.5376208424568176 171
1727298502950 0.6287142038345337 172
1727298502987 0.3616824746131897 173
1727298503025 0.8283593058586121 174
1727298503061 0.3558523654937744 175
1727298503096 0.3637472093105316 176
1727298503133 0.5460582971572876 177
1727298503170 0.4396699368953705 178
1727298503207 0.5535071492195129 179
1727298503243 0.6293472051620483 180
1727298503281 0.3705398738384247 181
1727298503318 0.29308417439460754 182
1727298503355 0.7957356572151184 183
1727298503396 0.7596063017845154 184
1727298503437 0.26763468980789185 185
1727298503483 0.40214768052101135 186
1727298503526 0.3997332453727722 187
1727298503572 0.5197412967681885 188
1727298503618 0.4695013463497162 189
1727298503666 0.4875152111053467 190
1727298503710 0.5152153372764587 191
1727298503754 0.4448288083076477 192
1727298503799 0.7795603275299072 193
1727298503841 0.46557876467704773 194
1727298503887 0.45361822843551636 195
1727298503929 0.5407353043556213 196
1727298503979 0.5007078051567078 197
1727298504022 0.3733283579349518 198
1727298504068 0.47440075874328613 199
1727298504110 0.37978437542915344 200
1727298504156 0.36377227306365967 201
1727298504206 0.38842537999153137 202
1727298504253 0.46709978580474854 203
1727298504296 0.3697208762168884 204
1727298504342 0.5155411958694458 205
1727298504386 0.6633291840553284 206
1727298504432 0.4564938545227051 207
1727298504474 0.3247339129447937 208
1727298504521 0.2080714851617813 209
1727298504564 0.5932906866073608 210
1727298504611 0.6220360398292542 211
1727298504652 0.5399273037910461 212
1727298504698 0.7539263963699341 213
1727298504742 0.5259509682655334 214
1727298504788 0.27846279740333557 215
1727298504832 0.6409103274345398 216
1727298504878 0.4139862656593323 217
1727298504921 0.6134387850761414 218
1727298504964 0.8516029119491577 219
1727298505010 0.674058198928833 220
1727298505053 0.5638543367385864 221
1727298505099 0.2939859926700592 222
1727298505143 0.33284151554107666 223
1727298505188 0.5412169694900513 224
1727298505231 0.40922340750694275 225
1727298505272 0.7096173167228699 226
1727298505314 0.4804219603538513 227
1727298505351 0.31166213750839233 228
1727298505387 0.7361288070678711 229
1727298505422 0.44983652234077454 230
1727298505459 0.26919418573379517 231
1727298505503 0.48540744185447693 232
1727298505543 0.6215260624885559 233
1727298505579 0.609731912612915 234
1727298505615 0.378518283367157 235
1727298505653 0.42789530754089355 236
1727298505690 0.35172373056411743 237
1727298505727 0.5489938855171204 238
1727298505760 0.666471540927887 239
1727298505798 0.4339410364627838 240
1727298505837 0.39017826318740845 241
1727298505879 0.6228882074356079 242
1727298505915 0.6640291213989258 243
1727298505951 0.5275130271911621 244
1727298505987 0.2693537771701813 245
1727298506026 0.41041144728660583 246
1727298506064 0.4032060205936432 247
1727298506100 0.34061598777770996 248
1727298506144 0.43957096338272095 249
1727298506181 0.3844622075557709 250
1727298506220 0.644081175327301 251
1727298506265 0.2839297354221344 252
1727298506309 0.6227185726165771 253
1727298506343 0.5936586856842041 254
1727298506385 0.5622731447219849 255
1727298506426 0.615939736366272 256
1727298506469 0.5664501786231995 257
1727298506511 0.5342559814453125 258
1727298506549 0.5397193431854248 259
1727298506584 0.44752874970436096 260
1727298506622 0.4395434856414795 261
1727298506663 0.5720322132110596 262
1727298506708 0.48227012157440186 263
1727298506755 0.1871253252029419 264
1727298506799 0.4996679425239563 265
1727298506844 0.42622020840644836 266
1727298506888 0.3286265730857849 267
1727298506932 0.5945926904678345 268
1727298506977 0.5501930713653564 269
1727298507013 0.3164815306663513 270
1727298507051 0.7290545105934143 271
1727298507086 0.37681883573532104 272
1727298507125 0.3969562351703644 273
1727298507161 0.604897141456604 274
1727298507197 0.2730579674243927 275
1727298507232 0.602780818939209 276
1727298507268 0.73238605260849 277
1727298507308 0.44094592332839966 278
1727298507347 0.27223342657089233 279
1727298507382 0.42523112893104553 280
1727298507418 0.41892045736312866 281
1727298507455 0.582004964351654 282
1727298507498 0.22988225519657135 283
1727298507545 0.5195713639259338 284
1727298507592 0.6703221797943115 285
1727298507637 0.6606034636497498 286
1727298507685 0.40021851658821106 287
1727298507729 0.5201405882835388 288
1727298507772 0.3437889516353607 289
1727298507818 0.6476955413818359 290
1727298507860 0.5468945503234863 291
1727298507904 0.6666305065155029 292
1727298507948 0.735428512096405 293
1727298507990 0.5840393304824829 294
1727298508034 0.4467587471008301 295
1727298508075 0.39800408482551575 296
1727298508113 0.5918111801147461 297
1727298508152 0.45334887504577637 298
1727298508189 0.1675463169813156 299
1727298508226 0.7337794303894043 300
1727298508266 0.4608628749847412 301
1727298508308 0.3584548532962799 302
1727298508346 0.7217811346054077 303
1727298508383 0.3814547657966614 304
1727298508419 0.5967810750007629 305
1727298508459 0.5089969635009766 306
1727298508500 0.7865303158760071 307
1727298508538 0.7380620241165161 308
1727298508577 0.5127108693122864 309
1727298508615 0.48919805884361267 310
1727298508652 0.4022841453552246 311
1727298508689 0.5333565473556519 312
1727298508724 0.38629987835884094 313
1727298508759 0.48477742075920105 314
1727298508799 0.5038502812385559 315
1727298508836 0.4874863624572754 316
1727298508875 0.6312292814254761 317
1727298508912 0.3201710879802704 318
1727298508961 0.41514158248901367 319
1727298509003 0.6767887473106384 320
1727298509043 0.6028728485107422 321
1727298509102 0.309487909078598 322
1727298509144 0.47424909472465515 323
1727298509186 0.5376793742179871 324
1727298509227 0.6491253972053528 325
1727298509262 0.3996405601501465 326
1727298509301 0.45333850383758545 327
1727298509343 0.6106478571891785 328
1727298509378 0.5986784100532532 329
1727298509414 0.7106916308403015 330
1727298509457 0.5798451900482178 331
1727298509498 0.4016977548599243 332
1727298509535 0.5047858357429504 333
1727298509576 0.7259138822555542 334
1727298509631 0.5281667113304138 335
1727298509690 0.5465665459632874 336
1727298509755 0.5754491090774536 337
1727298509809 0.5812308192253113 338
1727298509868 0.48453566431999207 339
1727298509914 0.37664440274238586 340
1727298509956 0.45874643325805664 341
1727298510011 0.31251153349876404 342
1727298510059 0.2871905267238617 343
1727298510109 0.5057433247566223 344
1727298510165 0.48561370372772217 345
1727298510218 0.7846909761428833 346
1727298510261 0.4968831539154053 347
1727298510304 0.7093414664268494 348
1727298510345 0.5984638333320618 349
1727298510387 0.45088276267051697 350
1727298510423 0.5073192715644836 351
1727298510459 0.5177512764930725 352
1727298510495 0.5905433893203735 353
1727298510533 0.60169917345047 354
1727298510572 0.5931289792060852 355
1727298510608 0.5766788721084595 356
1727298510647 0.5538094639778137 357
1727298510684 0.5319743752479553 358
1727298510722 0.6132793426513672 359
1727298510759 0.6712911128997803 360
1727298510797 0.3412753641605377 361
1727298510835 0.3923150300979614 362
1727298510876 0.4263567626476288 363
1727298510916 0.5896182656288147 364
1727298510951 0.31321850419044495 365
1727298510989 0.5634766221046448 366
1727298511029 0.44713130593299866 367
1727298511067 0.4008193910121918 368
1727298511101 0.3845571279525757 369
1727298511138 0.5960907936096191 370
1727298511177 0.628305971622467 371
1727298511213 0.6411160826683044 372
1727298511250 0.4774899482727051 373
1727298511286 0.47299373149871826 374
1727298511324 0.6085753440856934 375
1727298511362 0.6739763021469116 376
1727298511398 0.28733038902282715 377
1727298511435 0.562759518623352 378
1727298511471 0.4472711980342865 379
1727298511508 0.36004576086997986 380
1727298511547 0.30049726366996765 381
1727298511586 0.47423118352890015 382
1727298511624 0.5440822243690491 383
1727298511675 0.5759196281433105 384
1727298511727 0.5010350942611694 385
1727298511781 0.499165803194046 386
1727298511837 0.671760082244873 387
1727298511881 0.5414479374885559 388
1727298511928 0.7207772731781006 389
1727298511977 0.7030039429664612 390
1727298512031 0.29580143094062805 391
1727298512089 0.5633940696716309 392
1727298512138 0.4567223787307739 393
1727298512188 0.5239359736442566 394
1727298512232 0.6739792227745056 395
1727298512276 0.23897551000118256 396
1727298512331 0.46929946541786194 397
1727298512386 0.3767094016075134 398
1727298512442 0.5660017728805542 399
1727298512490 0.22810335457324982 400
1727298512541 0.25243088603019714 401
1727298512593 0.27281203866004944 402
1727298512648 0.6342980265617371 403
1727298512702 0.530464231967926 404
1727298512756 0.29392164945602417 405
1727298512807 0.3813352584838867 406
1727298512865 0.39849165081977844 407
1727298512917 0.4155614972114563 408
1727298512970 0.431820273399353 409
1727298513026 0.5017102956771851 410
1727298513082 0.6097357869148254 411
1727298513133 0.31515800952911377 412
1727298513183 0.34073349833488464 413
1727298513224 0.33413904905319214 414
1727298513262 0.33815711736679077 415
1727298513301 0.3426666557788849 416
1727298513341 0.3352508246898651 417
1727298513375 0.47195690870285034 418
1727298513411 0.5425968766212463 419
1727298513448 0.65546053647995 420
1727298513486 0.7161130309104919 421
1727298513522 0.3764590322971344 422
1727298513556 0.6524306535720825 423
1727298513594 0.3851979076862335 424
1727298513631 0.5853192210197449 425
1727298513669 0.3753840923309326 426
1727298513707 0.5203792452812195 427
1727298513743 0.5093625783920288 428
1727298513780 0.44635719060897827 429
1727298513818 0.3722468912601471 430
1727298513856 0.35106125473976135 431
1727298513893 0.3545050024986267 432
1727298513931 0.34940528869628906 433
1727298513967 0.3343693017959595 434
1727298514004 0.3062055706977844 435
1727298514042 0.2584838569164276 436
1727298514081 0.19096814095973969 437
1727298514119 0.18228624761104584 438
1727298514156 0.17233356833457947 439
1727298514197 0.17233359813690186 440
