1726434912229 0.15391376614570618 0
1726434912273 0.1127425953745842 1
1726434912315 0.10765950381755829 2
1726434912357 0.20400556921958923 3
1726434912399 0.13292905688285828 4
1726434912440 0.22881776094436646 5
1726434912482 0.374648779630661 6
1726434912526 0.6727641224861145 7
1726434912573 0.251994252204895 8
1726434912620 0.04954886436462402 9
1726434912666 0.2024972289800644 10
1726434912715 0.23538844287395477 11
1726434912761 0.6445359587669373 12
1726434912806 0.4260568916797638 13
1726434912850 0.2723173499107361 14
1726434912896 0.44156718254089355 15
1726434912939 0.15330395102500916 16
1726434912986 0.2018558531999588 17
1726434913032 0.15154427289962769 18
1726434913076 0.06277740001678467 19
1726434913116 0.035193197429180145 20
1726434913158 0.13700741529464722 21
1726434913199 0.06363416463136673 22
1726434913242 0.21227885782718658 23
1726434913284 0.3486342430114746 24
1726434913326 0.41011151671409607 25
1726434913369 0.17051178216934204 26
1726434913410 0.1189567819237709 27
1726434913452 0.1631157398223877 28
1726434913495 0.46399736404418945 29
1726434913537 0.7427611351013184 30
1726434913580 0.8282434940338135 31
1726434913621 0.33461812138557434 32
1726434913663 0.260781466960907 33
1726434913707 0.22120852768421173 34
1726434913750 0.0820319652557373 35
1726434913792 0.07394933700561523 36
1726434913834 0.6984755396842957 37
1726434913877 0.5610132217407227 38
1726434913918 0.2603457570075989 39
1726434913961 1.0874305963516235 40
1726434914005 0.470634788274765 41
1726434914048 0.4458135664463043 42
1726434914092 0.36275988817214966 43
1726434914135 0.24659836292266846 44
1726434914179 0.2315467745065689 45
1726434914224 0.15288770198822021 46
1726434914275 0.2335340827703476 47
1726434914322 0.03249874338507652 48
1726434914375 0.04984653741121292 49
1726434914422 0.031659841537475586 50
1726434914464 0.31494879722595215 51
1726434914508 0.06425297260284424 52
1726434914551 0.06101927533745766 53
1726434914593 0.15548327565193176 54
1726434914636 0.08070194721221924 55
1726434914678 0.09794507920742035 56
1726434914722 0.09061115980148315 57
1726434914765 0.05195748805999756 58
1726434914807 0.19001483917236328 59
1726434914849 0.1870998740196228 60
1726434914891 0.41328635811805725 61
1726434914933 0.1787126511335373 62
1726434914976 0.15654075145721436 63
1726434915019 0.4192364513874054 64
1726434915062 0.8619446158409119 65
1726434915106 0.21482126414775848 66
1726434915148 0.045360565185546875 67
1726434915191 0.03682875633239746 68
1726434915234 0.03190279006958008 69
1726434915277 0.056531667709350586 70
1726434915320 0.05729389190673828 71
1726434915363 0.03929293155670166 72
1726434915406 0.0856211930513382 73
1726434915449 0.31394705176353455 74
1726434915493 0.1488322913646698 75
1726434915535 0.1859905868768692 76
1726434915577 0.16752392053604126 77
1726434915621 0.05127963796257973 78
1726434915664 0.0800960585474968 79
1726434915707 0.05220329761505127 80
1726434915750 0.08242306858301163 81
1726434915792 0.19112996757030487 82
1726434915835 0.051207780838012695 83
1726434915877 0.0549355149269104 84
1726434915920 0.03846883773803711 85
1726434915962 0.17432516813278198 86
1726434916004 0.10135577619075775 87
1726434916047 0.05278897285461426 88
1726434916090 0.03306066617369652 89
1726434916133 0.050249695777893066 90
1726434916176 0.06913864612579346 91
1726434916218 0.22493422031402588 92
1726434916290 0.1732059121131897 93
1726434916333 0.04951001703739166 94
1726434916375 0.17684701085090637 95
1726434916418 0.4663752615451813 96
1726434916459 0.4425494968891144 97
1726434916505 0.30832618474960327 98
1726434916560 0.6102874279022217 99
1726434916608 1.0211913585662842 100
1726434916653 0.7269837260246277 101
1726434916701 0.2143738716840744 102
1726434916749 0.1543746292591095 103
1726434916795 0.3790014386177063 104
1726434916841 0.4783492982387543 105
1726434916884 0.29233264923095703 106
1726434916929 0.10835960507392883 107
1726434916974 0.07298505306243896 108
1726434917017 0.27515166997909546 109
1726434917067 0.36971327662467957 110
1726434917117 0.14936921000480652 111
1726434917160 0.2680976390838623 112
1726434917207 0.24097488820552826 113
1726434917261 0.07839792966842651 114
1726434917304 0.1630634069442749 115
1726434917351 0.03626418113708496 116
1726434917391 0.13696865737438202 117
1726434917431 0.5242577791213989 118
1726434917471 0.08923390507698059 119
1726434917513 0.26471060514450073 120
1726434917555 0.2978365421295166 121
1726434917598 0.17167851328849792 122
1726434917640 0.07480502128601074 123
1726434917682 0.07822775840759277 124
1726434917725 0.05715598165988922 125
1726434917767 0.070281982421875 126
1726434917808 0.1022929847240448 127
1726434917850 0.21601203083992004 128
1726434917892 0.25377345085144043 129
1726434917934 0.05929684638977051 130
1726434917978 0.0567021369934082 131
1726434918022 0.3389146327972412 132
1726434918065 0.13451680541038513 133
1726434918107 0.424801230430603 134
1726434918149 0.6527190804481506 135
1726434918191 0.4074561893939972 136
1726434918236 0.30179840326309204 137
1726434918278 0.3745630085468292 138
1726434918322 0.06755518913269043 139
1726434918365 0.07589149475097656 140
1726434918407 0.06902313232421875 141
1726434918451 0.05890512466430664 142
1726434918494 0.054430630058050156 143
1726434918538 0.05457127094268799 144
1726434918581 0.06331903487443924 145
1726434918623 0.0568690299987793 146
1726434918666 0.07532984763383865 147
1726434918708 0.1080244928598404 148
1726434918750 0.06306600570678711 149
1726434918793 0.05585968494415283 150
1726434918836 0.049774169921875 151
1726434918878 0.08740770816802979 152
1726434918923 0.24594946205615997 153
1726434918969 0.5380666255950928 154
1726434919013 0.16704919934272766 155
1726434919056 0.06549394130706787 156
1726434919099 0.06894552707672119 157
1726434919141 0.19854985177516937 158
1726434919182 0.06835949420928955 159
1726434919224 0.063576340675354 160
1726434919266 0.04046928882598877 161
1726434919309 0.04467863589525223 162
1726434919351 0.2599506974220276 163
1726434919396 0.17664064466953278 164
1726434919440 0.08083759248256683 165
1726434919483 0.07480216771364212 166
1726434919527 0.06335651874542236 167
1726434919569 0.3320896625518799 168
1726434919614 0.08289247751235962 169
1726434919665 0.06887388229370117 170
1726434919710 0.07145905494689941 171
1726434919756 0.07898064702749252 172
1726434919800 0.3121011257171631 173
1726434919846 0.4003135859966278 174
1726434919894 0.04205179214477539 175
1726434919943 0.06837930530309677 176
1726434919991 0.07706999778747559 177
1726434920041 0.07868754863739014 178
1726434920092 0.1098228394985199 179
1726434920144 0.08333251625299454 180
1726434920196 0.19861295819282532 181
1726434920247 0.11220438778400421 182
1726434920300 0.11129438877105713 183
1726434920354 0.07147073745727539 184
1726434920408 0.34607866406440735 185
1726434920462 0.08207888901233673 186
1726434920517 0.07063531875610352 187
1726434920569 0.06955552101135254 188
1726434920619 0.1260092556476593 189
1726434920671 0.07326841354370117 190
1726434920724 0.2628592848777771 191
1726434920778 0.5856950879096985 192
1726434920831 0.39567509293556213 193
1726434920884 0.2359956055879593 194
1726434920963 0.0835680440068245 195
1726434921019 0.059522390365600586 196
1726434921069 0.07024002075195312 197
1726434921121 0.06914043426513672 198
1726434921172 0.04369091987609863 199
1726434921223 0.13492774963378906 200
1726434921279 0.24313443899154663 201
1726434921331 0.17897818982601166 202
1726434921382 0.22168827056884766 203
1726434921434 0.1772167682647705 204
1726434921485 0.12896308302879333 205
1726434921538 0.1030692309141159 206
1726434921589 0.10129949450492859 207
1726434921644 0.2585369944572449 208
1726434921698 0.2275240570306778 209
1726434921750 0.07568573951721191 210
1726434921804 0.12632611393928528 211
1726434921857 0.06110429763793945 212
1726434921909 0.18817546963691711 213
1726434921963 0.07241463661193848 214
1726434922017 0.15039777755737305 215
1726434922070 0.12113911658525467 216
1726434922123 0.05313241481781006 217
1726434922176 0.0446476936340332 218
1726434922229 0.03938007354736328 219
1726434922286 0.14381375908851624 220
1726434922339 0.057682547718286514 221
1726434922392 0.03592264652252197 222
1726434922444 0.11029095202684402 223
1726434922497 0.08319762349128723 224
1726434922549 0.09120076894760132 225
1726434922600 0.12995252013206482 226
1726434922653 0.02801978588104248 227
1726434922706 0.060284361243247986 228
1726434922759 0.11498121917247772 229
1726434922812 0.03936779499053955 230
1726434922865 0.06981790065765381 231
1726434922917 0.061490774154663086 232
1726434922967 0.1552586555480957 233
1726434923019 0.13714948296546936 234
1726434923072 0.11360935866832733 235
1726434923124 0.055947184562683105 236
1726434923181 0.11837679147720337 237
1726434923232 0.06660723686218262 238
1726434923287 0.06085097789764404 239
1726434923342 0.060222506523132324 240
1726434923406 0.03279829025268555 241
1726434923459 0.10170134902000427 242
1726434923512 0.059152841567993164 243
1726434923567 0.2037634402513504 244
1726434923644 0.5003385543823242 245
1726434923719 0.3561757206916809 246
1726434923792 0.2100019007921219 247
1726434923855 0.1971157044172287 248
1726434923907 0.12078384310007095 249
1726434923958 0.27893126010894775 250
1726434924012 0.33311185240745544 251
1726434924064 0.5651295781135559 252
1726434924115 0.43331632018089294 253
1726434924167 0.19397251307964325 254
1726434924221 0.04771268367767334 255
1726434924281 0.06602834910154343 256
1726434924339 0.08266791701316833 257
1726434924404 0.3228796124458313 258
1726434924473 0.22653211653232574 259
1726434924530 0.06131124496459961 260
1726434924583 0.2402629852294922 261
1726434924638 0.0901576429605484 262
1726434924693 0.12464786320924759 263
1726434924748 0.050515368580818176 264
1726434924802 0.2041935920715332 265
1726434924854 0.1432797908782959 266
1726434924908 0.19704937934875488 267
1726434924961 0.09395692497491837 268
1726434925015 0.19432632625102997 269
1726434925068 0.1774202436208725 270
1726434925119 0.13655716180801392 271
1726434925168 0.07364069670438766 272
1726434925215 0.20109577476978302 273
1726434925262 0.06775021553039551 274
1726434925308 0.24725361168384552 275
1726434925355 0.13046495616436005 276
1726434925400 0.15517887473106384 277
1726434925445 0.07709827274084091 278
1726434925492 0.3558226525783539 279
1726434925539 0.26875877380371094 280
1726434925584 0.048473771661520004 281
1726434925629 0.03942227363586426 282
1726434925673 0.046733736991882324 283
1726434925718 0.06529764831066132 284
1726434925762 0.13622307777404785 285
1726434925808 0.20955725014209747 286
1726434925852 0.17008104920387268 287
1726434925896 0.06836128234863281 288
1726434925939 0.17821672558784485 289
1726434925983 0.1839178204536438 290
1726434926027 0.18435806035995483 291
1726434926071 0.07791304588317871 292
1726434926115 0.07483863830566406 293
1726434926159 0.07583204656839371 294
1726434926205 0.16737264394760132 295
1726434926248 0.2061925232410431 296
1726434926293 0.21512533724308014 297
1726434926337 0.07224404811859131 298
1726434926382 0.05622553825378418 299
1726434926426 0.1621716320514679 300
1726434926470 0.10769300162792206 301
1726434926515 0.1309112310409546 302
1726434926560 0.06903737038373947 303
1726434926604 0.07164168357849121 304
1726434926649 0.06881701946258545 305
1726434926693 0.07344627380371094 306
1726434926738 0.07232367992401123 307
1726434926781 0.22878199815750122 308
1726434926825 0.05251467227935791 309
1726434926869 0.0519862174987793 310
1726434926914 0.05061507225036621 311
1726434926958 0.1129339337348938 312
1726434927004 0.1326938271522522 313
1726434927050 0.06156911328434944 314
1726434927097 0.31792736053466797 315
1726434927141 0.07508349418640137 316
1726434927186 0.06662881374359131 317
1726434927233 0.06411731243133545 318
1726434927278 0.06807434558868408 319
1726434927325 0.10635307431221008 320
1726434927370 0.1560329794883728 321
1726434927416 0.13718679547309875 322
1726434927464 0.1466883420944214 323
1726434927511 0.1584210991859436 324
1726434927557 0.10403014719486237 325
1726434927604 0.12013494968414307 326
1726434927651 0.15024185180664062 327
1726434927697 0.12831716239452362 328
1726434927744 0.07583355903625488 329
1726434927791 0.17799952626228333 330
1726434927838 0.05637156963348389 331
1726434927884 0.06992411613464355 332
1726434927930 0.08301908522844315 333
1726434927977 0.07324919104576111 334
1726434928023 0.24264980852603912 335
1726434928070 0.12425786256790161 336
1726434928116 0.04059958457946777 337
1726434928162 0.038893699645996094 338
1726434928210 0.10279218852519989 339
1726434928258 0.10752247273921967 340
1726434928305 0.29300594329833984 341
1726434928353 0.06135701388120651 342
1726434928400 0.0641326904296875 343
1726434928447 0.058221761137247086 344
1726434928490 0.28753501176834106 345
1726434928537 0.29940664768218994 346
1726434928584 0.1509282886981964 347
1726434928632 0.16437864303588867 348
1726434928677 0.24074657261371613 349
1726434928740 0.06857255846261978 350
1726434928791 0.07470176368951797 351
1726434928837 0.06996817141771317 352
1726434928886 0.05841255187988281 353
1726434928939 0.055908203125 354
1726434928990 0.22843880951404572 355
1726434929037 0.298697292804718 356
1726434929081 0.1520434319972992 357
1726434929125 0.07597625255584717 358
1726434929169 0.0752265453338623 359
1726434929212 0.12164565920829773 360
1726434929257 0.2226887047290802 361
1726434929301 0.5066039562225342 362
1726434929345 0.08080469071865082 363
1726434929389 0.05115020275115967 364
1726434929433 0.13406702876091003 365
1726434929479 0.23205602169036865 366
1726434929528 0.07714729011058807 367
1726434929587 0.049634456634521484 368
1726434929637 0.15338775515556335 369
1726434929688 0.3846709430217743 370
1726434929745 0.07249963283538818 371
1726434929809 0.08266180008649826 372
1726434929882 0.08076363801956177 373
1726434929940 0.14564144611358643 374
1726434929999 0.044799089431762695 375
1726434930058 0.06955444812774658 376
1726434930115 0.06772589683532715 377
1726434930171 0.06499052047729492 378
1726434930227 0.1028168648481369 379
1726434930285 0.049416303634643555 380
1726434930343 0.17454439401626587 381
1726434930421 0.10761463642120361 382
1726434930500 0.11443173885345459 383
1726434930557 0.05598568916320801 384
1726434930616 0.05348670482635498 385
1726434930676 0.05089141055941582 386
1726434930745 0.20365016162395477 387
1726434930816 0.06435680389404297 388
1726434930889 0.06354069709777832 389
1726434930947 0.08702833950519562 390
1726434931023 0.1619850993156433 391
1726434931081 0.11261126399040222 392
1726434931133 0.051782846450805664 393
1726434931184 0.04810786247253418 394
1726434931235 0.009015560150146484 395
1726434931283 0.045116353780031204 396
1726434931336 0.07531502842903137 397
1726434931388 0.06363867223262787 398
1726434931443 0.06594474613666534 399
1726434931504 0.030002832412719727 400
1726434931549 0.03340458869934082 401
1726434931601 0.029754996299743652 402
1726434931656 0.04495096206665039 403
1726434931704 0.033479928970336914 404
1726434931752 0.04843711853027344 405
1726434931800 0.046723127365112305 406
1726434931851 0.05815949663519859 407
1726434931898 0.08679640293121338 408
1726434931945 0.07146668434143066 409
1726434931993 0.21967363357543945 410
1726434932041 0.1968124806880951 411
1726434932089 0.17266100645065308 412
1726434932135 0.058306097984313965 413
1726434932182 0.05727517604827881 414
1726434932229 0.24459169805049896 415
1726434932275 0.2183220088481903 416
1726434932321 0.12485679984092712 417
1726434932369 0.0947045385837555 418
1726434932415 0.067047119140625 419
1726434932463 0.04698501527309418 420
1726434932507 0.10913369059562683 421
1726434932554 0.14347437024116516 422
1726434932600 0.08928446471691132 423
1726434932651 0.2262628823518753 424
1726434932704 0.07204091548919678 425
1726434932768 0.0708550214767456 426
1726434932818 0.05472448095679283 427
1726434932863 0.12343913316726685 428
1726434932906 0.2645342946052551 429
1726434932949 0.07411623001098633 430
1726434932991 0.057222962379455566 431
1726434933035 0.061907313764095306 432
1726434933078 0.05053877830505371 433
1726434933121 0.04332852363586426 434
1726434933165 0.05068254470825195 435
1726434933211 0.04688453674316406 436
1726434933254 0.042006611824035645 437
1726434933298 0.055094003677368164 438
1726434933344 0.05618128180503845 439
1726434933388 0.07823772728443146 440
1726434933432 0.032750844955444336 441
1726434933476 0.05983781814575195 442
1726434933520 0.05658519268035889 443
1726434933567 0.08324852585792542 444
1726434933612 0.07077300548553467 445
1726434933659 0.04808783531188965 446
1726434933705 0.0923902690410614 447
1726434933756 0.09240648150444031 448
1726434933808 0.2914921045303345 449
1726434933871 0.05434516817331314 450
1726434933920 0.032584428787231445 451
1726434933975 0.07374626398086548 452
1726434934038 0.06370525062084198 453
1726434934104 0.19572782516479492 454
1726434934153 0.06276758015155792 455
1726434934196 0.0866636410355568 456
1726434934240 0.056754112243652344 457
1726434934283 0.07886487245559692 458
1726434934326 0.3297686278820038 459
1726434934371 0.29288291931152344 460
1726434934414 0.12211287766695023 461
1726434934458 0.21025122702121735 462
1726434934504 0.15080061554908752 463
1726434934549 0.1547291874885559 464
1726434934594 0.2039673626422882 465
1726434934639 0.30964887142181396 466
1726434934684 0.17908793687820435 467
1726434934733 0.09210310876369476 468
1726434934794 0.0328524112701416 469
1726434934848 0.06838855147361755 470
1726434934901 0.044814109802246094 471
1726434934953 0.05962371826171875 472
1726434935007 0.10355448722839355 473
1726434935062 0.06095004081726074 474
1726434935115 0.058786988258361816 475
1726434935172 0.030259132385253906 476
1726434935227 0.045537352561950684 477
1726434935283 0.09738901257514954 478
1726434935341 0.12612110376358032 479
1726434935402 0.15297219157218933 480
1726434935461 0.06069636344909668 481
1726434935522 0.05309748649597168 482
1726434935579 0.0381091833114624 483
1726434935636 0.07008802890777588 484
1726434935693 0.06885480880737305 485
1726434935750 0.06685876846313477 486
1726434935813 0.09981247782707214 487
1726434935868 0.0650167465209961 488
1726434935925 0.07794833183288574 489
1726434935980 0.06352448463439941 490
1726434936037 0.07486569881439209 491
1726434936109 0.07381010055541992 492
1726434936181 0.0780569314956665 493
1726434936242 0.1370229721069336 494
1726434936304 0.15165454149246216 495
1726434936364 0.06662130355834961 496
1726434936431 0.08024391531944275 497
1726434936490 0.06863868236541748 498
1726434936547 0.06710755825042725 499
1726434936606 0.06514644622802734 500
1726434936663 0.06235361099243164 501
1726434936721 0.06730318069458008 502
1726434936779 0.08780280500650406 503
1726434936846 0.2519568204879761 504
1726434936930 0.2895348072052002 505
1726434937013 0.16861510276794434 506
1726434937093 0.07981948554515839 507
1726434937166 0.05816304683685303 508
1726434937222 0.06531262397766113 509
1726434937277 0.06281626224517822 510
1726434937333 0.05759429931640625 511
1726434937390 0.043962277472019196 512
1726434937448 0.09653571248054504 513
1726434937506 0.06518900394439697 514
1726434937567 0.0881982073187828 515
1726434937626 0.06952834129333496 516
1726434937683 0.0958266481757164 517
1726434937745 0.08495751023292542 518
1726434937804 0.0850900337100029 519
1726434937865 0.06431150436401367 520
1726434937924 0.08745428919792175 521
1726434937984 0.0633324384689331 522
1726434938045 0.06598953902721405 523
1726434938104 0.03816795349121094 524
1726434938162 0.012305498123168945 525
1726434938225 0.036344170570373535 526
1726434938285 0.06848716735839844 527
1726434938345 0.0963013619184494 528
1726434938406 0.08569832146167755 529
1726434938465 0.07796072959899902 530
1726434938524 0.15492215752601624 531
1726434938586 0.12683603167533875 532
1726434938644 0.020588159561157227 533
1726434938702 0.024776220321655273 534
1726434938760 0.02111971378326416 535
1726434938820 0.017364978790283203 536
1726434938879 0.010507464408874512 537
1726434938939 0.010460853576660156 538
1726434939001 0.010413169860839844 539
1726434939060 0.036568284034729004 540
1726434939120 0.03567218780517578 541
1726434939200 0.029433012008666992 542
1726434939268 0.03583574295043945 543
1726434939327 0.03399038314819336 544
1726434939386 0.027218222618103027 545
1726434939444 0.026648283004760742 546
1726434939505 0.026047110557556152 547
1726434939563 0.02541029453277588 548
1726434939621 0.024732351303100586 549
1726434939679 0.05684638023376465 550
1726434939741 0.026288270950317383 551
1726434939800 0.045984745025634766 552
1726434939859 0.044726014137268066 553
1726434939919 0.04335451126098633 554
1726434939977 0.0418400764465332 555
1726434940034 0.02602088451385498 556
1726434940094 0.043036460876464844 557
1726434940153 0.04138755798339844 558
1726434940212 0.03961348533630371 559
1726434940269 0.053942300379276276 560
1726434940331 0.018061161041259766 561
1726434940395 0.012993574142456055 562
1726434940476 0.012118816375732422 563
1726434940533 0.012110233306884766 564
1726434940592 0.012101411819458008 565
1726434940654 0.01209259033203125 566
1726434940720 0.01208353042602539 567
1726434940773 0.03967022895812988 568
1726434940826 0.03600585460662842 569
1726434940883 0.03019702434539795 570
1726434940933 0.027733564376831055 571
1726434940987 0.02748560905456543 572
1726434941040 0.022909879684448242 573
1726434941093 0.02027750015258789 574
1726434941145 0.030335068702697754 575
1726434941194 0.029270172119140625 576
1726434941246 0.028128623962402344 577
1726434941301 0.026892542839050293 578
1726434941351 0.02553713321685791 579
1726434941398 0.021161198616027832 580
1726434941451 0.016654253005981445 581
1726434941503 0.014157533645629883 582
1726434941551 0.08508427441120148 583
1726434941597 0.041202545166015625 584
1726434941647 0.035251498222351074 585
1726434941696 0.034210920333862305 586
1726434941742 0.03309750556945801 587
1726434941788 0.03189682960510254 588
1726434941836 0.03583884239196777 589
1726434941896 0.05365180969238281 590
1726434941944 0.053034067153930664 591
1726434941993 0.04997611045837402 592
1726434942044 0.047973036766052246 593
1726434942091 0.05694472789764404 594
1726434942155 0.05079317092895508 595
1726434942200 0.0671175941824913 596
1726434942245 0.0621105432510376 597
1726434942290 0.03990316390991211 598
1726434942337 0.07230382412672043 599
1726434942382 0.02850508689880371 600
1726434942427 0.011715173721313477 601
1726434942475 0.01170361042022705 602
1726434942527 0.011691689491271973 603
1726434942585 0.011679649353027344 604
1726434942635 0.035592079162597656 605
1726434942693 0.038298606872558594 606
1726434942746 0.053488731384277344 607
1726434942792 0.05131173133850098 608
1726434942842 0.04880654811859131 609
1726434942898 0.05749046802520752 610
1726434942945 0.056232333183288574 611
1726434942994 0.06414079666137695 612
1726434943040 0.06380593776702881 613
1726434943089 0.06346166133880615 614
1726434943143 0.06316375732421875 615
1726434943190 0.06287312507629395 616
1726434943245 0.06257152557373047 617
1726434943314 0.07841363549232483 618
1726434943365 0.05793154239654541 619
1726434943417 0.07933351397514343 620
1726434943460 0.09729227423667908 621
1726434943506 0.10395599156618118 622
1726434943551 0.0678769052028656 623
1726434943596 0.06396139413118362 624
1726434943639 0.0533452033996582 625
1726434943685 0.03718733787536621 626
1726434943729 0.033335208892822266 627
1726434943773 0.032584547996520996 628
1726434943821 0.03178286552429199 629
1726434943868 0.03092217445373535 630
1726434943913 0.0299912691116333 631
1726434943961 0.022167325019836426 632
1726434944008 0.01896846294403076 633
1726434944055 0.014398574829101562 634
1726434944106 0.010076761245727539 635
1726434944156 0.010009407997131348 636
1726434944203 0.009940266609191895 637
1726434944254 0.009869575500488281 638
1726434944302 0.009796857833862305 639
1726434944352 0.0070416927337646484 640
1726434944401 0.006889939308166504 641
1726434944450 0.0067331790924072266 642
1726434944500 0.006571292877197266 643
1726434944550 0.028915803879499435 644
1726434944598 0.010086894035339355 645
1726434944651 0.010027170181274414 646
1726434944701 0.009966015815734863 647
1726434944749 0.009903192520141602 648
1726434944798 0.009839057922363281 649
1726434944848 0.008568525314331055 650
1726434944899 0.008719563484191895 651
1726434944949 0.01026193704456091 652
1726434945003 -0.002418994903564453 653
1726434945072 -0.005655884742736816 654
1726434945124 -0.010014057159423828 655
1726434945175 -0.017735958099365234 656
1726434945224 -0.01804351806640625 657
1726434945275 -0.01804351806640625 658
