1727301141516 1.4420663118362427 0
1727301141552 -0.0 1
1727301141587 -0.0 2
1727301141623 -0.0 3
1727301141658 -0.0 4
1727301141693 -0.0 5
1727301141727 -0.0 6
1727301141762 -0.0 7
1727301141797 -0.0 8
1727301141831 -0.0 9
1727301141866 -0.0 10
1727301141900 -0.0 11
1727301141940 0.02154882811009884 12
1727301141976 -0.0 13
1727301142012 0.0002762093208730221 14
1727301142054 -0.0 15
1727301142097 0.0318174809217453 16
1727301142133 0.03587689995765686 17
1727301142168 -0.0 18
1727301142203 -0.0 19
1727301142240 -0.0 20
1727301142277 0.04232339188456535 21
1727301142312 -0.0 22
1727301142347 -0.0 23
1727301142382 -0.0 24
1727301142418 -0.0 25
1727301142453 -0.0 26
1727301142487 -0.0 27
1727301142523 -0.0 28
1727301142558 -0.0 29
1727301142593 0.042006321251392365 30
1727301142628 -0.0 31
1727301142663 -0.0 32
1727301142699 -0.0 33
1727301142731 -0.0 34
1727301142764 -0.0 35
1727301142798 -0.0 36
1727301142831 -0.0 37
1727301142864 0.03136344999074936 38
1727301142897 -0.0 39
1727301142930 -0.0 40
1727301142963 -0.0 41
1727301142995 -0.0 42
1727301143029 -0.0 43
1727301143062 -0.0 44
1727301143094 -0.0 45
1727301143130 -0.0 46
1727301143165 -0.0 47
1727301143203 -0.0 48
1727301143239 -0.0 49
1727301143275 -0.0 50
1727301143308 -0.0 51
1727301143340 -0.0 52
1727301143374 0.03359583020210266 53
1727301143407 -0.0 54
1727301143442 -0.0 55
1727301143474 -0.0 56
1727301143509 1.6757974208303494e-07 57
1727301143542 -0.0 58
1727301143575 -0.0 59
1727301143608 -0.0 60
1727301143641 -0.0 61
1727301143674 -0.0 62
1727301143707 -0.0 63
1727301143741 -0.0 64
1727301143775 -0.0 65
1727301143808 -0.0 66
1727301143842 -0.0 67
1727301143875 -0.0 68
1727301143909 -0.0 69
1727301143943 -0.0 70
1727301143976 -0.0 71
1727301144009 -0.0 72
1727301144042 -0.0 73
1727301144075 -0.0 74
1727301144108 -0.0 75
1727301144142 0.00581637118011713 76
1727301144176 -0.0 77
1727301144209 -0.0 78
1727301144244 -0.0 79
1727301144281 -0.0 80
1727301144316 0.013113150373101234 81
1727301144351 -0.0 82
1727301144386 -0.0 83
1727301144421 -0.0 84
1727301144455 2.2443733538324295e-09 85
1727301144491 0.010232275351881981 86
1727301144529 -0.0 87
1727301144563 8.977493415329718e-09 88
1727301144598 -0.0 89
1727301144633 -0.0 90
1727301144666 -0.0 91
1727301144698 -0.0 92
1727301144731 -0.0 93
1727301144764 -0.0 94
1727301144797 -0.0 95
1727301144831 -0.0 96
1727301144864 2.6003762698678656e-08 97
1727301144897 -0.0 98
1727301144931 -0.0 99
1727301144965 -0.0 100
1727301144998 0.00729385856539011 101
1727301145031 -0.0 102
1727301145064 -0.0 103
1727301145097 -0.0 104
1727301145131 -0.0 105
1727301145164 -0.0 106
1727301145198 -0.0 107
1727301145231 -0.0 108
1727301145264 -3.033774476079998e-08 109
1727301145298 -0.0 110
1727301145332 -0.0 111
1727301145366 -0.0 112
1727301145399 -0.0 113
1727301145432 -0.0 114
1727301145465 -0.0 115
1727301145498 -0.0 116
1727301145532 -0.0 117
1727301145565 0.018757639452815056 118
1727301145598 -0.0 119
1727301145632 -0.0 120
1727301145665 -0.0 121
1727301145699 -0.0 122
1727301145732 -0.0 123
1727301145765 -0.0 124
1727301145799 -0.0 125
1727301145832 -0.0 126
1727301145866 2.0947483747590923e-08 127
1727301145900 -0.0 128
1727301145935 -0.0 129
1727301145971 -0.0 130
1727301146006 -0.0 131
1727301146041 1.516886705132947e-08 132
1727301146076 -0.0 133
1727301146111 -0.0 134
1727301146147 -0.0 135
1727301146182 -0.0 136
1727301146217 -0.0 137
1727301146250 -0.0 138
1727301146284 -0.0 139
1727301146316 -0.0 140
1727301146349 0.04231572151184082 141
1727301146382 -0.0 142
1727301146415 -0.0 143
1727301146447 0.16696345806121826 144
1727301146480 -0.0 145
1727301146512 -0.0 146
1727301146545 -0.0 147
1727301146578 0.0024161043111234903 148
1727301146611 -0.0 149
1727301146646 -0.0 150
1727301146685 -0.0 151
1727301146720 -0.0 152
1727301146757 0.03369380533695221 153
1727301146791 -0.0 154
1727301146825 -0.0 155
1727301146859 -0.0 156
1727301146893 -0.0 157
1727301146927 2.8315196232142625e-07 158
1727301146961 0.02932288497686386 159
1727301146995 -0.0 160
1727301147028 -0.0 161
1727301147062 -0.0 162
1727301147096 -0.0 163
1727301147133 -0.0 164
1727301147170 -0.0 165
1727301147206 -0.0 166
1727301147242 -0.0 167
1727301147278 0.09945589303970337 168
1727301147313 -0.0 169
1727301147349 -0.0 170
1727301147386 -0.0 171
1727301147424 -0.0 172
1727301147459 -0.0 173
1727301147493 0.0190486591309309 174
1727301147527 -0.0 175
1727301147560 -0.0 176
1727301147593 0.11227710545063019 177
1727301147627 -0.0 178
1727301147660 -0.0 179
1727301147693 -0.0 180
1727301147727 -0.0 181
1727301147762 -0.0 182
1727301147813 0.03644343838095665 183
1727301147857 -0.0 184
1727301147897 -0.0 185
1727301147937 -7.584434413843155e-09 186
1727301147979 -0.0 187
1727301148021 0.01537763699889183 188
1727301148066 -0.0 189
1727301148110 -0.0 190
1727301148152 -0.0 191
1727301148196 0.023447919636964798 192
1727301148237 -0.0 193
1727301148279 -0.0 194
1727301148322 -0.0 195
1727301148363 -0.0 196
1727301148406 -0.0 197
1727301148449 -0.0 198
1727301148489 -0.0 199
1727301148533 -0.0 200
1727301148575 -0.0 201
1727301148618 -0.0 202
1727301148664 0.3875710070133209 203
1727301148708 -0.0 204
1727301148752 -0.0 205
1727301148795 -0.0 206
1727301148842 -0.0 207
1727301148885 -0.0 208
1727301148931 -0.0 209
1727301148982 0.028772689402103424 210
1727301149043 0.08845288306474686 211
1727301149106 0.17874351143836975 212
1727301149168 -0.0 213
1727301149229 -0.0 214
1727301149271 -0.0 215
1727301149316 -0.0 216
1727301149357 -0.0 217
1727301149397 0.014532916247844696 218
1727301149438 -0.0 219
1727301149478 -0.0 220
1727301149517 -0.0 221
1727301149556 -0.0 222
1727301149594 -0.0 223
1727301149630 -0.0 224
1727301149665 -0.0 225
1727301149703 -0.0 226
1727301149748 -1.0473742761973881e-08 227
1727301149787 -0.0 228
1727301149824 -0.0 229
1727301149861 -0.0 230
1727301149896 -0.0 231
1727301149932 -0.0 232
1727301149966 -0.0 233
1727301150002 -0.0 234
1727301150037 -0.0 235
1727301150073 0.20148316025733948 236
1727301150107 -0.0 237
1727301150142 -0.0 238
1727301150176 -0.0 239
1727301150209 0.01682618260383606 240
1727301150243 -0.0 241
1727301150277 -0.0 242
1727301150312 -0.0 243
1727301150347 -0.0 244
1727301150392 -0.0 245
1727301150431 -0.0 246
1727301150466 0.060708075761795044 247
1727301150499 0.003015661844983697 248
1727301150532 -0.0 249
1727301150566 0.04189687967300415 250
1727301150599 -0.0 251
1727301150633 -0.0 252
1727301150666 0.010172891430556774 253
1727301150700 -0.0 254
1727301150733 -0.0 255
1727301150769 -0.0 256
1727301150806 -0.0 257
1727301150841 0.40715596079826355 258
1727301150877 -0.0 259
1727301150913 -0.0 260
1727301150949 -0.0 261
1727301150985 -0.0 262
1727301151021 -0.0 263
1727301151058 -0.0 264
1727301151094 -0.0 265
1727301151129 0.008219501003623009 266
1727301151164 0.1249045729637146 267
1727301151203 -0.0 268
1727301151243 -0.0 269
1727301151286 -0.0 270
1727301151329 -0.0 271
1727301151368 -0.0 272
1727301151404 -0.0 273
1727301151440 -0.0 274
1727301151475 -0.0 275
1727301151510 0.007098495494574308 276
1727301151545 -0.0 277
1727301151580 -0.0 278
1727301151615 0.22830156981945038 279
1727301151659 -6.394884621840902e-14 280
1727301151704 -0.0 281
1727301151751 -0.0 282
1727301151797 -0.0 283
1727301151845 -0.0 284
1727301151896 -0.0 285
1727301151945 -0.0 286
1727301151992 -0.0 287
1727301152046 -0.0 288
1727301152095 -0.0 289
1727301152142 -0.0 290
1727301152188 -0.0 291
1727301152226 -0.0 292
1727301152272 -0.0 293
1727301152317 -0.0 294
1727301152359 -0.0 295
1727301152401 -0.0 296
1727301152443 -0.0 297
1727301152485 -0.0 298
1727301152527 -0.0 299
1727301152568 -0.0 300
1727301152609 -0.0 301
1727301152649 -0.0 302
1727301152686 -0.0 303
