1727301141520 2.014693021774292 0
1727301141556 2.014693021774292 1
1727301141591 2.014693021774292 2
1727301141626 2.014693021774292 3
1727301141662 2.014693021774292 4
1727301141696 2.014693021774292 5
1727301141730 2.014693021774292 6
1727301141765 2.014693021774292 7
1727301141801 2.014693021774292 8
1727301141836 2.014693021774292 9
1727301141870 2.014693021774292 10
1727301141904 2.014693021774292 11
1727301141944 2.014693021774292 12
1727301141980 2.014693021774292 13
1727301142015 2.014693021774292 14
1727301142060 2.014693021774292 15
1727301142100 2.014693021774292 16
1727301142136 2.014693021774292 17
1727301142171 2.014693021774292 18
1727301142207 2.014693021774292 19
1727301142244 2.014693021774292 20
1727301142281 2.014693021774292 21
1727301142316 2.014693021774292 22
1727301142351 2.014693021774292 23
1727301142386 2.014693021774292 24
1727301142422 2.014693021774292 25
1727301142457 2.014693021774292 26
1727301142491 2.014693021774292 27
1727301142526 2.014693021774292 28
1727301142562 2.014693021774292 29
1727301142596 2.014693021774292 30
1727301142632 2.014693021774292 31
1727301142667 2.014693021774292 32
1727301142702 2.014693021774292 33
1727301142735 2.014693021774292 34
1727301142768 2.014693021774292 35
1727301142801 2.014693021774292 36
1727301142834 2.014693021774292 37
1727301142867 2.014693021774292 38
1727301142901 2.014693021774292 39
1727301142933 2.014693021774292 40
1727301142966 2.014693021774292 41
1727301142998 2.014693021774292 42
1727301143032 2.014693021774292 43
1727301143065 2.014693021774292 44
1727301143098 2.014693021774292 45
1727301143134 2.014693021774292 46
1727301143169 2.014693021774292 47
1727301143207 2.014693021774292 48
1727301143242 2.014693021774292 49
1727301143279 2.014693021774292 50
1727301143311 2.014693021774292 51
1727301143345 2.014693021774292 52
1727301143378 2.014693021774292 53
1727301143411 2.014693021774292 54
1727301143445 2.014693021774292 55
1727301143478 2.014693021774292 56
1727301143513 2.014693021774292 57
1727301143546 2.014693021774292 58
1727301143579 2.014693021774292 59
1727301143612 2.014693021774292 60
1727301143645 2.014693021774292 61
1727301143677 2.014693021774292 62
1727301143710 2.014693021774292 63
1727301143744 2.014693021774292 64
1727301143778 2.014693021774292 65
1727301143812 2.014693021774292 66
1727301143845 2.014693021774292 67
1727301143879 2.014693021774292 68
1727301143913 2.014693021774292 69
1727301143946 2.014693021774292 70
1727301143979 2.014693021774292 71
1727301144013 2.014693021774292 72
1727301144045 2.014693021774292 73
1727301144078 2.014693021774292 74
1727301144111 2.014693021774292 75
1727301144146 2.014693021774292 76
1727301144179 2.014693021774292 77
1727301144212 2.014693021774292 78
1727301144248 2.014693021774292 79
1727301144285 2.014693021774292 80
1727301144319 2.014693021774292 81
1727301144355 2.014693021774292 82
1727301144389 2.014693021774292 83
1727301144424 2.014693021774292 84
1727301144458 2.014693021774292 85
1727301144495 2.014693021774292 86
1727301144532 2.014693021774292 87
1727301144567 2.014693021774292 88
1727301144601 2.014693021774292 89
1727301144636 2.014693021774292 90
1727301144669 2.014693021774292 91
1727301144702 2.014693021774292 92
1727301144734 2.014693021774292 93
1727301144767 2.014693021774292 94
1727301144801 2.014693021774292 95
1727301144835 2.014693021774292 96
1727301144868 2.014693021774292 97
1727301144901 2.014693021774292 98
1727301144935 2.014693021774292 99
1727301144968 2.014693021774292 100
1727301145001 2.014693021774292 101
1727301145034 2.014693021774292 102
1727301145067 2.014693021774292 103
1727301145100 2.014693021774292 104
1727301145134 2.014693021774292 105
1727301145168 2.014693021774292 106
1727301145201 2.014693021774292 107
1727301145235 2.014693021774292 108
1727301145268 2.014693021774292 109
1727301145302 2.014693021774292 110
1727301145335 2.014693021774292 111
1727301145369 2.014693021774292 112
1727301145403 2.014693021774292 113
1727301145436 2.014693021774292 114
1727301145468 2.014693021774292 115
1727301145501 2.014693021774292 116
1727301145535 2.014693021774292 117
1727301145569 2.014693021774292 118
1727301145602 2.014693021774292 119
1727301145636 2.014693021774292 120
1727301145669 2.014693021774292 121
1727301145703 2.014693021774292 122
1727301145736 2.014693021774292 123
1727301145769 2.014693021774292 124
1727301145802 2.014693021774292 125
1727301145836 2.014693021774292 126
1727301145869 2.014693021774292 127
1727301145903 2.014693021774292 128
1727301145939 2.014693021774292 129
1727301145975 2.014693021774292 130
1727301146010 2.014693021774292 131
1727301146045 2.014693021774292 132
1727301146080 2.014693021774292 133
1727301146115 2.014693021774292 134
1727301146151 2.014693021774292 135
1727301146185 2.014693021774292 136
1727301146221 2.014693021774292 137
1727301146254 2.014693021774292 138
1727301146287 2.014693021774292 139
1727301146320 2.014693021774292 140
1727301146352 2.014693021774292 141
1727301146385 2.014693021774292 142
1727301146418 2.014693021774292 143
1727301146451 2.014693021774292 144
1727301146483 2.014693021774292 145
1727301146515 2.014693021774292 146
1727301146549 2.014693021774292 147
1727301146581 2.014693021774292 148
1727301146614 2.014693021774292 149
1727301146651 2.014693021774292 150
1727301146689 2.014693021774292 151
1727301146724 2.014693021774292 152
1727301146760 2.014693021774292 153
1727301146794 2.014693021774292 154
1727301146828 2.014693021774292 155
1727301146862 2.014693021774292 156
1727301146896 2.014693021774292 157
1727301146931 2.014693021774292 158
1727301146965 2.014693021774292 159
1727301146998 2.014693021774292 160
1727301147032 2.014693021774292 161
1727301147065 2.014693021774292 162
1727301147099 2.014693021774292 163
1727301147136 2.014693021774292 164
1727301147174 2.014693021774292 165
1727301147210 2.014693021774292 166
1727301147246 2.014693021774292 167
1727301147281 2.014693021774292 168
1727301147317 2.014693021774292 169
1727301147353 2.014693021774292 170
1727301147390 2.014693021774292 171
1727301147428 2.014693021774292 172
1727301147462 2.014693021774292 173
1727301147496 2.014693021774292 174
1727301147530 2.014693021774292 175
1727301147563 2.014693021774292 176
1727301147597 2.014693021774292 177
1727301147630 2.014693021774292 178
1727301147663 2.014693021774292 179
1727301147697 2.014693021774292 180
1727301147730 2.014693021774292 181
1727301147769 2.014693021774292 182
1727301147817 2.014693021774292 183
1727301147861 2.014693021774292 184
1727301147901 2.014693021774292 185
1727301147942 2.014693021774292 186
1727301147983 2.014693021774292 187
1727301148025 2.014693021774292 188
1727301148071 2.014693021774292 189
1727301148114 2.014693021774292 190
1727301148157 2.014693021774292 191
1727301148200 2.014693021774292 192
1727301148241 2.014693021774292 193
1727301148284 2.014693021774292 194
1727301148326 2.014693021774292 195
1727301148368 2.014693021774292 196
1727301148410 2.014693021774292 197
1727301148453 2.014693021774292 198
1727301148494 2.014693021774292 199
1727301148537 2.014693021774292 200
1727301148579 2.014693021774292 201
1727301148623 2.014693021774292 202
1727301148669 2.014693021774292 203
1727301148713 2.014693021774292 204
1727301148756 2.014693021774292 205
1727301148800 2.014693021774292 206
1727301148846 2.014693021774292 207
1727301148889 2.014693021774292 208
1727301148936 2.014693021774292 209
1727301148989 2.014693021774292 210
1727301149049 2.014693021774292 211
1727301149113 2.014693021774292 212
1727301149174 2.014693021774292 213
1727301149233 2.014693021774292 214
1727301149275 2.014693021774292 215
1727301149320 2.014693021774292 216
1727301149361 2.014693021774292 217
1727301149401 2.014693021774292 218
1727301149442 2.014693021774292 219
1727301149482 2.014693021774292 220
1727301149521 2.014693021774292 221
1727301149560 2.014693021774292 222
1727301149597 2.014693021774292 223
1727301149634 2.014693021774292 224
1727301149668 2.014693021774292 225
1727301149707 2.014693021774292 226
1727301149752 2.014693021774292 227
1727301149792 2.014693021774292 228
1727301149828 2.014693021774292 229
1727301149864 2.014693021774292 230
1727301149900 2.014693021774292 231
1727301149935 2.014693021774292 232
1727301149970 2.014693021774292 233
1727301150006 2.014693021774292 234
1727301150041 2.014693021774292 235
1727301150077 2.014693021774292 236
1727301150111 2.014693021774292 237
1727301150146 2.014693021774292 238
1727301150179 2.014693021774292 239
1727301150213 2.014693021774292 240
1727301150247 2.014693021774292 241
1727301150281 2.014693021774292 242
1727301150315 2.014693021774292 243
1727301150352 2.014693021774292 244
1727301150397 2.014693021774292 245
1727301150435 2.014693021774292 246
1727301150469 2.014693021774292 247
1727301150503 2.014693021774292 248
1727301150536 2.014693021774292 249
1727301150570 2.014693021774292 250
1727301150603 2.014693021774292 251
1727301150636 2.014693021774292 252
1727301150670 2.014693021774292 253
1727301150703 2.014693021774292 254
1727301150737 2.014693021774292 255
1727301150773 2.014693021774292 256
1727301150810 2.014693021774292 257
1727301150845 2.014693021774292 258
1727301150881 2.014693021774292 259
1727301150916 2.014693021774292 260
1727301150953 2.014693021774292 261
1727301150989 2.014693021774292 262
1727301151025 2.014693021774292 263
1727301151062 2.014693021774292 264
1727301151097 2.014693021774292 265
1727301151133 2.014693021774292 266
1727301151168 2.014693021774292 267
1727301151207 2.014693021774292 268
1727301151247 2.014693021774292 269
1727301151291 2.014693021774292 270
1727301151334 2.014693021774292 271
1727301151372 2.014693021774292 272
1727301151408 2.014693021774292 273
1727301151444 2.014693021774292 274
1727301151479 2.014693021774292 275
1727301151513 2.014693021774292 276
1727301151549 2.014693021774292 277
1727301151583 2.014693021774292 278
1727301151619 2.014693021774292 279
1727301151663 2.014693021774292 280
1727301151709 2.014693021774292 281
1727301151755 2.014693021774292 282
1727301151802 2.014693021774292 283
1727301151849 2.014693021774292 284
1727301151901 2.014693021774292 285
1727301151950 2.014693021774292 286
1727301151998 2.014693021774292 287
1727301152051 2.014693021774292 288
1727301152100 2.014693021774292 289
1727301152147 2.014693021774292 290
1727301152191 2.014693021774292 291
1727301152230 2.014693021774292 292
1727301152277 2.014693021774292 293
1727301152321 2.014693021774292 294
1727301152364 2.014693021774292 295
1727301152405 2.014693021774292 296
1727301152447 2.014693021774292 297
1727301152489 2.014693021774292 298
1727301152531 2.014693021774292 299
1727301152573 2.014693021774292 300
1727301152613 2.014693021774292 301
1727301152653 2.014693021774292 302
1727301152690 2.014693021774292 303
