1726237901433 2e-05 0
1726237901473 1.6721795797348022 1
1726237901512 2.2774219512939453 2
1726237901552 2.0159528255462646 3
1726237901592 1.4142135381698608 4
1726237901630 2.3276212215423584 5
1726237901669 1.8469717502593994 6
1726237901707 2.099026918411255 7
1726237901748 1.7541002035140991 8
1726237901788 1.9022222757339478 9
1726237901832 1.4766684770584106 10
1726237901872 1.5912941694259644 11
1726237901914 1.4405665397644043 12
1726237901953 2.2747039794921875 13
1726237901994 1.734933614730835 14
1726237902034 2.2383017539978027 15
1726237902073 1.482511281967163 16
1726237902114 2.0719563961029053 17
1726237902154 1.8240381479263306 18
1726237902193 2.469719648361206 19
1726237902233 2.749282121658325 20
1726237902272 1.6987216472625732 21
1726237902313 1.9862775802612305 22
1726237902353 2.671491861343384 23
1726237902393 1.8949602842330933 24
1726237902432 1.0565683841705322 25
1726237902472 1.0126821994781494 26
1726237902511 2.1416454315185547 27
1726237902550 1.951218605041504 28
1726237902591 1.684632658958435 29
1726237902631 2.0349886417388916 30
1726237902670 1.607174277305603 31
1726237902711 1.4512670040130615 32
1726237902750 2.4494898319244385 33
1726237902789 1.424399971961975 34
1726237902830 2.644132614135742 35
1726237902870 1.9828102588653564 36
1726237902912 2.30165958404541 37
1726237902952 0.27513015270233154 38
1726237902993 1.5633388757705688 39
1726237903031 2.106522560119629 40
1726237903071 1.9923453330993652 41
1726237903112 1.873366355895996 42
1726237903151 2.289658546447754 43
1726237903219 2.8011314868927 44
1726237903258 2.4494898319244385 45
1726237903297 2.576150894165039 46
1726237903338 1.854830265045166 47
1726237903377 2.2749009132385254 48
1726237903415 2.29776668548584 49
1726237903454 1.77238929271698 50
1726237903494 0.27103710174560547 51
1726237903537 1.9183118343353271 52
1726237903580 2.439460277557373 53
1726237903626 2.000864267349243 54
1726237903670 2.0 55
1726237903712 0.8362703919410706 56
1726237903762 2.1240878105163574 57
1726237903819 1.5965967178344727 58
1726237903884 1.6454315185546875 59
1726237903941 1.3908809423446655 60
1726237903998 2.6698880195617676 61
1726237904055 1.3733257055282593 62
1726237904110 2.048644542694092 63
1726237904165 1.6549997329711914 64
1726237904224 2.556654214859009 65
1726237904290 2.0 66
1726237904350 2.4522881507873535 67
1726237904408 1.4503873586654663 68
1726237904468 1.836185336112976 69
1726237904544 1.9445232152938843 70
1726237904602 1.4311671257019043 71
1726237904665 1.911786675453186 72
1726237904720 1.9287641048431396 73
1726237904775 2.016234874725342 74
1726237904827 1.4142135381698608 75
1726237904879 1.4142135381698608 76
1726237904931 2.4494898319244385 77
1726237904983 2.0002009868621826 78
1726237905039 1.9901502132415771 79
1726237905102 2.4494898319244385 80
1726237905155 1.4142135381698608 81
1726237905202 2.145517587661743 82
1726237905248 1.2798047065734863 83
1726237905292 2.2586119174957275 84
1726237905338 2.8284270763397217 85
1726237905400 2.0 86
1726237905446 2.0 87
1726237905499 2.017307758331299 88
1726237905549 2.3953628540039062 89
1726237905591 2.4444470405578613 90
1726237905634 1.6779711246490479 91
1726237905678 2.0376999378204346 92
1726237905729 1.8218246698379517 93
1726237905777 1.4142135381698608 94
1726237905836 1.563357949256897 95
1726237905886 1.9007059335708618 96
1726237905925 2.4628703594207764 97
1726237905964 2.4746062755584717 98
1726237906003 2.1842868328094482 99
1726237906042 1.831652283668518 100
1726237906082 2.243668794631958 101
1726237906121 1.3111730813980103 102
1726237906160 0.5650394558906555 103
1726237906199 2.0243680477142334 104
1726237906239 2.0 105
1726237906280 1.9302647113800049 106
1726237906320 1.8962311744689941 107
1726237906361 2.063464641571045 108
1726237906401 2.3926854133605957 109
1726237906439 1.866929531097412 110
1726237906479 1.193832278251648 111
1726237906519 2.0 112
1726237906558 2.110668897628784 113
1726237906600 2.1519787311553955 114
1726237906640 1.5664914846420288 115
1726237906679 0.8639310002326965 116
1726237906719 2.3374016284942627 117
1726237906758 2.0 118
1726237906796 1.9181323051452637 119
1726237906838 2.452347755432129 120
1726237906877 2.8284270763397217 121
1726237906919 2.4494898319244385 122
1726237906965 2.4494898319244385 123
