1726237901437 2e-05 0
1726237901477 -0.058600544929504395 1
1726237901516 0.04634976387023926 2
1726237901557 -0.045207858085632324 3
1726237901596 0.024050593376159668 4
1726237901634 0.0307919979095459 5
1726237901673 -0.01744973659515381 6
1726237901712 -0.00596773624420166 7
1726237901752 0.002887129783630371 8
1726237901793 -0.029169082641601562 9
1726237901837 0.04485678672790527 10
1726237901877 -0.018708467483520508 11
1726237901918 -0.008173823356628418 12
1726237901958 -0.049067139625549316 13
1726237901998 0.08593034744262695 14
1726237902038 -0.03593027591705322 15
1726237902078 -0.008143782615661621 16
1726237902118 -0.023145318031311035 17
1726237902158 0.04923808574676514 18
1726237902197 -0.013151884078979492 19
1726237902237 -0.004797101020812988 20
1726237902277 -0.020640254020690918 21
1726237902317 0.06111633777618408 22
1726237902357 0.010960698127746582 23
1726237902397 -0.03876996040344238 24
1726237902436 -0.0024192333221435547 25
1726237902476 0.02089977264404297 26
1726237902516 -0.06563639640808105 27
1726237902555 0.01387643814086914 28
1726237902595 0.06845664978027344 29
1726237902636 -0.01655101776123047 30
1726237902675 -0.0359572172164917 31
1726237902715 -0.0193864107131958 32
1726237902755 0.024050593376159668 33
1726237902793 -0.033342957496643066 34
1726237902834 0.06059110164642334 35
1726237902874 -0.0012987852096557617 36
1726237902917 -0.01922607421875 37
1726237902957 -0.006033539772033691 38
1726237902997 0.013169407844543457 39
1726237903036 -0.002293229103088379 40
1726237903075 0.012041091918945312 41
1726237903117 0.0035680532455444336 42
1726237903156 -0.03998732566833496 43
1726237903223 -0.011238336563110352 44
1726237903263 0.0 45
1726237903302 0.07295751571655273 46
1726237903342 -0.030034780502319336 47
1726237903381 0.004618406295776367 48
1726237903420 0.00897681713104248 49
1726237903459 -0.060421109199523926 50
1726237903499 0.0021938085556030273 51
1726237903541 0.0017093420028686523 52
1726237903584 0.02584552764892578 53
1726237903630 -0.02584552764892578 54
1726237903675 0.04999995231628418 55
1726237903717 -0.01619410514831543 56
1726237903768 0.0001666545867919922 57
1726237903826 0.016027450561523438 58
1726237903890 -0.057640671730041504 59
1726237903948 0.03030693531036377 60
1726237904004 -0.022666215896606445 61
1726237904061 0.03462839126586914 62
1726237904116 0.012391805648803711 63
1726237904172 -0.04245352745056152 64
1726237904231 0.01948392391204834 65
1726237904298 -0.019478321075439453 66
1726237904356 0.054427266120910645 67
1726237904415 -0.032009005546569824 68
1726237904476 -3.0279159545898438e-05 69
1726237904552 0.01892101764678955 70
1726237904609 -0.04130899906158447 71
1726237904672 0.016295313835144043 72
1726237904726 -0.0343019962310791 73
1726237904781 -0.01251518726348877 74
1726237904833 0.05000019073486328 75
1726237904885 -0.024050593376159668 76
1726237904937 0.024050593376159668 77
1726237904989 -0.02049267292022705 78
1726237905047 0.0719294548034668 79
1726237905108 -0.07548737525939941 80
1726237905161 0.054572224617004395 81
1726237905207 0.016796469688415527 82
1726237905253 -0.06781721115112305 83
1726237905297 0.05102074146270752 84
1726237905346 0.0 85
1726237905405 -0.04999995231628418 86
1726237905451 0.038350462913513184 87
1726237905504 0.021922588348388672 88
1726237905554 -0.012764334678649902 89
1726237905596 -0.013954758644104004 90
1726237905639 -0.003942012786865234 91
1726237905682 0.03411996364593506 92
1726237905735 -0.06830418109893799 93
1726237905784 0.054572224617004395 94
1726237905843 -0.012390971183776855 95
1726237905891 0.012390971183776855 96
1726237905930 -0.011067748069763184 97
1726237905968 -0.0023447275161743164 98
1726237906007 -0.012609601020812988 99
1726237906046 -0.023046493530273438 100
1726237906086 -0.0020575523376464844 101
1726237906125 -0.002487659454345703 102
1726237906165 0.010582447052001953 103
1726237906204 -0.011540889739990234 104
1726237906244 0.04999995231628418 105
1726237906285 -0.044683218002319336 106
1726237906325 0.044683218002319336 107
1726237906365 -0.02539348602294922 108
1726237906405 0.024234771728515625 109
1726237906444 -0.022562265396118164 110
1726237906483 0.023720979690551758 111
1726237906524 0.004572272300720215 112
1726237906563 -0.014600872993469238 113
1726237906604 -0.012299776077270508 114
1726237906644 0.04063296318054199 115
1726237906683 -0.0023217201232910156 116
1726237906723 0.009504556655883789 117
1726237906763 -0.051436781883239746 118
1726237906801 0.025501728057861328 119
1726237906842 -0.049552321434020996 120
1726237906883 -0.025949478149414062 121
1726237906924 0.05000007152557373 122
1726237906970 -0.05000007152557373 123
