1727304069658 2e-05 0
1727304069693 -0.18690729141235352 1
1727304069727 0.04047250747680664 2
1727304069762 -0.170784592628479 3
1727304069797 0.23891222476959229 4
1727304069831 -0.18624162673950195 5
1727304069866 0.07400202751159668 6
1727304069901 -0.15512371063232422 7
1727304069938 0.06282329559326172 8
1727304069974 4.652094602584839 9
1727304070009 -4.469600200653076 10
1727304070045 -0.18132758140563965 11
1727304070080 0.06617951393127441 12
1727304070115 0.01494908332824707 13
1727304070151 -0.003879070281982422 14
1727304070187 -0.023373842239379883 15
1727304070223 -0.0487978458404541 16
1727304070259 0.05990433692932129 17
1727304070296 4.029455661773682 18
1727304070332 -4.067918539047241 19
1727304070368 0.1375257968902588 20
1727304070403 -0.161574125289917 21
1727304070439 0.10583162307739258 22
1727304070474 -0.01729297637939453 23
1727304070509 -0.01912403106689453 24
1727304070545 -0.021471500396728516 25
1727304070581 -0.15142273902893066 26
1727304070616 0.27946996688842773 27
1727304070651 -0.018647432327270508 28
1727304070685 -0.019325971603393555 29
1727304070721 4.731261253356934 30
1727304070756 -4.789473533630371 31
1727304070792 0.16856169700622559 32
1727304070829 -0.21316790580749512 33
1727304070865 -0.1297701597213745 34
1727304070901 0.20245444774627686 35
1727304070937 -0.015616655349731445 36
1727304070973 -0.05710482597351074 37
1727304071008 -0.040625810623168945 38
1727304071043 -0.09490561485290527 39
1727304071078 0.14476656913757324 40
1727304071114 -0.10004186630249023 41
1727304071149 0.13873720169067383 42
1727304071184 -0.05029296875 43
1727304071220 -0.8331228494644165 44
1727304071255 0.9444912672042847 45
1727304071291 -0.0638740062713623 46
1727304071325 -0.02637338638305664 47
1727304071360 0.03977537155151367 48
1727304071395 -0.16733431816101074 49
1727304071429 0.13638949394226074 50
1727304071464 0.023726940155029297 51
1727304071500 -0.21303164958953857 52
1727304071535 0.2968844175338745 53
1727304071570 -0.2588975429534912 54
1727304071604 0.17438125610351562 55
1727304071640 -0.03075551986694336 56
1727304071674 -0.0191805362701416 57
1727304071710 0.10461854934692383 58
1727304071746 -0.037378787994384766 59
1727304071784 -0.051276206970214844 60
1727304071822 0.03482675552368164 61
1727304071858 0.00982356071472168 62
1727304071897 -0.022090435028076172 63
1727304071938 0.05101370811462402 64
1727304072000 0.011902570724487305 65
1727304072036 0.03553152084350586 66
1727304072070 0.010319948196411133 67
1727304072107 -0.04374504089355469 68
1727304072145 0.012483358383178711 69
1727304072182 -0.12109780311584473 70
1727304072219 0.031125545501708984 71
1727304072253 0.0732579231262207 72
1727304072287 -0.15389633178710938 73
1727304072320 0.12685394287109375 74
1727304072355 -0.17896807193756104 75
1727304072390 0.2432798147201538 76
1727304072425 -0.09774947166442871 77
1727304072459 0.017438173294067383 78
1727304072493 3.813967227935791 79
1727304072528 -3.9063360691070557 80
1727304072565 3.9063360691070557 81
1727304072609 -3.9748775959014893 82
1727304072644 0.021129965782165527 83
1727304072679 0.07302200794219971 84
1727304072715 0.14515447616577148 85
1727304072754 -0.1824510097503662 86
1727304072794 -0.2115459442138672 87
1727304072830 0.3764767646789551 88
1727304072867 0.06899428367614746 89
1727304072906 -0.25918591022491455 90
1727304072943 -0.04813194274902344 91
1727304072980 -0.15020108222961426 92
1727304073017 0.33055317401885986 93
1727304073053 -0.06211519241333008 94
1727304073092 -0.020038843154907227 95
1727304073130 4.705660104751587 96
1727304073168 -4.675605058670044 97
1727304073203 0.10353565216064453 98
1727304073238 -0.12253832817077637 99
1727304073274 0.15488314628601074 100
1727304073310 -0.08287715911865234 101
1727304073346 0.03022480010986328 102
1727304073383 0.04980611801147461 103
1727304073417 -0.20933818817138672 104
1727304073452 0.07204031944274902 105
1727304073488 0.06718182563781738 106
1727304073524 -0.046506404876708984 107
1727304073559 0.06455135345458984 108
1727304073595 -0.3257877826690674 109
1727304073632 0.24981141090393066 110
1727304073667 -0.0560760498046875 111
1727304073702 0.0396418571472168 112
1727304073738 -0.010387420654296875 113
1727304073777 0.1923508644104004 114
1727304073815 -0.07503962516784668 115
1727304073853 4.558860778808594 116
1727304073891 -4.576297760009766 117
1727304073929 -0.01886773109436035 118
1727304073967 -0.07796549797058105 119
1727304074002 0.051041603088378906 120
1727304074037 4.016762733459473 121
1727304074072 -4.137091398239136 122
1727304074107 0.004014849662780762 123
1727304074143 0.09192168712615967 124
1727304074178 -0.27807044982910156 125
1727304074215 0.1423053741455078 126
1727304074253 4.278191566467285 127
1727304074291 -4.092491865158081 128
1727304074326 -0.16825318336486816 129
1727304074363 0.12111759185791016 130
1727304074399 0.061121225357055664 131
1727304074434 0.020740032196044922 132
1727304074469 -0.06930184364318848 133
1727304074504 -0.09890198707580566 134
1727304074540 -0.11135673522949219 135
1727304074575 0.17982792854309082 136
1727304074611 0.08300924301147461 137
1727304074647 0.05605292320251465 138
1727304074682 -0.030355453491210938 139
1727304074717 -0.2085707187652588 140
1727304074753 0.16114354133605957 141
1727304074790 -0.008205413818359375 142
1727304074826 -0.27906501293182373 143
1727304074863 -0.09897339344024658 144
1727304074898 0.3562908172607422 145
1727304074937 0.034346818923950195 146
1727304074972 -0.6861062049865723 147
1727304075008 -0.2156308889389038 148
1727304075043 0.8288456201553345 149
1727304075082 -0.08770871162414551 150
1727304075118 0.0675661563873291 151
1727304075153 0.1357884407043457 152
1727304075188 0.044928789138793945 153
1727304075224 -0.9894202947616577 154
1727304075258 3.7670135498046875e-05 155
1727304075294 0.9277695417404175 156
1727304075329 -0.11856412887573242 157
1727304075367 0.06895852088928223 158
1727304075402 -0.013082027435302734 159
1727304075439 -0.018874645233154297 160
1727304075475 0.1011190414428711 161
1727304075512 -0.17903947830200195 162
1727304075549 -0.06691527366638184 163
1727304075585 4.005033016204834 164
1727304075623 -3.7838125228881836 165
1727304075660 -0.02957749366760254 166
1727304075696 -0.12985765933990479 167
1727304075749 0.22346818447113037 168
1727304075789 -0.08409428596496582 169
1727304075823 -0.21606290340423584 170
1727304075858 0.2155061960220337 171
1727304075893 -0.9020117521286011 172
1727304075929 0.7761768102645874 173
1727304075965 0.16424822807312012 174
1727304075999 -0.0932769775390625 175
1727304076034 0.10209488868713379 176
1727304076068 -0.07923221588134766 177
1727304076104 -0.2532508373260498 178
1727304076139 0.06761085987091064 179
1727304076176 0.07184970378875732 180
1727304076213 3.9502217769622803 181
1727304076251 -3.9664151668548584 182
1727304076290 0.05935525894165039 183
1727304076328 0.15130043029785156 184
1727304076365 -0.04227757453918457 185
1727304076402 4.041126251220703 186
1727304076438 -3.9561009407043457 187
1727304076475 -0.43648862838745117 188
1727304076511 0.2896542549133301 189
1727304076550 0.001577138900756836 190
1727304076588 0.03430628776550293 191
1727304076624 0.14561820030212402 192
1727304076660 -0.22575664520263672 193
1727304076707 0.006498813629150391 194
1727304076752 -0.06983304023742676 195
1727304076791 0.16344523429870605 196
1727304076830 -0.19520831108093262 197
1727304076871 -0.04687011241912842 198
1727304076911 0.25054657459259033 199
1727304076952 0.048215389251708984 200
1727304076995 3.9331552982330322 201
1727304077037 -4.030832529067993 202
1727304077083 -0.1480414867401123 203
1727304077127 0.18432879447937012 204
1727304077171 0.009055614471435547 205
1727304077214 -0.04613995552062988 206
1727304077256 4.088870048522949 207
1727304077298 -4.161124229431152 208
1727304077341 -0.1345202922821045 209
1727304077385 4.052555322647095 210
1727304077428 -3.847834587097168 211
1727304077467 -0.05847954750061035 212
1727304077507 0.031221628189086914 213
1727304077546 0.09438920021057129 214
1727304077585 0.0461580753326416 215
1727304077622 -0.06810426712036133 216
1727304077659 -0.17097508907318115 217
1727304077696 0.2309209108352661 218
1727304077734 -0.07292747497558594 219
1727304077770 -0.18042469024658203 220
1727304077809 0.21462130546569824 221
1727304077848 -0.11680054664611816 222
1727304077888 -0.07641613483428955 223
1727304077930 0.08262932300567627 224
1727304077976 3.892021894454956 225
1727304078015 -3.79024076461792 226
1727304078053 -0.2863137722015381 227
1727304078091 0.1623377799987793 228
1727304078129 0.09088420867919922 229
1727304078166 0.08625173568725586 230
1727304078203 0.01036381721496582 231
1727304078238 -0.10055780410766602 232
1727304078274 0.07431626319885254 233
1727304078311 -0.09855318069458008 234
1727304078348 -0.20515155792236328 235
1727304078384 0.21464133262634277 236
1727304078420 0.03226304054260254 237
1727304078456 0.028319597244262695 238
1727304078492 0.07313275337219238 239
1727304078528 -0.07926583290100098 240
1727304078566 -0.16248774528503418 241
1727304078602 -0.4639549255371094 242
1727304078637 0.6296801567077637 243
1727304078671 -0.16648590564727783 244
1727304078708 -0.06323826313018799 245
1727304078743 0.04241752624511719 246
1727304078779 0.14498138427734375 247
1727304078815 -0.010268449783325195 248
1727304078850 4.080017805099487 249
1727304078884 9.993297576904297 250
1727304078920 -14.08137059211731 251
1727304078955 0.03527212142944336 252
1727304078992 -0.035657644271850586 253
1727304079028 0.05563044548034668 254
1727304079064 -0.049111366271972656 255
1727304079100 -0.8675919771194458 256
1727304079137 0.8908113241195679 257
1727304079174 -0.0938410758972168 258
1727304079210 0.05417990684509277 259
1727304079246 0.037987709045410156 260
1727304079282 0.01766347885131836 261
1727304079318 -0.02282094955444336 262
1727304079353 0.09885811805725098 263
1727304079390 3.909452438354492 264
1727304079425 -4.0400378704071045 265
1727304079461 -0.03465151786804199 266
1727304079497 3.888840675354004 267
1727304079532 -3.965861201286316 268
1727304079568 0.09408080577850342 269
1727304079604 -0.1094052791595459 270
1727304079640 -0.013410568237304688 271
1727304079676 0.01284635066986084 272
1727304079711 0.10698282718658447 273
1727304079747 0.12171387672424316 274
1727304079783 -0.08885598182678223 275
1727304079819 -0.06784677505493164 276
1727304079856 -0.7298239469528198 277
1727304079892 -0.06686234474182129 278
1727304079927 3.7670135498046875e-05 279
1727304079963 -3.3020973205566406e-05 280
1727304079999 3.7670135498046875e-05 281
1727304080033 0.925696611404419 282
1727304080070 8.672993898391724 283
1727304080106 -8.696099042892456 284
1727304080142 0.017345666885375977 285
1727304080177 0.014556646347045898 286
1727304080212 0.06669044494628906 287
1727304080247 -0.0953061580657959 288
1727304080282 -0.8045997619628906 289
1727304080317 -0.0003794431686401367 290
1727304080353 -0.10094118118286133 291
1727304080388 3.7670135498046875e-05 292
1727304080423 -3.3020973205566406e-05 293
1727304080457 3.7670135498046875e-05 294
1727304080492 -4.2319297790527344e-05 295
1727304080528 3.7670135498046875e-05 296
1727304080564 -3.3020973205566406e-05 297
1727304080601 3.7670135498046875e-05 298
1727304080637 -4.2319297790527344e-05 299
1727304080671 3.7670135498046875e-05 300
1727304080708 -3.3020973205566406e-05 301
1727304080744 3.7670135498046875e-05 302
1727304080780 -4.2319297790527344e-05 303
1727304080816 3.7670135498046875e-05 304
1727304080853 -3.3020973205566406e-05 305
1727304080889 3.7670135498046875e-05 306
1727304080926 -4.2319297790527344e-05 307
1727304080962 3.7670135498046875e-05 308
1727304080998 -3.3020973205566406e-05 309
1727304081033 3.7670135498046875e-05 310
1727304081068 0.7039906978607178 311
1727304081104 0.11079931259155273 312
1727304081139 0.15581536293029785 313
1727304081174 -0.07292723655700684 314
1727304081209 0.06234931945800781 315
1727304081244 -0.0925290584564209 316
1727304081280 0.06752133369445801 317
1727304081316 -0.024831056594848633 318
1727304081352 8.688501834869385 319
1727304081387 -8.86365520954132 320
1727304081422 0.18702971935272217 321
1727304081457 3.784334897994995 322
1727304081491 -3.8565866947174072 323
1727304081526 0.03993368148803711 324
1727304081563 0.0461270809173584 325
1727304081603 -0.0485224723815918 326
1727304081640 3.8190484046936035 327
1727304081676 10.236386775970459 328
1727304081711 -14.059413433074951 329
1727304081747 -0.02137017250061035 330
1727304081782 -0.028922557830810547 331
1727304081821 -0.8331228494644165 332
1727304081857 3.7670135498046875e-05 333
1727304081894 -3.3020973205566406e-05 334
1727304081930 3.7670135498046875e-05 335
1727304081966 -4.2319297790527344e-05 336
1727304082000 3.7670135498046875e-05 337
1727304082035 -3.3020973205566406e-05 338
1727304082072 3.7670135498046875e-05 339
1727304082110 -4.2319297790527344e-05 340
1727304082147 3.7670135498046875e-05 341
1727304082183 -3.3020973205566406e-05 342
1727304082220 3.7670135498046875e-05 343
1727304082256 -4.2319297790527344e-05 344
1727304082294 3.7670135498046875e-05 345
1727304082331 -3.3020973205566406e-05 346
1727304082368 3.7670135498046875e-05 347
1727304082404 -4.2319297790527344e-05 348
1727304082442 3.7670135498046875e-05 349
1727304082478 -3.3020973205566406e-05 350
1727304082512 3.7670135498046875e-05 351
1727304082547 -4.2319297790527344e-05 352
1727304082583 3.7670135498046875e-05 353
1727304082617 -3.3020973205566406e-05 354
1727304082652 3.7670135498046875e-05 355
1727304082686 0.9116489887237549 356
1727304082721 4.072331666946411 357
1727304082756 -4.25902247428894 358
1727304082791 0.13779234886169434 359
1727304082827 -0.03227877616882324 360
1727304082862 0.1081705093383789 361
1727304082897 -0.05512809753417969 362
1727304082931 0.008656501770019531 363
1727304082967 -0.09911561012268066 364
1727304083002 0.08136534690856934 365
1727304083037 -0.8744627237319946 366
1727304083072 3.7550926208496094e-05 367
1727304083108 -3.2901763916015625e-05 368
1727304083143 3.7670135498046875e-05 369
1727304083179 -4.2319297790527344e-05 370
1727304083215 3.7550926208496094e-05 371
1727304083252 -3.2901763916015625e-05 372
1727304083288 3.7670135498046875e-05 373
1727304083324 -4.2319297790527344e-05 374
1727304083359 3.7550926208496094e-05 375
1727304083396 -3.2901763916015625e-05 376
1727304083432 3.7670135498046875e-05 377
1727304083467 -4.2319297790527344e-05 378
1727304083503 3.7550926208496094e-05 379
1727304083538 -3.2901763916015625e-05 380
1727304083573 3.7670135498046875e-05 381
1727304083608 -4.2319297790527344e-05 382
1727304083644 3.7550926208496094e-05 383
1727304083680 -3.2901763916015625e-05 384
1727304083715 3.7670135498046875e-05 385
1727304083751 -4.2319297790527344e-05 386
1727304083790 3.7550926208496094e-05 387
1727304083826 -3.2901763916015625e-05 388
1727304083861 3.7670135498046875e-05 389
1727304083896 -4.2319297790527344e-05 390
1727304083931 3.7550926208496094e-05 391
1727304083967 -3.2901763916015625e-05 392
1727304084003 3.7670135498046875e-05 393
1727304084039 -4.2319297790527344e-05 394
1727304084075 3.7550926208496094e-05 395
1727304084113 -3.2901763916015625e-05 396
1727304084149 3.7670135498046875e-05 397
1727304084183 -4.2319297790527344e-05 398
1727304084219 3.7550926208496094e-05 399
1727304084255 -3.2901763916015625e-05 400
1727304084290 3.7670135498046875e-05 401
1727304084324 -4.2319297790527344e-05 402
1727304084360 3.7550926208496094e-05 403
1727304084396 -3.2901763916015625e-05 404
1727304084431 3.7670135498046875e-05 405
1727304084466 -4.2319297790527344e-05 406
1727304084509 3.7550926208496094e-05 407
1727304084556 -3.2901763916015625e-05 408
1727304084605 3.7670135498046875e-05 409
1727304084656 -4.2319297790527344e-05 410
1727304084711 3.7550926208496094e-05 411
1727304084764 -3.2901763916015625e-05 412
1727304084810 3.7670135498046875e-05 413
1727304084854 -4.2319297790527344e-05 414
1727304084899 3.7550926208496094e-05 415
1727304084944 -3.2901763916015625e-05 416
1727304084987 3.7670135498046875e-05 417
1727304085030 -4.2319297790527344e-05 418
1727304085074 3.7550926208496094e-05 419
1727304085119 -3.2901763916015625e-05 420
1727304085165 3.7670135498046875e-05 421
1727304085219 -4.2319297790527344e-05 422
1727304085264 3.7550926208496094e-05 423
1727304085310 -3.2901763916015625e-05 424
1727304085355 3.7670135498046875e-05 425
1727304085403 -4.2319297790527344e-05 426
1727304085450 3.7550926208496094e-05 427
1727304085498 -3.2901763916015625e-05 428
1727304085560 3.7670135498046875e-05 429
1727304085619 -4.2319297790527344e-05 430
1727304085673 3.7550926208496094e-05 431
1727304085728 -3.2901763916015625e-05 432
1727304085786 3.7670135498046875e-05 433
1727304085832 -4.2319297790527344e-05 434
1727304085871 3.7550926208496094e-05 435
1727304085911 -3.2901763916015625e-05 436
1727304085951 3.7670135498046875e-05 437
1727304085989 -4.2319297790527344e-05 438
1727304086026 3.7550926208496094e-05 439
1727304086066 -3.2901763916015625e-05 440
1727304086110 3.7670135498046875e-05 441
1727304086149 -4.2319297790527344e-05 442
1727304086187 3.7550926208496094e-05 443
1727304086225 -3.2901763916015625e-05 444
1727304086262 3.7670135498046875e-05 445
1727304086298 -4.2319297790527344e-05 446
1727304086336 3.7550926208496094e-05 447
1727304086384 -3.2901763916015625e-05 448
1727304086439 3.7670135498046875e-05 449
1727304086490 -4.2319297790527344e-05 450
1727304086541 3.7550926208496094e-05 451
1727304086582 -3.2901763916015625e-05 452
1727304086621 3.7670135498046875e-05 453
1727304086667 -4.2319297790527344e-05 454
1727304086707 3.7550926208496094e-05 455
1727304086745 -3.2901763916015625e-05 456
1727304086784 3.7670135498046875e-05 457
1727304086824 -4.2319297790527344e-05 458
1727304086862 3.7550926208496094e-05 459
1727304086899 -3.2901763916015625e-05 460
1727304086937 3.7670135498046875e-05 461
1727304086973 -4.2319297790527344e-05 462
1727304087010 3.7550926208496094e-05 463
1727304087046 -3.2901763916015625e-05 464
1727304087083 3.7670135498046875e-05 465
1727304087120 -4.2319297790527344e-05 466
1727304087157 3.7550926208496094e-05 467
1727304087194 -3.2901763916015625e-05 468
1727304087230 3.7670135498046875e-05 469
1727304087266 -4.2319297790527344e-05 470
1727304087302 3.7550926208496094e-05 471
1727304087339 -3.2901763916015625e-05 472
1727304087375 3.7670135498046875e-05 473
1727304087410 -4.2319297790527344e-05 474
1727304087448 3.7550926208496094e-05 475
1727304087486 -3.2901763916015625e-05 476
1727304087521 3.7670135498046875e-05 477
1727304087558 -4.2319297790527344e-05 478
1727304087595 3.7550926208496094e-05 479
1727304087632 -3.2901763916015625e-05 480
1727304087666 3.7670135498046875e-05 481
1727304087701 -4.2319297790527344e-05 482
1727304087736 3.7550926208496094e-05 483
1727304087772 -3.2901763916015625e-05 484
1727304087809 3.7670135498046875e-05 485
1727304087848 -4.2319297790527344e-05 486
1727304087887 3.7550926208496094e-05 487
1727304087929 -3.2901763916015625e-05 488
1727304087974 3.7670135498046875e-05 489
1727304088009 -4.2319297790527344e-05 490
1727304088045 3.7550926208496094e-05 491
1727304088080 -3.2901763916015625e-05 492
1727304088117 3.7670135498046875e-05 493
1727304088153 -4.2319297790527344e-05 494
1727304088189 3.7550926208496094e-05 495
1727304088225 -3.2901763916015625e-05 496
1727304088260 3.7670135498046875e-05 497
1727304088298 -4.2319297790527344e-05 498
1727304088348 3.7550926208496094e-05 499
1727304088385 -3.2901763916015625e-05 500
1727304088424 3.7670135498046875e-05 501
1727304088459 -4.2319297790527344e-05 502
1727304088493 3.7550926208496094e-05 503
1727304088528 -3.2901763916015625e-05 504
1727304088563 3.7670135498046875e-05 505
1727304088599 -4.2319297790527344e-05 506
1727304088635 3.7550926208496094e-05 507
1727304088670 -3.2901763916015625e-05 508
1727304088706 3.7670135498046875e-05 509
1727304088741 -4.2319297790527344e-05 510
1727304088777 3.7550926208496094e-05 511
1727304088813 -3.2901763916015625e-05 512
1727304088849 3.7670135498046875e-05 513
1727304088891 -4.2319297790527344e-05 514
1727304088938 3.7550926208496094e-05 515
1727304088990 -3.2901763916015625e-05 516
1727304089033 3.7670135498046875e-05 517
1727304089072 -4.2319297790527344e-05 518
1727304089113 3.7550926208496094e-05 519
1727304089151 -3.2901763916015625e-05 520
1727304089188 3.7670135498046875e-05 521
1727304089226 -4.2319297790527344e-05 522
1727304089262 3.7550926208496094e-05 523
1727304089299 -3.2901763916015625e-05 524
1727304089336 3.7670135498046875e-05 525
1727304089372 -4.2319297790527344e-05 526
1727304089408 3.7550926208496094e-05 527
1727304089445 -3.2901763916015625e-05 528
1727304089479 3.7670135498046875e-05 529
1727304089515 -4.2319297790527344e-05 530
1727304089554 3.7550926208496094e-05 531
1727304089593 -3.2901763916015625e-05 532
1727304089631 3.7670135498046875e-05 533
1727304089668 -4.2319297790527344e-05 534
1727304089705 3.7550926208496094e-05 535
1727304089740 -3.2901763916015625e-05 536
1727304089778 3.7670135498046875e-05 537
1727304089813 -4.2319297790527344e-05 538
1727304089848 3.7550926208496094e-05 539
1727304089883 -3.2901763916015625e-05 540
1727304089919 3.7670135498046875e-05 541
1727304089956 -4.2319297790527344e-05 542
1727304089992 3.7550926208496094e-05 543
1727304090027 -3.2901763916015625e-05 544
1727304090061 3.7670135498046875e-05 545
1727304090095 -4.2319297790527344e-05 546
1727304090131 3.7550926208496094e-05 547
1727304090166 -3.2901763916015625e-05 548
1727304090200 3.7670135498046875e-05 549
1727304090237 -4.2319297790527344e-05 550
1727304090276 3.7550926208496094e-05 551
1727304090311 -3.2901763916015625e-05 552
1727304090350 3.7670135498046875e-05 553
1727304090392 -4.2319297790527344e-05 554
1727304090449 3.7550926208496094e-05 555
1727304090495 -3.2901763916015625e-05 556
1727304090535 3.7670135498046875e-05 557
1727304090572 -4.2319297790527344e-05 558
1727304090609 3.7550926208496094e-05 559
1727304090647 -3.2901763916015625e-05 560
1727304090685 3.7670135498046875e-05 561
1727304090722 -4.2319297790527344e-05 562
1727304090760 3.7550926208496094e-05 563
1727304090798 -3.2901763916015625e-05 564
1727304090835 3.7670135498046875e-05 565
1727304090874 -4.2319297790527344e-05 566
1727304090911 3.7550926208496094e-05 567
1727304090952 -3.2901763916015625e-05 568
1727304090989 3.7670135498046875e-05 569
1727304091025 -4.2319297790527344e-05 570
1727304091061 3.7550926208496094e-05 571
1727304091101 -3.2901763916015625e-05 572
1727304091137 3.7670135498046875e-05 573
1727304091173 -4.2319297790527344e-05 574
1727304091209 3.7550926208496094e-05 575
1727304091243 -3.2901763916015625e-05 576
1727304091280 3.7670135498046875e-05 577
1727304091315 -4.2319297790527344e-05 578
1727304091350 3.7550926208496094e-05 579
1727304091385 -3.2901763916015625e-05 580
1727304091420 3.7670135498046875e-05 581
1727304091455 -4.2319297790527344e-05 582
1727304091490 3.7550926208496094e-05 583
1727304091527 -3.2901763916015625e-05 584
1727304091563 3.7670135498046875e-05 585
1727304091601 -4.2319297790527344e-05 586
1727304091638 3.7550926208496094e-05 587
1727304091683 -3.2901763916015625e-05 588
1727304091733 3.7670135498046875e-05 589
1727304091776 -4.2319297790527344e-05 590
1727304091818 3.7550926208496094e-05 591
1727304091860 -3.2901763916015625e-05 592
1727304091906 3.7670135498046875e-05 593
1727304091946 -4.2319297790527344e-05 594
1727304091988 3.7550926208496094e-05 595
1727304092030 -3.2901763916015625e-05 596
1727304092074 3.7670135498046875e-05 597
1727304092117 -4.2319297790527344e-05 598
1727304092159 3.7550926208496094e-05 599
1727304092202 -3.2901763916015625e-05 600
1727304092245 3.7670135498046875e-05 601
1727304092297 -4.2319297790527344e-05 602
1727304092355 3.7550926208496094e-05 603
1727304092399 -3.2901763916015625e-05 604
1727304092440 3.7670135498046875e-05 605
1727304092481 -4.2319297790527344e-05 606
1727304092521 3.7550926208496094e-05 607
1727304092559 -3.2901763916015625e-05 608
1727304092597 3.7670135498046875e-05 609
1727304092636 -4.2319297790527344e-05 610
1727304092674 3.7550926208496094e-05 611
1727304092711 -3.2901763916015625e-05 612
1727304092749 3.7670135498046875e-05 613
1727304092786 -4.2319297790527344e-05 614
1727304092824 3.7550926208496094e-05 615
1727304092861 -3.2901763916015625e-05 616
1727304092896 3.7670135498046875e-05 617
1727304092932 -4.2319297790527344e-05 618
1727304092970 3.7550926208496094e-05 619
1727304093006 -3.2901763916015625e-05 620
1727304093042 3.7670135498046875e-05 621
1727304093078 -4.2319297790527344e-05 622
1727304093113 3.7550926208496094e-05 623
1727304093149 -3.2901763916015625e-05 624
1727304093184 3.7670135498046875e-05 625
1727304093219 -4.2319297790527344e-05 626
1727304093254 3.7550926208496094e-05 627
1727304093289 -3.2901763916015625e-05 628
1727304093325 3.7670135498046875e-05 629
1727304093361 -4.2319297790527344e-05 630
1727304093395 3.7550926208496094e-05 631
1727304093430 -3.2901763916015625e-05 632
1727304093466 3.7670135498046875e-05 633
1727304093501 -4.2319297790527344e-05 634
1727304093536 3.7550926208496094e-05 635
1727304093572 -3.2901763916015625e-05 636
1727304093609 3.7670135498046875e-05 637
1727304093645 -4.2319297790527344e-05 638
1727304093684 3.7550926208496094e-05 639
1727304093720 -3.2901763916015625e-05 640
1727304093755 3.7670135498046875e-05 641
1727304093792 -4.2319297790527344e-05 642
1727304093829 3.7550926208496094e-05 643
1727304093867 -3.2901763916015625e-05 644
1727304093902 3.7670135498046875e-05 645
1727304093938 -4.2319297790527344e-05 646
1727304093975 3.7550926208496094e-05 647
1727304094011 -3.2901763916015625e-05 648
1727304094047 3.7670135498046875e-05 649
1727304094082 -4.2319297790527344e-05 650
1727304094119 3.7550926208496094e-05 651
1727304094154 -3.2901763916015625e-05 652
1727304094191 3.7670135498046875e-05 653
1727304094226 -4.2319297790527344e-05 654
1727304094264 3.7550926208496094e-05 655
1727304094299 -3.2901763916015625e-05 656
1727304094334 3.7670135498046875e-05 657
1727304094371 -4.2319297790527344e-05 658
1727304094408 3.7550926208496094e-05 659
1727304094445 -3.2901763916015625e-05 660
1727304094484 3.7670135498046875e-05 661
1727304094521 -4.2319297790527344e-05 662
1727304094557 3.7550926208496094e-05 663
1727304094596 -3.2901763916015625e-05 664
1727304094646 3.7670135498046875e-05 665
1727304094682 -4.2319297790527344e-05 666
1727304094717 3.7550926208496094e-05 667
1727304094753 -3.2901763916015625e-05 668
1727304094790 3.7670135498046875e-05 669
1727304094827 -4.2319297790527344e-05 670
1727304094866 3.7550926208496094e-05 671
1727304094902 -3.2901763916015625e-05 672
1727304094938 3.7670135498046875e-05 673
1727304094973 -4.2319297790527344e-05 674
1727304095009 3.7550926208496094e-05 675
1727304095048 -3.2901763916015625e-05 676
1727304095084 3.7670135498046875e-05 677
1727304095120 -4.2319297790527344e-05 678
1727304095155 3.7550926208496094e-05 679
1727304095189 -3.2901763916015625e-05 680
1727304095224 3.7670135498046875e-05 681
1727304095259 -4.2319297790527344e-05 682
1727304095294 3.7550926208496094e-05 683
1727304095329 -3.2901763916015625e-05 684
1727304095365 3.7670135498046875e-05 685
1727304095401 -4.2319297790527344e-05 686
1727304095436 3.7550926208496094e-05 687
1727304095470 -3.2901763916015625e-05 688
1727304095508 3.7670135498046875e-05 689
1727304095547 -4.2319297790527344e-05 690
1727304095583 3.7550926208496094e-05 691
1727304095619 -3.2901763916015625e-05 692
1727304095657 3.7670135498046875e-05 693
1727304095693 -4.2319297790527344e-05 694
1727304095729 3.7550926208496094e-05 695
1727304095767 -3.2901763916015625e-05 696
1727304095803 3.7670135498046875e-05 697
1727304095837 -4.2319297790527344e-05 698
1727304095873 3.7550926208496094e-05 699
1727304095908 -3.2901763916015625e-05 700
1727304095944 3.7670135498046875e-05 701
1727304095980 -4.2319297790527344e-05 702
1727304096017 3.7550926208496094e-05 703
1727304096054 -3.2901763916015625e-05 704
1727304096091 3.7670135498046875e-05 705
1727304096129 -4.2319297790527344e-05 706
1727304096167 3.7550926208496094e-05 707
1727304096205 -3.2901763916015625e-05 708
1727304096242 3.7670135498046875e-05 709
1727304096279 -4.2319297790527344e-05 710
1727304096314 3.7550926208496094e-05 711
1727304096349 -3.2901763916015625e-05 712
1727304096384 3.7670135498046875e-05 713
1727304096419 -4.2319297790527344e-05 714
1727304096453 3.7550926208496094e-05 715
1727304096487 -3.2901763916015625e-05 716
1727304096522 3.7670135498046875e-05 717
1727304096557 -4.2319297790527344e-05 718
1727304096592 3.7550926208496094e-05 719
1727304096627 -3.2901763916015625e-05 720
1727304096661 3.7670135498046875e-05 721
1727304096697 -4.2319297790527344e-05 722
1727304096732 3.7550926208496094e-05 723
1727304096768 -3.2901763916015625e-05 724
1727304096804 3.7670135498046875e-05 725
1727304096839 -4.2319297790527344e-05 726
1727304096886 3.7550926208496094e-05 727
1727304096925 -3.2901763916015625e-05 728
1727304096963 3.7670135498046875e-05 729
1727304096998 -4.2319297790527344e-05 730
1727304097033 3.7550926208496094e-05 731
1727304097067 -3.2901763916015625e-05 732
1727304097103 3.7670135498046875e-05 733
1727304097140 -4.2319297790527344e-05 734
1727304097176 3.7550926208496094e-05 735
1727304097213 -3.2901763916015625e-05 736
1727304097248 3.7670135498046875e-05 737
1727304097282 -4.2319297790527344e-05 738
1727304097317 3.7550926208496094e-05 739
1727304097353 -3.2901763916015625e-05 740
1727304097391 3.7670135498046875e-05 741
1727304097426 -4.2319297790527344e-05 742
1727304097462 3.7550926208496094e-05 743
1727304097497 -3.2901763916015625e-05 744
1727304097532 3.7670135498046875e-05 745
1727304097568 -4.2319297790527344e-05 746
1727304097603 3.7550926208496094e-05 747
1727304097640 -3.2901763916015625e-05 748
1727304097676 3.7670135498046875e-05 749
1727304097711 -4.2319297790527344e-05 750
1727304097746 3.7550926208496094e-05 751
1727304097784 -3.2901763916015625e-05 752
1727304097822 3.7670135498046875e-05 753
1727304097859 -4.2319297790527344e-05 754
1727304097894 3.7550926208496094e-05 755
1727304097931 -3.2901763916015625e-05 756
1727304097966 3.7670135498046875e-05 757
1727304098002 -4.2319297790527344e-05 758
1727304098037 3.7550926208496094e-05 759
1727304098072 -3.2901763916015625e-05 760
1727304098110 3.7670135498046875e-05 761
1727304098147 -4.2319297790527344e-05 762
1727304098182 3.7550926208496094e-05 763
1727304098218 -3.2901763916015625e-05 764
1727304098253 3.7670135498046875e-05 765
1727304098289 -4.2319297790527344e-05 766
1727304098324 3.7550926208496094e-05 767
1727304098360 -3.2901763916015625e-05 768
1727304098398 3.7670135498046875e-05 769
1727304098433 -4.2319297790527344e-05 770
1727304098468 3.7550926208496094e-05 771
1727304098502 -3.2901763916015625e-05 772
1727304098536 3.7670135498046875e-05 773
1727304098571 -4.2319297790527344e-05 774
1727304098606 3.7550926208496094e-05 775
1727304098641 -3.2901763916015625e-05 776
1727304098676 3.7670135498046875e-05 777
1727304098711 -4.2319297790527344e-05 778
1727304098747 3.7550926208496094e-05 779
1727304098782 -3.2901763916015625e-05 780
1727304098817 3.7670135498046875e-05 781
1727304098856 -4.2319297790527344e-05 782
1727304098892 3.7550926208496094e-05 783
1727304098927 -3.2901763916015625e-05 784
1727304098963 3.7670135498046875e-05 785
1727304098998 -4.2319297790527344e-05 786
1727304099036 3.7550926208496094e-05 787
1727304099071 -3.2901763916015625e-05 788
1727304099107 3.7670135498046875e-05 789
1727304099145 -4.2319297790527344e-05 790
1727304099184 3.7550926208496094e-05 791
1727304099222 -3.2901763916015625e-05 792
1727304099258 3.7670135498046875e-05 793
1727304099298 -4.2319297790527344e-05 794
1727304099335 3.7550926208496094e-05 795
1727304099371 -3.2901763916015625e-05 796
1727304099409 3.7670135498046875e-05 797
1727304099446 -4.2319297790527344e-05 798
1727304099480 3.7550926208496094e-05 799
1727304099515 -3.2901763916015625e-05 800
1727304099550 3.7670135498046875e-05 801
1727304099585 -4.2319297790527344e-05 802
1727304099619 3.7550926208496094e-05 803
1727304099654 -3.2901763916015625e-05 804
1727304099688 3.7670135498046875e-05 805
1727304099723 -4.2319297790527344e-05 806
1727304099759 3.7550926208496094e-05 807
1727304099795 -3.2901763916015625e-05 808
1727304099838 3.7670135498046875e-05 809
1727304099874 -4.2319297790527344e-05 810
1727304099910 3.7550926208496094e-05 811
1727304099945 -3.2901763916015625e-05 812
1727304099979 3.7670135498046875e-05 813
1727304100013 -4.2319297790527344e-05 814
1727304100048 3.7550926208496094e-05 815
1727304100082 -3.2901763916015625e-05 816
1727304100120 3.7670135498046875e-05 817
1727304100160 -4.2319297790527344e-05 818
1727304100196 3.7550926208496094e-05 819
1727304100233 -3.2901763916015625e-05 820
1727304100270 3.7670135498046875e-05 821
1727304100307 -4.2319297790527344e-05 822
1727304100344 3.7550926208496094e-05 823
1727304100381 -3.2901763916015625e-05 824
1727304100416 3.7670135498046875e-05 825
1727304100451 -4.2319297790527344e-05 826
1727304100486 3.7550926208496094e-05 827
1727304100522 -3.2901763916015625e-05 828
1727304100557 3.7670135498046875e-05 829
1727304100591 -4.2319297790527344e-05 830
1727304100626 3.7550926208496094e-05 831
1727304100661 -3.2901763916015625e-05 832
1727304100696 3.7670135498046875e-05 833
1727304100731 -4.2319297790527344e-05 834
1727304100766 3.7550926208496094e-05 835
1727304100802 -3.2901763916015625e-05 836
1727304100837 3.7670135498046875e-05 837
1727304100875 -4.2319297790527344e-05 838
1727304100912 3.7550926208496094e-05 839
1727304100948 -3.2901763916015625e-05 840
1727304100985 3.7670135498046875e-05 841
1727304101026 -4.2319297790527344e-05 842
1727304101060 3.7550926208496094e-05 843
1727304101095 -3.2901763916015625e-05 844
1727304101130 3.7670135498046875e-05 845
1727304101170 -4.2319297790527344e-05 846
1727304101206 3.7550926208496094e-05 847
1727304101246 -3.2901763916015625e-05 848
1727304101284 3.7670135498046875e-05 849
1727304101321 -4.2319297790527344e-05 850
1727304101359 3.7550926208496094e-05 851
1727304101397 -3.2901763916015625e-05 852
1727304101434 3.7670135498046875e-05 853
1727304101471 -4.2319297790527344e-05 854
1727304101506 3.7550926208496094e-05 855
1727304101542 -3.2901763916015625e-05 856
1727304101580 3.7670135498046875e-05 857
1727304101625 -4.2319297790527344e-05 858
1727304101664 3.7550926208496094e-05 859
1727304101703 -3.2901763916015625e-05 860
1727304101738 3.7670135498046875e-05 861
1727304101773 -4.2319297790527344e-05 862
1727304101807 3.7550926208496094e-05 863
1727304101843 -3.2901763916015625e-05 864
1727304101879 3.7670135498046875e-05 865
1727304101915 -4.2319297790527344e-05 866
1727304101951 3.7550926208496094e-05 867
1727304101998 -3.2901763916015625e-05 868
1727304102048 3.7670135498046875e-05 869
1727304102093 -4.2319297790527344e-05 870
1727304102130 3.7550926208496094e-05 871
1727304102168 -3.2901763916015625e-05 872
1727304102205 3.7670135498046875e-05 873
1727304102240 -4.2319297790527344e-05 874
1727304102276 3.7550926208496094e-05 875
1727304102312 -3.2901763916015625e-05 876
1727304102347 3.7670135498046875e-05 877
1727304102385 -4.2319297790527344e-05 878
1727304102421 3.7550926208496094e-05 879
1727304102456 -3.2901763916015625e-05 880
1727304102492 3.7670135498046875e-05 881
1727304102527 -4.2319297790527344e-05 882
1727304102563 3.7550926208496094e-05 883
1727304102598 -3.2901763916015625e-05 884
1727304102634 3.7670135498046875e-05 885
1727304102668 -4.2319297790527344e-05 886
1727304102703 3.7550926208496094e-05 887
1727304102740 -3.2901763916015625e-05 888
1727304102775 3.7670135498046875e-05 889
1727304102811 -4.2319297790527344e-05 890
1727304102846 3.7550926208496094e-05 891
1727304102882 -3.2901763916015625e-05 892
1727304102916 3.7670135498046875e-05 893
1727304102952 -4.2319297790527344e-05 894
1727304102987 3.7550926208496094e-05 895
1727304103022 -3.2901763916015625e-05 896
1727304103057 3.7670135498046875e-05 897
1727304103092 -4.2319297790527344e-05 898
1727304103127 3.7550926208496094e-05 899
1727304103163 -3.2901763916015625e-05 900
1727304103199 3.7670135498046875e-05 901
1727304103233 -4.2319297790527344e-05 902
1727304103268 3.7550926208496094e-05 903
1727304103303 -3.2901763916015625e-05 904
1727304103338 3.7670135498046875e-05 905
1727304103373 -4.2319297790527344e-05 906
1727304103409 3.7550926208496094e-05 907
1727304103443 -3.2901763916015625e-05 908
1727304103479 3.7670135498046875e-05 909
1727304103515 -4.2319297790527344e-05 910
1727304103551 3.7550926208496094e-05 911
1727304103586 -3.2901763916015625e-05 912
1727304103621 3.7670135498046875e-05 913
1727304103657 -4.2319297790527344e-05 914
1727304103692 3.7550926208496094e-05 915
1727304103727 -3.2901763916015625e-05 916
1727304103763 3.7670135498046875e-05 917
1727304103799 -4.2319297790527344e-05 918
1727304103835 3.7550926208496094e-05 919
1727304103871 -3.2901763916015625e-05 920
1727304103909 3.7670135498046875e-05 921
1727304103945 -4.2319297790527344e-05 922
1727304103981 3.7550926208496094e-05 923
1727304104016 -3.2901763916015625e-05 924
1727304104051 3.7670135498046875e-05 925
1727304104086 -4.2319297790527344e-05 926
1727304104121 3.7550926208496094e-05 927
1727304104157 -3.2901763916015625e-05 928
1727304104192 3.7670135498046875e-05 929
1727304104227 -4.2319297790527344e-05 930
1727304104262 3.7550926208496094e-05 931
1727304104298 -3.2901763916015625e-05 932
1727304104333 3.7670135498046875e-05 933
1727304104369 -4.2319297790527344e-05 934
1727304104404 3.7550926208496094e-05 935
1727304104439 -3.2901763916015625e-05 936
1727304104474 3.7670135498046875e-05 937
1727304104509 -4.2319297790527344e-05 938
1727304104543 3.7550926208496094e-05 939
1727304104578 -3.2901763916015625e-05 940
1727304104613 3.7670135498046875e-05 941
1727304104648 -4.2319297790527344e-05 942
1727304104682 3.7550926208496094e-05 943
1727304104717 -3.2901763916015625e-05 944
1727304104752 3.7670135498046875e-05 945
1727304104788 -4.2319297790527344e-05 946
1727304104826 3.7550926208496094e-05 947
1727304104863 -3.2901763916015625e-05 948
1727304104909 3.7670135498046875e-05 949
1727304104952 -4.2319297790527344e-05 950
1727304104992 3.7550926208496094e-05 951
1727304105027 -3.2901763916015625e-05 952
1727304105062 3.7670135498046875e-05 953
1727304105097 -4.2319297790527344e-05 954
1727304105133 3.7550926208496094e-05 955
1727304105170 -3.2901763916015625e-05 956
1727304105207 3.7670135498046875e-05 957
1727304105242 -4.2319297790527344e-05 958
1727304105277 3.7550926208496094e-05 959
1727304105312 -3.2901763916015625e-05 960
1727304105353 3.7670135498046875e-05 961
1727304105389 -4.2319297790527344e-05 962
1727304105423 3.7550926208496094e-05 963
1727304105457 -3.2901763916015625e-05 964
1727304105491 3.7670135498046875e-05 965
1727304105529 -4.2319297790527344e-05 966
1727304105565 3.7550926208496094e-05 967
1727304105602 -3.2901763916015625e-05 968
1727304105637 3.7670135498046875e-05 969
1727304105673 -4.2319297790527344e-05 970
1727304105708 3.7550926208496094e-05 971
1727304105743 -3.2901763916015625e-05 972
1727304105778 3.7670135498046875e-05 973
1727304105829 -4.2319297790527344e-05 974
1727304105866 3.7550926208496094e-05 975
1727304105902 -3.2901763916015625e-05 976
1727304105937 3.7670135498046875e-05 977
1727304105972 -4.2319297790527344e-05 978
1727304106007 3.7550926208496094e-05 979
1727304106042 -3.2901763916015625e-05 980
1727304106077 3.7670135498046875e-05 981
1727304106111 -4.2319297790527344e-05 982
1727304106147 3.7550926208496094e-05 983
1727304106182 -3.2901763916015625e-05 984
1727304106218 3.7670135498046875e-05 985
1727304106253 -4.2319297790527344e-05 986
1727304106291 3.7550926208496094e-05 987
1727304106326 -3.2901763916015625e-05 988
1727304106361 3.7670135498046875e-05 989
1727304106396 -4.2319297790527344e-05 990
1727304106432 3.7550926208496094e-05 991
1727304106468 -3.2901763916015625e-05 992
1727304106503 3.7670135498046875e-05 993
1727304106538 -4.2319297790527344e-05 994
1727304106574 3.7550926208496094e-05 995
1727304106609 -3.2901763916015625e-05 996
1727304106646 3.7670135498046875e-05 997
1727304106683 -4.2319297790527344e-05 998
1727304106721 3.7550926208496094e-05 999
