1727307270399 0.2925434112548828 0
1727307270443 0.07373976707458496 1
1727307270488 4.659242630004883 2
1727307270527 0.019327640533447266 3
1727307270566 0.12680482864379883 4
1727307270603 0.2350168228149414 5
1727307270643 0.07878947257995605 6
1727307270684 0.061876773834228516 7
1727307270722 0.1328117847442627 8
1727307270765 0.05509686470031738 9
1727307270807 -0.4930746555328369 10
1727307270844 0.20447993278503418 11
1727307270880 0.13180303573608398 12
1727307270917 0.11653518676757812 13
1727307270954 0.09632611274719238 14
1727307270991 0.15954947471618652 15
1727307271028 -0.03088366985321045 16
1727307271065 0.12575602531433105 17
1727307271101 0.03314685821533203 18
1727307271137 0.1977226734161377 19
1727307271174 0.09644484519958496 20
1727307271211 0.22810769081115723 21
1727307271248 0.010077953338623047 22
1727307271286 0.1562941074371338 23
1727307271324 0.11993002891540527 24
1727307271362 0.16131043434143066 25
1727307271400 0.01998615264892578 26
1727307271438 0.1736748218536377 27
1727307271475 0.11052322387695312 28
1727307271513 4.865756988525391 29
1727307271552 -0.04443955421447754 30
1727307271592 0.15290331840515137 31
1727307271632 0.1466672420501709 32
1727307271675 0.1517167091369629 33
1727307271721 0.10402417182922363 34
1727307271772 0.1275479793548584 35
1727307271822 0.07939910888671875 36
1727307271869 0.19890522956848145 37
1727307271916 0.10775351524353027 38
1727307271966 -0.03866589069366455 39
1727307272015 3.9262471199035645 40
1727307272060 0.07026553153991699 41
1727307272105 -0.15658581256866455 42
1727307272152 0.09734201431274414 43
1727307272206 0.17145729064941406 44
1727307272253 0.21786022186279297 45
1727307272303 0.05048966407775879 46
1727307272349 0.009021997451782227 47
1727307272398 0.20302844047546387 48
1727307272449 0.10205531120300293 49
1727307272505 0.0583040714263916 50
1727307272552 0.013279914855957031 51
1727307272602 0.0679781436920166 52
1727307272648 0.218245267868042 53
1727307272697 0.06281781196594238 54
1727307272747 0.17145323753356934 55
1727307272793 0.058469295501708984 56
1727307272839 0.055097103118896484 57
1727307272888 0.21671223640441895 58
1727307272941 0.05806374549865723 59
1727307272985 0.1087496280670166 60
1727307273027 0.12645840644836426 61
1727307273069 -0.01229715347290039 62
1727307273110 0.08675670623779297 63
1727307273149 -0.07058930397033691 64
1727307273189 0.1778883934020996 65
1727307273227 4.112095832824707 66
1727307273266 0.16716885566711426 67
1727307273305 -0.7801951169967651 68
1727307273345 -0.7801951169967651 69
