1727307473756 1.9898988008499146 0
1727307473795 1.7390649318695068 1
1727307473833 1.7004725933074951 2
1727307473869 1.802740454673767 3
1727307473906 1.7266217470169067 4
1727307473944 1.8621066808700562 5
1727307473980 1.9641845226287842 6
1727307474016 1.9310299158096313 7
1727307474053 1.9190032482147217 8
1727307474090 1.5241209268569946 9
1727307474126 1.875273585319519 10
1727307474162 1.6017889976501465 11
1727307474202 1.9284212589263916 12
1727307474239 1.7840620279312134 13
1727307474277 1.8759493827819824 14
1727307474316 1.8784714937210083 15
1727307474365 1.958462119102478 16
1727307474417 1.9796911478042603 17
1727307474462 1.785394310951233 18
1727307474502 1.8501930236816406 19
1727307474544 1.9176769256591797 20
1727307474582 1.6250786781311035 21
1727307474620 1.624894142150879 22
1727307474660 1.8502354621887207 23
1727307474699 1.948968768119812 24
1727307474738 1.6676874160766602 25
1727307474778 1.7241846323013306 26
1727307474819 1.925086498260498 27
1727307474857 1.8185935020446777 28
1727307474896 1.8528225421905518 29
1727307474937 1.643863558769226 30
1727307474975 1.7996556758880615 31
1727307475012 1.9536221027374268 32
1727307475048 1.8011465072631836 33
1727307475084 1.8840758800506592 34
1727307475122 1.9354960918426514 35
1727307475162 1.8921600580215454 36
1727307475201 1.8348971605300903 37
1727307475242 1.8766944408416748 38
1727307475284 1.63772714138031 39
1727307475321 1.7324581146240234 40
1727307475358 1.8012088537216187 41
1727307475423 1.7722053527832031 42
1727307475460 1.5278124809265137 43
1727307475496 1.8776631355285645 44
1727307475534 1.4684697389602661 45
1727307475571 1.8371644020080566 46
1727307475606 1.9476464986801147 47
1727307475642 1.8925487995147705 48
1727307475677 1.7289724349975586 49
1727307475712 1.7519474029541016 50
1727307475748 1.9395180940628052 51
1727307475786 1.9632642269134521 52
1727307475822 1.5410640239715576 53
1727307475858 1.8599023818969727 54
1727307475895 1.967535376548767 55
1727307475932 1.5898714065551758 56
1727307475969 1.8644895553588867 57
1727307476006 1.7523481845855713 58
1727307476043 1.7603182792663574 59
1727307476081 1.9133481979370117 60
1727307476119 1.9585278034210205 61
1727307476156 1.791022539138794 62
1727307476192 1.5702167749404907 63
1727307476229 1.7665221691131592 64
1727307476271 1.9133920669555664 65
1727307476308 1.7657968997955322 66
1727307476348 1.8127059936523438 67
1727307476384 1.2097513675689697 68
1727307476420 1.862589716911316 69
1727307476456 1.9676249027252197 70
1727307476492 1.7961602210998535 71
1727307476528 1.7372136116027832 72
1727307476565 1.7931963205337524 73
1727307476603 1.9031792879104614 74
1727307476641 1.8593661785125732 75
1727307476677 1.868994116783142 76
1727307476714 1.9758416414260864 77
1727307476751 1.6176625490188599 78
1727307476789 1.978986144065857 79
1727307476825 1.770608901977539 80
1727307476861 1.9403600692749023 81
1727307476897 1.8456120491027832 82
1727307476932 1.938816785812378 83
1727307476969 1.6750237941741943 84
1727307477006 1.765228033065796 85
1727307477042 1.855293869972229 86
1727307477079 1.8098474740982056 87
1727307477115 1.6884384155273438 88
1727307477152 1.8086705207824707 89
1727307477189 1.7335231304168701 90
1727307477226 1.776729702949524 91
1727307477264 1.760714054107666 92
1727307477303 1.7719876766204834 93
1727307477341 1.7817480564117432 94
1727307477380 1.624622106552124 95
1727307477418 1.8631409406661987 96
1727307477455 1.717003583908081 97
1727307477492 1.9291043281555176 98
1727307477530 1.8367362022399902 99
1727307477567 1.7845523357391357 100
1727307477603 1.8752795457839966 101
1727307477640 1.6578116416931152 102
1727307477677 1.835176944732666 103
1727307477713 1.920384407043457 104
1727307477751 1.7195355892181396 105
1727307477799 1.8653838634490967 106
1727307477836 1.645829677581787 107
1727307477875 1.8064159154891968 108
1727307477914 1.7375564575195312 109
1727307477951 1.7743993997573853 110
1727307477991 1.8426282405853271 111
1727307478032 1.838191270828247 112
1727307478068 1.550938606262207 113
1727307478103 1.7318834066390991 114
1727307478141 1.9761998653411865 115
1727307478178 1.8577990531921387 116
1727307478214 1.931617259979248 117
1727307478250 1.7561535835266113 118
1727307478285 1.4431136846542358 119
1727307478322 1.946542739868164 120
1727307478359 1.7025808095932007 121
1727307478396 1.9844379425048828 122
1727307478432 1.8179889917373657 123
1727307478468 1.7729039192199707 124
1727307478505 1.6137909889221191 125
1727307478543 1.6845893859863281 126
1727307478581 1.784153938293457 127
1727307478618 1.8591482639312744 128
1727307478654 1.8077946901321411 129
1727307478690 1.9806019067764282 130
1727307478726 1.4325816631317139 131
1727307478761 1.7510226964950562 132
1727307478798 1.6187070608139038 133
1727307478835 1.9737893342971802 134
1727307478872 1.8326680660247803 135
1727307478909 1.7718427181243896 136
1727307478946 1.771378755569458 137
1727307478982 1.9622602462768555 138
1727307479018 1.7976281642913818 139
1727307479054 1.6089696884155273 140
1727307479090 1.3425817489624023 141
1727307479127 1.7862077951431274 142
1727307479164 1.9512821435928345 143
1727307479200 1.8574302196502686 144
1727307479237 1.8259046077728271 145
1727307479274 1.8413439989089966 146
1727307479311 1.4044873714447021 147
1727307479351 1.8050376176834106 148
1727307479389 1.984938144683838 149
1727307479426 1.5658249855041504 150
1727307479462 1.5947401523590088 151
1727307479498 1.8284332752227783 152
1727307479534 1.8483233451843262 153
1727307479570 1.432581901550293 154
1727307479606 1.7804659605026245 155
1727307479642 1.9818977117538452 156
1727307479679 1.6361571550369263 157
1727307479717 1.924360752105713 158
1727307479755 1.7322492599487305 159
1727307479793 1.9541397094726562 160
1727307479828 1.804050087928772 161
1727307479864 1.7716556787490845 162
1727307479900 1.9238640069961548 163
1727307479937 1.650101900100708 164
1727307479973 1.9119346141815186 165
1727307480008 1.9017164707183838 166
1727307480044 1.6834217309951782 167
1727307480080 1.727805733680725 168
1727307480117 1.8093550205230713 169
1727307480154 1.5766029357910156 170
1727307480193 1.3425817489624023 171
1727307480230 1.805237054824829 172
1727307480267 1.7836447954177856 173
1727307480305 1.9891430139541626 174
1727307480343 1.852088451385498 175
1727307480381 1.8371329307556152 176
1727307480417 1.9442827701568604 177
1727307480453 1.689384937286377 178
1727307480490 1.894970417022705 179
1727307480528 1.790601134300232 180
1727307480565 1.4325816631317139 181
1727307480603 1.5591721534729004 182
1727307480639 1.6860442161560059 183
1727307480677 1.7463246583938599 184
1727307480715 1.8235399723052979 185
1727307480753 1.9064193964004517 186
1727307480790 1.4846813678741455 187
1727307480828 1.8528265953063965 188
1727307480866 1.8195159435272217 189
1727307480903 1.730100154876709 190
1727307480942 1.8956072330474854 191
1727307480980 1.9592828750610352 192
1727307481018 1.8768420219421387 193
1727307481055 1.2438626289367676 194
1727307481093 1.25391685962677 195
1727307481130 1.973805546760559 196
1727307481167 1.8554538488388062 197
1727307481205 1.8865047693252563 198
1727307481243 1.9306867122650146 199
1727307481282 1.9631447792053223 200
1727307481320 1.8755569458007812 201
1727307481359 1.7170144319534302 202
1727307481397 1.5277230739593506 203
1727307481439 1.9472887516021729 204
1727307481481 1.8082257509231567 205
1727307481518 1.9953851699829102 206
1727307481555 1.9937738180160522 207
1727307481591 1.936950445175171 208
1727307481630 1.7728012800216675 209
1727307481670 1.8058204650878906 210
1727307481709 1.9319416284561157 211
1727307481752 1.8537930250167847 212
1727307481794 1.430490255355835 213
1727307481838 1.8532880544662476 214
1727307481896 1.3773316144943237 215
1727307481956 1.892140507698059 216
1727307482017 1.888550043106079 217
1727307482082 1.9846773147583008 218
1727307482136 1.7651540040969849 219
1727307482186 1.937082052230835 220
1727307482245 1.9158539772033691 221
1727307482305 1.7435176372528076 222
1727307482366 1.3425817489624023 223
1727307482426 1.8511505126953125 224
1727307482484 1.3425817489624023 225
1727307482537 1.9361000061035156 226
1727307482581 1.7820894718170166 227
1727307482623 1.8086060285568237 228
1727307482664 1.632188320159912 229
1727307482706 1.681357502937317 230
1727307482748 1.9591031074523926 231
1727307482788 1.948838472366333 232
1727307482827 1.9560904502868652 233
1727307482865 1.4760949611663818 234
1727307482905 1.9205214977264404 235
1727307482945 1.6723514795303345 236
1727307482983 1.7986836433410645 237
1727307483022 1.9866282939910889 238
1727307483060 1.3425817489624023 239
1727307483097 1.7725887298583984 240
1727307483135 1.8567922115325928 241
1727307483173 1.9304170608520508 242
1727307483211 1.987200379371643 243
1727307483250 1.679015874862671 244
1727307483289 1.8352184295654297 245
1727307483328 1.9487740993499756 246
1727307483367 1.8502569198608398 247
1727307483404 1.8957083225250244 248
1727307483446 1.6467080116271973 249
1727307483487 1.7728629112243652 250
1727307483528 1.9794011116027832 251
1727307483568 1.8298516273498535 252
1727307483607 1.9548003673553467 253
1727307483648 1.8681681156158447 254
1727307483686 1.2097514867782593 255
1727307483724 1.8652708530426025 256
1727307483762 1.5531691312789917 257
1727307483802 1.432581901550293 258
1727307483850 1.9258768558502197 259
1727307483888 1.857922911643982 260
1727307483926 1.6163548231124878 261
1727307483965 1.8278648853302002 262
1727307484003 1.683647871017456 263
1727307484044 1.7485527992248535 264
1727307484082 1.9270552396774292 265
1727307484122 1.4325816631317139 266
1727307484162 1.4325816631317139 267
