1727297857977 2.014693021774292 0
1727297858027 2.014693021774292 1
1727297858074 2.014693021774292 2
1727297858123 2.014693021774292 3
1727297858185 2.014693021774292 4
1727297858230 2.014693021774292 5
1727297858293 2.014693021774292 6
1727297858351 2.014693021774292 7
1727297858406 2.014693021774292 8
1727297858459 2.014693021774292 9
1727297858505 2.014693021774292 10
1727297858544 2.014693021774292 11
1727297858583 2.014693021774292 12
1727297858620 2.014693021774292 13
1727297858662 2.014693021774292 14
1727297858698 2.014693021774292 15
1727297858742 2.014693021774292 16
1727297858788 2.014693021774292 17
1727297858839 2.014693021774292 18
1727297858883 2.014693021774292 19
1727297858926 2.014693021774292 20
1727297858964 2.014693021774292 21
1727297859002 2.014693021774292 22
1727297859038 2.014693021774292 23
1727297859075 2.014693021774292 24
1727297859113 2.014693021774292 25
1727297859150 2.014693021774292 26
1727297859187 2.014693021774292 27
1727297859224 2.014693021774292 28
1727297859260 2.014693021774292 29
1727297859300 2.014693021774292 30
1727297859336 2.014693021774292 31
1727297859372 2.014693021774292 32
1727297859408 2.014693021774292 33
1727297859444 2.014693021774292 34
1727297859482 2.014693021774292 35
1727297859519 2.014693021774292 36
1727297859556 2.014693021774292 37
1727297859592 2.014693021774292 38
1727297859628 2.014693021774292 39
1727297859664 2.014693021774292 40
1727297859701 2.014693021774292 41
1727297859741 2.014693021774292 42
1727297859777 2.014693021774292 43
1727297859814 2.014693021774292 44
1727297859851 2.014693021774292 45
1727297859889 2.014693021774292 46
1727297859927 2.014693021774292 47
1727297859964 2.014693021774292 48
1727297860000 2.014693021774292 49
1727297860036 2.014693021774292 50
1727297860074 2.014693021774292 51
1727297860110 2.014693021774292 52
1727297860147 2.014693021774292 53
1727297860184 2.014693021774292 54
1727297860219 2.014693021774292 55
1727297860257 2.014693021774292 56
1727297860295 2.014693021774292 57
1727297860336 2.014693021774292 58
1727297860373 2.014693021774292 59
1727297860409 2.014693021774292 60
1727297860445 2.014693021774292 61
1727297860486 2.014693021774292 62
1727297860522 2.014693021774292 63
1727297860559 2.014693021774292 64
1727297860595 2.014693021774292 65
1727297860631 2.014693021774292 66
1727297860669 2.014693021774292 67
1727297860707 2.014693021774292 68
1727297860745 2.014693021774292 69
1727297860786 2.014693021774292 70
1727297860823 2.014693021774292 71
1727297860861 2.014693021774292 72
1727297860897 2.014693021774292 73
1727297860934 2.014693021774292 74
1727297860976 2.014693021774292 75
1727297861021 2.014693021774292 76
1727297861064 2.014693021774292 77
1727297861110 2.014693021774292 78
1727297861154 2.014693021774292 79
1727297861200 2.014693021774292 80
1727297861245 2.014693021774292 81
1727297861291 2.014693021774292 82
1727297861335 2.014693021774292 83
1727297861380 2.014693021774292 84
1727297861422 2.014693021774292 85
1727297861467 2.014693021774292 86
1727297861505 2.014693021774292 87
1727297861541 2.014693021774292 88
1727297861580 2.014693021774292 89
1727297861643 2.014693021774292 90
1727297861682 2.014693021774292 91
1727297861721 2.014693021774292 92
1727297861760 2.014693021774292 93
1727297861794 2.014693021774292 94
1727297861831 2.014693021774292 95
1727297861868 2.014693021774292 96
1727297861905 2.014693021774292 97
1727297861940 2.014693021774292 98
1727297861976 2.014693021774292 99
1727297862014 2.014693021774292 100
1727297862054 2.014693021774292 101
1727297862093 2.014693021774292 102
1727297862135 2.014693021774292 103
1727297862182 2.014693021774292 104
1727297862225 2.014693021774292 105
1727297862270 2.014693021774292 106
1727297862313 2.014693021774292 107
1727297862357 2.014693021774292 108
1727297862400 2.014693021774292 109
1727297862450 2.014693021774292 110
1727297862494 2.014693021774292 111
1727297862527 2.014693021774292 112
1727297862568 2.014693021774292 113
1727297862605 2.014693021774292 114
1727297862641 2.014693021774292 115
1727297862677 2.014693021774292 116
1727297862715 2.014693021774292 117
1727297862763 2.014693021774292 118
1727297862806 2.014693021774292 119
1727297862853 2.014693021774292 120
1727297862897 2.014693021774292 121
1727297862943 2.014693021774292 122
1727297862986 2.014693021774292 123
1727297863027 2.014693021774292 124
1727297863068 2.014693021774292 125
1727297863104 2.014693021774292 126
1727297863140 2.014693021774292 127
1727297863176 2.014693021774292 128
1727297863213 2.014693021774292 129
1727297863260 2.014693021774292 130
1727297863301 2.014693021774292 131
1727297863345 2.014693021774292 132
1727297863389 2.014693021774292 133
1727297863437 2.014693021774292 134
1727297863481 2.014693021774292 135
1727297863519 2.014693021774292 136
1727297863556 2.014693021774292 137
1727297863593 2.014693021774292 138
1727297863629 2.014693021774292 139
1727297863668 2.014693021774292 140
1727297863705 2.014693021774292 141
1727297863746 2.014693021774292 142
1727297863790 2.014693021774292 143
1727297863834 2.014693021774292 144
1727297863881 2.014693021774292 145
1727297863922 2.014693021774292 146
1727297863967 2.014693021774292 147
1727297864012 2.014693021774292 148
1727297864057 2.014693021774292 149
1727297864101 2.014693021774292 150
1727297864143 2.014693021774292 151
1727297864188 2.014693021774292 152
1727297864231 2.014693021774292 153
1727297864279 2.014693021774292 154
1727297864315 2.014693021774292 155
1727297864352 2.014693021774292 156
1727297864392 2.014693021774292 157
1727297864438 2.014693021774292 158
1727297864486 2.014693021774292 159
1727297864530 2.014693021774292 160
1727297864574 2.014693021774292 161
1727297864618 2.014693021774292 162
1727297864662 2.014693021774292 163
1727297864707 2.014693021774292 164
1727297864752 2.014693021774292 165
1727297864798 2.014693021774292 166
1727297864845 2.014693021774292 167
1727297864890 2.014693021774292 168
1727297864933 2.014693021774292 169
1727297864979 2.014693021774292 170
1727297865023 2.014693021774292 171
1727297865069 2.014693021774292 172
1727297865141 2.014693021774292 173
1727297865184 2.014693021774292 174
1727297865230 2.014693021774292 175
1727297865274 2.014693021774292 176
1727297865315 2.014693021774292 177
1727297865352 2.014693021774292 178
1727297865387 2.014693021774292 179
1727297865423 2.014693021774292 180
1727297865461 2.014693021774292 181
1727297865500 2.014693021774292 182
1727297865536 2.014693021774292 183
1727297865572 2.014693021774292 184
1727297865608 2.014693021774292 185
1727297865647 2.014693021774292 186
1727297865684 2.014693021774292 187
1727297865720 2.014693021774292 188
1727297865758 2.014693021774292 189
1727297865791 2.014693021774292 190
1727297865828 2.014693021774292 191
1727297865866 2.014693021774292 192
1727297865903 2.014693021774292 193
1727297865941 2.014693021774292 194
1727297865976 2.014693021774292 195
1727297866015 2.014693021774292 196
1727297866053 2.014693021774292 197
1727297866093 2.014693021774292 198
1727297866131 2.014693021774292 199
1727297866169 2.014693021774292 200
1727297866207 2.014693021774292 201
1727297866245 2.014693021774292 202
1727297866284 2.014693021774292 203
1727297866329 2.014693021774292 204
1727297866370 2.014693021774292 205
1727297866405 2.014693021774292 206
1727297866442 2.014693021774292 207
1727297866485 2.014693021774292 208
1727297866526 2.014693021774292 209
1727297866564 2.014693021774292 210
1727297866599 2.014693021774292 211
1727297866644 2.014693021774292 212
1727297866697 2.014693021774292 213
1727297866754 2.014693021774292 214
1727297866803 2.014693021774292 215
1727297866846 2.014693021774292 216
1727297866898 2.014693021774292 217
1727297866953 2.014693021774292 218
1727297867013 2.014693021774292 219
1727297867058 2.014693021774292 220
1727297867106 2.014693021774292 221
1727297867155 2.014693021774292 222
1727297867206 2.014693021774292 223
1727297867265 2.014693021774292 224
1727297867316 2.014693021774292 225
1727297867369 2.014693021774292 226
1727297867421 2.014693021774292 227
1727297867475 2.014693021774292 228
1727297867526 2.014693021774292 229
1727297867589 2.014693021774292 230
1727297867650 2.014693021774292 231
1727297867705 2.014693021774292 232
1727297867758 2.014693021774292 233
1727297867809 2.014693021774292 234
1727297867864 2.014693021774292 235
1727297867919 2.014693021774292 236
1727297867973 2.014693021774292 237
1727297868027 2.014693021774292 238
1727297868083 2.014693021774292 239
1727297868137 2.014693021774292 240
1727297868191 2.014693021774292 241
1727297868244 2.014693021774292 242
1727297868298 2.014693021774292 243
1727297868341 2.014693021774292 244
1727297868389 2.014693021774292 245
1727297868432 2.014693021774292 246
1727297868477 2.014693021774292 247
1727297868522 2.014693021774292 248
1727297868567 2.014693021774292 249
1727297868610 2.014693021774292 250
1727297868648 2.014693021774292 251
1727297868685 2.014693021774292 252
1727297868721 2.014693021774292 253
1727297868757 2.014693021774292 254
1727297868795 2.014693021774292 255
1727297868831 2.014693021774292 256
1727297868867 2.014693021774292 257
1727297868905 2.014693021774292 258
1727297868942 2.014693021774292 259
1727297868978 2.014693021774292 260
1727297869016 2.014693021774292 261
1727297869054 2.014693021774292 262
1727297869092 2.014693021774292 263
1727297869129 2.014693021774292 264
1727297869167 2.014693021774292 265
1727297869204 2.014693021774292 266
1727297869242 2.014693021774292 267
1727297869282 2.014693021774292 268
1727297869319 2.014693021774292 269
1727297869355 2.014693021774292 270
1727297869392 2.014693021774292 271
1727297869429 2.014693021774292 272
1727297869465 2.014693021774292 273
1727297869502 2.014693021774292 274
1727297869546 2.014693021774292 275
1727297869591 2.014693021774292 276
1727297869640 2.014693021774292 277
1727297869685 2.014693021774292 278
1727297869725 2.014693021774292 279
1727297869763 2.014693021774292 280
1727297869802 2.014693021774292 281
1727297869838 2.014693021774292 282
1727297869874 2.014693021774292 283
1727297869911 2.014693021774292 284
1727297869955 2.014693021774292 285
1727297869995 2.014693021774292 286
1727297870033 2.014693021774292 287
1727297870072 2.014693021774292 288
1727297870110 2.014693021774292 289
1727297870146 2.014693021774292 290
1727297870182 2.014693021774292 291
1727297870218 2.014693021774292 292
1727297870255 2.014693021774292 293
1727297870295 2.014693021774292 294
1727297870331 2.014693021774292 295
1727297870367 2.014693021774292 296
1727297870402 2.014693021774292 297
1727297870439 2.014693021774292 298
1727297870477 2.014693021774292 299
1727297870513 2.014693021774292 300
1727297870554 2.014693021774292 301
1727297870590 2.014693021774292 302
1727297870627 2.014693021774292 303
1727297870666 2.014693021774292 304
1727297870703 2.014693021774292 305
1727297870742 2.014693021774292 306
1727297870782 2.014693021774292 307
1727297870819 2.014693021774292 308
1727297870856 2.014693021774292 309
1727297870892 2.014693021774292 310
1727297870928 2.014693021774292 311
1727297870971 2.014693021774292 312
1727297871009 2.014693021774292 313
1727297871048 2.014693021774292 314
1727297871084 2.014693021774292 315
1727297871120 2.014693021774292 316
1727297871158 2.014693021774292 317
1727297871197 2.014693021774292 318
1727297871233 2.014693021774292 319
1727297871271 2.014693021774292 320
1727297871310 2.014693021774292 321
1727297871348 2.014693021774292 322
1727297871387 2.014693021774292 323
1727297871430 2.014693021774292 324
1727297871472 2.014693021774292 325
1727297871509 2.014693021774292 326
1727297871545 2.014693021774292 327
1727297871582 2.014693021774292 328
1727297871619 2.014693021774292 329
1727297871656 2.014693021774292 330
1727297871691 2.014693021774292 331
1727297871727 2.014693021774292 332
1727297871767 2.014693021774292 333
1727297871806 2.014693021774292 334
1727297871842 2.014693021774292 335
1727297871878 2.014693021774292 336
1727297871915 2.014693021774292 337
1727297871953 2.014693021774292 338
1727297871990 2.014693021774292 339
1727297872030 2.014693021774292 340
1727297872074 2.014693021774292 341
1727297872112 2.014693021774292 342
1727297872159 2.014693021774292 343
1727297872202 2.014693021774292 344
1727297872247 2.014693021774292 345
1727297872292 2.014693021774292 346
1727297872338 2.014693021774292 347
1727297872378 2.014693021774292 348
1727297872416 2.014693021774292 349
1727297872463 2.014693021774292 350
1727297872500 2.014693021774292 351
1727297872545 2.014693021774292 352
1727297872585 2.014693021774292 353
1727297872621 2.014693021774292 354
1727297872666 2.014693021774292 355
1727297872703 2.014693021774292 356
1727297872740 2.014693021774292 357
1727297872783 2.014693021774292 358
1727297872829 2.014693021774292 359
1727297872870 2.014693021774292 360
1727297872917 2.014693021774292 361
1727297872962 2.014693021774292 362
1727297873007 2.014693021774292 363
1727297873051 2.014693021774292 364
1727297873095 2.014693021774292 365
1727297873140 2.014693021774292 366
1727297873184 2.014693021774292 367
1727297873228 2.014693021774292 368
1727297873274 2.014693021774292 369
1727297873320 2.014693021774292 370
1727297873364 2.014693021774292 371
1727297873410 2.014693021774292 372
1727297873456 2.014693021774292 373
1727297873502 2.014693021774292 374
1727297873546 2.014693021774292 375
1727297873591 2.014693021774292 376
1727297873636 2.014693021774292 377
1727297873677 2.014693021774292 378
1727297873722 2.014693021774292 379
1727297873766 2.014693021774292 380
1727297873813 2.014693021774292 381
1727297873857 2.014693021774292 382
1727297873903 2.014693021774292 383
1727297873947 2.014693021774292 384
1727297873991 2.014693021774292 385
1727297874037 2.014693021774292 386
1727297874081 2.014693021774292 387
1727297874127 2.014693021774292 388
1727297874171 2.014693021774292 389
1727297874215 2.014693021774292 390
1727297874257 2.014693021774292 391
1727297874300 2.014693021774292 392
1727297874337 2.014693021774292 393
1727297874373 2.014693021774292 394
1727297874410 2.014693021774292 395
1727297874446 2.014693021774292 396
1727297874484 2.014693021774292 397
1727297874522 2.014693021774292 398
1727297874562 2.014693021774292 399
1727297874596 2.014693021774292 400
1727297874640 2.014693021774292 401
1727297874685 2.014693021774292 402
1727297874729 2.014693021774292 403
1727297874770 2.014693021774292 404
1727297874809 2.014693021774292 405
1727297874845 2.014693021774292 406
1727297874882 2.014693021774292 407
1727297874921 2.014693021774292 408
1727297874962 2.014693021774292 409
1727297874999 2.014693021774292 410
1727297875038 2.014693021774292 411
1727297875077 2.014693021774292 412
1727297875113 2.014693021774292 413
1727297875150 2.014693021774292 414
1727297875183 2.014693021774292 415
1727297875222 2.014693021774292 416
1727297875260 2.014693021774292 417
1727297875297 2.014693021774292 418
