1726236975306 2e-05 0
1726236975345 -0.07280361652374268 1
1726236975382 0.019988179206848145 2
1726236975422 0.045079588890075684 3
1726236975459 0.004207611083984375 4
1726236975497 -0.0651092529296875 5
1726236975538 0.04468381404876709 6
1726236975578 -0.005166411399841309 7
1726236975622 -0.06963300704956055 8
1726236975661 0.025949478149414062 9
1726236975698 -0.000853419303894043 10
1726236975736 0.04368758201599121 11
1726236975775 -0.06878376007080078 12
1726236975814 0.023926615715026855 13
1726236975853 0.002022981643676758 14
1726236975892 0.056003451347351074 15
1726236975930 -0.015398859977722168 16
1726236975969 -0.06655406951904297 17
1726236976008 0.025992274284362793 18
1726236976047 -0.019555211067199707 19
1726236976088 0.018688201904296875 20
1726236976131 0.04279017448425293 21
1726236976176 -0.04196596145629883 22
1726236976220 0.03375887870788574 23
1726236976262 0.009163856506347656 24
1726236976304 -0.005769968032836914 25
1726236976344 0.004271388053894043 26
1726236976385 0.02828502655029297 27
1726236976426 -0.015068531036376953 28
1726236976465 -6.842613220214844e-05 29
1726236976505 -0.030521750450134277 30
1726236976545 0.025103092193603516 31
1726236976585 0.0008463859558105469 32
1726236976624 0.004572272300720215 33
1726236976663 0.0030084848403930664 34
1726236976702 -0.057019591331481934 35
1726236976741 0.05401110649108887 36
1726236976780 -0.004572272300720215 37
1726236976820 -0.05890357494354248 38
1726236976858 0.023718833923339844 39
1726236976897 0.03496229648590088 40
1726236976936 -0.0012530088424682617 41
1726236976975 -0.0043218135833740234 42
1726236977015 -0.02696371078491211 43
1726236977054 0.030497074127197266 44
1726236977094 -0.04316365718841553 45
1726236977142 0.04999983310699463 46
1726236977203 -0.030521631240844727 47
1726236977251 0.03256022930145264 48
1726236977297 -0.08107471466064453 49
1726236977346 0.024463891983032227 50
1726236977402 0.0429227352142334 51
1726236977455 0.011649489402770996 52
1726236977525 -0.054572224617004395 53
1726236977592 -0.0002808570861816406 54
1726236977641 0.03132796287536621 55
1726236977689 -0.05699658393859863 56
1726236977738 0.0917820930480957 57
1726236977790 0.005586743354797363 58
1726236977839 -0.06599748134613037 59
1726236977891 -0.023174762725830078 60
1726236977940 0.017752885818481445 61
1726236977991 0.0030138492584228516 62
1726236978043 0.07066035270690918 63
1726236978094 -0.019102096557617188 64
1726236978145 1.1920928955078125e-07 65
1726236978195 -0.030521750450134277 66
1726236978243 0.029931187629699707 67
1726236978294 -0.0039817094802856445 68
1726236978347 -0.046144843101501465 69
1726236978402 0.046106696128845215 70
1726236978448 -0.04996180534362793 71
1726236978493 0.040863037109375 72
1726236978536 -0.036290764808654785 73
1726236978578 0.030976533889770508 74
1726236978620 0.013937711715698242 75
1726236978661 -0.049486517906188965 76
1726236978701 0.024050474166870117 77
1726236978742 0.025336503982543945 78
1726236978782 -0.01394510269165039 79
1726236978821 0.03937530517578125 80
1726236978861 -0.038661837577819824 81
1726236978900 -0.01210474967956543 82
1726236978939 0.02594935894012451 83
1726236978978 -0.005938410758972168 84
1726236979017 0.009289145469665527 85
1726236979056 -0.05312681198120117 86
1726236979095 0.0461728572845459 87
1726236979135 -0.006661891937255859 88
1726236979173 -0.013588666915893555 89
1726236979213 0.021115541458129883 90
1726236979252 0.0005214214324951172 91
1726236979291 0.020801782608032227 92
1726236979329 -0.0016396045684814453 93
1726236979368 -0.07133698463439941 94
1726236979406 0.03008246421813965 95
1726236979444 0.047754883766174316 96
1726236979483 -0.049395084381103516 97
1726236979522 -0.032161593437194824 98
1726236979561 0.04386448860168457 99
1726236979600 0.014246463775634766 100
1726236979638 -0.025949478149414062 101
1726236979677 0.030521750450134277 102
1726236979715 -0.011823058128356934 103
1726236979754 -0.028249382972717285 104
1726236979793 -0.027812600135803223 105
1726236979833 0.04023420810699463 106
1726236979872 0.004984259605407715 107
1726236979910 0.013809680938720703 108
1726236979949 -0.039131879806518555 109
1726236979989 0.0275576114654541 110
1726236980027 -0.03414106369018555 111
1726236980067 0.0 112
