1727304519368 1.9535315036773682 0
1727304519403 1.6523600816726685 1
1727304519439 1.9917906522750854 2
1727304519475 1.9019886255264282 3
1727304519511 1.5887761116027832 4
1727304519545 1.766239881515503 5
1727304519579 1.9431830644607544 6
1727304519615 1.7785007953643799 7
1727304519651 1.6268141269683838 8
1727304519687 1.7299587726593018 9
1727304519722 0.5264701247215271 10
1727304519757 1.921355128288269 11
1727304519792 1.8922934532165527 12
1727304519827 1.7703216075897217 13
1727304519862 1.8351237773895264 14
1727304519898 1.625849962234497 15
1727304519935 1.9404417276382446 16
1727304519971 1.8994114398956299 17
1727304520006 1.9476759433746338 18
1727304520041 1.898884654045105 19
1727304520076 1.783043622970581 20
1727304520112 1.3425817489624023 21
1727304520148 1.6692748069763184 22
1727304520184 1.9315454959869385 23
1727304520221 1.9726343154907227 24
1727304520262 1.9134235382080078 25
1727304520301 1.5898644924163818 26
1727304520338 1.5730829238891602 27
1727304520373 1.900113582611084 28
1727304520408 1.7557300329208374 29
1727304520443 1.6453447341918945 30
1727304520477 1.906252384185791 31
1727304520511 1.5615384578704834 32
1727304520546 1.8012967109680176 33
1727304520581 1.3502871990203857 34
1727304520616 1.8423347473144531 35
1727304520651 1.8651783466339111 36
1727304520685 1.9542555809020996 37
1727304520720 1.872345209121704 38
1727304520755 1.9162087440490723 39
1727304520791 1.5358086824417114 40
1727304520828 1.9171104431152344 41
1727304520863 1.9688966274261475 42
1727304520899 1.3425817489624023 43
1727304520936 1.9439038038253784 44
1727304520973 1.9883090257644653 45
1727304521010 1.7342857122421265 46
1727304521045 1.9479718208312988 47
1727304521081 1.8383362293243408 48
1727304521120 1.9368646144866943 49
1727304521165 1.6870222091674805 50
1727304521203 1.949596643447876 51
1727304521240 1.9202131032943726 52
1727304521277 1.3425817489624023 53
1727304521312 1.8232334852218628 54
1727304521350 1.7370445728302002 55
1727304521386 1.9267065525054932 56
1727304521423 1.7818644046783447 57
1727304521460 1.9580552577972412 58
1727304521494 1.8220393657684326 59
1727304521529 1.8698747158050537 60
1727304521563 1.91242253780365 61
1727304521599 1.8747649192810059 62
1727304521635 1.8594545125961304 63
1727304521671 1.8532164096832275 64
1727304521705 1.8066340684890747 65
1727304521741 1.8384960889816284 66
1727304521776 1.888363003730774 67
1727304521811 1.7159180641174316 68
1727304521847 1.674595832824707 69
1727304521883 1.953738808631897 70
1727304521918 1.893432378768921 71
1727304521954 1.7722973823547363 72
1727304521988 1.941529631614685 73
1727304522024 1.8552544116973877 74
1727304522059 1.7514183521270752 75
1727304522093 1.9259952306747437 76
1727304522128 1.6346752643585205 77
1727304522163 1.7772126197814941 78
1727304522198 1.8856120109558105 79
1727304522234 1.6406720876693726 80
1727304522268 1.8633826971054077 81
1727304522303 1.739121437072754 82
1727304522340 1.8366823196411133 83
1727304522383 1.8157315254211426 84
1727304522429 1.804779291152954 85
1727304522482 1.9587538242340088 86
1727304522527 1.9428143501281738 87
1727304522584 1.9118001461029053 88
1727304522636 1.6598634719848633 89
1727304522682 1.9328346252441406 90
1727304522736 1.7989017963409424 91
1727304522789 1.432581901550293 92
1727304522835 1.986552357673645 93
1727304522889 1.842217206954956 94
1727304522944 1.8320132493972778 95
1727304522988 1.8962364196777344 96
1727304523030 1.68878173828125 97
1727304523073 1.9678572416305542 98
1727304523116 1.809159755706787 99
1727304523160 1.916581630706787 100
1727304523203 1.8715708255767822 101
1727304523246 1.7248907089233398 102
1727304523292 1.961637020111084 103
1727304523338 1.643552303314209 104
1727304523387 1.7949482202529907 105
1727304523435 1.676976203918457 106
1727304523483 1.8957455158233643 107
1727304523529 1.9389804601669312 108
1727304523578 1.7897934913635254 109
1727304523629 1.586932897567749 110
1727304523677 1.5719647407531738 111
1727304523718 1.3425817489624023 112
1727304523759 1.9721932411193848 113
1727304523798 1.330517292022705 114
1727304523836 1.7334424257278442 115
1727304523875 1.826988697052002 116
1727304523916 1.6851248741149902 117
1727304523955 1.2097514867782593 118
1727304523992 1.876305103302002 119
1727304524029 1.7327601909637451 120
1727304524066 1.6506679058074951 121
1727304524103 1.7656118869781494 122
1727304524141 1.5968087911605835 123
1727304524178 1.7065671682357788 124
1727304524213 1.8570599555969238 125
1727304524248 1.949209213256836 126
1727304524284 1.7973638772964478 127
1727304524321 1.8957617282867432 128
1727304524358 1.7813446521759033 129
1727304524396 1.7607293128967285 130
1727304524434 1.6746432781219482 131
1727304524472 1.8522989749908447 132
1727304524507 1.8730098009109497 133
1727304524544 1.8022336959838867 134
1727304524581 1.4574906826019287 135
1727304524619 1.9457764625549316 136
1727304524656 1.7136499881744385 137
1727304524692 1.6121599674224854 138
1727304524728 1.5556920766830444 139
1727304524763 1.834683895111084 140
1727304524798 1.6637805700302124 141
1727304524833 1.9825186729431152 142
1727304524869 1.9538097381591797 143
1727304524903 1.7352370023727417 144
1727304524938 1.9925737380981445 145
1727304524972 1.957153558731079 146
1727304525007 1.9605069160461426 147
1727304525041 1.9666415452957153 148
1727304525076 1.7903635501861572 149
1727304525111 1.7431728839874268 150
1727304525148 1.3425817489624023 151
1727304525184 1.695061445236206 152
1727304525219 1.6867467164993286 153
1727304525255 1.6926753520965576 154
1727304525290 1.6777117252349854 155
1727304525328 1.9083179235458374 156
1727304525366 1.88291335105896 157
1727304525403 1.8877589702606201 158
1727304525439 1.9877798557281494 159
1727304525473 1.6703801155090332 160
1727304525507 1.9873771667480469 161
1727304525543 1.9752591848373413 162
1727304525577 1.636141061782837 163
1727304525612 1.6538063287734985 164
1727304525647 1.953366756439209 165
1727304525681 1.9535529613494873 166
1727304525716 1.8607676029205322 167
1727304525752 1.7658777236938477 168
1727304525787 1.8899118900299072 169
1727304525824 1.9696056842803955 170
1727304525859 1.883901834487915 171
1727304525896 1.6358129978179932 172
1727304525937 1.6846909523010254 173
1727304525973 1.9335179328918457 174
1727304526009 1.5707921981811523 175
1727304526045 1.5246281623840332 176
1727304526079 1.823947787284851 177
1727304526118 1.9516162872314453 178
1727304526154 1.9125096797943115 179
1727304526190 1.7634204626083374 180
1727304526226 1.461918592453003 181
1727304526262 1.677678108215332 182
1727304526298 1.2097513675689697 183
1727304526333 1.7524546384811401 184
1727304526371 1.432581901550293 185
1727304526406 1.4325478076934814 186
1727304526440 1.5006088018417358 187
1727304526474 1.7421492338180542 188
1727304526508 1.2728663682937622 189
1727304526543 1.7605650424957275 190
1727304526578 0.5264701247215271 191
1727304526616 1.5581896305084229 192
1727304526663 1.9313604831695557 193
1727304526707 1.9609971046447754 194
1727304526744 1.6940044164657593 195
1727304526781 1.5844210386276245 196
1727304526821 1.6466554403305054 197
1727304526864 1.992767333984375 198
1727304526905 1.5867390632629395 199
1727304526947 1.9516499042510986 200
1727304526988 1.812638521194458 201
1727304527029 1.3425817489624023 202
1727304527072 1.7376093864440918 203
1727304527114 1.9772562980651855 204
1727304527167 1.9194238185882568 205
1727304527214 1.9289450645446777 206
1727304527257 1.7670071125030518 207
1727304527312 1.8434349298477173 208
1727304527369 1.5879627466201782 209
1727304527425 1.743476390838623 210
1727304527472 1.926019549369812 211
1727304527514 1.9088040590286255 212
1727304527554 1.8287765979766846 213
1727304527592 1.536177635192871 214
1727304527633 1.9153273105621338 215
1727304527672 1.7763535976409912 216
1727304527711 1.3425817489624023 217
1727304527751 1.7920713424682617 218
1727304527791 1.6817147731781006 219
1727304527830 1.7496519088745117 220
1727304527871 1.7384980916976929 221
1727304527908 1.9145641326904297 222
1727304527945 1.9848166704177856 223
1727304527981 1.8138303756713867 224
1727304528018 1.7193896770477295 225
1727304528054 1.9472973346710205 226
1727304528090 1.9243719577789307 227
1727304528128 1.9853628873825073 228
1727304528165 1.9155746698379517 229
1727304528200 1.768155574798584 230
1727304528236 1.9875414371490479 231
1727304528271 1.7290260791778564 232
1727304528308 1.8621872663497925 233
1727304528346 1.515013575553894 234
1727304528385 1.6959174871444702 235
1727304528421 1.7235552072525024 236
1727304528459 1.7235552072525024 237
