1727302970454 2.014693021774292 0
1727302970488 2.014693021774292 1
1727302970522 2.014693021774292 2
1727302970556 2.014693021774292 3
1727302970590 2.014693021774292 4
1727302970624 2.014693021774292 5
1727302970658 2.014693021774292 6
1727302970694 2.014693021774292 7
1727302970728 2.014693021774292 8
1727302970764 2.014693021774292 9
1727302970801 2.014693021774292 10
1727302970835 2.014693021774292 11
1727302970870 2.014693021774292 12
1727302970905 2.014693021774292 13
1727302970941 2.014693021774292 14
1727302970975 2.014693021774292 15
1727302971011 2.014693021774292 16
1727302971046 2.014693021774292 17
1727302971080 2.014693021774292 18
1727302971116 2.014693021774292 19
1727302971151 2.014693021774292 20
1727302971185 2.014693021774292 21
1727302971219 2.014693021774292 22
1727302971254 2.014693021774292 23
1727302971289 2.014693021774292 24
1727302971324 2.014693021774292 25
1727302971359 2.014693021774292 26
1727302971394 2.014693021774292 27
1727302971429 2.014693021774292 28
1727302971464 2.014693021774292 29
1727302971498 2.014693021774292 30
1727302971532 2.014693021774292 31
1727302971566 2.014693021774292 32
1727302971602 2.014693021774292 33
1727302971637 2.014693021774292 34
1727302971672 2.014693021774292 35
1727302971706 2.014693021774292 36
1727302971740 2.014693021774292 37
1727302971775 2.014693021774292 38
1727302971809 2.014693021774292 39
1727302971844 2.014693021774292 40
1727302971879 2.014693021774292 41
1727302971913 2.014693021774292 42
1727302971975 2.014693021774292 43
1727302972008 2.014693021774292 44
1727302972043 2.014693021774292 45
1727302972079 2.014693021774292 46
1727302972114 2.014693021774292 47
1727302972148 2.014693021774292 48
1727302972185 2.014693021774292 49
1727302972225 2.014693021774292 50
1727302972262 2.014693021774292 51
1727302972300 2.014693021774292 52
1727302972336 2.014693021774292 53
1727302972378 2.014693021774292 54
1727302972414 2.014693021774292 55
1727302972449 2.014693021774292 56
1727302972483 2.014693021774292 57
1727302972519 2.014693021774292 58
1727302972554 2.014693021774292 59
1727302972589 2.014693021774292 60
1727302972623 2.014693021774292 61
1727302972659 2.014693021774292 62
1727302972695 2.014693021774292 63
1727302972732 2.014693021774292 64
1727302972766 2.014693021774292 65
1727302972801 2.014693021774292 66
1727302972834 2.014693021774292 67
1727302972870 2.014693021774292 68
1727302972906 2.014693021774292 69
1727302972944 2.014693021774292 70
1727302972979 2.014693021774292 71
1727302973015 2.014693021774292 72
1727302973052 2.014693021774292 73
1727302973091 2.014693021774292 74
1727302973126 2.014693021774292 75
1727302973162 2.014693021774292 76
1727302973198 2.014693021774292 77
1727302973234 2.014693021774292 78
1727302973269 2.014693021774292 79
1727302973304 2.014693021774292 80
1727302973339 2.014693021774292 81
1727302973375 2.014693021774292 82
1727302973411 2.014693021774292 83
1727302973448 2.014693021774292 84
1727302973487 2.014693021774292 85
1727302973523 2.014693021774292 86
1727302973559 2.014693021774292 87
1727302973598 2.014693021774292 88
1727302973633 2.014693021774292 89
1727302973668 2.014693021774292 90
1727302973702 2.014693021774292 91
1727302973737 2.014693021774292 92
1727302973772 2.014693021774292 93
1727302973806 2.014693021774292 94
1727302973842 2.014693021774292 95
1727302973878 2.014693021774292 96
1727302973912 2.014693021774292 97
1727302973947 2.014693021774292 98
1727302973982 2.014693021774292 99
1727302974016 2.014693021774292 100
1727302974050 2.014693021774292 101
1727302974086 2.014693021774292 102
1727302974123 2.014693021774292 103
1727302974158 2.014693021774292 104
1727302974193 2.014693021774292 105
1727302974227 2.014693021774292 106
1727302974262 2.014693021774292 107
1727302974298 2.014693021774292 108
1727302974334 2.014693021774292 109
1727302974370 2.014693021774292 110
1727302974407 2.014693021774292 111
1727302974443 2.014693021774292 112
1727302974479 2.014693021774292 113
1727302974514 2.014693021774292 114
1727302974549 2.014693021774292 115
1727302974584 2.014693021774292 116
1727302974620 2.014693021774292 117
1727302974654 2.014693021774292 118
1727302974688 2.014693021774292 119
1727302974723 2.014693021774292 120
1727302974758 2.014693021774292 121
1727302974795 2.014693021774292 122
1727302974831 2.014693021774292 123
1727302974871 2.014693021774292 124
1727302974908 2.014693021774292 125
1727302974947 2.014693021774292 126
1727302974985 2.014693021774292 127
1727302975023 2.014693021774292 128
1727302975060 2.014693021774292 129
1727302975097 2.014693021774292 130
1727302975135 2.014693021774292 131
1727302975170 2.014693021774292 132
1727302975202 2.014693021774292 133
1727302975236 2.014693021774292 134
1727302975270 2.014693021774292 135
1727302975303 2.014693021774292 136
1727302975338 2.014693021774292 137
1727302975374 2.014693021774292 138
1727302975408 2.014693021774292 139
1727302975443 2.014693021774292 140
1727302975476 2.014693021774292 141
1727302975511 2.014693021774292 142
1727302975545 2.014693021774292 143
1727302975579 2.014693021774292 144
1727302975614 2.014693021774292 145
1727302975650 2.014693021774292 146
1727302975684 2.014693021774292 147
1727302975719 2.014693021774292 148
1727302975753 2.014693021774292 149
1727302975787 2.014693021774292 150
1727302975822 2.014693021774292 151
1727302975856 2.014693021774292 152
1727302975892 2.014693021774292 153
1727302975929 2.014693021774292 154
1727302975964 2.014693021774292 155
1727302975998 2.014693021774292 156
1727302976033 2.014693021774292 157
1727302976068 2.014693021774292 158
1727302976103 2.014693021774292 159
1727302976139 2.014693021774292 160
1727302976173 2.014693021774292 161
1727302976208 2.014693021774292 162
1727302976245 2.014693021774292 163
1727302976280 2.014693021774292 164
1727302976314 2.014693021774292 165
1727302976353 2.014693021774292 166
1727302976390 2.014693021774292 167
1727302976424 2.014693021774292 168
1727302976459 2.014693021774292 169
1727302976493 2.014693021774292 170
1727302976528 2.014693021774292 171
1727302976562 2.014693021774292 172
1727302976598 2.014693021774292 173
1727302976634 2.014693021774292 174
1727302976670 2.014693021774292 175
1727302976706 2.014693021774292 176
1727302976742 2.014693021774292 177
1727302976777 2.014693021774292 178
1727302976816 2.014693021774292 179
1727302976853 2.014693021774292 180
1727302976891 2.014693021774292 181
1727302976927 2.014693021774292 182
1727302976963 2.014693021774292 183
1727302976999 2.014693021774292 184
1727302977038 2.014693021774292 185
1727302977075 2.014693021774292 186
1727302977113 2.014693021774292 187
1727302977149 2.014693021774292 188
1727302977185 2.014693021774292 189
1727302977223 2.014693021774292 190
1727302977261 2.014693021774292 191
1727302977299 2.014693021774292 192
1727302977338 2.014693021774292 193
1727302977378 2.014693021774292 194
1727302977416 2.014693021774292 195
1727302977453 2.014693021774292 196
1727302977488 2.014693021774292 197
1727302977523 2.014693021774292 198
1727302977559 2.014693021774292 199
1727302977594 2.014693021774292 200
1727302977630 2.014693021774292 201
1727302977666 2.014693021774292 202
1727302977701 2.014693021774292 203
1727302977736 2.014693021774292 204
1727302977770 2.014693021774292 205
1727302977805 2.014693021774292 206
1727302977841 2.014693021774292 207
1727302977875 2.014693021774292 208
1727302977910 2.014693021774292 209
1727302977946 2.014693021774292 210
1727302977981 2.014693021774292 211
1727302978015 2.014693021774292 212
1727302978050 2.014693021774292 213
1727302978084 2.014693021774292 214
1727302978118 2.014693021774292 215
1727302978153 2.014693021774292 216
1727302978187 2.014693021774292 217
1727302978222 2.014693021774292 218
1727302978258 2.014693021774292 219
1727302978292 2.014693021774292 220
1727302978327 2.014693021774292 221
1727302978363 2.014693021774292 222
1727302978399 2.014693021774292 223
1727302978435 2.014693021774292 224
1727302978469 2.014693021774292 225
1727302978504 2.014693021774292 226
1727302978538 2.014693021774292 227
1727302978572 2.014693021774292 228
1727302978606 2.014693021774292 229
1727302978642 2.014693021774292 230
1727302978677 2.014693021774292 231
1727302978712 2.014693021774292 232
1727302978746 2.014693021774292 233
1727302978781 2.014693021774292 234
1727302978817 2.014693021774292 235
1727302978851 2.014693021774292 236
1727302978886 2.014693021774292 237
1727302978928 2.014693021774292 238
1727302978968 2.014693021774292 239
1727302979002 2.014693021774292 240
1727302979037 2.014693021774292 241
1727302979072 2.014693021774292 242
1727302979107 2.014693021774292 243
1727302979144 2.014693021774292 244
1727302979180 2.014693021774292 245
1727302979215 2.014693021774292 246
1727302979259 2.014693021774292 247
1727302979298 2.014693021774292 248
1727302979336 2.014693021774292 249
1727302979372 2.014693021774292 250
1727302979408 2.014693021774292 251
1727302979443 2.014693021774292 252
1727302979479 2.014693021774292 253
1727302979514 2.014693021774292 254
1727302979549 2.014693021774292 255
1727302979585 2.014693021774292 256
1727302979621 2.014693021774292 257
1727302979656 2.014693021774292 258
1727302979692 2.014693021774292 259
1727302979727 2.014693021774292 260
1727302979761 2.014693021774292 261
1727302979795 2.014693021774292 262
1727302979830 2.014693021774292 263
1727302979867 2.014693021774292 264
1727302979902 2.014693021774292 265
1727302979936 2.014693021774292 266
1727302979971 2.014693021774292 267
1727302980006 2.014693021774292 268
1727302980040 2.014693021774292 269
1727302980074 2.014693021774292 270
1727302980108 2.014693021774292 271
1727302980144 2.014693021774292 272
1727302980179 2.014693021774292 273
1727302980213 2.014693021774292 274
1727302980248 2.014693021774292 275
1727302980288 2.014693021774292 276
1727302980327 2.014693021774292 277
1727302980363 2.014693021774292 278
1727302980398 2.014693021774292 279
1727302980432 2.014693021774292 280
1727302980469 2.014693021774292 281
1727302980503 2.014693021774292 282
1727302980538 2.014693021774292 283
1727302980572 2.014693021774292 284
1727302980609 2.014693021774292 285
1727302980644 2.014693021774292 286
1727302980679 2.014693021774292 287
1727302980716 2.014693021774292 288
1727302980750 2.014693021774292 289
1727302980785 2.014693021774292 290
1727302980820 2.014693021774292 291
1727302980855 2.014693021774292 292
1727302980890 2.014693021774292 293
