1727300512883 0.0 0
1727300512918 0.0 1
1727300512952 0.0 2
1727300512986 0.0 3
1727300513020 0.0 4
1727300513054 0.0 5
1727300513089 0.0 6
1727300513124 0.0 7
1727300513158 0.0 8
1727300513193 0.0 9
1727300513229 0.0 10
1727300513264 0.0 11
1727300513299 0.8543700575828552 12
1727300513334 0.0 13
1727300513369 0.0 14
1727300513403 0.0 15
1727300513438 0.0 16
1727300513474 0.0 17
1727300513508 0.0 18
1727300513542 0.0 19
1727300513576 0.0 20
1727300513611 0.0 21
1727300513645 0.0 22
1727300513679 0.0 23
1727300513714 0.0 24
1727300513749 0.0 25
1727300513783 0.0 26
1727300513817 0.0 27
1727300513854 0.0 28
1727300513890 0.0 29
1727300513926 0.0 30
1727300513964 0.03179972991347313 31
1727300514000 0.0 32
1727300514036 0.0 33
1727300514071 0.0 34
1727300514107 0.0 35
1727300514143 0.0 36
1727300514179 0.0 37
1727300514216 0.0 38
1727300514252 0.0 39
1727300514287 0.0 40
1727300514323 0.0 41
1727300514360 0.0 42
1727300514397 0.0 43
1727300514435 0.0 44
1727300514470 0.0 45
1727300514506 0.0 46
1727300514542 0.0 47
1727300514579 0.0 48
1727300514616 0.0 49
1727300514652 0.0 50
1727300514687 0.0 51
1727300514724 0.0 52
1727300514760 0.0 53
1727300514795 0.0 54
1727300514831 0.0 55
1727300514867 0.0 56
1727300514903 0.0 57
1727300514943 0.0 58
1727300514979 0.0 59
1727300515016 0.0 60
1727300515051 0.0 61
1727300515087 0.0 62
1727300515123 0.0 63
1727300515159 0.0 64
1727300515194 0.0 65
1727300515230 0.0 66
1727300515265 0.0 67
1727300515304 0.0 68
1727300515338 0.0 69
1727300515375 0.0 70
1727300515409 0.0 71
1727300515443 0.0 72
1727300515477 0.0 73
1727300515511 0.0 74
1727300515545 0.0 75
1727300515585 0.0 76
1727300515622 0.0 77
1727300515658 0.0 78
1727300515694 0.0 79
1727300515729 0.0 80
1727300515766 0.0 81
1727300515803 0.0 82
1727300515838 0.0 83
1727300515873 0.0 84
1727300515908 0.0 85
1727300515943 0.0 86
1727300515976 0.0 87
1727300516009 0.0 88
1727300516044 0.0 89
1727300516078 0.0 90
1727300516114 0.0 91
1727300516149 0.0 92
1727300516184 0.0 93
1727300516220 0.02806922234594822 94
1727300516255 0.0 95
1727300516290 0.0 96
1727300516324 0.0 97
1727300516359 0.0 98
1727300516396 0.0 99
1727300516433 0.0 100
1727300516469 0.0 101
1727300516504 0.0 102
1727300516539 0.0 103
1727300516573 0.0 104
1727300516608 0.0 105
1727300516643 0.0 106
1727300516678 0.0 107
1727300516714 0.0 108
1727300516750 0.0 109
1727300516786 0.0 110
1727300516821 0.0 111
1727300516856 0.0 112
1727300516892 0.0 113
1727300516928 0.0 114
1727300516962 0.0 115
1727300516996 0.0 116
1727300517033 0.0 117
1727300517069 0.0 118
1727300517105 0.0 119
1727300517142 0.0 120
1727300517178 0.0 121
1727300517215 0.0 122
1727300517251 0.0 123
1727300517288 0.0 124
1727300517323 0.0 125
1727300517360 0.0 126
1727300517395 0.0 127
1727300517432 0.0 128
1727300517468 0.0 129
1727300517503 0.0 130
1727300517540 0.0 131
1727300517576 0.0 132
1727300517610 0.0 133
1727300517645 0.0 134
1727300517679 0.0 135
1727300517714 0.0 136
1727300517750 0.0 137
1727300517786 0.0 138
1727300517822 0.0 139
1727300517860 0.0 140
1727300517904 0.0 141
1727300517943 0.0 142
1727300517980 0.0 143
1727300518020 0.0 144
1727300518057 0.0 145
1727300518096 0.0 146
1727300518140 0.0 147
1727300518180 0.0 148
1727300518219 0.0 149
1727300518258 0.0 150
1727300518294 0.0 151
1727300518329 0.0 152
1727300518365 0.0 153
1727300518404 0.0 154
1727300518442 0.0 155
1727300518479 0.0 156
1727300518519 0.0 157
1727300518557 0.0 158
1727300518595 0.0 159
1727300518637 0.0 160
1727300518683 0.0 161
1727300518721 0.0 162
1727300518758 0.0 163
1727300518796 0.0 164
1727300518833 0.0 165
1727300518872 0.0 166
1727300518910 0.0 167
1727300518949 0.0 168
1727300518986 0.0 169
1727300519021 0.0 170
1727300519058 0.0 171
1727300519094 0.0 172
1727300519131 0.0 173
1727300519168 0.0 174
1727300519206 0.0 175
1727300519250 0.0 176
1727300519294 0.0 177
1727300519336 0.0 178
1727300519373 0.0 179
1727300519415 0.0 180
1727300519454 0.0 181
1727300519494 0.0 182
1727300519533 0.0 183
1727300519572 0.0 184
1727300519607 0.0 185
1727300519642 0.0 186
1727300519677 0.0 187
1727300519713 0.0 188
1727300519751 0.0 189
1727300519787 0.0 190
1727300519824 0.0 191
1727300519859 0.0 192
1727300519896 0.0 193
1727300519931 0.0 194
1727300519966 0.0 195
1727300520000 0.0 196
1727300520034 0.0 197
1727300520068 0.0 198
1727300520112 0.0 199
1727300520150 0.0 200
1727300520188 0.0 201
1727300520225 0.0 202
1727300520261 0.0 203
1727300520299 0.0 204
1727300520336 0.0 205
1727300520375 0.0 206
1727300520413 0.0 207
1727300520450 0.10680267214775085 208
1727300520486 0.0 209
1727300520522 0.0 210
1727300520557 0.0 211
1727300520594 0.0 212
1727300520629 0.0 213
1727300520672 0.0 214
1727300520712 0.0 215
1727300520747 0.0 216
1727300520783 0.0 217
1727300520821 0.0 218
1727300520856 0.0 219
1727300520891 0.0 220
1727300520928 0.0 221
1727300520969 0.0 222
1727300521005 0.0 223
1727300521043 0.0 224
1727300521084 0.0 225
1727300521120 0.0 226
1727300521158 0.0 227
1727300521195 0.0 228
1727300521234 0.0 229
1727300521270 0.0 230
1727300521307 0.0 231
1727300521344 0.0 232
1727300521381 0.0 233
1727300521418 0.0 234
1727300521456 0.0 235
1727300521498 0.0 236
1727300521535 0.0 237
1727300521572 0.0 238
1727300521611 0.0 239
1727300521655 0.0 240
1727300521694 0.0 241
1727300521745 0.0 242
1727300521801 0.0 243
1727300521854 0.0 244
1727300521907 0.0 245
1727300521952 0.0 246
1727300521994 0.0 247
1727300522035 0.0 248
1727300522077 0.0 249
1727300522120 0.0 250
1727300522172 0.0 251
1727300522230 0.0 252
1727300522276 0.0 253
1727300522317 0.0 254
1727300522364 0.0 255
1727300522412 0.0 256
1727300522458 0.0 257
1727300522502 0.0 258
1727300522544 0.0 259
1727300522588 0.0 260
1727300522629 0.0 261
1727300522667 0.0 262
1727300522704 0.0 263
1727300522742 0.0 264
1727300522780 0.0 265
1727300522816 0.0 266
1727300522855 0.0 267
1727300522893 0.0 268
1727300522940 0.0 269
1727300522987 0.0 270
1727300523028 0.0 271
1727300523065 0.0 272
1727300523104 0.0 273
1727300523141 0.0 274
1727300523178 0.0 275
1727300523221 0.0 276
1727300523261 0.0 277
1727300523297 0.0 278
1727300523333 0.0 279
1727300523368 0.0 280
1727300523403 0.0 281
1727300523439 0.0 282
1727300523474 0.0 283
1727300523511 0.0 284
1727300523545 0.0 285
1727300523580 0.0 286
1727300523613 0.0 287
1727300523647 0.0 288
1727300523681 0.0 289
1727300523716 0.0 290
1727300523751 0.006794764194637537 291
1727300523787 9.266254425048828 292
1727300523821 0.0 293
1727300523857 0.0 294
1727300523894 0.0 295
1727300523963 0.0 296
