1726432800974 0.08814224600791931 0
1726432801022 0.0 1
1726432801070 0.0 2
1726432801126 0.3757237195968628 3
1726432801185 1.069754958152771 4
1726432801234 0.17031212151050568 5
1726432801281 0.0 6
1726432801334 0.19061918556690216 7
1726432801386 0.0 8
1726432801436 0.0 9
1726432801488 0.04711608588695526 10
1726432801536 0.014495554380118847 11
1726432801581 0.0 12
1726432801633 0.0 13
1726432801681 0.03416716307401657 14
1726432801724 0.009269420057535172 15
1726432801772 0.1329210251569748 16
1726432801826 0.157756045460701 17
1726432801870 0.0 18
1726432801912 0.0 19
1726432801954 0.0 20
1726432801994 0.03731299191713333 21
1726432802035 0.0 22
1726432802076 0.008209154941141605 23
1726432802117 0.0 24
1726432802170 0.2885945439338684 25
1726432802220 0.43470337986946106 26
1726432802270 0.23345398902893066 27
1726432802319 0.21756644546985626 28
1726432802366 0.10245060920715332 29
1726432802411 0.1659371703863144 30
1726432802456 0.07862875610589981 31
1726432802498 0.08087385445833206 32
1726432802541 0.0 33
1726432802583 0.18877668678760529 34
1726432802628 0.2836008369922638 35
1726432802685 0.22022192180156708 36
1726432802748 0.0 37
1726432802798 0.0 38
1726432802862 0.01555328443646431 39
1726432802917 0.0 40
1726432802961 0.10592558234930038 41
1726432803005 0.1685522347688675 42
1726432803049 0.36051657795906067 43
1726432803090 0.29311275482177734 44
1726432803136 0.0 45
1726432803177 0.06858309358358383 46
1726432803220 0.08007390052080154 47
1726432803267 0.0 48
1726432803317 0.0 49
1726432803363 0.04005911573767662 50
1726432803407 0.06398504227399826 51
1726432803449 0.05467166006565094 52
1726432803492 0.0 53
1726432803540 0.03137970715761185 54
1726432803584 0.15658007562160492 55
1726432803627 0.17648446559906006 56
1726432803673 0.5117804408073425 57
1726432803720 0.07409318536520004 58
1726432803766 0.038658592849969864 59
1726432803818 0.0279458686709404 60
1726432803869 0.231731578707695 61
1726432803926 0.3556983470916748 62
1726432803982 0.03426729515194893 63
1726432804028 0.0 64
1726432804087 0.029156992211937904 65
1726432804134 0.0 66
1726432804181 0.0 67
1726432804228 0.004946392495185137 68
1726432804273 0.00524878641590476 69
1726432804328 0.0 70
1726432804387 0.03831863030791283 71
1726432804442 0.026342587545514107 72
1726432804498 0.02367868274450302 73
1726432804552 0.008711740374565125 74
1726432804594 0.0 75
1726432804637 0.097600556910038 76
1726432804682 0.038612835109233856 77
1726432804734 0.0 78
1726432804787 0.1262405961751938 79
1726432804832 0.4299405515193939 80
1726432804880 0.2596147358417511 81
1726432804932 0.411657452583313 82
1726432804981 0.22421635687351227 83
1726432805028 0.2571536600589752 84
1726432805081 0.26385924220085144 85
1726432805139 0.0699102059006691 86
1726432805201 0.022111840546131134 87
1726432805259 0.030950292944908142 88
1726432805316 0.03712214156985283 89
1726432805370 0.246237114071846 90
1726432805424 0.0 91
1726432805479 0.0 92
1726432805542 0.020777881145477295 93
1726432805605 0.0 94
1726432805675 0.0 95
1726432805733 0.028098352253437042 96
1726432805786 0.0 97
1726432805845 0.0 98
1726432805898 0.0 99
1726432805952 0.04248572513461113 100
1726432806006 0.0 101
1726432806061 0.15375687181949615 102
1726432806133 0.1387111395597458 103
1726432806186 0.0 104
1726432806251 0.04607224091887474 105
1726432806303 0.0 106
1726432806362 0.18075990676879883 107
1726432806421 0.734280526638031 108
1726432806478 0.3685617446899414 109
1726432806538 0.550552487373352 110
1726432806597 0.1302797943353653 111
1726432806661 0.06867187470197678 112
1726432806730 0.011715181171894073 113
1726432806792 0.0 114
1726432806862 0.07344905287027359 115
1726432806919 0.0 116
1726432806979 0.0 117
1726432807038 0.041055962443351746 118
1726432807099 0.17681322991847992 119
1726432807155 0.03606375306844711 120
1726432807214 0.03816843777894974 121
1726432807278 0.006917188409715891 122
1726432807342 0.05766906216740608 123
1726432807412 0.12137970328330994 124
1726432807470 0.4634004831314087 125
1726432807531 0.8280882239341736 126
1726432807587 0.163942351937294 127
1726432807643 0.20891959965229034 128
1726432807706 0.6425157189369202 129
1726432807761 6.1402268409729 130
1726432807824 0.3986304998397827 131
1726432807888 0.20000630617141724 132
1726432807950 0.12331414967775345 133
1726432808008 0.05990835651755333 134
1726432808070 0.0038798667956143618 135
1726432808138 0.19685405492782593 136
1726432808197 0.20764625072479248 137
1726432808259 0.0 138
1726432808321 0.14216698706150055 139
1726432808390 0.0 140
1726432808446 0.15104009211063385 141
1726432808499 0.1674206703901291 142
1726432808553 1.2575088739395142 143
1726432808608 0.30466747283935547 144
1726432808672 0.14382310211658478 145
1726432808735 0.11425039917230606 146
1726432808790 0.08299516886472702 147
1726432808846 0.026136813685297966 148
1726432808912 0.4286928176879883 149
1726432808971 0.7365203499794006 150
1726432809029 0.18997113406658173 151
1726432809089 0.17691002786159515 152
1726432809145 0.0 153
1726432809201 0.04597744345664978 154
1726432809267 0.0 155
1726432809326 0.036025214940309525 156
1726432809386 0.10113874077796936 157
1726432809445 0.25661689043045044 158
1726432809501 0.19426952302455902 159
1726432809559 0.4061783254146576 160
1726432809616 0.22015976905822754 161
1726432809675 0.028700090944767 162
1726432809742 0.0 163
1726432809805 0.0 164
1726432809874 0.15188120305538177 165
1726432809943 0.05309423431754112 166
1726432809994 0.05103178322315216 167
1726432810052 0.0 168
1726432810109 0.043613921850919724 169
1726432810169 0.2133839875459671 170
1726432810230 0.1927851438522339 171
1726432810289 0.5296496748924255 172
1726432810347 0.35875818133354187 173
1726432810403 0.08483775705099106 174
1726432810476 0.0 175
1726432810540 0.0 176
1726432810609 0.06580662727355957 177
1726432810685 0.08579086512327194 178
1726432810754 0.0 179
1726432810814 0.0 180
1726432810872 0.0 181
1726432810929 0.0 182
1726432810990 0.09729241579771042 183
1726432811045 0.10614850372076035 184
1726432811114 0.0 185
1726432811178 0.0 186
1726432811246 0.06283363699913025 187
1726432811308 0.11185654997825623 188
1726432811364 0.0 189
1726432811423 0.007703848648816347 190
1726432811479 0.024098992347717285 191
1726432811536 0.0 192
1726432811604 0.14295707643032074 193
1726432811661 0.5596968531608582 194
1726432811720 0.13698145747184753 195
1726432811777 0.1073530986905098 196
1726432811836 0.00526459002867341 197
1726432811899 0.17462176084518433 198
1726432811963 0.24882489442825317 199
1726432812025 0.4612765610218048 200
1726432812085 0.0 201
1726432812140 0.033915672451257706 202
1726432812201 0.13185939192771912 203
1726432812268 0.2147562950849533 204
1726432812333 0.4958350956439972 205
1726432812391 0.3645362854003906 206
1726432812449 0.6520891189575195 207
1726432812508 0.014187519438564777 208
1726432812571 0.11363891512155533 209
1726432812622 0.0 210
1726432812675 0.04419487714767456 211
1726432812729 0.3169756829738617 212
1726432812780 0.04727213457226753 213
1726432812833 0.3483473062515259 214
1726432812880 0.12818752229213715 215
1726432812925 0.0007709032506681979 216
1726432812971 0.0 217
1726432813023 0.0 218
1726432813073 0.08474448323249817 219
1726432813121 0.1577858030796051 220
1726432813166 0.037320125848054886 221
1726432813210 0.010765891522169113 222
1726432813254 0.011674354784190655 223
1726432813296 0.2366134375333786 224
1726432813338 0.18327955901622772 225
1726432813380 0.29148274660110474 226
1726432813422 0.07564275711774826 227
1726432813464 0.05437551811337471 228
1726432813508 0.0 229
1726432813554 0.17626173794269562 230
1726432813598 0.3878239393234253 231
1726432813641 0.6131705045700073 232
1726432813685 0.1668090671300888 233
1726432813729 0.15619471669197083 234
1726432813771 0.22577588260173798 235
1726432813820 0.0 236
1726432813865 0.0 237
1726432813909 0.03801063075661659 238
1726432813953 0.0 239
1726432813996 0.02166966162621975 240
1726432814038 0.034434374421834946 241
1726432814079 0.5042887330055237 242
1726432814121 0.44541844725608826 243
1726432814164 0.12330477684736252 244
1726432814207 0.12991471588611603 245
1726432814248 0.05874786898493767 246
1726432814290 0.275841623544693 247
1726432814337 0.0 248
1726432814380 0.0 249
1726432814423 0.021139822900295258 250
1726432814467 0.0681309923529625 251
1726432814511 0.13820387423038483 252
1726432814553 0.20232923328876495 253
1726432814596 0.12744103372097015 254
1726432814638 0.05561580881476402 255
1726432814681 0.0 256
1726432814724 0.04172442480921745 257
1726432814767 0.07696337252855301 258
1726432814811 0.029285823926329613 259
1726432814856 0.026109328493475914 260
1726432814899 0.08334026485681534 261
1726432814945 0.19038210809230804 262
1726432814993 0.2587287127971649 263
1726432815048 0.1513681560754776 264
1726432815117 0.14239686727523804 265
1726432815177 0.02543237991631031 266
1726432815220 0.13129283487796783 267
1726432815262 0.2729964554309845 268
1726432815304 0.1149214506149292 269
1726432815346 0.15880848467350006 270
1726432815387 0.0341741181910038 271
1726432815429 0.16013072431087494 272
1726432815471 0.15961654484272003 273
1726432815516 0.0 274
1726432815568 0.0 275
1726432815642 0.041023872792720795 276
1726432815703 0.0 277
1726432815770 0.157428577542305 278
1726432815848 0.04900220036506653 279
1726432815909 0.2968185245990753 280
1726432815967 0.04832131788134575 281
1726432816040 0.10296150296926498 282
1726432816103 0.14108334481716156 283
1726432816159 0.05869661644101143 284
1726432816220 0.07195635885000229 285
1726432816277 0.18407662212848663 286
1726432816350 0.26332610845565796 287
1726432816429 0.23014076054096222 288
1726432816517 0.1929527074098587 289
1726432816586 0.07310072332620621 290
1726432816644 0.1674557775259018 291
1726432816702 0.0 292
1726432816760 0.0 293
1726432816821 0.0 294
1726432816881 0.05549117550253868 295
1726432816940 0.0835358202457428 296
1726432816998 0.29587653279304504 297
1726432817056 0.0 298
1726432817112 0.0 299
1726432817164 0.09532222896814346 300
1726432817214 0.1233464777469635 301
1726432817263 0.0 302
1726432817318 0.0 303
1726432817373 0.015096180140972137 304
1726432817439 0.0 305
1726432817493 0.07825262099504471 306
1726432817545 0.09502033144235611 307
1726432817602 0.0 308
1726432817656 0.14815859496593475 309
1726432817707 0.4331572949886322 310
1726432817755 0.24005477130413055 311
1726432817802 0.11676446348428726 312
1726432817854 0.2192670851945877 313
1726432817913 0.3426562547683716 314
1726432817965 0.31561315059661865 315
1726432818013 0.0 316
1726432818059 0.008330889977514744 317
1726432818104 0.0 318
1726432818148 0.05298253521323204 319
1726432818197 0.0 320
1726432818242 0.0 321
1726432818289 0.0 322
1726432818333 0.0 323
1726432818377 0.061371225863695145 324
1726432818420 0.08690886944532394 325
1726432818477 0.000820632791146636 326
1726432818536 0.0 327
1726432818593 0.0 328
1726432818652 0.0 329
1726432818713 0.11306336522102356 330
1726432818769 0.0 331
1726432818825 0.07478930056095123 332
1726432818884 0.09133405238389969 333
1726432818944 0.005071904044598341 334
1726432819008 0.0 335
1726432819062 0.061983976513147354 336
1726432819117 0.0 337
1726432819184 0.057958781719207764 338
1726432819238 0.07310236245393753 339
1726432819292 0.0 340
1726432819341 0.0 341
1726432819385 0.20956343412399292 342
1726432819438 0.08826348930597305 343
1726432819489 0.3538975715637207 344
1726432819537 0.26091280579566956 345
1726432819584 0.09378506988286972 346
1726432819634 0.05216769501566887 347
1726432819683 0.008482607081532478 348
1726432819730 0.04211832955479622 349
1726432819778 0.0029150983318686485 350
1726432819828 0.0 351
1726432819883 0.017367856577038765 352
1726432819937 0.14420737326145172 353
1726432819991 0.1778351068496704 354
1726432820050 0.04628348723053932 355
1726432820110 0.0 356
1726432820169 0.0 357
1726432820222 0.0 358
1726432820278 0.0 359
1726432820338 0.10935258865356445 360
1726432820400 0.10924489051103592 361
1726432820479 0.13974295556545258 362
1726432820541 0.12815572321414948 363
1726432820604 0.07994533330202103 364
1726432820663 0.10164602845907211 365
1726432820725 0.056730326265096664 366
1726432820794 0.342654824256897 367
1726432820854 0.008803466334939003 368
1726432820923 0.03629077225923538 369
1726432820980 0.13290223479270935 370
1726432821042 0.21472793817520142 371
1726432821098 0.2036600112915039 372
1726432821157 0.22149236500263214 373
1726432821221 0.14658783376216888 374
1726432821273 0.0 375
1726432821331 0.14209596812725067 376
1726432821391 0.0 377
1726432821452 0.06766832619905472 378
1726432821517 0.026566049084067345 379
1726432821582 0.0 380
1726432821646 0.002091798232868314 381
1726432821715 0.04376275837421417 382
1726432821775 0.1276881843805313 383
1726432821834 0.008151245303452015 384
1726432821893 0.03179007023572922 385
1726432821956 0.0 386
1726432822015 0.0 387
1726432822091 0.20339864492416382 388
1726432822157 0.14894363284111023 389
1726432822219 0.13256628811359406 390
1726432822277 0.17224229872226715 391
1726432822342 0.02627718448638916 392
1726432822397 0.05891694501042366 393
1726432822456 0.08635684847831726 394
1726432822524 0.12404537200927734 395
1726432822583 0.09248030185699463 396
1726432822648 0.01116143073886633 397
1726432822709 0.0 398
1726432822773 0.08247429877519608 399
1726432822835 0.0080919424071908 400
1726432822897 0.0 401
1726432822955 0.0 402
1726432823020 0.0 403
1726432823075 0.09931272268295288 404
1726432823129 0.32337477803230286 405
1726432823197 0.022149527445435524 406
1726432823256 0.0 407
1726432823319 0.0 408
1726432823381 0.0 409
1726432823455 0.0 410
1726432823531 0.0 411
1726432823598 0.0 412
1726432823677 0.0 413
1726432823747 0.0 414
1726432823808 0.0027909567579627037 415
1726432823869 0.07949239760637283 416
1726432823935 0.0 417
1726432823999 0.07973029464483261 418
1726432824067 0.0 419
1726432824141 0.0 420
1726432824203 0.0 421
1726432824267 0.05209444463253021 422
1726432824332 0.18919463455677032 423
1726432824394 0.05493636056780815 424
1726432824463 0.0 425
1726432824527 0.0 426
1726432824595 0.0 427
1726432824662 0.0 428
1726432824730 0.0 429
1726432824798 0.0 430
1726432824856 0.016971075907349586 431
1726432824919 0.0 432
1726432824981 0.0 433
1726432825044 0.0 434
1726432825104 0.0 435
1726432825160 0.00236173695884645 436
1726432825216 0.025062086060643196 437
1726432825278 0.05718299373984337 438
1726432825341 0.00018456719408277422 439
1726432825401 0.0 440
1726432825466 0.007001259829849005 441
1726432825525 0.0 442
1726432825591 0.0 443
1726432825664 0.02172413468360901 444
1726432825726 0.0022434620186686516 445
1726432825786 0.0 446
1726432825845 0.0 447
1726432825916 0.0 448
1726432825982 0.03514528274536133 449
1726432826044 0.054255370050668716 450
1726432826100 0.04088786616921425 451
1726432826161 0.006632552016526461 452
1726432826219 0.07734820246696472 453
1726432826278 0.044208016246557236 454
1726432826338 0.0 455
1726432826392 0.0 456
1726432826447 0.0 457
1726432826506 0.0 458
1726432826578 0.006120825652033091 459
1726432826657 0.13473686575889587 460
1726432826730 0.0 461
1726432826794 0.0 462
1726432826850 0.0 463
1726432826910 0.0 464
1726432826969 0.006173889618366957 465
1726432827041 0.0 466
1726432827098 0.0 467
1726432827163 0.0 468
1726432827225 0.0 469
1726432827283 0.0 470
1726432827344 0.0 471
1726432827409 0.0 472
1726432827479 0.0 473
1726432827542 0.0 474
1726432827610 0.0 475
1726432827663 0.004271077457815409 476
1726432827724 0.04318897798657417 477
1726432827778 0.0064774807542562485 478
1726432827833 0.0 479
1726432827884 0.0 480
1726432827939 0.05425232648849487 481
1726432827989 0.0 482
1726432828038 0.0 483
1726432828084 0.0 484
1726432828136 0.15982763469219208 485
1726432828189 0.04733540117740631 486
1726432828235 0.0 487
1726432828286 0.0 488
1726432828334 0.0 489
1726432828381 0.0 490
1726432828425 0.03367495536804199 491
1726432828469 0.015401040203869343 492
1726432828513 0.0 493
1726432828556 0.0 494
1726432828600 0.02426263689994812 495
1726432828642 0.0 496
1726432828683 0.0 497
1726432828728 0.0 498
1726432828770 0.00014512916095554829 499
1726432828821 0.0 500
1726432828881 0.0 501
1726432828940 0.0 502
1726432828982 0.027420205995440483 503
1726432829022 0.061318185180425644 504
1726432829062 0.0023156183306127787 505
1726432829102 0.054115962237119675 506
1726432829143 0.0 507
1726432829184 0.05260441079735756 508
1726432829225 0.04457620903849602 509
1726432829266 0.024491144344210625 510
1726432829312 0.0 511
1726432829356 0.0 512
1726432829405 0.0 513
1726432829456 0.0 514
1726432829502 0.0 515
1726432829547 0.03181905299425125 516
1726432829590 0.0 517
1726432829633 0.0025150850415229797 518
1726432829678 0.028837455436587334 519
1726432829724 0.03852354735136032 520
1726432829767 0.05473138019442558 521
1726432829810 0.0 522
1726432829852 0.0 523
1726432829894 0.021063603460788727 524
1726432829936 0.0 525
1726432829978 0.0 526
1726432830019 0.0 527
1726432830060 0.059307124465703964 528
1726432830101 0.0563366562128067 529
1726432830143 0.04767760634422302 530
1726432830185 0.0 531
1726432830228 0.0 532
1726432830270 0.0 533
1726432830312 0.0 534
1726432830354 0.0 535
1726432830395 0.0 536
1726432830435 0.0 537
1726432830476 0.0 538
1726432830517 0.0 539
1726432830559 0.0 540
1726432830600 0.0 541
1726432830641 0.0 542
1726432830682 0.0 543
1726432830725 0.0 544
1726432830766 0.0180316474288702 545
1726432830814 0.0 546
1726432830865 0.0 547
1726432830917 0.0 548
1726432830959 0.0 549
1726432831000 0.0 550
1726432831043 0.0 551
1726432831090 0.0 552
1726432831145 0.003926262725144625 553
1726432831187 0.023740805685520172 554
1726432831227 0.0 555
1726432831273 0.0 556
1726432831320 0.06824037432670593 557
1726432831365 0.0 558
1726432831407 0.002657167846336961 559
1726432831452 0.0 560
1726432831493 0.0 561
1726432831535 0.0 562
1726432831578 0.0 563
1726432831620 0.0 564
1726432831661 0.0 565
1726432831702 0.0 566
1726432831745 0.0 567
1726432831786 0.0 568
1726432831828 0.0031792456284165382 569
1726432831870 0.0 570
1726432831911 0.029247863218188286 571
1726432831954 0.005757840350270271 572
1726432831997 0.0 573
1726432832039 0.0 574
1726432832081 0.0 575
1726432832123 0.0 576
1726432832170 0.0 577
1726432832217 0.0 578
1726432832260 0.0 579
1726432832313 0.0 580
1726432832361 0.0 581
1726432832405 0.0 582
1726432832448 0.0 583
1726432832492 0.0 584
1726432832547 0.0 585
1726432832597 0.0 586
1726432832647 0.0 587
1726432832689 0.0 588
1726432832733 0.0 589
1726432832778 0.0 590
1726432832827 0.0 591
1726432832881 0.0 592
1726432832948 0.0 593
1726432833006 0.0 594
1726432833048 0.0 595
1726432833089 0.0 596
1726432833130 0.0 597
1726432833171 0.0 598
1726432833212 0.0 599
1726432833253 0.0 600
1726432833294 0.0 601
1726432833337 0.0 602
1726432833378 0.0 603
1726432833420 0.0 604
1726432833461 0.0 605
1726432833503 0.0 606
1726432833545 0.0 607
1726432833587 0.0 608
1726432833628 0.0 609
1726432833670 0.0 610
1726432833711 0.0 611
1726432833753 0.0 612
1726432833795 0.0 613
1726432833837 0.0 614
1726432833878 0.0 615
1726432833921 0.0 616
1726432833962 0.0 617
1726432834004 0.0 618
1726432834046 0.0 619
1726432834088 0.0 620
1726432834130 0.0 621
1726432834173 0.0 622
1726432834215 0.0 623
1726432834258 0.0 624
1726432834300 0.0 625
1726432834342 0.01120383758097887 626
1726432834384 0.04707812890410423 627
1726432834426 0.008466589264571667 628
1726432834468 0.04918627440929413 629
1726432834511 0.03854801505804062 630
1726432834553 0.004668107256293297 631
1726432834595 0.0 632
1726432834637 0.0 633
1726432834678 0.0 634
1726432834720 0.0 635
1726432834766 0.0 636
1726432834820 0.0 637
1726432834868 0.0 638
1726432834919 0.0 639
1726432834971 0.0 640
1726432835025 0.0 641
1726432835078 0.0 642
1726432835138 0.0 643
1726432835195 0.0 644
1726432835250 0.0 645
1726432835310 0.0 646
1726432835367 0.0 647
1726432835431 0.0 648
1726432835499 0.0 649
1726432835560 0.0 650
1726432835615 0.0 651
1726432835673 0.0 652
1726432835728 0.0 653
1726432835792 0.0 654
1726432835851 0.0 655
1726432835910 0.0 656
1726432835970 0.0 657
1726432836033 0.0 658
1726432836089 0.0 659
1726432836145 0.0 660
1726432836199 0.0 661
1726432836257 0.0 662
1726432836319 0.0 663
1726432836384 0.0 664
1726432836445 0.0 665
1726432836508 0.0 666
1726432836562 0.0 667
1726432836616 0.0 668
1726432836671 0.0 669
1726432836733 0.0 670
1726432836787 0.0 671
1726432836847 0.0 672
1726432836903 0.0 673
1726432836964 0.0 674
1726432837025 0.0 675
1726432837089 0.0 676
1726432837161 0.0 677
1726432837223 0.0 678
1726432837284 0.0 679
1726432837344 0.0 680
1726432837402 0.0 681
1726432837456 0.0 682
1726432837511 0.0 683
1726432837567 0.0 684
1726432837625 0.0 685
1726432837686 0.0 686
1726432837753 0.0 687
1726432837819 0.0 688
1726432837880 0.0 689
1726432837937 0.0 690
1726432837998 0.0 691
1726432838057 0.0 692
1726432838112 0.0 693
1726432838168 0.0 694
1726432838221 0.0 695
1726432838277 0.0 696
1726432838341 0.0 697
1726432838393 0.0 698
1726432838447 0.0 699
1726432838515 0.0 700
1726432838569 0.0 701
1726432838627 0.0 702
1726432838685 0.0 703
1726432838744 0.0 704
1726432838803 0.0 705
1726432838877 0.0 706
1726432838942 0.0 707
1726432839004 0.0 708
1726432839060 0.0 709
1726432839115 0.0 710
1726432839172 0.0 711
1726432839228 0.0 712
1726432839297 0.0 713
1726432839353 0.0 714
1726432839417 0.0 715
1726432839484 0.0 716
1726432839544 0.0 717
1726432839601 0.0 718
1726432839661 0.0 719
1726432839722 0.0 720
1726432839779 0.0 721
1726432839843 0.0 722
1726432839902 0.0 723
1726432839960 0.0 724
1726432840028 0.0 725
1726432840100 0.0 726
1726432840157 0.0 727
1726432840222 0.0 728
1726432840279 0.0 729
1726432840333 0.0 730
1726432840385 0.0 731
1726432840439 0.0 732
1726432840493 0.0 733
1726432840553 0.0 734
1726432840611 0.0 735
1726432840679 0.0 736
1726432840747 0.0 737
1726432840808 0.0 738
1726432840869 0.0 739
