1727271616781 1.986987590789795 0
1727271616872 1.704042911529541 1
1727271616968 1.9114848375320435 2
1727271617063 1.9521915912628174 3
1727271617153 1.9000003337860107 4
1727271617244 1.9801090955734253 5
1727271617337 1.826509952545166 6
1727271617427 1.733686923980713 7
1727271617522 1.8568603992462158 8
1727271617620 1.9689736366271973 9
1727271617723 1.965944766998291 10
1727271617828 1.7939772605895996 11
1727271617926 1.8317095041275024 12
1727271618022 1.8052289485931396 13
1727271618117 1.8464033603668213 14
1727271618210 1.9386543035507202 15
1727271618311 1.7267112731933594 16
1727271618410 1.825432300567627 17
1727271618503 1.9765446186065674 18
1727271618594 1.7578721046447754 19
1727271618683 1.6373673677444458 20
1727271618772 1.8911304473876953 21
1727271618864 1.885147213935852 22
1727271618953 1.7210373878479004 23
1727271619041 1.9316061735153198 24
1727271619129 1.948707938194275 25
1727271619217 1.7368152141571045 26
1727271619305 1.525372862815857 27
1727271619396 1.959703803062439 28
1727271619486 1.840027093887329 29
1727271619586 1.7024656534194946 30
1727271619683 1.8321150541305542 31
1727271619782 1.6846100091934204 32
1727271619881 1.9277191162109375 33
1727271619973 1.9434397220611572 34
1727271620071 1.8378257751464844 35
1727271620163 1.7427022457122803 36
1727271620253 1.9220287799835205 37
1727271620345 1.921889066696167 38
1727271620437 1.9290908575057983 39
1727271620526 1.7986502647399902 40
1727271620617 1.8751447200775146 41
1727271620710 1.9619121551513672 42
1727271620803 1.9851372241973877 43
1727271620899 1.8855235576629639 44
1727271620994 1.961609125137329 45
1727271621088 1.9745776653289795 46
1727271621181 1.977156639099121 47
1727271621273 1.981287956237793 48
1727271621364 1.8850934505462646 49
1727271621453 1.8971983194351196 50
1727271621544 1.9111294746398926 51
1727271621634 1.9581698179244995 52
1727271621725 1.8757573366165161 53
1727271621816 1.9170236587524414 54
1727271621909 1.582076072692871 55
1727271622000 1.8982172012329102 56
1727271622089 1.6906635761260986 57
1727271622181 1.7900665998458862 58
1727271622281 1.9494235515594482 59
1727271622372 1.8673644065856934 60
1727271622462 1.9560285806655884 61
1727271622551 1.9582237005233765 62
1727271622639 1.9019887447357178 63
1727271622728 1.8142035007476807 64
1727271622815 1.6291431188583374 65
1727271622903 1.8399417400360107 66
1727271622992 1.9762824773788452 67
1727271623079 1.934464693069458 68
1727271623171 1.9592156410217285 69
1727271623264 1.9948049783706665 70
1727271623354 1.6615562438964844 71
1727271623446 1.921475887298584 72
1727271623540 1.966139316558838 73
1727271623633 1.9863924980163574 74
1727271623726 1.8745654821395874 75
1727271623817 1.893824815750122 76
1727271623919 1.8641875982284546 77
1727271624015 1.91960871219635 78
1727271624134 1.796983003616333 79
1727271624241 1.9124552011489868 80
1727271624378 1.801546573638916 81
1727271624486 1.9354636669158936 82
1727271624595 1.9081522226333618 83
1727271624705 1.8940573930740356 84
1727271624825 1.7877240180969238 85
1727271624934 1.9599671363830566 86
1727271625046 1.799390196800232 87
1727271625158 1.8365895748138428 88
1727271625271 1.881502628326416 89
1727271625396 1.8601343631744385 90
1727271625515 1.8923717737197876 91
1727271625625 1.8196009397506714 92
1727271625738 1.689414381980896 93
1727271625850 1.995939016342163 94
1727271625960 1.719904899597168 95
1727271626074 1.9043262004852295 96
1727271626186 1.8663651943206787 97
1727271626296 1.9854533672332764 98
1727271626394 1.951418399810791 99
1727271626488 1.911234736442566 100
1727271626579 1.9961793422698975 101
1727271626669 1.901010513305664 102
1727271626758 1.8485314846038818 103
1727271626846 1.9314054250717163 104
1727271626932 1.9928834438323975 105
1727271627038 1.9647331237792969 106
1727271627133 1.905897617340088 107
1727271627227 1.9164297580718994 108
1727271627321 1.9763165712356567 109
1727271627417 1.9257010221481323 110
1727271627512 1.9243067502975464 111
1727271627603 1.8636237382888794 112
1727271627696 1.85352623462677 113
1727271627796 1.5899678468704224 114
1727271627898 1.9307425022125244 115
1727271628005 1.8709535598754883 116
1727271628111 1.9002774953842163 117
1727271628219 1.9672521352767944 118
1727271628328 1.8943331241607666 119
1727271628438 1.7355766296386719 120
1727271628548 1.8389778137207031 121
1727271628656 1.9453657865524292 122
1727271628767 1.7368791103363037 123
1727271628878 1.9755501747131348 124
1727271628991 1.8920575380325317 125
1727271629101 1.7660938501358032 126
1727271629213 1.8863890171051025 127
1727271629331 1.9911394119262695 128
1727271629445 1.992885708808899 129
1727271629558 1.8376679420471191 130
1727271629670 1.7236522436141968 131
1727271629782 1.9237562417984009 132
1727271629893 1.7740585803985596 133
1727271630006 1.9596257209777832 134
1727271630117 1.8984549045562744 135
1727271630228 1.884691596031189 136
1727271630339 1.910243034362793 137
1727271630445 1.9433317184448242 138
1727271630542 1.7274397611618042 139
1727271630634 1.9362685680389404 140
1727271630725 1.9934723377227783 141
1727271630814 1.858020544052124 142
1727271630903 1.9375306367874146 143
1727271630990 1.8372681140899658 144
1727271631081 1.9829891920089722 145
1727271631174 1.961946964263916 146
1727271631268 1.9746882915496826 147
1727271631362 1.769120454788208 148
1727271631457 1.8275501728057861 149
1727271631551 1.921415090560913 150
1727271631642 1.7611427307128906 151
1727271631734 1.7428562641143799 152
1727271631829 1.6716665029525757 153
1727271631931 1.9538925886154175 154
1727271632030 1.9934735298156738 155
1727271632137 1.941739797592163 156
1727271632246 1.9541676044464111 157
1727271632375 1.7598531246185303 158
1727271632483 1.5947329998016357 159
1727271632594 1.6743972301483154 160
1727271632701 1.9515306949615479 161
1727271632811 1.7475340366363525 162
1727271632923 1.9215800762176514 163
1727271633036 1.9716886281967163 164
1727271633149 1.7522826194763184 165
1727271633260 1.880728006362915 166
1727271633402 1.8234528303146362 167
1727271633528 1.8835134506225586 168
1727271633645 1.9830987453460693 169
1727271633755 1.542123556137085 170
1727271633881 1.915433406829834 171
1727271633999 1.9348708391189575 172
1727271634126 1.707950472831726 173
1727271634224 1.8923735618591309 174
1727271634318 1.9583357572555542 175
1727271634411 1.818943738937378 176
1727271634501 1.9406927824020386 177
1727271634590 1.8583033084869385 178
1727271634678 1.821635365486145 179
1727271634765 1.7676458358764648 180
1727271634852 1.8139777183532715 181
1727271634940 1.8264334201812744 182
1727271635028 1.9089043140411377 183
1727271635119 1.955420732498169 184
1727271635213 1.9088850021362305 185
1727271635309 1.6410177946090698 186
1727271635408 1.6454640626907349 187
1727271635501 1.8083491325378418 188
1727271635599 1.880128264427185 189
1727271635691 1.8565608263015747 190
1727271635784 1.7622358798980713 191
1727271635877 1.992391586303711 192
1727271635971 1.948519229888916 193
1727271636068 1.9626799821853638 194
1727271636159 1.895792841911316 195
1727271636251 1.8585515022277832 196
1727271636346 1.9143457412719727 197
1727271636434 1.973358392715454 198
1727271636530 1.9298572540283203 199
1727271636620 1.9774479866027832 200
1727271636710 1.9345940351486206 201
1727271636800 1.3696563243865967 202
1727271636901 1.8757270574569702 203
1727271636996 1.9230117797851562 204
1727271637087 1.8600199222564697 205
1727271637177 1.9911240339279175 206
1727271637268 1.9936704635620117 207
1727271637358 1.9367245435714722 208
1727271637447 1.950544834136963 209
1727271637536 1.9609862565994263 210
1727271637625 1.8572640419006348 211
1727271637715 1.6401000022888184 212
1727271637808 1.9785791635513306 213
1727271637899 1.693099021911621 214
1727271637990 1.8515424728393555 215
1727271638079 1.8667232990264893 216
1727271638172 1.9535391330718994 217
1727271638261 1.9257662296295166 218
1727271638349 1.58294677734375 219
1727271638439 1.7591966390609741 220
1727271638533 1.9208204746246338 221
1727271638622 1.7911491394042969 222
1727271638714 1.8118236064910889 223
1727271638808 1.9808237552642822 224
1727271638901 1.7918000221252441 225
1727271638992 1.9432377815246582 226
1727271639089 1.8716403245925903 227
1727271639190 1.9164576530456543 228
1727271639298 1.9492878913879395 229
1727271639405 1.9642144441604614 230
1727271639514 1.8232994079589844 231
1727271639622 1.5754259824752808 232
1727271639732 1.8604240417480469 233
1727271639842 1.8530802726745605 234
1727271639954 1.8911464214324951 235
1727271640068 1.9287258386611938 236
1727271640181 1.8555774688720703 237
1727271640294 1.738849401473999 238
1727271640414 1.9849488735198975 239
1727271640527 1.8515722751617432 240
1727271640639 1.9242794513702393 241
1727271640750 1.9773874282836914 242
1727271640860 1.9042587280273438 243
1727271640968 1.8438202142715454 244
1727271641078 1.7966101169586182 245
1727271641207 1.8547790050506592 246
1727271641314 1.98284113407135 247
1727271641414 1.986928105354309 248
1727271641510 1.937577247619629 249
1727271641605 1.5911108255386353 250
1727271641697 1.9090290069580078 251
1727271641790 1.9167784452438354 252
1727271641880 1.9303522109985352 253
1727271641967 1.8820207118988037 254
1727271642056 1.622863531112671 255
1727271642144 1.8900073766708374 256
1727271642232 1.9489693641662598 257
1727271642324 1.9941539764404297 258
1727271642413 1.8464182615280151 259
1727271642501 1.9415934085845947 260
1727271642589 1.863360047340393 261
1727271642678 1.9575437307357788 262
1727271642765 1.8006985187530518 263
1727271642855 1.9519217014312744 264
1727271642943 1.9687273502349854 265
1727271643031 1.9041380882263184 266
1727271643119 1.9862747192382812 267
1727271643208 1.8547347784042358 268
1727271643297 1.9543678760528564 269
1727271643384 1.804274559020996 270
1727271643473 1.8769891262054443 271
1727271643563 1.7957046031951904 272
1727271643651 1.836487054824829 273
1727271643739 1.9338281154632568 274
1727271643828 1.7379117012023926 275
1727271643919 1.7333751916885376 276
1727271644010 1.8069007396697998 277
1727271644099 1.9254860877990723 278
1727271644189 1.72779381275177 279
1727271644277 1.7577753067016602 280
1727271644365 1.9222627878189087 281
1727271644457 1.9402999877929688 282
1727271644545 1.962266206741333 283
1727271644632 1.9258406162261963 284
1727271644721 1.9559199810028076 285
1727271644810 1.728208065032959 286
1727271644900 1.9330555200576782 287
1727271645003 1.8209569454193115 288
1727271645099 1.8276891708374023 289
1727271645199 1.8036080598831177 290
1727271645297 1.8618431091308594 291
1727271645390 1.6142622232437134 292
1727271645481 1.7351874113082886 293
1727271645570 1.820907711982727 294
1727271645662 1.9687988758087158 295
1727271645752 1.8819093704223633 296
1727271645843 1.9191653728485107 297
1727271645934 1.8204162120819092 298
1727271646023 1.7796263694763184 299
1727271646112 1.7034368515014648 300
1727271646200 1.4187655448913574 301
1727271646289 1.6824512481689453 302
1727271646382 1.9424546957015991 303
1727271646477 1.8688580989837646 304
1727271646572 1.7298524379730225 305
1727271646673 1.2927277088165283 306
1727271646766 1.8390617370605469 307
1727271646861 1.9871587753295898 308
1727271646952 1.8955533504486084 309
1727271647054 1.8465056419372559 310
1727271647148 1.8838683366775513 311
1727271647240 1.9130187034606934 312
1727271647333 1.9259333610534668 313
1727271647422 1.9518585205078125 314
1727271647512 1.9287095069885254 315
1727271647603 1.8734639883041382 316
1727271647692 1.7186027765274048 317
1727271647784 1.8517370223999023 318
1727271647874 1.6504627466201782 319
1727271647963 1.9047141075134277 320
1727271648053 1.8475801944732666 321
1727271648142 1.6846721172332764 322
1727271648233 1.8526699542999268 323
1727271648353 1.9753422737121582 324
1727271648444 1.793628454208374 325
1727271648533 1.9573371410369873 326
1727271648621 1.946934700012207 327
1727271648713 1.966956615447998 328
1727271648804 1.7887070178985596 329
1727271648894 1.96711003780365 330
1727271648984 1.954047441482544 331
1727271649076 1.8248116970062256 332
1727271649164 1.8931617736816406 333
1727271649250 1.8327873945236206 334
1727271649340 1.9156469106674194 335
1727271649429 1.9270586967468262 336
1727271649523 1.9645084142684937 337
1727271649612 1.906265377998352 338
1727271649701 1.859580397605896 339
1727271649790 1.8788048028945923 340
1727271649887 1.9125800132751465 341
1727271649974 1.6460524797439575 342
1727271650062 1.8994441032409668 343
1727271650149 1.892439603805542 344
1727271650264 1.9192607402801514 345
1727271650359 1.813399314880371 346
1727271650447 1.9453188180923462 347
1727271650536 1.9262542724609375 348
1727271650624 1.7406333684921265 349
1727271650712 1.7527689933776855 350
1727271650809 1.8727692365646362 351
1727271650913 1.8487145900726318 352
1727271651004 1.8752765655517578 353
1727271651096 1.9529597759246826 354
1727271651184 1.9573800563812256 355
1727271651274 1.875314474105835 356
1727271651368 1.9696016311645508 357
1727271651456 1.9129376411437988 358
1727271651547 1.9162086248397827 359
1727271651642 1.907278060913086 360
1727271651738 1.8200199604034424 361
1727271651836 1.9707757234573364 362
1727271651926 1.9191374778747559 363
1727271652017 1.8504104614257812 364
1727271652106 1.9612081050872803 365
1727271652195 1.899698257446289 366
1727271652288 1.9433043003082275 367
1727271652383 1.9412648677825928 368
1727271652473 1.9512953758239746 369
1727271652569 1.8514901399612427 370
1727271652660 1.840012550354004 371
1727271652749 1.7814078330993652 372
1727271652841 1.8085469007492065 373
1727271652929 1.9653725624084473 374
1727271653020 1.90208101272583 375
1727271653111 1.8956024646759033 376
1727271653203 1.6917004585266113 377
1727271653293 1.8016105890274048 378
1727271653383 1.8455586433410645 379
1727271653477 1.994639277458191 380
1727271653569 1.6290221214294434 381
1727271653658 1.7145923376083374 382
1727271653750 1.765359878540039 383
1727271653838 1.951246976852417 384
1727271653929 1.65642511844635 385
1727271654017 1.8842544555664062 386
1727271654111 1.8403491973876953 387
1727271654203 1.969484806060791 388
1727271654292 1.9355037212371826 389
1727271654383 1.9415749311447144 390
1727271654473 1.9337503910064697 391
1727271654565 1.9325141906738281 392
1727271654655 1.9187556505203247 393
1727271654751 1.7142220735549927 394
1727271654844 1.978251338005066 395
1727271654932 1.7706058025360107 396
1727271655023 1.702056884765625 397
1727271655116 1.877160906791687 398
1727271655207 1.9905328750610352 399
1727271655295 1.882904052734375 400
1727271655384 1.949694275856018 401
1727271655472 1.889817237854004 402
1727271655560 1.7520157098770142 403
1727271655648 1.7970173358917236 404
1727271655736 1.8563430309295654 405
1727271655826 1.8109235763549805 406
1727271655916 1.9606903791427612 407
1727271656004 1.8725090026855469 408
1727271656095 1.9220755100250244 409
1727271656183 1.8974859714508057 410
1727271656271 1.7632349729537964 411
1727271656362 1.981421709060669 412
1727271656459 1.9316293001174927 413
1727271656548 1.9930189847946167 414
1727271656636 1.9156253337860107 415
1727271656725 1.7809500694274902 416
1727271656818 1.9438245296478271 417
1727271656911 1.9357889890670776 418
1727271657000 1.9407449960708618 419
1727271657088 1.9761755466461182 420
1727271657176 1.9795478582382202 421
1727271657269 1.9782421588897705 422
1727271657364 1.9698208570480347 423
1727271657456 1.793614149093628 424
1727271657548 1.8224389553070068 425
1727271657643 1.921297550201416 426
1727271657736 1.8956910371780396 427
1727271657826 1.931218147277832 428
1727271657913 1.905227541923523 429
1727271658000 1.9342564344406128 430
1727271658095 1.9197973012924194 431
1727271658185 1.9299660921096802 432
1727271658274 1.9200270175933838 433
1727271658362 1.9566115140914917 434
1727271658449 1.8349213600158691 435
1727271658537 1.9768221378326416 436
1727271658625 1.9152932167053223 437
1727271658713 1.9754496812820435 438
1727271658800 1.8017362356185913 439
1727271658889 1.7982068061828613 440
1727271658976 1.7412892580032349 441
1727271659064 1.8203577995300293 442
1727271659151 1.8982877731323242 443
1727271659238 1.905179738998413 444
1727271659330 1.9862499237060547 445
1727271659429 1.9905232191085815 446
1727271659518 1.9376332759857178 447
1727271659608 1.8682464361190796 448
1727271659696 1.8306546211242676 449
1727271659784 1.8622515201568604 450
1727271659873 1.8236171007156372 451
1727271659960 1.749168872833252 452
1727271660048 1.8445028066635132 453
1727271660136 1.9069831371307373 454
1727271660224 1.7215384244918823 455
1727271660313 1.9227102994918823 456
1727271660401 1.9822783470153809 457
1727271660488 1.9151448011398315 458
1727271660576 1.9755260944366455 459
1727271660669 1.9853359460830688 460
1727271660759 1.9538404941558838 461
1727271660848 1.9929325580596924 462
1727271660935 1.9953075647354126 463
1727271661024 1.7848190069198608 464
1727271661116 1.952829360961914 465
1727271661209 1.8877663612365723 466
1727271661305 1.972938895225525 467
1727271661397 1.9878885746002197 468
1727271661486 1.9702562093734741 469
1727271661575 1.9956475496292114 470
1727271661663 1.9362465143203735 471
1727271661758 1.9979043006896973 472
1727271661852 1.973985195159912 473
1727271661945 1.9966260194778442 474
1727271662036 1.9380900859832764 475
1727271662127 1.9919553995132446 476
1727271662215 1.939194917678833 477
1727271662306 1.9976391792297363 478
1727271662396 1.968557596206665 479
1727271662504 1.992356538772583 480
1727271662601 1.9197969436645508 481
1727271662691 1.99644935131073 482
1727271662781 1.9186186790466309 483
1727271662870 1.996068000793457 484
1727271662958 1.9631794691085815 485
1727271663046 1.9929847717285156 486
1727271663136 1.923593521118164 487
1727271663226 1.996658205986023 488
1727271663318 1.9218592643737793 489
1727271663406 1.9961283206939697 490
1727271663494 1.967320442199707 491
1727271663582 1.99351966381073 492
1727271663672 1.9251577854156494 493
1727271663760 1.997041940689087 494
1727271663849 1.923349380493164 495
1727271663936 1.9953014850616455 496
1727271664024 1.9718289375305176 497
1727271664113 1.9941303730010986 498
1727271664200 1.9265646934509277 499
1727271664288 1.994225025177002 500
1727271664377 1.9311437606811523 501
1727271664465 1.995382308959961 502
1727271664552 1.9671781063079834 503
1727271664642 1.9930455684661865 504
1727271664729 1.9235116243362427 505
1727271664816 1.997222900390625 506
1727271664905 1.9212113618850708 507
1727271664996 1.9941134452819824 508
1727271665084 1.972232699394226 509
1727271665173 1.9910948276519775 510
1727271665264 1.9422705173492432 511
1727271665360 1.9936455488204956 512
1727271665450 1.9316856861114502 513
1727271665538 1.99582839012146 514
1727271665637 1.9752129316329956 515
1727271665727 1.996605634689331 516
1727271665814 1.9365510940551758 517
1727271665905 1.9940214157104492 518
1727271665995 1.9266793727874756 519
1727271666088 1.998344898223877 520
1727271666178 1.9650602340698242 521
1727271666267 1.9916890859603882 522
1727271666359 1.937849760055542 523
1727271666450 1.9925256967544556 524
1727271666540 1.9367737770080566 525
1727271666630 1.9990859031677246 526
1727271666725 1.9703725576400757 527
1727271666823 1.9909944534301758 528
1727271666916 1.8615925312042236 529
1727271667014 1.9523178339004517 530
1727271667110 1.9807329177856445 531
1727271667205 1.9512081146240234 532
1727271667297 1.9581999778747559 533
1727271667387 1.9052975177764893 534
1727271667477 1.6839371919631958 535
1727271667572 1.966546893119812 536
1727271667663 1.9061682224273682 537
1727271667757 1.9793602228164673 538
1727271667846 1.86173677444458 539
1727271667938 1.9742754697799683 540
1727271668035 1.9415104389190674 541
1727271668124 1.95936918258667 542
1727271668212 1.7007228136062622 543
1727271668304 1.8692275285720825 544
1727271668399 1.9496433734893799 545
1727271668490 1.984377384185791 546
1727271668584 1.9586957693099976 547
1727271668689 1.9931755065917969 548
1727271668780 1.95940363407135 549
1727271668875 1.6605998277664185 550
1727271668970 1.8444225788116455 551
1727271669061 1.967111349105835 552
1727271669150 1.808242678642273 553
1727271669237 1.9648828506469727 554
1727271669325 1.981339693069458 555
1727271669414 1.9750161170959473 556
1727271669501 1.9925601482391357 557
1727271669591 1.9797003269195557 558
1727271669679 1.9929157495498657 559
1727271669766 1.9872281551361084 560
1727271669854 1.9981054067611694 561
1727271669943 1.9765511751174927 562
1727271670031 1.9981094598770142 563
1727271670120 1.9754390716552734 564
1727271670211 1.9971282482147217 565
1727271670310 1.9853949546813965 566
1727271670402 1.9946850538253784 567
1727271670491 1.984363079071045 568
1727271670580 1.99385666847229 569
1727271670668 1.9835729598999023 570
1727271670758 1.9938644170761108 571
1727271670849 1.9831440448760986 572
1727271670939 1.9934115409851074 573
1727271671031 1.9823391437530518 574
1727271671123 1.9929392337799072 575
1727271671214 1.9819958209991455 576
1727271671306 1.9937938451766968 577
1727271671400 1.9816852807998657 578
1727271671489 1.9938039779663086 579
1727271671583 1.9812805652618408 580
1727271671673 1.9937758445739746 581
1727271671764 1.9806547164916992 582
1727271671854 1.9937400817871094 583
1727271671945 1.9798073768615723 584
1727271672034 1.9937026500701904 585
1727271672128 1.9786841869354248 586
1727271672228 1.9936609268188477 587
1727271672320 1.9771289825439453 588
1727271672412 1.9935983419418335 589
1727271672502 1.9749984741210938 590
1727271672591 1.9931467771530151 591
1727271672682 1.9836429357528687 592
1727271672771 1.9921479225158691 593
1727271672865 1.9833654165267944 594
1727271672955 1.992122769355774 595
1727271673046 1.9830139875411987 596
1727271673140 1.9919098615646362 597
1727271673236 1.9826593399047852 598
1727271673323 1.9916231632232666 599
1727271673412 1.9822967052459717 600
1727271673503 1.9912700653076172 601
1727271673595 1.9819015264511108 602
1727271673686 1.9908339977264404 603
1727271673775 1.9814437627792358 604
1727271673882 1.9902681112289429 605
1727271673968 1.9808615446090698 606
1727271674059 1.989546298980713 607
1727271674147 1.9805103540420532 608
1727271674235 1.9899933338165283 609
1727271674326 1.980438232421875 610
1727271674417 1.9890915155410767 611
1727271674507 1.97993803024292 612
1727271674600 1.9895933866500854 613
1727271674690 1.9799926280975342 614
1727271674780 1.9895904064178467 615
1727271674873 1.9792909622192383 616
1727271674966 1.9888741970062256 617
1727271675053 1.9785068035125732 618
1727271675141 1.9878137111663818 619
1727271675229 1.977542757987976 620
1727271675316 1.9879668951034546 621
1727271675405 1.5955805778503418 622
1727271675493 1.8451342582702637 623
1727271675581 1.9440637826919556 624
1727271675671 1.9718888998031616 625
1727271675760 1.9040621519088745 626
1727271675848 1.9836794137954712 627
1727271675937 1.90806245803833 628
1727271676025 1.982753038406372 629
1727271676113 1.9058561325073242 630
1727271676200 1.9821064472198486 631
1727271676288 1.9055907726287842 632
1727271676376 1.9812352657318115 633
1727271676464 1.9069266319274902 634
1727271676552 1.980088472366333 635
1727271676640 1.9095898866653442 636
1727271676728 1.9786251783370972 637
1727271676816 1.907922387123108 638
1727271676904 1.9805972576141357 639
1727271676991 1.9087138175964355 640
1727271677080 1.9800615310668945 641
1727271677172 1.9132258892059326 642
1727271677263 1.9790494441986084 643
1727271677354 1.8995531797409058 644
1727271677449 1.980698823928833 645
1727271677540 1.901224136352539 646
1727271677630 1.9798705577850342 647
1727271677717 1.9036834239959717 648
1727271677805 1.9788182973861694 649
1727271677894 1.9061346054077148 650
1727271677984 1.9774987697601318 651
1727271678072 1.9086887836456299 652
1727271678161 1.975838303565979 653
1727271678248 1.9114031791687012 654
1727271678336 1.9761910438537598 655
1727271678426 1.9090144634246826 656
1727271678516 1.9781311750411987 657
1727271678615 1.9108753204345703 658
1727271678709 1.9772186279296875 659
1727271678798 1.9142380952835083 660
1727271678892 1.9761755466461182 661
1727271678984 1.905043601989746 662
1727271679072 1.9793424606323242 663
1727271679163 1.9106916189193726 664
1727271679252 1.9789433479309082 665
1727271679341 1.915305495262146 666
1727271679429 1.977754831314087 667
1727271679516 1.8955881595611572 668
1727271679609 1.9787230491638184 669
1727271679698 1.8996577262878418 670
1727271679786 1.977333426475525 671
1727271679874 1.901591181755066 672
1727271679962 1.9756611585617065 673
1727271680057 1.9028329849243164 674
1727271680151 1.9758676290512085 675
1727271680243 1.9058375358581543 676
1727271680334 1.7347674369812012 677
1727271680427 1.9757097959518433 678
1727271680518 1.9717711210250854 679
1727271680610 1.9550877809524536 680
1727271680704 1.9379026889801025 681
1727271680796 1.9334572553634644 682
1727271680888 1.9593642950057983 683
1727271680980 1.979207992553711 684
1727271681067 1.634961724281311 685
1727271681155 1.7726343870162964 686
1727271681248 1.9598407745361328 687
1727271681345 1.964116096496582 688
1727271681435 1.9647272825241089 689
1727271681524 1.9587570428848267 690
1727271681612 1.9297746419906616 691
1727271681700 1.970534086227417 692
1727271681798 1.923264980316162 693
1727271681900 1.9729156494140625 694
1727271681989 1.9204705953598022 695
1727271682080 1.9741235971450806 696
1727271682176 1.9188106060028076 697
1727271682279 1.974886417388916 698
1727271682372 1.9176920652389526 699
1727271682461 1.9754265546798706 700
1727271682551 1.9168469905853271 701
1727271682641 1.9759358167648315 702
1727271682736 1.9139621257781982 703
1727271682826 1.9754254817962646 704
1727271682923 1.9133968353271484 705
1727271683012 1.975782871246338 706
1727271683101 1.9114552736282349 707
1727271683196 1.976332664489746 708
1727271683284 1.9089162349700928 709
1727271683380 1.977026104927063 710
1727271683472 1.9054899215698242 711
1727271683565 1.977543830871582 712
1727271683655 1.9041478633880615 713
1727271683746 1.9783670902252197 714
1727271683839 1.899708867073059 715
1727271683939 1.9753021001815796 716
1727271684039 1.925269603729248 717
1727271684135 1.9709888696670532 718
1727271684230 1.9217945337295532 719
1727271684325 1.972691535949707 720
1727271684420 1.9192497730255127 721
1727271684509 1.9736100435256958 722
1727271684611 1.9173994064331055 723
1727271684711 1.9742403030395508 724
1727271684811 1.9158328771591187 725
1727271684907 1.9747323989868164 726
1727271685008 1.9141521453857422 727
1727271685106 1.9751040935516357 728
1727271685206 1.9125967025756836 729
1727271685306 1.9754468202590942 730
1727271685406 1.908867597579956 731
1727271685512 1.9750440120697021 732
1727271685609 1.9052903652191162 733
1727271685704 1.9744045734405518 734
1727271685796 1.9222733974456787 735
1727271685889 1.970336675643921 736
1727271685981 1.9215830564498901 737
1727271686071 1.9706435203552246 738
1727271686165 1.9210553169250488 739
1727271686257 1.9706792831420898 740
1727271686353 1.920851469039917 741
1727271686447 1.9704654216766357 742
1727271686537 1.9200143814086914 743
1727271686632 1.969866156578064 744
1727271686727 1.9198942184448242 745
1727271686819 1.9694299697875977 746
1727271686912 1.919908046722412 747
1727271687002 1.9689472913742065 748
1727271687098 1.9200092554092407 749
1727271687192 1.968212366104126 750
1727271687284 1.9166662693023682 751
1727271687374 1.9660613536834717 752
1727271687467 1.9174246788024902 753
1727271687559 1.9645922183990479 754
1727271687656 1.9177119731903076 755
1727271687751 1.96240234375 756
1727271687845 1.9145604372024536 757
1727271687937 1.9660433530807495 758
1727271688030 1.9124233722686768 759
1727271688124 1.9653973579406738 760
1727271688221 1.9100420475006104 761
1727271688316 1.9645229578018188 762
1727271688415 1.9066176414489746 763
1727271688511 1.9624844789505005 764
1727271688606 1.9197168350219727 765
1727271688701 1.9715296030044556 766
1727271688796 1.9083075523376465 767
1727271688892 1.9703071117401123 768
1727271688988 1.9108328819274902 769
1727271689084 1.9640662670135498 770
1727271689180 1.9253602027893066 771
1727271689277 1.9618473052978516 772
1727271689374 1.9264496564865112 773
1727271689470 1.9591820240020752 774
1727271689563 1.9252610206604004 775
1727271689657 1.966773509979248 776
1727271689763 1.920568585395813 777
1727271689860 1.9659360647201538 778
1727271689961 1.9213380813598633 779
1727271690055 1.9645299911499023 780
1727271690150 1.9223897457122803 781
1727271690242 1.962794303894043 782
1727271690340 1.9236929416656494 783
1727271690435 1.9620068073272705 784
1727271690526 1.9107744693756104 785
1727271690620 1.9748203754425049 786
1727271690712 1.9142720699310303 787
1727271690805 1.9722830057144165 788
1727271690903 1.9145021438598633 789
1727271690994 1.971858263015747 790
1727271691084 1.9133250713348389 791
1727271691176 1.9662102460861206 792
1727271691273 1.925228476524353 793
1727271691366 1.9659173488616943 794
1727271691486 1.9249930381774902 795
1727271691599 1.9652397632598877 796
1727271691691 1.92508864402771 797
1727271691787 1.964168667793274 798
1727271691883 1.925675868988037 799
1727271691973 1.9626753330230713 800
1727271692061 1.9267520904541016 801
1727271692150 1.9606742858886719 802
1727271692239 1.928227186203003 803
1727271692332 1.9598675966262817 804
1727271692422 1.9149997234344482 805
1727271692512 1.9767444133758545 806
1727271692602 1.9207005500793457 807
1727271692693 1.9707939624786377 808
1727271692783 1.9213955402374268 809
1727271692877 1.9696381092071533 810
1727271692978 1.921486496925354 811
1727271693081 1.9688093662261963 812
1727271693170 1.9213956594467163 813
1727271693258 1.9681282043457031 814
1727271693348 1.9212815761566162 815
1727271693437 1.9674854278564453 816
1727271693529 1.920985221862793 817
1727271693620 1.9641427993774414 818
1727271693712 1.9163119792938232 819
1727271693807 1.9627749919891357 820
1727271693900 1.915951132774353 821
1727271693998 1.9605610370635986 822
1727271694088 1.9086520671844482 823
1727271694181 1.9740089178085327 824
1727271694279 1.9335730075836182 825
1727271694385 1.9651288986206055 826
1727271694484 1.9338010549545288 827
1727271694580 1.9643259048461914 828
1727271694673 1.9344851970672607 829
1727271694767 1.963119387626648 830
1727271694862 1.93559992313385 831
1727271694959 1.962167739868164 832
1727271695055 1.9237059354782104 833
1727271695147 1.9716014862060547 834
1727271695243 1.925472378730774 835
1727271695335 1.9705969095230103 836
1727271695433 1.926429033279419 837
1727271695538 1.9700058698654175 838
1727271695629 1.9270631074905396 839
1727271695719 1.9694936275482178 840
1727271695812 1.9268267154693604 841
1727271695904 1.9687473773956299 842
1727271695999 1.9273008108139038 843
1727271696095 1.9681909084320068 844
1727271696187 1.9278550148010254 845
1727271696288 1.9676271677017212 846
1727271696380 1.9285014867782593 847
1727271696487 1.9670372009277344 848
1727271696587 1.9267054796218872 849
1727271696683 1.9645216464996338 850
1727271696776 1.927340030670166 851
1727271696869 1.9625532627105713 852
1727271696968 1.9289355278015137 853
1727271697056 1.9601426124572754 854
1727271697149 1.9219669103622437 855
1727271697258 1.9724409580230713 856
1727271697359 1.9184248447418213 857
1727271697454 1.9718366861343384 858
1727271697551 1.9186640977859497 859
1727271697642 1.9713468551635742 860
1727271697735 1.9185655117034912 861
1727271697829 1.9709739685058594 862
1727271697920 1.9182548522949219 863
1727271698012 1.9706658124923706 864
1727271698102 1.917810082435608 865
1727271698193 1.970386266708374 866
1727271698283 1.9172734022140503 867
1727271698376 1.9701168537139893 868
1727271698469 1.9166688919067383 869
1727271698563 1.9698491096496582 870
1727271698675 1.9160151481628418 871
1727271698805 1.9695734977722168 872
1727271698900 1.9153077602386475 873
1727271698992 1.9693042039871216 874
1727271699085 1.913647174835205 875
1727271699174 1.9687225818634033 876
1727271699270 1.912275791168213 877
1727271699363 1.9683787822723389 878
1727271699454 1.9107458591461182 879
1727271699544 1.967951774597168 880
1727271699641 1.9060380458831787 881
1727271699733 1.961921215057373 882
1727271699823 1.9271904230117798 883
1727271699914 1.9733577966690063 884
1727271700006 1.91548752784729 885
1727271700102 1.9726989269256592 886
1727271700193 1.9097086191177368 887
1727271700298 1.9737827777862549 888
1727271700389 1.9166266918182373 889
1727271700481 1.9732706546783447 890
1727271700576 1.9167261123657227 891
1727271700669 1.9728422164916992 892
1727271700763 1.9166206121444702 893
1727271700859 1.9725043773651123 894
1727271700955 1.916379451751709 895
1727271701048 1.9722349643707275 896
1727271701139 1.9160149097442627 897
1727271701231 1.9720227718353271 898
1727271701324 1.9155340194702148 899
1727271701415 1.9718602895736694 900
1727271701521 1.9149495363235474 901
1727271701614 1.9717365503311157 902
1727271701710 1.9142848253250122 903
1727271701807 1.9716811180114746 904
1727271701906 1.9109976291656494 905
1727271702005 1.9702811241149902 906
1727271702097 1.9101433753967285 907
1727271702188 1.9703524112701416 908
1727271702282 1.9063236713409424 909
1727271702378 1.9691048860549927 910
1727271702472 1.9241102933883667 911
1727271702566 1.9661610126495361 912
1727271702659 1.9220778942108154 913
1727271702756 1.965258240699768 914
1727271702850 1.922450304031372 915
1727271702944 1.9638924598693848 916
1727271703039 1.9232914447784424 917
1727271703135 1.9620802402496338 918
1727271703231 1.9245929718017578 919
1727271703325 1.960950255393982 920
1727271703420 1.9202959537506104 921
1727271703515 1.9718451499938965 922
1727271703611 1.911389708518982 923
1727271703707 1.9663076400756836 924
1727271703804 1.9250774383544922 925
1727271703899 1.9636822938919067 926
1727271703994 1.9254112243652344 927
1727271704088 1.9618194103240967 928
1727271704180 1.9262893199920654 929
1727271704272 1.9590928554534912 930
1727271704365 1.9247740507125854 931
1727271704458 1.970585584640503 932
1727271704552 1.9156602621078491 933
1727271704646 1.9702670574188232 934
1727271704740 1.9156490564346313 935
1727271704833 1.969677448272705 936
1727271704928 1.915299654006958 937
1727271705025 1.9679107666015625 938
1727271705119 1.911555290222168 939
1727271705214 1.9671728610992432 940
1727271705309 1.9091806411743164 941
1727271705409 1.966658353805542 942
1727271705509 1.9053449630737305 943
1727271705606 1.9627128839492798 944
1727271705707 1.934655785560608 945
1727271705813 1.967820167541504 946
1727271705912 1.9080793857574463 947
1727271706012 1.9777222871780396 948
1727271706115 1.907867431640625 949
1727271706211 1.9773154258728027 950
1727271706312 1.9057865142822266 951
1727271706411 1.977487325668335 952
1727271706509 1.9028117656707764 953
1727271706605 1.9767118692398071 954
1727271706703 1.9084209203720093 955
1727271706802 1.9764208793640137 956
1727271706895 1.9059823751449585 957
1727271706989 1.9770336151123047 958
1727271707081 1.901871919631958 959
1727271707172 1.9779977798461914 960
1727271707266 1.909579873085022 961
1727271707360 1.9692766666412354 962
1727271707452 1.9211630821228027 963
1727271707550 1.9675753116607666 964
1727271707641 1.9185019731521606 965
1727271707733 1.968168020248413 966
1727271707826 1.916153907775879 967
1727271707918 1.9682559967041016 968
1727271708008 1.9137539863586426 969
1727271708100 1.9680441617965698 970
1727271708189 1.910849690437317 971
1727271708280 1.9660263061523438 972
1727271708374 1.9129958152770996 973
1727271708467 1.9697157144546509 974
1727271708557 1.9105890989303589 975
1727271708649 1.9700212478637695 976
1727271708742 1.9063974618911743 977
1727271708834 1.9690836668014526 978
1727271708927 1.930915117263794 979
1727271709021 1.9624569416046143 980
1727271709115 1.9298958778381348 981
1727271709208 1.9606989622116089 982
1727271709301 1.9313706159591675 983
1727271709396 1.9610034227371216 984
1727271709488 1.9086463451385498 985
1727271709583 1.9795067310333252 986
1727271709677 1.9109269380569458 987
1727271709769 1.9784375429153442 988
1727271709862 1.9119765758514404 989
1727271709958 1.9778743982315063 990
1727271710052 1.912179708480835 991
1727271710147 1.9776735305786133 992
1727271710244 1.9117628335952759 993
1727271710338 1.9777348041534424 994
1727271710435 1.9108288288116455 995
1727271710536 1.9779984951019287 996
1727271710630 1.9093811511993408 997
1727271710725 1.9784388542175293 998
1727271710825 1.9073143005371094 999
