1726503330313 0.7089318037033081 0
1726503330371 0.798132061958313 1
1726503330424 0.8232362866401672 2
1726503330475 0.8321914672851562 3
1726503330530 0.835359513759613 4
1726503330581 0.8364427089691162 5
1726503330641 0.8368011116981506 6
1726503330690 0.8369169235229492 7
1726503330746 0.8369537591934204 8
1726503330808 0.8369654417037964 9
1726503330866 0.8369690179824829 10
1726503330932 0.8369700908660889 11
1726503330986 0.8369703888893127 12
1726503331042 0.8369705080986023 13
1726503331113 0.8369705677032471 14
1726503331181 0.8369705677032471 15
1726503331255 0.8369705677032471 16
1726503331341 0.8369705677032471 17
1726503331423 0.8369706869125366 18
1726503331518 0.8369706869125366 19
