1727298731532 2e-05 0
1727298731576 -0.2073960304260254 1
1727298731619 0.05264759063720703 2
1727298731669 0.04727292060852051 3
1727298731709 0.041414499282836914 4
1727298731752 -0.07321047782897949 5
1727298731801 -0.032970428466796875 6
1727298731846 0.17247271537780762 7
1727298731894 -0.12806105613708496 8
1727298731944 0.0506742000579834 9
1727298731985 -0.06824588775634766 10
1727298732024 -0.12545394897460938 11
1727298732065 0.1514575481414795 12
1727298732105 0.0118560791015625 13
1727298732147 -0.08457231521606445 14
1727298732191 0.05072283744812012 15
1727298732230 0.00010275840759277344 16
1727298732269 -0.0030579566955566406 17
1727298732311 0.10728788375854492 18
1727298732351 -0.07915210723876953 19
1727298732393 -0.0017085075378417969 20
1727298732442 -0.022413253784179688 21
1727298732484 0.01937389373779297 22
1727298732525 -0.055664777755737305 23
1727298732564 0.10552310943603516 24
1727298732604 0.06705117225646973 25
1727298732653 -0.13869190216064453 26
1727298732696 -0.016380786895751953 27
1727298732744 0.1514582633972168 28
1727298732792 0.04813051223754883 29
1727298732839 -0.3630324602127075 30
1727298732885 0.24598824977874756 31
1727298732937 -0.01627182960510254 32
1727298732983 -0.059821128845214844 33
1727298733022 0.05176973342895508 34
1727298733067 0.03196549415588379 35
1727298733112 -0.23459696769714355 36
1727298733161 0.20625066757202148 37
1727298733205 0.024110794067382812 38
1727298733249 -0.0571446418762207 39
1727298733291 0.02301931381225586 40
1727298733333 -0.18084096908569336 41
1727298733375 0.0576014518737793 42
1727298733418 0.05210304260253906 43
1727298733464 0.12521982192993164 44
1727298733511 0.0183408260345459 45
1727298733559 -0.06585288047790527 46
1727298733600 -0.1486368179321289 47
1727298733643 0.2335348129272461 48
1727298733690 -0.010419607162475586 49
1727298733740 -0.18924331665039062 50
1727298733786 -0.03949308395385742 51
1727298733833 0.12344121932983398 52
1727298733877 -0.08873963356018066 53
1727298733927 0.1258549690246582 54
1727298733968 -0.042723655700683594 55
1727298734010 0.012891292572021484 56
1727298734055 0.0063321590423583984 57
1727298734098 -0.06068253517150879 58
1727298734142 0.08149886131286621 59
1727298734189 0.0072214603424072266 60
1727298734236 -0.009226799011230469 61
1727298734280 -0.02768707275390625 62
1727298734327 -0.13419771194458008 63
1727298734373 0.15311598777770996 64
1727298734416 0.020636796951293945 65
1727298734464 -0.08081436157226562 66
1727298734512 -0.20884037017822266 67
1727298734559 0.2646007537841797 68
1727298734607 -0.03038191795349121 69
1727298734652 -0.05036735534667969 70
1727298734697 -0.015613794326782227 71
1727298734738 -0.21042442321777344 72
1727298734787 0.3500218391418457 73
1727298734828 0.03280186653137207 74
1727298734873 -0.05087757110595703 75
1727298734918 -0.09720444679260254 76
1727298734965 0.4055517315864563 77
1727298735013 -0.33123332262039185 78
1727298735055 0.07068896293640137 79
1727298735103 -0.05430340766906738 80
1727298735142 -0.021162033081054688 81
1727298735183 -0.059722185134887695 82
1727298735226 0.1931992471218109 83
1727298735265 -0.07317718863487244 84
1727298735304 -0.11549997329711914 85
1727298735345 0.0694265365600586 86
1727298735386 0.021223068237304688 87
1727298735428 -0.18607831001281738 88
1727298735473 0.21917295455932617 89
1727298735521 -0.04403328895568848 90
1727298735571 -0.009348630905151367 91
1727298735628 -0.0420687198638916 92
1727298735693 0.007227420806884766 93
1727298735743 -0.05146503448486328 94
1727298735791 0.1285555362701416 95
1727298735842 -0.01581597328186035 96
1727298735895 0.05519390106201172 97
1727298735956 -0.016008615493774414 98
1727298736002 -0.05540347099304199 99
1727298736043 -0.15291547775268555 100
1727298736091 0.10454845428466797 101
1727298736133 -0.16800999641418457 102
1727298736174 -0.04136323928833008 103
1727298736216 0.11776924133300781 104
1727298736263 0.19280409812927246 105
1727298736316 -0.03319430351257324 106
1727298736363 -0.08876609802246094 107
1727298736410 0.04376816749572754 108
1727298736457 -0.06470918655395508 109
1727298736510 -0.01605844497680664 110
1727298736559 0.09218096733093262 111
1727298736603 0.03462624549865723 112
1727298736647 -0.13923001289367676 113
1727298736700 0.05655622482299805 114
1727298736753 0.10270261764526367 115
1727298736806 -0.06821608543395996 116
1727298736855 -0.25636720657348633 117
1727298736905 -0.17182421684265137 118
1727298736969 0.26351213455200195 119
1727298737021 -0.024020910263061523 120
1727298737077 0.1982426643371582 121
1727298737133 0.044829368591308594 122
1727298737190 -0.09100818634033203 123
1727298737246 -0.07340168952941895 124
1727298737299 0.08625078201293945 125
1727298737351 -0.02024984359741211 126
1727298737407 0.11219429969787598 127
1727298737458 -0.15378904342651367 128
1727298737508 0.08771157264709473 129
1727298737562 0.009793519973754883 130
1727298737617 -0.14265704154968262 131
1727298737669 0.06233835220336914 132
1727298737721 -0.20340418815612793 133
1727298737775 0.0002709627151489258 134
1727298737829 0.2559117078781128 135
1727298737884 0.06516385078430176 136
1727298737945 -0.07250523567199707 137
1727298738002 0.1141061782836914 138
1727298738054 -0.09399294853210449 139
1727298738110 -0.0953836441040039 140
1727298738169 0.08117508888244629 141
1727298738219 -0.08826589584350586 142
1727298738258 0.09119701385498047 143
1727298738298 0.07555103302001953 144
1727298738340 0.22991064190864563 145
1727298738382 -0.2364661991596222 146
1727298738433 -0.03802037239074707 147
1727298738481 -0.10072779655456543 148
1727298738527 0.18117761611938477 149
1727298738572 -0.2540605068206787 150
1727298738616 0.13570356369018555 151
1727298738656 0.1063382625579834 152
1727298738707 -0.08764433860778809 153
1727298738749 0.10433101654052734 154
1727298738790 -0.05840778350830078 155
1727298738835 -0.0011653900146484375 156
1727298738883 -0.04711413383483887 157
1727298738927 0.08232927322387695 158
1727298738979 -0.08219051361083984 159
1727298739022 0.002716064453125 160
1727298739069 -0.0736234188079834 161
1727298739112 0.07479381561279297 162
1727298739151 -0.01730799674987793 163
1727298739192 -0.050466060638427734 164
1727298739230 0.16536498069763184 165
1727298739269 -0.07154440879821777 166
1727298739316 -0.010990142822265625 167
1727298739360 -0.09157323837280273 168
1727298739406 0.1376030445098877 169
1727298739448 0.011794328689575195 170
1727298739488 -0.008960485458374023 171
1727298739535 -0.09043455123901367 172
1727298739577 0.03134465217590332 173
1727298739620 0.0200347900390625 174
1727298739660 -0.020893573760986328 175
1727298739703 0.032332658767700195 176
1727298739743 -0.08598875999450684 177
1727298739790 0.0568239688873291 178
1727298739835 0.05747485160827637 179
1727298739877 -0.051077842712402344 180
1727298739919 0.05981636047363281 181
1727298739963 -0.031670570373535156 182
1727298740006 -0.12647724151611328 183
1727298740046 0.14959454536437988 184
1727298740096 -0.1409897804260254 185
1727298740148 -0.0003139972686767578 186
1727298740190 0.0029397010803222656 187
1727298740233 0.033182382583618164 188
1727298740274 0.0556340217590332 189
1727298740315 0.034874916076660156 190
1727298740355 -0.03862714767456055 191
1727298740399 0.009233236312866211 192
1727298740440 -0.05138039588928223 193
1727298740480 0.06004500389099121 194
1727298740523 -0.03203892707824707 195
1727298740570 0.06075859069824219 196
1727298740613 -0.21039700508117676 197
1727298740654 0.20343017578125 198
1727298740701 -0.035772085189819336 199
1727298740741 0.01831793785095215 200
1727298740781 -0.07745933532714844 201
1727298740822 0.10961198806762695 202
1727298740861 -0.22849011421203613 203
1727298740901 0.18114781379699707 204
1727298740945 -0.04178881645202637 205
1727298740988 -0.07674288749694824 206
1727298741026 -0.07201623916625977 207
1727298741066 0.18566346168518066 208
1727298741107 0.07872867584228516 209
1727298741150 -0.04139399528503418 210
1727298741196 0.0009784698486328125 211
1727298741235 0.05400228500366211 212
1727298741275 -0.2127373218536377 213
1727298741314 -0.062489986419677734 214
1727298741354 0.2213730812072754 215
1727298741397 -0.03506278991699219 216
1727298741441 -0.044028520584106445 217
1727298741485 -0.0203554630279541 218
1727298741543 0.1252293586730957 219
1727298741590 -0.26215600967407227 220
1727298741637 0.2897477149963379 221
1727298741683 -0.08501839637756348 222
1727298741728 -0.04288601875305176 223
1727298741771 0.12329530715942383 224
1727298741813 -0.10849165916442871 225
1727298741857 0.0238189697265625 226
1727298741898 -0.08478593826293945 227
1727298741943 0.06391000747680664 228
1727298741992 0.016030311584472656 229
1727298742032 -0.03945636749267578 230
1727298742088 -0.09884119033813477 231
1727298742135 0.0953671932220459 232
1727298742182 -0.0195462703704834 233
1727298742225 0.05591917037963867 234
1727298742268 -0.1275777816772461 235
1727298742325 0.08218526840209961 236
1727298742380 0.02616739273071289 237
1727298742435 -0.11869144439697266 238
1727298742478 0.11813592910766602 239
1727298742520 0.0369870662689209 240
1727298742567 -0.08371734619140625 241
1727298742613 0.05207324028015137 242
1727298742659 0.10513830184936523 243
1727298742708 -0.0371088981628418 244
1727298742747 0.025319576263427734 245
1727298742790 -0.14772820472717285 246
1727298742835 0.05160355567932129 247
1727298742882 0.03375077247619629 248
1727298742929 -0.06941962242126465 249
1727298742971 0.03769969940185547 250
1727298743017 -0.047731637954711914 251
1727298743059 0.059921979904174805 252
1727298743103 -0.01308584213256836 253
1727298743147 -0.10961198806762695 254
1727298743190 0.05345296859741211 255
1727298743237 0.13537216186523438 256
1727298743277 -0.12378644943237305 257
1727298743316 0.11438274383544922 258
1727298743361 -0.06407403945922852 259
1727298743400 -0.06380605697631836 260
1727298743444 -0.014946699142456055 261
1727298743490 -0.03985333442687988 262
1727298743532 0.15746450424194336 263
1727298743576 -0.0006937980651855469 264
1727298743619 -0.07476687431335449 265
1727298743661 0.013834714889526367 266
1727298743704 0.1333160400390625 267
1727298743753 -0.03785419464111328 268
1727298743791 -0.05229997634887695 269
1727298743833 0.03770732879638672 270
1727298743875 -0.11201286315917969 271
1727298743917 0.09586763381958008 272
1727298743964 -0.1207284927368164 273
1727298744004 -0.011215686798095703 274
1727298744044 0.1316608488559723 275
1727298744089 -0.11232534050941467 276
1727298744127 0.13864350318908691 277
1727298744166 -0.21054959297180176 278
1727298744214 -0.06714844703674316 279
1727298744260 0.17295002937316895 280
1727298744308 0.05314826965332031 281
1727298744356 0.0072705745697021484 282
1727298744400 -0.07487940788269043 283
1727298744437 -0.12231707572937012 284
1727298744478 0.18385028839111328 285
1727298744519 -0.00038433074951171875 286
1727298744559 -0.04933476448059082 287
1727298744606 0.003875255584716797 288
1727298744650 -0.0760946273803711 289
1727298744698 0.04065108299255371 290
1727298744743 0.03157544136047363 291
1727298744794 -0.182944655418396 292
1727298744838 0.26092374324798584 293
1727298744884 0.0534515380859375 294
1727298744926 -0.07094264030456543 295
1727298744967 -0.015323400497436523 296
1727298745008 0.05503058433532715 297
1727298745047 -0.03948354721069336 298
1727298745087 0.02643728256225586 299
1727298745129 -0.02033376693725586 300
1727298745171 -0.013345956802368164 301
1727298745221 -0.026502370834350586 302
1727298745257 0.052304744720458984 303
1727298745294 -0.025908708572387695 304
1727298745339 0.02459549903869629 305
1727298745379 0.0021638870239257812 306
1727298745420 0.018421411514282227 307
1727298745470 -0.1524214744567871 308
1727298745511 0.09920620918273926 309
1727298745551 0.035452842712402344 310
1727298745591 -0.13597321510314941 311
1727298745630 0.13034582138061523 312
1727298745669 -0.04293203353881836 313
1727298745713 0.028935909271240234 314
1727298745753 0.08702874183654785 315
1727298745795 -0.0020558834075927734 316
1727298745834 -0.2782866954803467 317
1727298745876 -0.0767744779586792 318
1727298745924 0.11709582805633545 319
1727298745965 -0.23467779159545898 320
1727298746007 -0.18373584747314453 321
1727298746045 0.15370655059814453 322
1727298746084 -0.22307145595550537 323
1727298746123 -0.04022049903869629 324
1727298746165 -0.005836367607116699 325
1727298746210 -0.006422519683837891 326
1727298746254 -0.007127642631530762 327
1727298746297 0.6598588228225708 328
1727298746341 0.1857547163963318 329
1727298746382 -0.09913533926010132 330
1727298746421 -0.15081095695495605 331
1727298746463 0.11167764663696289 332
1727298746507 0.02248239517211914 333
1727298746544 -0.11218023300170898 334
1727298746582 -0.03225207328796387 335
1727298746622 0.024614572525024414 336
1727298746661 -0.07738280296325684 337
1727298746700 -0.13775157928466797 338
1727298746748 -0.139029860496521 339
1727298746788 0.5058728456497192 340
1727298746827 -0.07698798179626465 341
1727298746865 0.04642796516418457 342
1727298746907 -0.03342843055725098 343
1727298746962 0.008599042892456055 344
1727298747006 -0.05960202217102051 345
1727298747050 -0.033786773681640625 346
1727298747098 0.04564642906188965 347
1727298747145 -0.08260726928710938 348
1727298747192 0.1164243221282959 349
1727298747236 -0.061177968978881836 350
1727298747281 0.023624420166015625 351
1727298747322 0.002239227294921875 352
1727298747363 -0.11600518226623535 353
1727298747405 0.12845778465270996 354
1727298747459 0.010643482208251953 355
1727298747506 0.07291364669799805 356
1727298747555 -0.1704714298248291 357
1727298747599 0.1476905345916748 358
1727298747645 -0.09794735908508301 359
1727298747686 0.10564541816711426 360
1727298747729 -0.13408207893371582 361
1727298747772 0.024811506271362305 362
1727298747812 0.031158447265625 363
1727298747851 -0.041674137115478516 364
1727298747889 -0.04546403884887695 365
1727298747935 -0.06857085227966309 366
1727298747984 0.13231706619262695 367
1727298748028 0.049475908279418945 368
1727298748076 -0.04779052734375 369
1727298748122 -0.004986286163330078 370
1727298748170 0.12200570106506348 371
1727298748215 -0.08168959617614746 372
1727298748254 -0.029475927352905273 373
1727298748296 0.01107025146484375 374
1727298748333 -0.08452033996582031 375
1727298748379 -0.15077364444732666 376
1727298748421 0.14826667308807373 377
1727298748464 -0.18479156494140625 378
1727298748506 0.36220526695251465 379
1727298748548 -0.04306459426879883 380
1727298748594 -0.007964134216308594 381
1727298748636 -0.1405043601989746 382
1727298748677 0.043999433517456055 383
1727298748726 0.09046220779418945 384
1727298748773 0.03504180908203125 385
1727298748819 -0.05715751647949219 386
1727298748861 -0.144362211227417 387
1727298748898 -0.25586068630218506 388
1727298748939 -0.15856504440307617 389
1727298749006 -0.0372999906539917 390
1727298749055 -0.052962303161621094 391
1727298749118 -0.05046665668487549 392
1727298749174 -0.014577507972717285 393
1727298749235 -0.018671751022338867 394
1727298749296 -0.027284622192382812 395
1727298749351 -0.013126492500305176 396
1727298749399 -0.011948227882385254 397
1727298749442 0.8744192123413086 398
1727298749491 -0.16550183296203613 399
1727298749533 -0.10397887229919434 400
1727298749574 -0.11225330829620361 401
1727298749621 -0.10577166080474854 402
1727298749667 -0.0879819393157959 403
1727298749714 0.40471339225769043 404
1727298749754 -0.0551905632019043 405
1727298749797 -0.07987105846405029 406
1727298749843 -0.07207906246185303 407
1727298749890 -0.10284233093261719 408
1727298749938 -0.0638958215713501 409
1727298749986 -0.08513915538787842 410
1727298750035 -0.09248113632202148 411
1727298750083 -0.09386897087097168 412
1727298750127 -0.013107657432556152 413
1727298750171 -0.016459345817565918 414
1727298750215 -0.019170165061950684 415
1727298750257 -0.02042996883392334 416
1727298750302 -0.029917359352111816 417
1727298750346 -0.04138624668121338 418
1727298750394 -0.0449751615524292 419
1727298750449 -0.003711104393005371 420
1727298750492 -0.004166841506958008 421
1727298750535 -0.004769086837768555 422
1727298750576 -0.005616903305053711 423
1727298750616 -0.006967425346374512 424
1727298750659 -0.003020763397216797 425
1727298750700 0.0 426
