1727300673941 2e-05 0
1727300673977 3.568560838699341 1
1727300674012 5.551028251647949 2
1727300674047 4.437958717346191 3
1727300674079 4.848334789276123 4
1727300674112 4.506821155548096 5
1727300674146 4.858058929443359 6
1727300674179 4.665450096130371 7
1727300674212 4.627440929412842 8
1727300674243 4.557590961456299 9
1727300674276 4.896745204925537 10
1727300674308 4.948386192321777 11
1727300674341 4.374113082885742 12
1727300674373 5.386258125305176 13
1727300674407 4.754791259765625 14
1727300674440 4.256204605102539 15
1727300674473 1.5810010433197021 16
1727300674506 4.964053630828857 17
1727300674539 4.784334182739258 18
1727300674572 4.479269504547119 19
1727300674605 4.952198028564453 20
1727300674638 4.910884380340576 21
1727300674670 5.12918758392334 22
1727300674703 4.2727508544921875 23
1727300674736 4.851442813873291 24
1727300674769 4.64309549331665 25
1727300674802 5.1954522132873535 26
1727300674835 4.917296409606934 27
1727300674868 5.356333255767822 28
1727300674901 5.475980758666992 29
1727300674935 4.897587776184082 30
1727300674968 5.051966190338135 31
1727300675002 4.793484687805176 32
1727300675040 5.295114994049072 33
1727300675075 3.7334141731262207 34
1727300675113 4.51906681060791 35
1727300675150 4.515042781829834 36
1727300675184 3.5530965328216553 37
1727300675218 4.93602180480957 38
1727300675252 4.484460353851318 39
1727300675285 4.849571228027344 40
1727300675319 4.455707550048828 41
1727300675352 4.209720134735107 42
1727300675385 5.111641883850098 43
1727300675418 5.244758129119873 44
1727300675451 4.242339611053467 45
1727300675484 4.4741740226745605 46
1727300675517 4.585910320281982 47
1727300675550 4.9396281242370605 48
1727300675583 4.883037090301514 49
1727300675617 4.898979663848877 50
1727300675650 4.886022567749023 51
1727300675684 4.337297439575195 52
1727300675716 5.162715435028076 53
1727300675749 4.917868137359619 54
1727300675784 5.099019527435303 55
1727300675817 5.077192783355713 56
1727300675850 4.531511306762695 57
1727300675883 4.586682319641113 58
1727300675917 4.928028106689453 59
1727300675950 4.628180027008057 60
1727300675983 4.553496837615967 61
1727300676016 5.170201778411865 62
1727300676050 5.4680705070495605 63
1727300676082 4.8939290046691895 64
1727300676116 5.291502475738525 65
1727300676149 3.7651336193084717 66
1727300676183 5.195782661437988 67
1727300676215 4.138341903686523 68
1727300676248 4.692041873931885 69
1727300676280 4.245018005371094 70
1727300676314 4.488225936889648 71
1727300676347 4.017981052398682 72
1727300676380 5.42449951171875 73
1727300676413 4.211518287658691 74
1727300676446 4.256848335266113 75
1727300676479 5.208582878112793 76
1727300676513 4.06132173538208 77
1727300676546 2.108062982559204 78
1727300676578 4.712081432342529 79
1727300676611 4.9041242599487305 80
1727300676644 4.673236846923828 81
1727300676678 3.6924893856048584 82
1727300676710 4.607026100158691 83
1727300676743 4.375555992126465 84
1727300676776 4.344031810760498 85
1727300676811 4.268130302429199 86
1727300676847 4.985337734222412 87
1727300676879 5.325160980224609 88
1727300676913 4.832814693450928 89
1727300676947 5.167126655578613 90
1727300676980 4.4863810539245605 91
1727300677012 4.619263172149658 92
1727300677046 4.352109432220459 93
1727300677079 5.162186622619629 94
1727300677113 4.172369003295898 95
1727300677146 4.465906620025635 96
1727300677180 4.655361652374268 97
1727300677213 4.843122482299805 98
1727300677245 4.098490238189697 99
1727300677278 4.9749603271484375 100
1727300677313 4.811435222625732 101
1727300677347 4.635273456573486 102
1727300677382 4.562764644622803 103
1727300677418 4.947025299072266 104
1727300677453 4.666354179382324 105
1727300677486 5.080660820007324 106
1727300677520 4.509260654449463 107
1727300677555 2.6071484088897705 108
1727300677587 4.411258220672607 109
1727300677619 4.756067752838135 110
1727300677651 5.216022968292236 111
1727300677684 5.418613433837891 112
1727300677717 4.991090297698975 113
1727300677750 5.043642520904541 114
1727300677782 4.5221686363220215 115
1727300677815 4.428418159484863 116
1727300677848 4.595322608947754 117
1727300677881 2.0791165828704834 118
1727300677914 4.727203369140625 119
1727300677948 1.413701057434082 120
1727300677981 4.737385272979736 121
1727300678013 2.5542116165161133 122
1727300678046 4.524398326873779 123
1727300678079 4.793819427490234 124
1727300678112 4.6040940284729 125
1727300678146 4.243197441101074 126
1727300678179 4.221333980560303 127
1727300678213 4.74931526184082 128
1727300678245 4.615841865539551 129
1727300678278 4.489457130432129 130
1727300678311 5.099019527435303 131
1727300678345 4.898979663848877 132
1727300678377 4.877276420593262 133
1727300678409 5.294075965881348 134
1727300678443 4.106155872344971 135
1727300678475 4.679507732391357 136
1727300678508 4.993361949920654 137
1727300678539 4.401090145111084 138
1727300678571 5.401483535766602 139
1727300678604 5.008360385894775 140
1727300678636 5.167905330657959 141
1727300678668 4.268113136291504 142
1727300678701 4.954187870025635 143
1727300678735 4.878256797790527 144
1727300678768 4.546355247497559 145
1727300678801 4.802099704742432 146
1727300678833 4.242640495300293 147
1727300678865 4.690415859222412 148
1727300678899 4.818653106689453 149
1727300678934 5.217223167419434 150
1727300678967 4.373524188995361 151
1727300678999 4.641796112060547 152
1727300679031 5.243271350860596 153
1727300679063 4.429321765899658 154
1727300679096 4.801477432250977 155
1727300679129 4.868818283081055 156
1727300679162 4.72371768951416 157
1727300679196 4.556021690368652 158
1727300679229 4.2500529289245605 159
1727300679262 4.352672100067139 160
1727300679295 5.131505966186523 161
1727300679328 4.382515907287598 162
1727300679361 4.541849136352539 163
1727300679394 4.723591327667236 164
1727300679427 4.98796272277832 165
1727300679459 4.45791482925415 166
1727300679492 5.247903347015381 167
1727300679525 2.4232215881347656 168
1727300679558 4.507234573364258 169
1727300679590 5.111112594604492 170
1727300679623 5.044349670410156 171
1727300679656 5.126391410827637 172
1727300679689 4.88931131362915 173
1727300679722 4.892975807189941 174
1727300679754 4.275142669677734 175
1727300679788 4.209702491760254 176
1727300679821 4.721081733703613 177
1727300679854 4.850831031799316 178
1727300679886 4.230988025665283 179
1727300679919 4.868256092071533 180
1727300679953 5.247852802276611 181
1727300679988 4.837060451507568 182
1727300680026 4.2916083335876465 183
1727300680065 4.665205955505371 184
1727300680109 4.6980881690979 185
1727300680149 4.799683570861816 186
1727300680190 4.685419082641602 187
1727300680235 3.2062530517578125 188
1727300680276 4.829166412353516 189
1727300680324 4.923257827758789 190
1727300680366 4.365554332733154 191
1727300680407 4.71426248550415 192
1727300680449 5.133944988250732 193
1727300680491 5.005841255187988 194
1727300680535 4.0872883796691895 195
1727300680577 4.657517433166504 196
1727300680618 4.4721360206604 197
1727300680659 4.4721360206604 198
1727300680701 4.22813081741333 199
1727300680743 5.017061233520508 200
1727300680784 5.015827178955078 201
1727300680826 4.839776515960693 202
1727300680868 4.839370250701904 203
1727300680912 5.159303665161133 204
1727300680954 4.345038414001465 205
1727300681006 3.7987940311431885 206
1727300681047 4.370738983154297 207
1727300681088 4.097121238708496 208
1727300681129 5.1541972160339355 209
1727300681171 5.106032371520996 210
1727300681224 4.9019598960876465 211
1727300681268 4.807534694671631 212
1727300681308 5.3214192390441895 213
1727300681346 1.9521445035934448 214
1727300681382 4.546391487121582 215
1727300681418 5.595442295074463 216
1727300681456 5.221628665924072 217
1727300681494 4.981604099273682 218
1727300681529 4.409610271453857 219
1727300681563 4.2060651779174805 220
1727300681597 4.657415390014648 221
1727300681631 2.2167792320251465 222
1727300681668 1.558685541152954 223
1727300681703 4.523992538452148 224
1727300681737 5.066839218139648 225
1727300681771 5.102708339691162 226
1727300681812 4.06920862197876 227
1727300681865 4.418339729309082 228
1727300681904 2.4126839637756348 229
1727300681940 4.5482892990112305 230
1727300681978 4.690061569213867 231
1727300682015 5.291502475738525 232
1727300682050 4.85177755355835 233
1727300682086 4.50086784362793 234
1727300682121 4.7494683265686035 235
1727300682157 5.194221496582031 236
1727300682192 5.229480743408203 237
1727300682229 4.013986587524414 238
1727300682264 4.870994567871094 239
1727300682299 4.308038711547852 240
1727300682332 4.493950843811035 241
1727300682365 5.058551788330078 242
1727300682400 5.050442218780518 243
1727300682432 4.4484663009643555 244
1727300682465 4.87847900390625 245
1727300682502 4.823147773742676 246
1727300682540 5.030063629150391 247
1727300682573 4.68580436706543 248
1727300682610 4.848330020904541 249
1727300682644 4.560133457183838 250
1727300682678 4.8267340660095215 251
1727300682711 5.057900428771973 252
1727300682745 5.0052361488342285 253
1727300682781 4.331474304199219 254
1727300682815 5.047790050506592 255
1727300682848 4.477152347564697 256
1727300682881 4.185129642486572 257
1727300682914 4.884295463562012 258
1727300682948 3.955271005630493 259
1727300682980 4.910778045654297 260
1727300683013 4.656790733337402 261
1727300683047 5.037933826446533 262
1727300683079 5.063791751861572 263
1727300683113 4.677908420562744 264
1727300683146 4.887005805969238 265
1727300683179 5.361974716186523 266
1727300683212 4.373310089111328 267
1727300683246 3.941802978515625 268
1727300683282 5.289966106414795 269
1727300683317 4.412193775177002 270
1727300683351 2.3885648250579834 271
1727300683385 1.6794209480285645 272
1727300683419 4.593804359436035 273
1727300683459 4.534416675567627 274
1727300683493 4.913204669952393 275
1727300683526 3.839144229888916 276
1727300683565 4.504332065582275 277
1727300683599 4.715928554534912 278
1727300683633 4.250481605529785 279
1727300683667 4.724606513977051 280
1727300683704 4.367602825164795 281
1727300683741 4.869115829467773 282
1727300683774 4.752715110778809 283
1727300683810 4.213557720184326 284
1727300683845 4.838174819946289 285
1727300683879 2.769576072692871 286
1727300683920 4.755167484283447 287
1727300683965 4.388660907745361 288
1727300684010 3.613701581954956 289
1727300684047 4.259116172790527 290
1727300684083 4.382164478302002 291
1727300684120 4.5783185958862305 292
1727300684156 5.364293575286865 293
1727300684193 4.512762546539307 294
1727300684229 5.434474468231201 295
1727300684266 4.561507701873779 296
1727300684302 4.981921672821045 297
1727300684336 5.291502475738525 298
1727300684376 5.291502475738525 299
1727300684413 5.099019527435303 300
1727300684448 4.909643650054932 301
1727300684480 4.881091117858887 302
1727300684514 5.056532859802246 303
1727300684547 4.690415859222412 304
1727300684580 4.486766815185547 305
1727300684613 3.0079996585845947 306
1727300684645 4.184902667999268 307
1727300684677 4.53706693649292 308
1727300684710 4.747008323669434 309
1727300684744 4.634851455688477 310
1727300684776 4.902700901031494 311
1727300684811 2.997114896774292 312
1727300684844 0.261466383934021 313
1727300684876 2.384185791015625e-07 314
