tensor([[[[[0.0000, 0.0000],
           [0.0000, 0.0000]],

          [[1.0000, 0.0800],
           [1.0000, 0.5000]]],


         [[[1.0000, 1.0000],
           [0.5000, 0.5000]],

          [[0.0000, 0.0000],
           [0.0000, 0.0000]]]],



        [[[[0.0000, 0.0000],
           [0.0000, 0.0000]],

          [[0.0000, 0.0000],
           [0.0000, 0.0000]]],


         [[[0.0000, 0.0000],
           [0.0000, 0.0000]],

          [[1.0000, 1.0000],
           [1.0000, 1.0000]]]],



        [[[[1.0000, 1.0000],
           [1.0000, 1.0000]],

          [[0.0000, 0.0000],
           [0.0000, 0.0000]]],


         [[[0.0000, 0.0000],
           [0.0000, 0.0000]],

          [[0.0000, 0.0000],
           [0.0000, 0.0000]]]],



        [[[[0.0000, 0.0000],
           [0.0000, 0.0000]],

          [[0.0000, 0.9200],
           [0.0000, 0.5000]]],


         [[[0.0000, 0.0000],
           [0.5000, 0.5000]],

          [[0.0000, 0.0000],
           [0.0000, 0.0000]]]]], grad_fn=<RoundBackward1>)