1726485503888 2.2611801624298096 0
1726485503915 2.2611801624298096 1
1726485503940 2.2611801624298096 2
1726485503968 2.2611801624298096 3
1726485503994 2.2611801624298096 4
1726485504021 2.2611801624298096 5
1726485504047 2.2611801624298096 6
1726485504075 2.2611801624298096 7
1726485504102 2.2611801624298096 8
1726485504130 2.2611801624298096 9
1726485504157 2.2611801624298096 10
1726485504185 2.2611801624298096 11
1726485504212 2.2611801624298096 12
1726485504239 2.2611801624298096 13
1726485504266 2.2611801624298096 14
1726485504293 2.2611801624298096 15
1726485504321 2.2611801624298096 16
1726485504349 2.2611801624298096 17
1726485504376 2.2611801624298096 18
1726485504403 2.2611801624298096 19
1726485504432 2.2611801624298096 20
1726485504461 2.2611801624298096 21
1726485504487 2.2611801624298096 22
1726485504514 2.2611801624298096 23
1726485504572 2.2611801624298096 24
1726485504599 2.2611801624298096 25
1726485504626 2.2611801624298096 26
1726485504653 2.2611801624298096 27
1726485504681 2.2611801624298096 28
1726485504708 2.2611801624298096 29
1726485504735 2.2611801624298096 30
1726485504761 2.2611801624298096 31
1726485504789 2.2611801624298096 32
1726485504817 2.2611801624298096 33
1726485504846 2.2611801624298096 34
1726485504873 2.2611801624298096 35
1726485504900 2.2611801624298096 36
1726485504927 2.2611801624298096 37
1726485504954 2.2611801624298096 38
1726485504981 2.2611801624298096 39
1726485505010 2.2611801624298096 40
1726485505039 2.2611801624298096 41
1726485505066 2.2611801624298096 42
1726485505094 2.2611801624298096 43
1726485505121 2.2611801624298096 44
1726485505150 2.2611801624298096 45
1726485505178 2.2611801624298096 46
1726485505206 2.2611801624298096 47
1726485505233 2.2611801624298096 48
1726485505260 2.2611801624298096 49
1726485505287 2.2611801624298096 50
1726485505316 2.2611801624298096 51
1726485505343 2.2611801624298096 52
1726485505373 2.2611801624298096 53
1726485505401 2.2611801624298096 54
1726485505430 2.2611801624298096 55
1726485505460 2.2611801624298096 56
1726485505488 2.2611801624298096 57
1726485505517 2.2611801624298096 58
1726485505546 2.2611801624298096 59
1726485505576 2.2611801624298096 60
1726485505604 2.2611801624298096 61
1726485505634 2.2611801624298096 62
1726485505664 2.2611801624298096 63
1726485505692 2.2611801624298096 64
1726485505720 2.2611801624298096 65
1726485505748 2.2611801624298096 66
1726485505777 2.2611801624298096 67
1726485505805 2.2611801624298096 68
1726485505833 2.2611801624298096 69
1726485505861 2.2611801624298096 70
1726485505889 2.2611801624298096 71
1726485505917 2.2611801624298096 72
1726485505946 2.2611801624298096 73
1726485505972 2.2611801624298096 74
1726485506000 2.2611801624298096 75
1726485506028 2.2611801624298096 76
1726485506056 2.2611801624298096 77
1726485506085 2.2611801624298096 78
1726485506113 2.2611801624298096 79
1726485506141 2.2611801624298096 80
1726485506169 2.2611801624298096 81
1726485506198 2.2611801624298096 82
1726485506227 2.2611801624298096 83
1726485506256 2.2611801624298096 84
1726485506287 2.2611801624298096 85
1726485506315 2.2611801624298096 86
1726485506344 2.2611801624298096 87
1726485506376 2.2611801624298096 88
1726485506404 2.2611801624298096 89
1726485506433 2.2611801624298096 90
1726485506462 2.2611801624298096 91
1726485506490 2.2611801624298096 92
1726485506518 2.2611801624298096 93
1726485506547 2.2611801624298096 94
1726485506575 2.2611801624298096 95
1726485506605 2.2611801624298096 96
1726485506632 2.2611801624298096 97
1726485506661 2.2611801624298096 98
1726485506688 2.2611801624298096 99
1726485506716 2.2611801624298096 100
1726485506744 2.2611801624298096 101
1726485506771 2.2611801624298096 102
1726485506799 2.2611801624298096 103
1726485506827 2.2611801624298096 104
1726485506856 2.2611801624298096 105
1726485506884 2.2611801624298096 106
1726485506912 2.2611801624298096 107
1726485506940 2.2611801624298096 108
1726485506966 2.2611801624298096 109
1726485506994 2.2611801624298096 110
1726485507022 2.2611801624298096 111
1726485507050 2.2611801624298096 112
1726485507077 2.2611801624298096 113
1726485507106 2.2611801624298096 114
1726485507135 2.2611801624298096 115
1726485507165 2.2611801624298096 116
1726485507194 2.2611801624298096 117
1726485507223 2.2611801624298096 118
1726485507252 2.2611801624298096 119
1726485507279 2.2611801624298096 120
1726485507308 2.2611801624298096 121
1726485507336 2.2611801624298096 122
1726485507365 2.2611801624298096 123
1726485507395 2.2611801624298096 124
1726485507424 2.2611801624298096 125
1726485507451 2.2611801624298096 126
1726485507479 2.2611801624298096 127
1726485507507 2.2611801624298096 128
1726485507536 2.2611801624298096 129
1726485507563 2.2611801624298096 130
1726485507591 2.2611801624298096 131
1726485507619 2.2611801624298096 132
1726485507647 2.2611801624298096 133
1726485507675 2.2611801624298096 134
1726485507702 2.2611801624298096 135
1726485507729 2.2611801624298096 136
1726485507756 2.2611801624298096 137
1726485507784 2.2611801624298096 138
1726485507812 2.2611801624298096 139
1726485507839 2.2611801624298096 140
1726485507866 2.2611801624298096 141
1726485507894 2.2611801624298096 142
1726485507922 2.2611801624298096 143
1726485507950 2.2611801624298096 144
1726485507977 2.2611801624298096 145
1726485508005 2.2611801624298096 146
1726485508032 2.2611801624298096 147
1726485508061 2.2611801624298096 148
1726485508088 2.2611801624298096 149
1726485508115 2.2611801624298096 150
1726485508143 2.2611801624298096 151
1726485508170 2.2611801624298096 152
1726485508197 2.2611801624298096 153
1726485508224 2.2611801624298096 154
1726485508251 2.2611801624298096 155
1726485508279 2.2611801624298096 156
1726485508308 2.2611801624298096 157
1726485508335 2.2611801624298096 158
1726485508363 2.2611801624298096 159
1726485508391 2.2611801624298096 160
1726485508420 2.2611801624298096 161
1726485508447 2.2611801624298096 162
1726485508475 2.2611801624298096 163
