1727301320303 0.0 0
1727301320344 0.0 1
1727301320383 0.0 2
1727301320423 0.0 3
1727301320461 0.0 4
1727301320503 0.0 5
1727301320543 0.0 6
1727301320583 0.0 7
1727301320623 0.0 8
1727301320661 0.0 9
1727301320699 0.0 10
1727301320738 0.0 11
1727301320777 0.0 12
1727301320816 0.0 13
1727301320855 0.0 14
1727301320894 0.0 15
1727301320933 0.0 16
1727301320972 4.605170249938965 17
1727301321011 0.0 18
1727301321051 0.0 19
1727301321093 4.605170249938965 20
1727301321136 0.0 21
1727301321177 0.0 22
1727301321220 0.0 23
1727301321259 4.605170249938965 24
1727301321296 0.0 25
1727301321334 0.0 26
1727301321373 0.0 27
1727301321413 0.0 28
1727301321450 0.0 29
1727301321489 0.0 30
1727301321530 0.0 31
1727301321571 0.0 32
1727301321611 0.0 33
1727301321649 0.0 34
1727301321689 0.0 35
1727301321731 0.0 36
1727301321773 0.0 37
1727301321813 0.0 38
1727301321853 0.0 39
1727301321891 0.0 40
1727301321932 0.0 41
1727301321971 0.0 42
1727301322011 0.0 43
1727301322049 0.0 44
1727301322091 0.0 45
1727301322132 0.0 46
1727301322170 0.0 47
1727301322209 0.0 48
1727301322249 0.0 49
1727301322290 0.0 50
1727301322329 0.0 51
1727301322367 0.0 52
1727301322407 0.0 53
1727301322445 0.0 54
1727301322484 0.0 55
1727301322524 0.0 56
1727301322563 0.0 57
1727301322601 0.0 58
1727301322640 0.0 59
1727301322678 0.0 60
1727301322718 0.0 61
1727301322757 0.0 62
1727301322796 0.0 63
1727301322837 0.0 64
1727301322881 0.0 65
1727301322929 0.0 66
1727301322976 0.0 67
1727301323018 0.0 68
1727301323061 0.0 69
1727301323101 0.0 70
1727301323143 0.0 71
1727301323184 0.0 72
1727301323228 0.0 73
1727301323268 0.0 74
1727301323308 0.0 75
1727301323348 0.0 76
1727301323387 0.0 77
1727301323428 0.0 78
1727301323467 0.0 79
1727301323507 0.0 80
1727301323547 0.0 81
1727301323586 0.0 82
1727301323625 0.0 83
1727301323666 0.0 84
1727301323704 0.0 85
1727301323746 0.0 86
1727301323784 0.0 87
1727301323822 0.00013355007104109973 88
1727301323861 0.0 89
1727301323900 0.0 90
1727301323940 0.0 91
1727301323977 0.0 92
1727301324014 0.0 93
1727301324053 0.0 94
1727301324092 0.0 95
1727301324132 0.0 96
1727301324171 0.0 97
1727301324210 0.0 98
1727301324251 0.0 99
1727301324289 0.0 100
1727301324330 0.0 101
1727301324370 0.0 102
1727301324409 0.0 103
1727301324448 0.0 104
1727301324487 0.0 105
1727301324525 0.0 106
1727301324565 0.0 107
1727301324603 0.0 108
1727301324642 0.0 109
1727301324681 0.0 110
1727301324719 0.0 111
1727301324758 0.0 112
1727301324798 0.0 113
1727301324837 0.0 114
1727301324876 0.0 115
1727301324915 0.0 116
1727301324954 0.0 117
1727301324992 0.0 118
1727301325032 0.0 119
1727301325070 0.0 120
1727301325107 0.0 121
1727301325149 0.0 122
1727301325188 0.0 123
1727301325227 0.0 124
1727301325265 0.0 125
1727301325306 0.0 126
1727301325345 0.0 127
1727301325383 0.0 128
1727301325421 0.0 129
1727301325462 0.0 130
1727301325501 0.0 131
1727301325540 0.0 132
1727301325580 0.0 133
1727301325620 0.0 134
1727301325659 0.0 135
1727301325700 0.0 136
1727301325741 0.0 137
1727301325779 0.0 138
1727301325818 0.0 139
1727301325858 0.0 140
1727301325897 0.0 141
1727301325936 0.0 142
1727301325975 0.0 143
1727301326014 0.0 144
1727301326055 0.0 145
1727301326096 0.0 146
1727301326136 0.0 147
1727301326177 0.0 148
1727301326214 0.0 149
1727301326252 0.0 150
1727301326291 0.0 151
1727301326329 0.0 152
1727301326369 0.0 153
1727301326407 0.0 154
1727301326444 0.0 155
1727301326482 0.0 156
1727301326522 0.0 157
1727301326561 0.0 158
1727301326600 0.0 159
1727301326641 0.0 160
1727301326682 0.0 161
1727301326721 0.0 162
1727301326761 0.0 163
1727301326801 0.0 164
1727301326839 0.0 165
