1727308091286 2.3173577785491943 0
1727308091329 2.1190273761749268 1
1727308091368 1.8638153076171875 2
1727308091405 2.030287742614746 3
1727308091442 2.1005325317382812 4
1727308091480 2.149521827697754 5
1727308091518 2.159604072570801 6
1727308091557 2.146284580230713 7
1727308091595 2.017162799835205 8
1727308091630 2.031522035598755 9
1727308091666 2.0258448123931885 10
1727308091703 2.046180486679077 11
1727308091740 1.9589160680770874 12
1727308091777 1.9777711629867554 13
1727308091818 2.132030963897705 14
1727308091872 2.1430068016052246 15
1727308091919 2.1050357818603516 16
1727308091962 2.0615830421447754 17
1727308092006 1.920485258102417 18
1727308092046 2.0856480598449707 19
1727308092087 2.1573901176452637 20
1727308092127 1.9995355606079102 21
1727308092167 1.9321177005767822 22
1727308092207 2.1900126934051514 23
1727308092246 2.164684534072876 24
1727308092285 2.073997974395752 25
1727308092324 2.0836021900177 26
1727308092364 2.054382562637329 27
1727308092407 2.0262012481689453 28
1727308092458 1.9977542161941528 29
1727308092504 2.2205073833465576 30
1727308092544 2.138110637664795 31
1727308092586 1.9355089664459229 32
1727308092623 1.9706976413726807 33
1727308092660 2.0410330295562744 34
1727308092701 2.0756916999816895 35
1727308092739 1.335769772529602 36
1727308092777 1.8420839309692383 37
1727308092815 2.0789191722869873 38
1727308092851 2.161855697631836 39
1727308092890 2.0542945861816406 40
1727308092928 2.063990592956543 41
1727308092967 2.0861568450927734 42
1727308093004 2.1233606338500977 43
1727308093041 2.2346205711364746 44
1727308093079 2.2116317749023438 45
1727308093118 2.120140552520752 46
1727308093155 2.0775723457336426 47
1727308093194 2.1492483615875244 48
1727308093231 2.1987836360931396 49
1727308093269 1.8533623218536377 50
1727308093311 2.120574712753296 51
1727308093348 2.0671401023864746 52
1727308093384 2.110724449157715 53
1727308093422 2.1058287620544434 54
1727308093460 2.1215009689331055 55
1727308093505 1.880119800567627 56
1727308093543 2.2254157066345215 57
1727308093584 2.0740127563476562 58
1727308093625 1.9952057600021362 59
1727308093665 2.1822311878204346 60
1727308093703 2.088433027267456 61
1727308093740 2.126763343811035 62
1727308093777 2.160050630569458 63
1727308093818 2.0104165077209473 64
1727308093859 2.0349693298339844 65
1727308093897 2.2348597049713135 66
1727308093937 2.2046890258789062 67
1727308093973 2.1219611167907715 68
1727308094010 2.0996639728546143 69
1727308094048 2.084353446960449 70
1727308094085 2.051262855529785 71
1727308094123 2.055638551712036 72
1727308094161 2.1753458976745605 73
1727308094200 2.0404131412506104 74
1727308094239 1.4642657041549683 75
1727308094278 2.0993056297302246 76
1727308094317 1.930525302886963 77
1727308094358 1.8545094728469849 78
1727308094399 2.1029505729675293 79
1727308094441 2.227928400039673 80
1727308094481 2.1872167587280273 81
1727308094519 1.9611749649047852 82
1727308094556 2.157203197479248 83
1727308094593 1.6131203174591064 84
1727308094634 2.2164673805236816 85
1727308094670 2.0992486476898193 86
1727308094705 1.9872045516967773 87
1727308094745 2.209571361541748 88
1727308094783 2.133305072784424 89
1727308094823 2.1741628646850586 90
1727308094864 2.039280891418457 91
1727308094904 2.1595005989074707 92
1727308094946 2.0479512214660645 93
1727308094988 2.0068411827087402 94
1727308095025 1.2344979047775269 95
1727308095063 2.118654727935791 96
1727308095100 2.095930576324463 97
1727308095135 2.06479549407959 98
1727308095173 2.058138847351074 99
1727308095210 2.0651345252990723 100
1727308095251 1.9822379350662231 101
1727308095291 1.9914088249206543 102
1727308095331 2.0877654552459717 103
1727308095370 2.2121617794036865 104
1727308095410 2.0305991172790527 105
1727308095453 2.0405900478363037 106
1727308095490 2.2024927139282227 107
1727308095527 2.0391314029693604 108
1727308095563 2.2247636318206787 109
1727308095599 2.154966354370117 110
1727308095635 2.0746407508850098 111
1727308095672 2.1847760677337646 112
1727308095709 2.1222143173217773 113
1727308095746 1.9321929216384888 114
1727308095783 1.9888404607772827 115
1727308095819 2.184225559234619 116
1727308095855 2.230604648590088 117
1727308095892 2.122521162033081 118
1727308095930 2.0999395847320557 119
1727308095967 2.1406965255737305 120
1727308096003 2.099879503250122 121
1727308096040 2.033107042312622 122
1727308096094 2.261730909347534 123
1727308096137 2.054324150085449 124
1727308096177 2.1704964637756348 125
1727308096215 1.9846820831298828 126
1727308096253 2.130336284637451 127
1727308096291 2.104193925857544 128
1727308096329 2.1734704971313477 129
1727308096366 2.166959762573242 130
1727308096402 2.2011754512786865 131
1727308096438 2.0433762073516846 132
1727308096476 1.6228902339935303 133
1727308096514 2.1747262477874756 134
1727308096551 2.1444711685180664 135
1727308096588 2.049403190612793 136
1727308096626 2.0432755947113037 137
1727308096666 2.031616687774658 138
1727308096708 2.108208417892456 139
1727308096749 2.0801968574523926 140
1727308096796 2.134134531021118 141
1727308096846 2.203097105026245 142
1727308096893 2.089813232421875 143
1727308096938 2.063965320587158 144
1727308096987 1.9938874244689941 145
1727308097035 1.998429775238037 146
1727308097082 2.0977444648742676 147
1727308097131 1.9394984245300293 148
1727308097180 2.2239227294921875 149
1727308097229 2.016192674636841 150
1727308097284 2.0074000358581543 151
1727308097335 1.8025134801864624 152
1727308097386 2.0998260974884033 153
1727308097438 2.0274837017059326 154
1727308097489 1.976897120475769 155
1727308097540 2.1813573837280273 156
1727308097591 2.091503620147705 157
1727308097639 2.047114610671997 158
1727308097688 2.0888123512268066 159
1727308097735 2.2266900539398193 160
1727308097784 1.9415855407714844 161
1727308097841 1.335769772529602 162
1727308097890 2.1750171184539795 163
1727308097938 2.0215578079223633 164
1727308097991 1.335769772529602 165
1727308098035 2.094104290008545 166
1727308098082 2.1195566654205322 167
1727308098130 2.088433027267456 168
1727308098173 2.146904468536377 169
1727308098215 2.1233606338500977 170
1727308098258 1.9366974830627441 171
1727308098298 2.1884796619415283 172
1727308098338 2.087592601776123 173
1727308098379 2.089740753173828 174
1727308098420 2.0963094234466553 175
1727308098489 1.685702919960022 176
1727308098541 2.0859241485595703 177
1727308098579 2.089045286178589 178
1727308098621 2.138084650039673 179
1727308098658 2.078543186187744 180
1727308098694 2.0784335136413574 181
1727308098733 2.0794172286987305 182
1727308098774 1.9537990093231201 183
1727308098813 2.062429428100586 184
1727308098852 2.082393169403076 185
1727308098890 1.5788588523864746 186
1727308098929 2.1454312801361084 187
1727308098966 1.9374891519546509 188
1727308099004 1.8332428932189941 189
1727308099042 2.1387429237365723 190
1727308099081 1.7945657968521118 191
1727308099119 1.335769772529602 192
1727308099156 2.166121482849121 193
1727308099194 2.088064670562744 194
1727308099230 2.0708346366882324 195
1727308099267 1.987955093383789 196
1727308099304 2.2357242107391357 197
1727308099342 1.9767069816589355 198
1727308099379 1.9833829402923584 199
1727308099415 2.167085647583008 200
1727308099451 2.0628812313079834 201
1727308099487 2.0981860160827637 202
1727308099525 2.095930576324463 203
1727308099562 2.229170322418213 204
1727308099598 2.156826972961426 205
1727308099635 2.0188372135162354 206
1727308099671 1.3381808996200562 207
1727308099708 1.335769772529602 208
1727308099745 1.3381808996200562 209
1727308099781 1.335769772529602 210
1727308099818 2.130786418914795 211
1727308099854 2.0451927185058594 212
1727308099894 2.1920180320739746 213
1727308099933 2.0269265174865723 214
1727308099970 1.521618366241455 215
1727308100007 2.065244197845459 216
1727308100043 1.835769772529602 217
1727308100081 2.107775926589966 218
1727308100126 2.0469510555267334 219
1727308100167 2.1058735847473145 220
1727308100207 2.037428855895996 221
1727308100245 2.03590726852417 222
1727308100281 2.005537509918213 223
1727308100320 2.0587756633758545 224
1727308100358 1.335769772529602 225
1727308100396 2.08974552154541 226
1727308100433 2.034583330154419 227
1727308100471 1.521618366241455 228
1727308100508 2.1265697479248047 229
1727308100547 2.117607593536377 230
1727308100584 2.0975353717803955 231
1727308100620 2.236394166946411 232
1727308100657 2.1971657276153564 233
1727308100693 2.158189296722412 234
1727308100734 2.0862269401550293 235
1727308100771 2.1867289543151855 236
1727308100808 2.1944377422332764 237
1727308100845 2.005786657333374 238
1727308100883 2.1450061798095703 239
1727308100920 2.132467746734619 240
1727308100956 2.1900126934051514 241
1727308100993 1.8707081079483032 242
1727308101030 1.335769772529602 243
1727308101067 2.0774593353271484 244
1727308101104 2.0248024463653564 245
1727308101142 2.0652849674224854 246
1727308101180 2.0600883960723877 247
1727308101216 2.180098056793213 248
1727308101252 1.911400556564331 249
1727308101288 1.9891798496246338 250
1727308101325 2.0407519340515137 251
1727308101362 1.335769772529602 252
1727308101400 2.053346633911133 253
1727308101436 2.048943519592285 254
1727308101471 2.105969190597534 255
1727308101508 2.095047950744629 256
1727308101543 2.2296488285064697 257
1727308101580 2.028676986694336 258
1727308101616 1.335769772529602 259
1727308101653 2.0509984493255615 260
1727308101690 1.8582817316055298 261
1727308101728 1.335769772529602 262
1727308101766 2.104685068130493 263
1727308101803 1.335769772529602 264
1727308101839 2.050814628601074 265
1727308101875 1.335769772529602 266
1727308101912 2.1552858352661133 267
1727308101950 2.2032055854797363 268
1727308101987 2.232553243637085 269
1727308102023 2.044072151184082 270
1727308102059 2.1960670948028564 271
1727308102095 1.910946249961853 272
1727308102132 2.1221961975097656 273
1727308102170 1.9924490451812744 274
1727308102207 2.16336727142334 275
1727308102243 2.08699631690979 276
1727308102278 2.025053024291992 277
1727308102316 2.0989160537719727 278
1727308102354 2.1049296855926514 279
1727308102392 2.167846441268921 280
1727308102430 2.0427050590515137 281
1727308102467 2.116795063018799 282
1727308102506 1.9440100193023682 283
1727308102547 1.2344979047775269 284
1727308102588 1.2344979047775269 285
