1727308091280 2.014693021774292 0
1727308091324 2.014693021774292 1
1727308091363 2.014693021774292 2
1727308091402 2.014693021774292 3
1727308091438 2.014693021774292 4
1727308091476 2.014693021774292 5
1727308091513 2.014693021774292 6
1727308091553 2.014693021774292 7
1727308091590 2.014693021774292 8
1727308091627 2.014693021774292 9
1727308091662 2.014693021774292 10
1727308091699 2.014693021774292 11
1727308091736 2.014693021774292 12
1727308091772 2.014693021774292 13
1727308091813 2.014693021774292 14
1727308091866 2.014693021774292 15
1727308091915 2.014693021774292 16
1727308091957 2.014693021774292 17
1727308092002 2.014693021774292 18
1727308092042 2.014693021774292 19
1727308092082 2.014693021774292 20
1727308092123 2.014693021774292 21
1727308092163 2.014693021774292 22
1727308092202 2.014693021774292 23
1727308092242 2.014693021774292 24
1727308092281 2.014693021774292 25
1727308092320 2.014693021774292 26
1727308092359 2.014693021774292 27
1727308092402 2.014693021774292 28
1727308092452 2.014693021774292 29
1727308092500 2.014693021774292 30
1727308092539 2.014693021774292 31
1727308092582 2.014693021774292 32
1727308092620 2.014693021774292 33
1727308092657 2.014693021774292 34
1727308092697 2.014693021774292 35
1727308092735 2.014693021774292 36
1727308092773 2.014693021774292 37
1727308092811 2.014693021774292 38
1727308092847 2.014693021774292 39
1727308092885 2.014693021774292 40
1727308092924 2.014693021774292 41
1727308092963 2.014693021774292 42
1727308093000 2.014693021774292 43
1727308093037 2.014693021774292 44
1727308093075 2.014693021774292 45
1727308093114 2.014693021774292 46
1727308093151 2.014693021774292 47
1727308093190 2.014693021774292 48
1727308093227 2.014693021774292 49
1727308093265 2.014693021774292 50
1727308093306 2.014693021774292 51
1727308093344 2.014693021774292 52
1727308093381 2.014693021774292 53
1727308093418 2.014693021774292 54
1727308093456 2.014693021774292 55
1727308093501 2.014693021774292 56
1727308093539 2.014693021774292 57
1727308093579 2.014693021774292 58
1727308093621 2.014693021774292 59
1727308093660 2.014693021774292 60
1727308093699 2.014693021774292 61
1727308093736 2.014693021774292 62
1727308093773 2.014693021774292 63
1727308093814 2.014693021774292 64
1727308093855 2.014693021774292 65
1727308093893 2.014693021774292 66
1727308093932 2.014693021774292 67
1727308093969 2.014693021774292 68
1727308094006 2.014693021774292 69
1727308094043 2.014693021774292 70
1727308094081 2.014693021774292 71
1727308094119 2.014693021774292 72
1727308094157 2.014693021774292 73
1727308094195 2.014693021774292 74
1727308094235 2.014693021774292 75
1727308094274 2.014693021774292 76
1727308094312 2.014693021774292 77
1727308094354 2.014693021774292 78
1727308094394 2.014693021774292 79
1727308094436 2.014693021774292 80
1727308094476 2.014693021774292 81
1727308094515 2.014693021774292 82
1727308094552 2.014693021774292 83
1727308094588 2.014693021774292 84
1727308094630 2.014693021774292 85
1727308094666 2.014693021774292 86
1727308094702 2.014693021774292 87
1727308094740 2.014693021774292 88
1727308094779 2.014693021774292 89
1727308094819 2.014693021774292 90
1727308094859 2.014693021774292 91
1727308094900 2.014693021774292 92
1727308094941 2.014693021774292 93
1727308094983 2.014693021774292 94
1727308095022 2.014693021774292 95
1727308095059 2.014693021774292 96
1727308095096 2.014693021774292 97
1727308095132 2.014693021774292 98
1727308095168 2.014693021774292 99
1727308095206 2.014693021774292 100
1727308095246 2.014693021774292 101
1727308095287 2.014693021774292 102
1727308095326 2.014693021774292 103
1727308095366 2.014693021774292 104
1727308095406 2.014693021774292 105
1727308095448 2.014693021774292 106
1727308095486 2.014693021774292 107
1727308095523 2.014693021774292 108
1727308095559 2.014693021774292 109
1727308095595 2.014693021774292 110
1727308095631 2.014693021774292 111
1727308095668 2.014693021774292 112
1727308095704 2.014693021774292 113
1727308095743 2.014693021774292 114
1727308095779 2.014693021774292 115
1727308095816 2.014693021774292 116
1727308095852 2.014693021774292 117
1727308095888 2.014693021774292 118
1727308095926 2.014693021774292 119
1727308095963 2.014693021774292 120
1727308095999 2.014693021774292 121
1727308096036 2.014693021774292 122
1727308096088 2.014693021774292 123
1727308096133 2.014693021774292 124
1727308096173 2.014693021774292 125
1727308096211 2.014693021774292 126
1727308096249 2.014693021774292 127
1727308096287 2.014693021774292 128
1727308096325 2.014693021774292 129
1727308096362 2.014693021774292 130
1727308096399 2.014693021774292 131
1727308096434 2.014693021774292 132
1727308096472 2.014693021774292 133
1727308096510 2.014693021774292 134
1727308096548 2.014693021774292 135
1727308096584 2.014693021774292 136
1727308096622 2.014693021774292 137
1727308096662 2.014693021774292 138
1727308096704 2.014693021774292 139
1727308096745 2.014693021774292 140
1727308096791 2.014693021774292 141
1727308096842 2.014693021774292 142
1727308096888 2.014693021774292 143
1727308096933 2.014693021774292 144
1727308096981 2.014693021774292 145
1727308097030 2.014693021774292 146
1727308097076 2.014693021774292 147
1727308097126 2.014693021774292 148
1727308097176 2.014693021774292 149
1727308097223 2.014693021774292 150
1727308097276 2.014693021774292 151
1727308097329 2.014693021774292 152
1727308097380 2.014693021774292 153
1727308097432 2.014693021774292 154
1727308097484 2.014693021774292 155
1727308097534 2.014693021774292 156
1727308097585 2.014693021774292 157
1727308097633 2.014693021774292 158
1727308097683 2.014693021774292 159
1727308097730 2.014693021774292 160
1727308097779 2.014693021774292 161
1727308097836 2.014693021774292 162
1727308097884 2.014693021774292 163
1727308097933 2.014693021774292 164
1727308097986 2.014693021774292 165
1727308098030 2.014693021774292 166
1727308098077 2.014693021774292 167
1727308098125 2.014693021774292 168
1727308098169 2.014693021774292 169
1727308098210 2.014693021774292 170
1727308098254 2.014693021774292 171
1727308098294 2.014693021774292 172
1727308098334 2.014693021774292 173
1727308098375 2.014693021774292 174
1727308098415 2.014693021774292 175
1727308098480 2.014693021774292 176
1727308098537 2.014693021774292 177
1727308098574 2.014693021774292 178
1727308098617 2.014693021774292 179
1727308098654 2.014693021774292 180
1727308098691 2.014693021774292 181
1727308098729 2.014693021774292 182
1727308098769 2.014693021774292 183
1727308098809 2.014693021774292 184
1727308098848 2.014693021774292 185
1727308098886 2.014693021774292 186
1727308098925 2.014693021774292 187
1727308098962 2.014693021774292 188
1727308099000 2.014693021774292 189
1727308099038 2.014693021774292 190
1727308099077 2.014693021774292 191
1727308099115 2.014693021774292 192
1727308099152 2.014693021774292 193
1727308099190 2.014693021774292 194
1727308099226 2.014693021774292 195
1727308099263 2.014693021774292 196
1727308099300 2.014693021774292 197
1727308099338 2.014693021774292 198
1727308099375 2.014693021774292 199
1727308099411 2.014693021774292 200
1727308099447 2.014693021774292 201
1727308099484 2.014693021774292 202
1727308099521 2.014693021774292 203
1727308099558 2.014693021774292 204
1727308099595 2.014693021774292 205
1727308099631 2.014693021774292 206
1727308099667 2.014693021774292 207
1727308099704 2.014693021774292 208
1727308099741 2.014693021774292 209
1727308099777 2.014693021774292 210
1727308099815 2.014693021774292 211
1727308099850 2.014693021774292 212
1727308099888 2.014693021774292 213
1727308099930 2.014693021774292 214
1727308099967 2.014693021774292 215
1727308100003 2.014693021774292 216
1727308100039 2.014693021774292 217
1727308100076 2.014693021774292 218
1727308100122 2.014693021774292 219
1727308100163 2.014693021774292 220
1727308100203 2.014693021774292 221
1727308100241 2.014693021774292 222
1727308100277 2.014693021774292 223
1727308100316 2.014693021774292 224
1727308100354 2.014693021774292 225
1727308100392 2.014693021774292 226
1727308100429 2.014693021774292 227
1727308100467 2.014693021774292 228
1727308100503 2.014693021774292 229
1727308100542 2.014693021774292 230
1727308100580 2.014693021774292 231
1727308100616 2.014693021774292 232
1727308100653 2.014693021774292 233
1727308100690 2.014693021774292 234
1727308100730 2.014693021774292 235
1727308100767 2.014693021774292 236
1727308100804 2.014693021774292 237
1727308100841 2.014693021774292 238
1727308100880 2.014693021774292 239
1727308100916 2.014693021774292 240
1727308100953 2.014693021774292 241
1727308100989 2.014693021774292 242
1727308101026 2.014693021774292 243
1727308101064 2.014693021774292 244
1727308101100 2.014693021774292 245
1727308101138 2.014693021774292 246
1727308101175 2.014693021774292 247
1727308101212 2.014693021774292 248
1727308101248 2.014693021774292 249
1727308101285 2.014693021774292 250
1727308101321 2.014693021774292 251
1727308101358 2.014693021774292 252
1727308101396 2.014693021774292 253
1727308101432 2.014693021774292 254
1727308101468 2.014693021774292 255
1727308101504 2.014693021774292 256
1727308101539 2.014693021774292 257
1727308101576 2.014693021774292 258
1727308101612 2.014693021774292 259
1727308101649 2.014693021774292 260
1727308101686 2.014693021774292 261
1727308101724 2.014693021774292 262
1727308101762 2.014693021774292 263
1727308101799 2.014693021774292 264
1727308101835 2.014693021774292 265
1727308101871 2.014693021774292 266
1727308101908 2.014693021774292 267
1727308101945 2.014693021774292 268
1727308101983 2.014693021774292 269
1727308102020 2.014693021774292 270
1727308102055 2.014693021774292 271
1727308102091 2.014693021774292 272
1727308102128 2.014693021774292 273
1727308102165 2.014693021774292 274
1727308102203 2.014693021774292 275
1727308102239 2.014693021774292 276
1727308102274 2.014693021774292 277
1727308102312 2.014693021774292 278
1727308102350 2.014693021774292 279
1727308102388 2.014693021774292 280
1727308102426 2.014693021774292 281
1727308102463 2.014693021774292 282
1727308102501 2.014693021774292 283
1727308102543 2.014693021774292 284
1727308102584 2.014693021774292 285
