1727302825371 0.0 0
1727302825409 0.0 1
1727302825449 0.0 2
1727302825489 0.0 3
1727302825527 0.0 4
1727302825567 0.0 5
1727302825606 0.0 6
1727302825646 0.0 7
1727302825685 0.0 8
1727302825723 0.0 9
1727302825762 0.0 10
1727302825800 0.0 11
1727302825840 0.0 12
1727302825880 0.0 13
1727302825921 0.0 14
1727302825960 0.0 15
1727302825998 0.0 16
1727302826036 0.0 17
1727302826074 4.605170249938965 18
1727302826112 0.0 19
1727302826151 0.0 20
1727302826189 0.0 21
1727302826227 0.0 22
1727302826266 0.0 23
1727302826304 0.0 24
1727302826342 0.0 25
1727302826380 0.0 26
1727302826418 0.0 27
1727302826457 0.0 28
1727302826495 0.0 29
1727302826537 0.0 30
1727302826578 0.0 31
1727302826617 0.0 32
1727302826656 0.0 33
1727302826697 0.0 34
1727302826735 0.0 35
1727302826775 0.0 36
1727302826814 0.0 37
1727302826854 0.0 38
1727302826894 0.0 39
1727302826934 0.0 40
1727302826974 0.0 41
1727302827014 0.0 42
1727302827053 0.0 43
1727302827093 0.0 44
1727302827134 4.605170249938965 45
1727302827175 0.0 46
1727302827217 4.605170249938965 47
1727302827256 0.0 48
1727302827295 0.0 49
1727302827334 0.0 50
1727302827374 0.0 51
1727302827414 0.0 52
1727302827453 0.0 53
1727302827491 0.0 54
1727302827530 0.0 55
1727302827570 0.0 56
1727302827611 0.0 57
1727302827653 0.0 58
1727302827693 0.0 59
1727302827734 0.0 60
1727302827774 0.0 61
1727302827814 0.0 62
1727302827854 0.0 63
1727302827891 0.0 64
1727302827928 0.0 65
1727302827968 0.0 66
1727302828007 0.0 67
1727302828045 0.0 68
1727302828090 0.0 69
1727302828129 0.0 70
1727302828169 0.0 71
1727302828208 0.0 72
1727302828248 0.0 73
1727302828288 0.0 74
1727302828328 0.0 75
1727302828374 0.0 76
1727302828414 0.0 77
1727302828453 0.0 78
1727302828491 0.0 79
1727302828529 0.0 80
1727302828567 0.0 81
1727302828609 0.0 82
1727302828650 0.0 83
1727302828688 0.0 84
1727302828725 0.0 85
1727302828764 0.0 86
1727302828802 0.0 87
1727302828845 0.0 88
1727302828883 0.0 89
1727302828921 0.0 90
1727302828959 0.0 91
1727302828997 4.605170249938965 92
1727302829035 0.0 93
1727302829073 0.0 94
1727302829111 0.0 95
1727302829148 0.0 96
1727302829185 0.0 97
1727302829220 0.0 98
1727302829258 0.0 99
1727302829295 0.0 100
1727302829333 0.0 101
1727302829376 0.0 102
1727302829414 0.0 103
1727302829452 0.0 104
1727302829489 0.0 105
1727302829527 0.0 106
1727302829564 0.0 107
1727302829603 0.0 108
1727302829644 0.0 109
1727302829682 0.0 110
1727302829720 0.0 111
1727302829757 0.0 112
1727302829794 0.0 113
1727302829831 0.0 114
1727302829867 0.0 115
1727302829902 0.0 116
1727302829939 0.0 117
1727302829975 0.0 118
1727302830012 0.0 119
1727302830049 0.0 120
1727302830084 0.0 121
1727302830121 0.0 122
1727302830160 0.0 123
1727302830201 0.0 124
1727302830239 0.0 125
1727302830276 0.0 126
1727302830314 0.0 127
1727302830353 0.0 128
1727302830393 0.0 129
1727302830430 0.0 130
1727302830466 0.0 131
1727302830503 0.0 132
1727302830539 0.0 133
1727302830576 0.0 134
1727302830614 0.0 135
1727302830654 0.0 136
1727302830693 0.0 137
1727302830731 0.0 138
1727302830767 0.0 139
1727302830805 0.0 140
1727302830840 0.0 141
1727302830878 0.0 142
1727302830915 0.0 143
1727302830951 0.0 144
1727302830987 0.0 145
1727302831023 0.0 146
1727302831059 0.0 147
1727302831097 0.0 148
1727302831135 0.0 149
1727302831176 0.0 150
1727302831214 0.0 151
1727302831251 0.0 152
1727302831288 0.0 153
1727302831327 0.0 154
1727302831365 0.0 155
1727302831402 0.0 156
1727302831439 0.0 157
1727302831475 0.0 158
1727302831512 0.0 159
1727302831548 0.0 160
1727302831586 0.0 161
1727302831622 0.0 162
1727302831666 0.0 163
1727302831706 0.0 164
1727302831747 0.0 165
1727302831789 0.0 166
1727302831831 0.0 167
1727302831875 0.0 168
1727302831917 0.0 169
1727302831960 0.0 170
1727302832003 0.0 171
1727302832046 0.0 172
1727302832091 0.0 173
1727302832134 0.0 174
1727302832179 0.0 175
1727302832226 0.0 176
