1726501977256 2e-05 0
1726501977312 -0.018512550741434097 1
1726501977359 -0.019554924219846725 2
1726501977406 -0.024787288159132004 3
1726501977454 -0.029552973806858063 4
1726501977505 0.023130908608436584 5
1726501977556 0.001125335693359375 6
1726501977605 -0.03876469284296036 7
1726501977654 -0.0537397563457489 8
1726501977704 0.02017669379711151 9
1726501977758 0.08194378763437271 10
1726501977814 0.004100613296031952 11
1726501977861 -0.03197459876537323 12
1726501977915 -0.045011863112449646 13
1726501977973 -0.05465365946292877 14
1726501978026 0.08615735173225403 15
1726501978098 0.05677234008908272 16
1726501978155 -0.027090590447187424 17
1726501978202 -0.03726278990507126 18
1726501978248 -0.047259047627449036 19
1726501978295 0.008395224809646606 20
1726501978342 0.06393701583147049 21
1726501978390 0.021938636898994446 22
1726501978438 -0.033120304346084595 23
1726501978486 -0.03982529789209366 24
1726501978533 0.015161529183387756 25
1726501978580 -0.011878490447998047 26
1726501978628 0.02427639067173004 27
1726501978676 0.021637141704559326 28
1726501978726 -0.03497694432735443 29
1726501978774 0.021495386958122253 30
1726501978822 -0.006919592618942261 31
1726501978870 -0.046785250306129456 32
1726501978919 0.06023450940847397 33
1726501978972 -0.03616081923246384 34
1726501979024 0.019136041402816772 35
1726501979075 -0.012402474880218506 36
1726501979129 -0.03140619397163391 37
1726501979184 0.060264118015766144 38
1726501979241 -0.036019302904605865 39
1726501979302 0.01937878131866455 40
1726501979360 -0.0123634934425354 41
1726501979414 -0.0314050018787384 42
1726501979466 0.06028369069099426 43
1726501979519 -0.03597915172576904 44
1726501979569 0.019426316022872925 45
1726501979620 -0.012355268001556396 46
1726501979670 -0.031405165791511536 47
1726501979719 0.06028786301612854 48
1726501979772 -0.035971060395240784 49
1726501979823 0.019436076283454895 50
1726501979873 -0.012353584170341492 51
1726501979921 -0.0314052551984787 52
1726501979970 0.06028864532709122 53
1726501980022 -0.03596939891576767 54
1726501980076 0.019438058137893677 55
1726501980129 -0.012353181838989258 56
1726501980179 -0.03140541911125183 57
1726501980235 0.06028895080089569 58
1726501980283 -0.035969123244285583 59
1726501980331 0.01943853497505188 60
1726501980377 -0.012353241443634033 61
1726501980428 -0.031405359506607056 62
1726501980475 0.06028889864683151 63
1726501980523 -0.03596901148557663 64
1726501980571 0.019438564777374268 65
1726501980619 -0.01235315203666687 66
1726501980666 -0.03140534460544586 67
1726501980713 0.0602889358997345 68
1726501980762 -0.03596898913383484 69
1726501980810 0.01943857967853546 70
1726501980860 -0.012353211641311646 71
1726501980907 -0.031405285000801086 72
1726501980955 0.06028889864683151 73
1726501981005 -0.03596898168325424 74
1726501981053 0.01943857967853546 75
1726501981101 -0.012353211641311646 76
1726501981149 -0.031405285000801086 77
1726501981197 0.06028889864683151 78
1726501981246 -0.03596898168325424 79
1726501981294 0.01943857967853546 80
1726501981343 -0.012353211641311646 81
1726501981391 -0.031405285000801086 82
1726501981439 0.06028889864683151 83
1726501981487 -0.03596898168325424 84
1726501981536 0.01943857967853546 85
1726501981584 -0.012353211641311646 86
1726501981635 -0.031405285000801086 87
1726501981683 0.06028889864683151 88
1726501981731 -0.03596898168325424 89
1726501981781 0.01943857967853546 90
1726501981829 -0.012353211641311646 91
1726501981878 -0.031405285000801086 92
1726501981927 0.06028889864683151 93
1726501981976 -0.03596898168325424 94
1726501982026 0.01943857967853546 95
1726501982074 -0.012353211641311646 96
1726501982123 -0.031405285000801086 97
1726501982170 0.06028889864683151 98
1726501982218 -0.03596898168325424 99
1726501982267 0.01943857967853546 100
1726501982315 -0.012353211641311646 101
1726501982364 -0.031405285000801086 102
1726501982412 0.06028889864683151 103
1726501982459 -0.03596898168325424 104
1726501982510 0.01943857967853546 105
1726501982581 -0.012353211641311646 106
1726501982635 -0.031405285000801086 107
1726501982687 0.06028889864683151 108
1726501982738 -0.03596898168325424 109
1726501982786 0.01943857967853546 110
1726501982833 -0.012353211641311646 111
1726501982879 -0.031405285000801086 112
1726501982926 0.06028889864683151 113
1726501982974 -0.03596898168325424 114
1726501983026 0.01943857967853546 115
1726501983074 -0.012353211641311646 116
1726501983130 -0.031405285000801086 117
1726501983199 0.06028889864683151 118
1726501983262 -0.03596898168325424 119
1726501983325 0.01943857967853546 120
1726501983387 -0.012353211641311646 121
1726501983449 -0.031405285000801086 122
1726501983514 0.06028889864683151 123
1726501983581 -0.03596898168325424 124
1726501983643 0.01943857967853546 125
1726501983705 -0.012353211641311646 126
1726501983768 -0.031405285000801086 127
1726501983833 0.06028889864683151 128
1726501983898 -0.03596898168325424 129
1726501983961 0.01943857967853546 130
1726501984030 -0.012353211641311646 131
1726501984095 -0.031405285000801086 132
1726501984162 0.06028889864683151 133
1726501984226 -0.03596898168325424 134
1726501984291 0.01943857967853546 135
1726501984356 -0.012353211641311646 136
1726501984412 -0.031405285000801086 137
1726501984467 0.06028889864683151 138
1726501984522 -0.03596898168325424 139
1726501984575 0.01943857967853546 140
1726501984627 -0.012353211641311646 141
1726501984678 -0.031405285000801086 142
1726501984728 0.06028889864683151 143
1726501984778 -0.03596898168325424 144
1726501984831 0.01943857967853546 145
1726501984886 -0.012353211641311646 146
1726501984944 -0.031405285000801086 147
1726501984995 0.06028889864683151 148
1726501985046 -0.03596898168325424 149
1726501985096 0.01943857967853546 150
1726501985145 -0.012353211641311646 151
1726501985194 -0.031405285000801086 152
1726501985242 0.06028889864683151 153
1726501985292 -0.03596898168325424 154
1726501985341 0.01943857967853546 155
1726501985388 -0.012353211641311646 156
1726501985436 -0.031405285000801086 157
1726501985483 0.06028889864683151 158
1726501985532 -0.03596898168325424 159
1726501985580 0.01943857967853546 160
1726501985627 -0.012353211641311646 161
1726501985675 -0.031405285000801086 162
1726501985722 0.06028889864683151 163
1726501985770 -0.03596898168325424 164
1726501985818 0.01943857967853546 165
1726501985865 -0.012353211641311646 166
1726501985913 -0.031405285000801086 167
1726501985961 0.06028889864683151 168
1726501986009 -0.03596898168325424 169
1726501986056 0.01943857967853546 170
1726501986104 -0.012353211641311646 171
1726501986150 -0.031405285000801086 172
1726501986198 0.06028889864683151 173
1726501986246 -0.03596898168325424 174
1726501986294 0.01943857967853546 175
1726501986342 -0.012353211641311646 176
1726501986390 -0.031405285000801086 177
1726501986438 0.06028889864683151 178
1726501986486 -0.03596898168325424 179
1726501986534 0.01943857967853546 180
1726501986582 -0.012353211641311646 181
1726501986630 -0.031405285000801086 182
1726501986678 0.06028889864683151 183
1726501986725 -0.03596898168325424 184
1726501986773 0.01943857967853546 185
1726501986821 -0.012353211641311646 186
1726501986869 -0.031405285000801086 187
1726501986915 0.06028889864683151 188
1726501986962 -0.03596898168325424 189
1726501987010 0.01943857967853546 190
1726501987058 -0.012353211641311646 191
1726501987106 -0.031405285000801086 192
1726501987153 0.06028889864683151 193
1726501987201 -0.03596898168325424 194
1726501987250 0.01943857967853546 195
1726501987299 -0.012353211641311646 196
1726501987347 -0.031405285000801086 197
1726501987395 0.06028889864683151 198
1726501987443 -0.03596898168325424 199
1726501987491 0.01943857967853546 200
1726501987539 -0.012353211641311646 201
1726501987587 -0.031405285000801086 202
1726501987635 0.06028889864683151 203
1726501987682 -0.03596898168325424 204
1726501987730 0.01943857967853546 205
1726501987778 -0.012353211641311646 206
1726501987825 -0.031405285000801086 207
1726501987873 0.06028889864683151 208
1726501987920 -0.03596898168325424 209
1726501987968 0.01943857967853546 210
1726501988016 -0.012353211641311646 211
1726501988064 -0.031405285000801086 212
1726501988111 0.06028889864683151 213
1726501988165 -0.03596898168325424 214
1726501988214 0.01943857967853546 215
1726501988262 -0.012353211641311646 216
1726501988311 -0.031405285000801086 217
1726501988364 0.06028889864683151 218
1726501988416 -0.03596898168325424 219
1726501988469 0.01943857967853546 220
1726501988519 -0.012353211641311646 221
1726501988568 -0.031405285000801086 222
1726501988617 0.06028889864683151 223
1726501988666 -0.03596898168325424 224
1726501988714 0.01943857967853546 225
1726501988762 -0.012353211641311646 226
1726501988811 -0.031405285000801086 227
1726501988858 0.06028889864683151 228
1726501988907 -0.03596898168325424 229
1726501988954 0.01943857967853546 230
1726501989002 -0.012353211641311646 231
1726501989050 -0.031405285000801086 232
1726501989098 0.06028889864683151 233
1726501989145 -0.03596898168325424 234
1726501989193 0.01943857967853546 235
1726501989241 -0.012353211641311646 236
1726501989289 -0.031405285000801086 237
1726501989338 0.06028889864683151 238
1726501989403 -0.03596898168325424 239
1726501989455 0.01943857967853546 240
1726501989506 -0.012353211641311646 241
1726501989556 -0.031405285000801086 242
1726501989604 0.06028889864683151 243
1726501989654 -0.03596898168325424 244
1726501989704 0.01943857967853546 245
1726501989753 -0.012353211641311646 246
1726501989802 -0.031405285000801086 247
1726501989850 0.06028889864683151 248
1726501989898 -0.03596898168325424 249
1726501989946 0.01943857967853546 250
1726501989995 -0.012353211641311646 251
1726501990045 -0.031405285000801086 252
1726501990095 0.06028889864683151 253
1726501990144 -0.03596898168325424 254
1726501990192 0.01943857967853546 255
1726501990240 -0.012353211641311646 256
1726501990289 -0.031405285000801086 257
1726501990336 0.06028889864683151 258
1726501990384 -0.03596898168325424 259
1726501990434 0.01943857967853546 260
1726501990482 -0.012353211641311646 261
1726501990530 -0.031405285000801086 262
1726501990578 0.06028889864683151 263
1726501990626 -0.03596898168325424 264
1726501990673 0.01943857967853546 265
1726501990720 -0.012353211641311646 266
1726501990767 -0.031405285000801086 267
1726501990815 0.06028889864683151 268
1726501990863 -0.03596898168325424 269
1726501990910 0.01943857967853546 270
1726501990957 -0.012353211641311646 271
1726501991005 -0.031405285000801086 272
1726501991053 0.06028889864683151 273
1726501991101 -0.03596898168325424 274
1726501991149 0.01943857967853546 275
1726501991196 -0.012353211641311646 276
1726501991244 -0.031405285000801086 277
1726501991293 0.06028889864683151 278
1726501991341 -0.03596898168325424 279
1726501991388 0.01943857967853546 280
1726501991436 -0.012353211641311646 281
1726501991484 -0.031405285000801086 282
1726501991531 0.06028889864683151 283
1726501991579 -0.03596898168325424 284
1726501991627 0.01943857967853546 285
1726501991675 -0.012353211641311646 286
1726501991722 -0.031405285000801086 287
1726501991769 0.06028889864683151 288
1726501991818 -0.03596898168325424 289
1726501991866 0.01943857967853546 290
1726501991919 -0.012353211641311646 291
1726501991968 -0.031405285000801086 292
1726501992019 0.06028889864683151 293
1726501992072 -0.03596898168325424 294
1726501992129 0.01943857967853546 295
1726501992178 -0.012353211641311646 296
1726501992247 -0.031405285000801086 297
1726501992311 0.06028889864683151 298
1726501992392 -0.03596898168325424 299
1726501992438 0.01943857967853546 300
1726501992488 -0.012353211641311646 301
1726501992539 -0.031405285000801086 302
1726501992586 0.06028889864683151 303
1726501992659 -0.03596898168325424 304
1726501992717 0.01943857967853546 305
1726501992784 -0.012353211641311646 306
1726501992837 -0.031405285000801086 307
1726501992888 0.06028889864683151 308
1726501992933 -0.03596898168325424 309
1726501992978 0.01943857967853546 310
1726501993024 -0.012353211641311646 311
1726501993070 -0.031405285000801086 312
1726501993115 0.06028889864683151 313
1726501993160 -0.03596898168325424 314
1726501993206 0.01943857967853546 315
1726501993255 -0.012353211641311646 316
1726501993307 -0.031405285000801086 317
1726501993354 0.06028889864683151 318
1726501993402 -0.03596898168325424 319
1726501993448 0.01943857967853546 320
1726501993494 -0.012353211641311646 321
1726501993541 -0.031405285000801086 322
1726501993587 0.06028889864683151 323
1726501993634 -0.03596898168325424 324
1726501993681 0.01943857967853546 325
1726501993728 -0.012353211641311646 326
1726501993775 -0.031405285000801086 327
1726501993823 0.06028889864683151 328
1726501993871 -0.03596898168325424 329
1726501993918 0.01943857967853546 330
1726501993966 -0.012353211641311646 331
1726501994015 -0.031405285000801086 332
1726501994067 0.06028889864683151 333
1726501994121 -0.03596898168325424 334
1726501994176 0.01943857967853546 335
1726501994232 -0.012353211641311646 336
1726501994288 -0.031405285000801086 337
1726501994344 0.06028889864683151 338
1726501994397 -0.03596898168325424 339
1726501994449 0.01943857967853546 340
1726501994499 -0.012353211641311646 341
1726501994555 -0.031405285000801086 342
1726501994613 0.06028889864683151 343
1726501994675 -0.03596898168325424 344
1726501994722 0.01943857967853546 345
1726501994770 -0.012353211641311646 346
1726501994818 -0.031405285000801086 347
1726501994865 0.06028889864683151 348
1726501994914 -0.03596898168325424 349
1726501994962 0.01943857967853546 350
1726501995010 -0.012353211641311646 351
1726501995059 -0.031405285000801086 352
1726501995107 0.06028889864683151 353
1726501995154 -0.03596898168325424 354
1726501995201 0.01943857967853546 355
1726501995248 -0.012353211641311646 356
1726501995296 -0.031405285000801086 357
1726501995344 0.06028889864683151 358
1726501995392 -0.03596898168325424 359
1726501995440 0.01943857967853546 360
1726501995487 -0.012353211641311646 361
1726501995534 -0.031405285000801086 362
1726501995582 0.06028889864683151 363
1726501995630 -0.03596898168325424 364
1726501995677 0.01943857967853546 365
1726501995724 -0.012353211641311646 366
1726501995771 -0.031405285000801086 367
1726501995819 0.06028889864683151 368
1726501995867 -0.03596898168325424 369
1726501995915 0.01943857967853546 370
1726501995963 -0.012353211641311646 371
1726501996011 -0.031405285000801086 372
1726501996060 0.06028889864683151 373
1726501996107 -0.03596898168325424 374
1726501996155 0.01943857967853546 375
1726501996203 -0.012353211641311646 376
1726501996251 -0.031405285000801086 377
1726501996298 0.06028889864683151 378
1726501996346 -0.03596898168325424 379
1726501996394 0.01943857967853546 380
1726501996442 -0.012353211641311646 381
1726501996489 -0.031405285000801086 382
1726501996536 0.06028889864683151 383
1726501996585 -0.03596898168325424 384
1726501996632 0.01943857967853546 385
1726501996679 -0.012353211641311646 386
1726501996726 -0.031405285000801086 387
1726501996774 0.06028889864683151 388
1726501996822 -0.03596898168325424 389
1726501996869 0.01943857967853546 390
1726501996924 -0.012353211641311646 391
1726501996977 -0.031405285000801086 392
1726501997031 0.06028889864683151 393
1726501997083 -0.03596898168325424 394
1726501997132 0.01943857967853546 395
1726501997179 -0.012353211641311646 396
1726501997226 -0.031405285000801086 397
1726501997273 0.06028889864683151 398
1726501997321 -0.03596898168325424 399
1726501997368 0.01943857967853546 400
1726501997416 -0.012353211641311646 401
1726501997463 -0.031405285000801086 402
1726501997510 0.06028889864683151 403
1726501997558 -0.03596898168325424 404
1726501997606 0.01943857967853546 405
1726501997653 -0.012353211641311646 406
1726501997701 -0.031405285000801086 407
1726501997747 0.06028889864683151 408
1726501997795 -0.03596898168325424 409
1726501997844 0.01943857967853546 410
1726501997893 -0.012353211641311646 411
1726501997942 -0.031405285000801086 412
1726501997996 0.06028889864683151 413
1726501998049 -0.03596898168325424 414
1726501998100 0.01943857967853546 415
1726501998146 -0.012353211641311646 416
1726501998194 -0.031405285000801086 417
1726501998241 0.06028889864683151 418
1726501998287 -0.03596898168325424 419
1726501998336 0.01943857967853546 420
1726501998386 -0.012353211641311646 421
1726501998437 -0.031405285000801086 422
1726501998486 0.06028889864683151 423
1726501998536 -0.03596898168325424 424
1726501998584 0.01943857967853546 425
1726501998632 -0.012353211641311646 426
1726501998680 -0.031405285000801086 427
1726501998728 0.06028889864683151 428
1726501998776 -0.03596898168325424 429
1726501998824 0.01943857967853546 430
1726501998873 -0.012353211641311646 431
1726501998920 -0.031405285000801086 432
1726501998968 0.06028889864683151 433
1726501999015 -0.03596898168325424 434
1726501999063 0.01943857967853546 435
1726501999112 -0.012353211641311646 436
1726501999159 -0.031405285000801086 437
1726501999206 0.06028889864683151 438
1726501999254 -0.03596898168325424 439
1726501999302 0.01943857967853546 440
1726501999350 -0.012353211641311646 441
1726501999398 -0.031405285000801086 442
1726501999446 0.06028889864683151 443
1726501999494 -0.03596898168325424 444
1726501999541 0.01943857967853546 445
1726501999590 -0.012353211641311646 446
1726501999637 -0.031405285000801086 447
1726501999685 0.06028889864683151 448
1726501999733 -0.03596898168325424 449
1726501999781 0.01943857967853546 450
1726501999830 -0.012353211641311646 451
1726501999878 -0.031405285000801086 452
1726501999926 0.06028889864683151 453
1726501999974 -0.03596898168325424 454
1726502000022 0.01943857967853546 455
1726502000071 -0.012353211641311646 456
1726502000119 -0.031405285000801086 457
1726502000167 0.06028889864683151 458
1726502000214 -0.03596898168325424 459
1726502000262 0.01943857967853546 460
1726502000311 -0.012353211641311646 461
1726502000359 -0.031405285000801086 462
1726502000409 0.06028889864683151 463
1726502000456 -0.03596898168325424 464
1726502000504 0.01943857967853546 465
1726502000552 -0.012353211641311646 466
1726502000601 -0.031405285000801086 467
1726502000649 0.06028889864683151 468
1726502000696 -0.03596898168325424 469
1726502000744 0.01943857967853546 470
1726502000791 -0.012353211641311646 471
1726502000839 -0.031405285000801086 472
1726502000887 0.06028889864683151 473
1726502000935 -0.03596898168325424 474
1726502000982 0.01943857967853546 475
1726502001029 -0.012353211641311646 476
1726502001078 -0.031405285000801086 477
1726502001126 0.06028889864683151 478
1726502001173 -0.03596898168325424 479
1726502001221 0.01943857967853546 480
1726502001269 -0.012353211641311646 481
1726502001319 -0.031405285000801086 482
1726502001367 0.06028889864683151 483
1726502001415 -0.03596898168325424 484
1726502001467 0.01943857967853546 485
1726502001515 -0.012353211641311646 486
1726502001564 -0.031405285000801086 487
1726502001613 0.06028889864683151 488
1726502001661 -0.03596898168325424 489
1726502001709 0.01943857967853546 490
1726502001757 -0.012353211641311646 491
1726502001804 -0.031405285000801086 492
1726502001854 0.06028889864683151 493
1726502001903 -0.03596898168325424 494
1726502001951 0.01943857967853546 495
1726502002000 -0.012353211641311646 496
1726502002048 -0.031405285000801086 497
1726502002097 0.06028889864683151 498
1726502002145 -0.03596898168325424 499
1726502002193 0.01943857967853546 500
1726502002241 -0.012353211641311646 501
1726502002288 -0.031405285000801086 502
1726502002337 0.06028889864683151 503
1726502002385 -0.03596898168325424 504
1726502002432 0.01943857967853546 505
1726502002479 -0.012353211641311646 506
1726502002527 -0.031405285000801086 507
1726502002575 0.06028889864683151 508
1726502002623 -0.03596898168325424 509
1726502002671 0.01943857967853546 510
1726502002718 -0.012353211641311646 511
1726502002765 -0.031405285000801086 512
1726502002814 0.06028889864683151 513
1726502002861 -0.03596898168325424 514
1726502002910 0.01943857967853546 515
1726502002957 -0.012353211641311646 516
1726502003005 -0.031405285000801086 517
1726502003052 0.06028889864683151 518
1726502003100 -0.03596898168325424 519
1726502003147 0.01943857967853546 520
1726502003195 -0.012353211641311646 521
1726502003242 -0.031405285000801086 522
1726502003289 0.06028889864683151 523
1726502003338 -0.03596898168325424 524
1726502003386 0.01943857967853546 525
1726502003433 -0.012353211641311646 526
1726502003482 -0.031405285000801086 527
1726502003533 0.06028889864683151 528
1726502003583 -0.03596898168325424 529
1726502003631 0.01943857967853546 530
1726502003680 -0.012353211641311646 531
1726502003728 -0.031405285000801086 532
1726502003783 0.06028889864683151 533
1726502003837 -0.03596898168325424 534
1726502003887 0.01943857967853546 535
1726502003940 -0.012353211641311646 536
1726502003994 -0.031405285000801086 537
1726502004047 0.06028889864683151 538
1726502004100 -0.03596898168325424 539
1726502004147 0.01943857967853546 540
1726502004213 -0.012353211641311646 541
1726502004262 -0.031405285000801086 542
1726502004310 0.06028889864683151 543
1726502004372 -0.03596898168325424 544
1726502004447 0.01943857967853546 545
1726502004494 -0.012353211641311646 546
1726502004556 -0.031405285000801086 547
1726502004601 0.06028889864683151 548
1726502004646 -0.03596898168325424 549
1726502004692 0.01943857967853546 550
1726502004737 -0.012353211641311646 551
1726502004782 -0.031405285000801086 552
1726502004828 0.06028889864683151 553
1726502004875 -0.03596898168325424 554
1726502004921 0.01943857967853546 555
1726502004967 -0.012353211641311646 556
1726502005014 -0.031405285000801086 557
1726502005060 0.06028889864683151 558
1726502005108 -0.03596898168325424 559
1726502005154 0.01943857967853546 560
1726502005201 -0.012353211641311646 561
1726502005248 -0.031405285000801086 562
1726502005295 0.06028889864683151 563
1726502005342 -0.03596898168325424 564
1726502005391 0.01943857967853546 565
1726502005440 -0.012353211641311646 566
1726502005495 -0.031405285000801086 567
1726502005543 0.06028889864683151 568
1726502005591 -0.03596898168325424 569
1726502005638 0.01943857967853546 570
1726502005685 -0.012353211641311646 571
1726502005731 -0.031405285000801086 572
1726502005778 0.06028889864683151 573
1726502005825 -0.03596898168325424 574
1726502005873 0.01943857967853546 575
1726502005922 -0.012353211641311646 576
1726502005968 -0.031405285000801086 577
1726502006015 0.06028889864683151 578
1726502006062 -0.03596898168325424 579
1726502006111 0.01943857967853546 580
1726502006158 -0.012353211641311646 581
1726502006205 -0.031405285000801086 582
1726502006252 0.06028889864683151 583
1726502006298 -0.03596898168325424 584
1726502006347 0.01943857967853546 585
1726502006394 -0.012353211641311646 586
1726502006441 -0.031405285000801086 587
1726502006488 0.06028889864683151 588
1726502006535 -0.03596898168325424 589
1726502006583 0.01943857967853546 590
1726502006630 -0.012353211641311646 591
1726502006677 -0.031405285000801086 592
1726502006724 0.06028889864683151 593
1726502006771 -0.03596898168325424 594
1726502006818 0.01943857967853546 595
1726502006865 -0.012353211641311646 596
1726502006913 -0.031405285000801086 597
1726502006960 0.06028889864683151 598
1726502007007 -0.03596898168325424 599
1726502007054 0.01943857967853546 600
1726502007101 -0.012353211641311646 601
1726502007149 -0.031405285000801086 602
1726502007196 0.06028889864683151 603
1726502007243 -0.03596898168325424 604
1726502007290 0.01943857967853546 605
1726502007339 -0.012353211641311646 606
1726502007387 -0.031405285000801086 607
1726502007434 0.06028889864683151 608
1726502007481 -0.03596898168325424 609
1726502007529 0.01943857967853546 610
1726502007576 -0.012353211641311646 611
1726502007624 -0.031405285000801086 612
1726502007671 0.06028889864683151 613
1726502007718 -0.03596898168325424 614
1726502007764 0.01943857967853546 615
1726502007812 -0.012353211641311646 616
1726502007861 -0.031405285000801086 617
1726502007909 0.06028889864683151 618
1726502007957 -0.03596898168325424 619
1726502008005 0.01943857967853546 620
1726502008054 -0.012353211641311646 621
1726502008103 -0.031405285000801086 622
1726502008151 0.06028889864683151 623
1726502008200 -0.03596898168325424 624
1726502008248 0.01943857967853546 625
1726502008296 -0.012353211641311646 626
1726502008344 -0.031405285000801086 627
1726502008393 0.06028889864683151 628
1726502008443 -0.03596898168325424 629
1726502008491 0.01943857967853546 630
1726502008539 -0.012353211641311646 631
1726502008587 -0.031405285000801086 632
1726502008640 0.06028889864683151 633
1726502008697 -0.03596898168325424 634
1726502008748 0.01943857967853546 635
1726502008798 -0.012353211641311646 636
1726502008848 -0.031405285000801086 637
1726502008898 0.06028889864683151 638
1726502008946 -0.03596898168325424 639
1726502009002 0.01943857967853546 640
1726502009054 -0.012353211641311646 641
1726502009110 -0.031405285000801086 642
1726502009166 0.06028889864683151 643
1726502009223 -0.03596898168325424 644
1726502009282 0.01943857967853546 645
1726502009340 -0.012353211641311646 646
1726502009403 -0.031405285000801086 647
1726502009457 0.06028889864683151 648
1726502009516 -0.03596898168325424 649
1726502009588 0.01943857967853546 650
1726502009649 -0.012353211641311646 651
1726502009705 -0.031405285000801086 652
1726502009761 0.06028889864683151 653
1726502009809 -0.03596898168325424 654
1726502009865 0.01943857967853546 655
1726502009912 -0.012353211641311646 656
1726502009962 -0.031405285000801086 657
1726502010009 0.06028889864683151 658
1726502010067 -0.03596898168325424 659
1726502010115 0.01943857967853546 660
1726502010165 -0.012353211641311646 661
1726502010217 -0.031405285000801086 662
1726502010264 0.06028889864683151 663
1726502010320 -0.03596898168325424 664
1726502010374 0.01943857967853546 665
1726502010431 -0.012353211641311646 666
1726502010478 -0.031405285000801086 667
1726502010529 0.06028889864683151 668
1726502010577 -0.03596898168325424 669
1726502010629 0.01943857967853546 670
1726502010676 -0.012353211641311646 671
1726502010723 -0.031405285000801086 672
1726502010770 0.06028889864683151 673
1726502010816 -0.03596898168325424 674
1726502010864 0.01943857967853546 675
1726502010912 -0.012353211641311646 676
1726502010960 -0.031405285000801086 677
1726502011007 0.06028889864683151 678
1726502011055 -0.03596898168325424 679
1726502011102 0.01943857967853546 680
1726502011151 -0.012353211641311646 681
1726502011198 -0.031405285000801086 682
1726502011246 0.06028889864683151 683
1726502011294 -0.03596898168325424 684
1726502011342 0.01943857967853546 685
1726502011391 -0.012353211641311646 686
1726502011440 -0.031405285000801086 687
1726502011488 0.06028889864683151 688
1726502011536 -0.03596898168325424 689
1726502011584 0.01943857967853546 690
1726502011633 -0.012353211641311646 691
1726502011680 -0.031405285000801086 692
1726502011728 0.06028889864683151 693
1726502011776 -0.03596898168325424 694
1726502011826 0.01943857967853546 695
1726502011877 -0.012353211641311646 696
1726502011926 -0.031405285000801086 697
1726502011974 0.06028889864683151 698
1726502012024 -0.03596898168325424 699
1726502012072 0.01943857967853546 700
1726502012120 -0.012353211641311646 701
1726502012168 -0.031405285000801086 702
1726502012216 0.06028889864683151 703
1726502012263 -0.03596898168325424 704
1726502012311 0.01943857967853546 705
1726502012359 -0.012353211641311646 706
1726502012407 -0.031405285000801086 707
1726502012455 0.06028889864683151 708
1726502012514 -0.03596898168325424 709
1726502012562 0.01943857967853546 710
1726502012610 -0.012353211641311646 711
1726502012659 -0.031405285000801086 712
1726502012706 0.06028889864683151 713
1726502012753 -0.03596898168325424 714
1726502012800 0.01943857967853546 715
1726502012847 -0.012353211641311646 716
1726502012896 -0.031405285000801086 717
1726502012944 0.06028889864683151 718
1726502012991 -0.03596898168325424 719
1726502013038 0.01943857967853546 720
1726502013085 -0.012353211641311646 721
1726502013134 -0.031405285000801086 722
1726502013181 0.06028889864683151 723
1726502013228 -0.03596898168325424 724
1726502013276 0.01943857967853546 725
1726502013328 -0.012353211641311646 726
1726502013389 -0.031405285000801086 727
1726502013437 0.06028889864683151 728
1726502013485 -0.03596898168325424 729
1726502013532 0.01943857967853546 730
1726502013580 -0.012353211641311646 731
1726502013628 -0.031405285000801086 732
1726502013676 0.06028889864683151 733
1726502013725 -0.03596898168325424 734
1726502013775 0.01943857967853546 735
1726502013822 -0.012353211641311646 736
1726502013871 -0.031405285000801086 737
1726502013919 0.06028889864683151 738
1726502013967 -0.03596898168325424 739
1726502014015 0.01943857967853546 740
1726502014062 -0.012353211641311646 741
1726502014110 -0.031405285000801086 742
1726502014158 0.06028889864683151 743
1726502014206 -0.03596898168325424 744
1726502014253 0.01943857967853546 745
1726502014300 -0.012353211641311646 746
1726502014347 -0.031405285000801086 747
1726502014396 0.06028889864683151 748
1726502014449 -0.03596898168325424 749
1726502014520 0.01943857967853546 750
1726502014594 -0.012353211641311646 751
1726502014657 -0.031405285000801086 752
1726502014720 0.06028889864683151 753
1726502014783 -0.03596898168325424 754
1726502014846 0.01943857967853546 755
1726502014909 -0.012353211641311646 756
1726502014987 -0.031405285000801086 757
1726502015079 0.06028889864683151 758
1726502015162 -0.03596898168325424 759
1726502015220 0.01943857967853546 760
1726502015279 -0.012353211641311646 761
1726502015340 -0.031405285000801086 762
1726502015405 0.06028889864683151 763
1726502015469 -0.03596898168325424 764
1726502015534 0.01943857967853546 765
1726502015597 -0.012353211641311646 766
1726502015663 -0.031405285000801086 767
1726502015721 0.06028889864683151 768
1726502015777 -0.03596898168325424 769
1726502015830 0.01943857967853546 770
1726502015882 -0.012353211641311646 771
1726502015936 -0.031405285000801086 772
1726502015986 0.06028889864683151 773
1726502016037 -0.03596898168325424 774
1726502016085 0.01943857967853546 775
1726502016135 -0.012353211641311646 776
1726502016185 -0.031405285000801086 777
1726502016248 0.06028889864683151 778
1726502016303 -0.03596898168325424 779
1726502016353 0.01943857967853546 780
1726502016403 -0.012353211641311646 781
1726502016452 -0.031405285000801086 782
1726502016502 0.06028889864683151 783
1726502016551 -0.03596898168325424 784
1726502016599 0.01943857967853546 785
1726502016648 -0.012353211641311646 786
1726502016696 -0.031405285000801086 787
1726502016743 0.06028889864683151 788
1726502016791 -0.03596898168325424 789
1726502016840 0.01943857967853546 790
1726502016890 -0.012353211641311646 791
1726502016937 -0.031405285000801086 792
1726502016985 0.06028889864683151 793
1726502017033 -0.03596898168325424 794
1726502017081 0.01943857967853546 795
1726502017130 -0.012353211641311646 796
1726502017178 -0.031405285000801086 797
1726502017225 0.06028889864683151 798
1726502017273 -0.03596898168325424 799
1726502017321 0.01943857967853546 800
1726502017369 -0.012353211641311646 801
1726502017417 -0.031405285000801086 802
1726502017466 0.06028889864683151 803
1726502017514 -0.03596898168325424 804
1726502017562 0.01943857967853546 805
1726502017610 -0.012353211641311646 806
1726502017659 -0.031405285000801086 807
1726502017707 0.06028889864683151 808
1726502017755 -0.03596898168325424 809
1726502017803 0.01943857967853546 810
1726502017851 -0.012353211641311646 811
1726502017899 -0.031405285000801086 812
1726502017947 0.06028889864683151 813
1726502017995 -0.03596898168325424 814
1726502018044 0.01943857967853546 815
1726502018091 -0.012353211641311646 816
1726502018139 -0.031405285000801086 817
1726502018186 0.06028889864683151 818
1726502018234 -0.03596898168325424 819
1726502018282 0.01943857967853546 820
1726502018329 -0.012353211641311646 821
1726502018378 -0.031405285000801086 822
1726502018426 0.06028889864683151 823
1726502018476 -0.03596898168325424 824
1726502018523 0.01943857967853546 825
1726502018571 -0.012353211641311646 826
1726502018618 -0.031405285000801086 827
1726502018667 0.06028889864683151 828
1726502018715 -0.03596898168325424 829
1726502018763 0.01943857967853546 830
1726502018810 -0.012353211641311646 831
1726502018860 -0.031405285000801086 832
1726502018909 0.06028889864683151 833
1726502018958 -0.03596898168325424 834
1726502019007 0.01943857967853546 835
1726502019054 -0.012353211641311646 836
1726502019102 -0.031405285000801086 837
1726502019151 0.06028889864683151 838
1726502019199 -0.03596898168325424 839
1726502019247 0.01943857967853546 840
1726502019295 -0.012353211641311646 841
1726502019342 -0.031405285000801086 842
1726502019391 0.06028889864683151 843
1726502019439 -0.03596898168325424 844
1726502019487 0.01943857967853546 845
1726502019535 -0.012353211641311646 846
1726502019583 -0.031405285000801086 847
1726502019631 0.06028889864683151 848
1726502019679 -0.03596898168325424 849
1726502019727 0.01943857967853546 850
1726502019774 -0.012353211641311646 851
1726502019822 -0.031405285000801086 852
1726502019871 0.06028889864683151 853
1726502019923 -0.03596898168325424 854
1726502019972 0.01943857967853546 855
1726502020023 -0.012353211641311646 856
1726502020072 -0.031405285000801086 857
1726502020121 0.06028889864683151 858
1726502020169 -0.03596898168325424 859
1726502020217 0.01943857967853546 860
1726502020265 -0.012353211641311646 861
1726502020313 -0.031405285000801086 862
1726502020361 0.06028889864683151 863
1726502020414 -0.03596898168325424 864
1726502020462 0.01943857967853546 865
1726502020511 -0.012353211641311646 866
1726502020560 -0.031405285000801086 867
1726502020607 0.06028889864683151 868
1726502020657 -0.03596898168325424 869
1726502020714 0.01943857967853546 870
1726502020772 -0.012353211641311646 871
1726502020824 -0.031405285000801086 872
1726502020874 0.06028889864683151 873
1726502020925 -0.03596898168325424 874
1726502020974 0.01943857967853546 875
1726502021023 -0.012353211641311646 876
1726502021071 -0.031405285000801086 877
1726502021119 0.06028889864683151 878
1726502021167 -0.03596898168325424 879
1726502021215 0.01943857967853546 880
1726502021266 -0.012353211641311646 881
1726502021314 -0.031405285000801086 882
1726502021362 0.06028889864683151 883
1726502021412 -0.03596898168325424 884
1726502021462 0.01943857967853546 885
1726502021510 -0.012353211641311646 886
1726502021558 -0.031405285000801086 887
1726502021606 0.06028889864683151 888
1726502021655 -0.03596898168325424 889
1726502021703 0.01943857967853546 890
1726502021751 -0.012353211641311646 891
1726502021799 -0.031405285000801086 892
1726502021848 0.06028889864683151 893
1726502021898 -0.03596898168325424 894
1726502021946 0.01943857967853546 895
1726502021996 -0.012353211641311646 896
1726502022045 -0.031405285000801086 897
1726502022093 0.06028889864683151 898
1726502022141 -0.03596898168325424 899
1726502022190 0.01943857967853546 900
1726502022238 -0.012353211641311646 901
1726502022286 -0.031405285000801086 902
1726502022334 0.06028889864683151 903
1726502022382 -0.03596898168325424 904
1726502022430 0.01943857967853546 905
1726502022478 -0.012353211641311646 906
1726502022525 -0.031405285000801086 907
1726502022575 0.06028889864683151 908
1726502022623 -0.03596898168325424 909
1726502022671 0.01943857967853546 910
1726502022719 -0.012353211641311646 911
1726502022766 -0.031405285000801086 912
1726502022813 0.06028889864683151 913
1726502022861 -0.03596898168325424 914
1726502022909 0.01943857967853546 915
1726502022958 -0.012353211641311646 916
1726502023005 -0.031405285000801086 917
1726502023052 0.06028889864683151 918
1726502023099 -0.03596898168325424 919
1726502023148 0.01943857967853546 920
1726502023196 -0.012353211641311646 921
1726502023243 -0.031405285000801086 922
1726502023291 0.06028889864683151 923
1726502023339 -0.03596898168325424 924
1726502023386 0.01943857967853546 925
1726502023435 -0.012353211641311646 926
1726502023483 -0.031405285000801086 927
1726502023531 0.06028889864683151 928
1726502023579 -0.03596898168325424 929
1726502023626 0.01943857967853546 930
1726502023675 -0.012353211641311646 931
1726502023722 -0.031405285000801086 932
1726502023770 0.06028889864683151 933
1726502023817 -0.03596898168325424 934
1726502023865 0.01943857967853546 935
1726502023914 -0.012353211641311646 936
1726502023965 -0.031405285000801086 937
1726502024020 0.06028889864683151 938
1726502024099 -0.03596898168325424 939
1726502024156 0.01943857967853546 940
1726502024211 -0.012353211641311646 941
1726502024267 -0.031405285000801086 942
1726502024324 0.06028889864683151 943
1726502024379 -0.03596898168325424 944
1726502024433 0.01943857967853546 945
1726502024484 -0.012353211641311646 946
1726502024535 -0.031405285000801086 947
1726502024590 0.06028889864683151 948
1726502024662 -0.03596898168325424 949
1726502024711 0.01943857967853546 950
1726502024768 -0.012353211641311646 951
1726502024829 -0.031405285000801086 952
1726502024876 0.06028889864683151 953
1726502024931 -0.03596898168325424 954
1726502024978 0.01943857967853546 955
1726502025025 -0.012353211641311646 956
1726502025076 -0.031405285000801086 957
1726502025126 0.06028889864683151 958
1726502025190 -0.03596898168325424 959
1726502025256 0.01943857967853546 960
1726502025305 -0.012353211641311646 961
1726502025350 -0.031405285000801086 962
1726502025401 0.06028889864683151 963
1726502025447 -0.03596898168325424 964
1726502025492 0.01943857967853546 965
1726502025538 -0.012353211641311646 966
1726502025584 -0.031405285000801086 967
1726502025631 0.06028889864683151 968
1726502025679 -0.03596898168325424 969
1726502025726 0.01943857967853546 970
1726502025772 -0.012353211641311646 971
1726502025819 -0.031405285000801086 972
1726502025866 0.06028889864683151 973
1726502025914 -0.03596898168325424 974
1726502025962 0.01943857967853546 975
1726502026009 -0.012353211641311646 976
1726502026056 -0.031405285000801086 977
1726502026103 0.06028889864683151 978
1726502026150 -0.03596898168325424 979
1726502026199 0.01943857967853546 980
1726502026246 -0.012353211641311646 981
1726502026293 -0.031405285000801086 982
1726502026340 0.06028889864683151 983
1726502026388 -0.03596898168325424 984
1726502026437 0.01943857967853546 985
1726502026484 -0.012353211641311646 986
1726502026531 -0.031405285000801086 987
1726502026578 0.06028889864683151 988
1726502026625 -0.03596898168325424 989
1726502026673 0.01943857967853546 990
1726502026721 -0.012353211641311646 991
1726502026767 -0.031405285000801086 992
1726502026814 0.06028889864683151 993
1726502026861 -0.03596898168325424 994
1726502026910 0.01943857967853546 995
1726502026957 -0.012353211641311646 996
1726502027004 -0.031405285000801086 997
1726502027051 0.06028889864683151 998
1726502027097 -0.03596898168325424 999
