1727302488253 1.727928876876831 0
1727302488293 -0.0 1
1727302488332 -0.0 2
1727302488371 -0.0 3
1727302488408 -0.0 4
1727302488448 -0.0 5
1727302488487 -0.0 6
1727302488524 -0.0 7
1727302488564 0.01203919667750597 8
1727302488602 -0.0 9
1727302488641 -0.0 10
1727302488680 -0.0 11
1727302488720 0.030160224065184593 12
1727302488759 -0.0 13
1727302488797 -0.0 14
1727302488837 -0.0 15
1727302488878 -0.0 16
1727302488917 -0.0 17
1727302488955 -0.0 18
1727302488992 -0.0 19
1727302489031 -0.0 20
1727302489072 -0.0 21
1727302489111 -0.0 22
1727302489150 -0.0 23
1727302489190 -0.0 24
1727302489231 -0.0 25
1727302489268 -0.0 26
1727302489306 -0.0 27
1727302489343 -0.0 28
1727302489380 -0.0 29
1727302489415 -0.0 30
1727302489453 -0.0 31
1727302489491 -0.0 32
1727302489527 -0.0 33
1727302489564 -0.0 34
1727302489600 -0.0 35
1727302489639 -0.0 36
1727302489678 -0.0 37
1727302489714 -0.0 38
1727302489751 -0.0 39
1727302489789 -0.0 40
1727302489827 -0.0 41
1727302489867 -0.0 42
1727302489904 -0.0 43
1727302489943 -0.0 44
1727302489982 -0.0 45
1727302490023 0.016078107059001923 46
1727302490060 -0.0 47
1727302490102 -0.0 48
1727302490144 -0.0 49
1727302490181 -0.0 50
1727302490220 -0.0 51
1727302490259 -0.0 52
1727302490297 -0.0 53
1727302490334 -0.0 54
1727302490374 -0.0 55
1727302490412 -0.0 56
1727302490454 -0.0 57
1727302490497 -0.0 58
1727302490537 -0.0 59
1727302490586 -0.0 60
1727302490642 -0.0 61
1727302490697 -0.0 62
1727302490754 -0.0 63
1727302490801 -0.0 64
1727302490844 -0.0 65
1727302490900 -0.0 66
1727302490951 -0.0 67
1727302491007 -0.0 68
1727302491057 0.031108982861042023 69
1727302491104 -0.0 70
1727302491159 -0.0 71
1727302491202 -0.0 72
1727302491249 -0.0 73
1727302491295 -0.0 74
1727302491345 -0.0 75
1727302491391 -0.0 76
1727302491435 -0.0 77
1727302491477 -0.0 78
1727302491520 1.3096732800477184e-05 79
1727302491562 -0.0 80
1727302491603 -0.0 81
1727302491643 -0.0 82
1727302491683 -0.0 83
1727302491722 -0.0 84
1727302491762 -0.0 85
1727302491803 -0.0 86
