1726237816704 1.1532773971557617 0
1726237816744 -0.0 1
1726237816786 0.4611499607563019 2
1726237816825 -0.0 3
1726237816864 0.3412705957889557 4
1726237816905 0.1031809002161026 5
1726237816944 0.11431370675563812 6
1726237816985 0.5440613031387329 7
1726237817026 0.5372236967086792 8
1726237817066 0.3622581958770752 9
1726237817107 0.0786588117480278 10
1726237817147 0.37478262186050415 11
1726237817189 0.41199010610580444 12
1726237817231 -0.0 13
1726237817271 0.48612403869628906 14
1726237817312 -0.0 15
1726237817353 -0.0 16
1726237817393 0.22957271337509155 17
1726237817434 -0.0 18
1726237817476 0.12340332567691803 19
1726237817516 0.1857566088438034 20
1726237817556 0.17591267824172974 21
1726237817597 0.5597817897796631 22
1726237817636 0.12451046705245972 23
1726237817675 -0.0 24
1726237817717 0.1016797423362732 25
1726237817757 -0.0 26
1726237817796 0.22150491178035736 27
1726237817837 0.1499180793762207 28
1726237817878 -0.0 29
1726237817918 -0.0 30
1726237817958 0.5005165338516235 31
1726237817998 0.21533936262130737 32
1726237818040 0.615605354309082 33
1726237818080 0.5992841720581055 34
1726237818120 0.07935527712106705 35
1726237818160 0.425314724445343 36
1726237818199 0.2499656081199646 37
1726237818240 0.2994021773338318 38
1726237818281 -0.0 39
1726237818322 0.23531529307365417 40
1726237818362 0.5118763446807861 41
1726237818401 -0.0 42
1726237818442 0.4088357985019684 43
1726237818482 0.41066187620162964 44
1726237818523 0.4906504452228546 45
1726237818564 -0.0 46
1726237818604 0.2495945394039154 47
1726237818643 -0.0 48
1726237818682 0.6076786518096924 49
1726237818723 0.3699856996536255 50
1726237818763 0.18609312176704407 51
1726237818805 0.43584656715393066 52
1726237818844 -0.0 53
1726237818883 -0.0 54
1726237818924 -0.0 55
1726237818964 -0.0 56
1726237819004 0.17988497018814087 57
1726237819045 0.6073770523071289 58
1726237819085 0.37407660484313965 59
1726237819124 -0.0 60
1726237819165 0.24861520528793335 61
1726237819204 0.4676157534122467 62
1726237819243 -0.0 63
1726237819289 -0.0 64
1726237819338 -0.0 65
1726237819388 -0.0 66
1726237819442 0.7545402646064758 67
1726237819502 0.8476016521453857 68
1726237819558 -0.0 69
1726237819599 -0.0 70
1726237819648 0.3586382567882538 71
1726237819691 -0.0 72
1726237819732 0.5658591985702515 73
1726237819773 -0.0 74
1726237819816 0.32338830828666687 75
1726237819857 0.38612592220306396 76
1726237819900 0.3417727053165436 77
1726237819944 -0.0 78
1726237819983 0.11241285502910614 79
1726237820025 0.23102699220180511 80
1726237820066 0.17780259251594543 81
1726237820115 0.09449481964111328 82
1726237820154 0.08126232028007507 83
1726237820191 0.3596426248550415 84
1726237820230 0.22452840209007263 85
1726237820269 -0.0 86
1726237820309 -0.0 87
1726237820347 -0.0 88
1726237820386 0.32823869585990906 89
1726237820426 -0.0 90
1726237820466 0.36132240295410156 91
1726237820505 -0.0 92
1726237820546 0.4124331772327423 93
1726237820586 0.3855254054069519 94
1726237820626 -0.0 95
1726237820666 0.12491315603256226 96
1726237820707 0.03273125737905502 97
1726237820747 0.08380492031574249 98
1726237820789 -0.0 99
1726237820829 0.2337878793478012 100
1726237820868 0.44649022817611694 101
1726237820910 0.24895872175693512 102
1726237820950 0.4002831280231476 103
1726237820990 -0.0 104
1726237821032 0.48108941316604614 105
1726237821072 0.4551202654838562 106
1726237821112 0.444438636302948 107
1726237821154 0.2575978636741638 108
1726237821193 -0.0 109
1726237821233 0.09269608557224274 110
1726237821274 0.5931752920150757 111
1726237821315 0.10826283693313599 112
1726237821354 0.3672333061695099 113
1726237821404 -0.0 114
1726237821452 -0.0 115
1726237821496 -0.0 116
1726237821539 -0.0 117
1726237821584 0.12125453352928162 118
1726237821630 0.5128068923950195 119
1726237821673 0.4645383358001709 120
1726237821717 0.19687288999557495 121
1726237821759 0.18734779953956604 122
1726237821802 0.5270836353302002 123
1726237821848 0.11812210083007812 124
1726237821891 0.16002166271209717 125
1726237821936 0.29668906331062317 126
1726237821984 -0.0 127
1726237822043 -0.0 128
1726237822084 0.5695167183876038 129
1726237822125 0.24999752640724182 130
1726237822168 -0.0 131
1726237822209 0.505262017250061 132
1726237822250 -0.0 133
1726237822295 -0.0 134
1726237822340 -0.0 135
1726237822381 0.10201127827167511 136
1726237822420 -0.0 137
1726237822466 0.3539212942123413 138
1726237822508 0.3167015314102173 139
1726237822548 -0.0 140
1726237822587 0.040997304022312164 141
1726237822635 0.21519094705581665 142
1726237822679 0.19648149609565735 143
1726237822729 -0.0 144
1726237822769 0.026589639484882355 145
1726237822814 -0.0 146
1726237822863 0.7662933468818665 147
1726237822914 -0.0 148
1726237822956 0.2484138309955597 149
1726237823000 0.4758595824241638 150
1726237823041 -0.0 151
1726237823082 -0.0 152
1726237823128 0.2253560721874237 153
1726237823170 -0.0 154
1726237823213 0.20592975616455078 155
1726237823259 0.33731669187545776 156
1726237823302 0.37915223836898804 157
1726237823358 0.3693537712097168 158
1726237823415 0.19316373765468597 159
1726237823461 0.38555681705474854 160
1726237823501 0.4016426205635071 161
1726237823547 -0.0 162
1726237823598 -0.0 163
1726237823643 0.38216084241867065 164
1726237823682 0.06866812705993652 165
1726237823721 0.27418163418769836 166
1726237823759 -0.0 167
1726237823798 0.3353743553161621 168
1726237823837 0.30531612038612366 169
1726237823877 0.15377911925315857 170
1726237823915 0.12791535258293152 171
1726237823954 0.11904888600111008 172
1726237823992 0.36731401085853577 173
1726237824032 0.35933762788772583 174
1726237824071 -0.0 175
1726237824108 -0.0 176
1726237824147 0.21682743728160858 177
1726237824186 0.12176916003227234 178
1726237824228 -0.0 179
1726237824271 2.149783107086023e-08 180
1726237824319 0.1044788658618927 181
1726237824363 0.17021499574184418 182
1726237824403 -0.0 183
1726237824450 0.24020102620124817 184
1726237824492 -0.0 185
1726237824533 -0.0 186
1726237824571 -0.0 187
1726237824613 -0.0 188
1726237824651 0.10854315757751465 189
1726237824689 0.3435821533203125 190
1726237824728 0.19660308957099915 191
1726237824767 -0.0 192
1726237824806 0.24911314249038696 193
1726237824845 0.29620417952537537 194
1726237824885 0.025609925389289856 195
1726237824924 0.46294134855270386 196
1726237824962 -0.0 197
1726237825005 -0.0 198
1726237825054 0.13794127106666565 199
1726237825098 -0.0 200
1726237825153 0.6011690497398376 201
1726237825194 -4.299566214172046e-08 202
1726237825235 0.3504614233970642 203
1726237825283 0.3283350467681885 204
1726237825325 -0.0 205
1726237825371 0.6752258539199829 206
1726237825409 -0.0 207
1726237825448 0.14909148216247559 208
1726237825491 0.22829696536064148 209
1726237825534 0.12071108818054199 210
1726237825579 0.19470743834972382 211
1726237825617 0.3116382956504822 212
1726237825656 0.03764036297798157 213
1726237825695 0.6512687802314758 214
1726237825735 0.14093664288520813 215
1726237825774 -0.0 216
1726237825815 0.12339471280574799 217
1726237825855 0.21879979968070984 218
1726237825895 0.479350745677948 219
1726237825934 0.4558185636997223 220
1726237825975 0.3724493086338043 221
1726237826015 -0.0 222
1726237826056 0.17382121086120605 223
1726237826097 0.25340384244918823 224
1726237826137 0.3957923352718353 225
1726237826176 0.05334799736738205 226
1726237826216 0.42385855317115784 227
1726237826256 0.5394778847694397 228
1726237826296 0.19777272641658783 229
1726237826336 0.419415146112442 230
1726237826376 0.0551108755171299 231
1726237826415 -0.0 232
1726237826456 0.1054404228925705 233
1726237826496 0.049781668931245804 234
1726237826535 -0.0 235
1726237826576 -0.0 236
1726237826616 0.13299889862537384 237
1726237826655 0.4681280553340912 238
1726237826695 0.23970253765583038 239
1726237826736 0.04863416776061058 240
1726237826775 0.24999698996543884 241
1726237826822 0.24653859436511993 242
1726237826864 0.3488113284111023 243
1726237826912 0.14630869030952454 244
1726237826955 0.3834713399410248 245
1726237827010 0.3415614366531372 246
1726237827062 0.6674768924713135 247
1726237827101 0.16855010390281677 248
1726237827141 0.4314071238040924 249
1726237827188 -0.0 250
1726237827228 0.6541783213615417 251
1726237827285 0.15880709886550903 252
1726237827344 0.04485670477151871 253
1726237827388 0.12322578579187393 254
1726237827431 0.1725679486989975 255
1726237827485 0.23862962424755096 256
1726237827530 -0.0 257
1726237827584 -0.0 258
1726237827634 0.12448205053806305 259
1726237827674 0.36634519696235657 260
1726237827723 0.11998380720615387 261
1726237827762 -0.0 262
1726237827804 -0.0 263
1726237827849 0.2670658528804779 264
1726237827895 0.4591994881629944 265
1726237827939 0.3180754482746124 266
1726237827978 -0.0 267
1726237828019 0.21085938811302185 268
1726237828065 0.1876268982887268 269
1726237828112 -0.0 270
1726237828164 0.22677624225616455 271
1726237828207 0.12137354910373688 272
1726237828257 0.31751957535743713 273
1726237828312 0.11967481672763824 274
1726237828357 -0.0 275
1726237828398 0.08930061012506485 276
1726237828446 0.0615585520863533 277
1726237828501 0.20992690324783325 278
1726237828565 4.299566214172046e-08 279
1726237828611 0.36684417724609375 280
1726237828654 0.09138479828834534 281
1726237828698 -0.0 282
1726237828737 0.23306024074554443 283
1726237828774 0.1170983612537384 284
1726237828815 0.24819904565811157 285
1726237828854 0.003573884256184101 286
1726237828893 0.16297399997711182 287
1726237828932 -0.0 288
1726237828972 0.06335184723138809 289
1726237829010 0.06592629104852676 290
1726237829049 -0.0 291
1726237829088 0.07243743538856506 292
1726237829131 -0.0 293
1726237829176 0.12773193418979645 294
1726237829222 0.2465445101261139 295
1726237829267 0.05655708909034729 296
1726237829311 0.09867993742227554 297
1726237829354 -0.0 298
1726237829400 0.23478640615940094 299
1726237829450 -0.0 300
1726237829495 0.2394033968448639 301
1726237829540 0.366549551486969 302
1726237829601 -0.0 303
1726237829650 -0.0 304
1726237829697 0.38096165657043457 305
1726237829758 0.2090623676776886 306
1726237829817 -0.0 307
1726237829868 -0.0 308
1726237829921 0.24018335342407227 309
1726237829973 0.048780135810375214 310
1726237830026 0.1941726803779602 311
1726237830078 0.19117042422294617 312
1726237830132 0.2299107313156128 313
1726237830186 -0.0 314
1726237830238 0.42967846989631653 315
1726237830289 -0.0 316
1726237830342 0.1826082170009613 317
1726237830396 0.2930152714252472 318
1726237830448 0.28474879264831543 319
1726237830495 0.5947440266609192 320
1726237830540 -0.0 321
1726237830585 0.041631147265434265 322
1726237830630 0.02844506874680519 323
1726237830672 -0.0 324
1726237830714 0.21650850772857666 325
1726237830759 0.5901398062705994 326
1726237830811 0.2477647066116333 327
1726237830876 0.4344441294670105 328
1726237830938 0.2451087236404419 329
1726237831007 0.7902186512947083 330
1726237831056 0.5710638761520386 331
1726237831099 0.20642855763435364 332
1726237831147 -0.0 333
1726237831193 0.06746850162744522 334
1726237831233 0.06746837496757507 335
