1726237816716 0.0 0
1726237816758 0.0 1
1726237816798 0.0 2
1726237816837 0.0 3
1726237816877 0.0 4
1726237816917 0.0 5
1726237816957 0.0 6
1726237816998 0.0 7
1726237817038 0.0 8
1726237817080 0.0 9
1726237817119 0.0 10
1726237817161 0.0 11
1726237817202 0.0 12
1726237817243 0.0 13
1726237817284 0.0 14
1726237817326 0.0 15
1726237817366 0.0 16
1726237817406 0.0 17
1726237817448 0.0 18
1726237817488 0.0 19
1726237817528 0.0 20
1726237817569 0.0 21
1726237817610 0.0 22
1726237817648 0.0 23
1726237817688 0.0 24
1726237817730 0.0 25
1726237817769 0.0 26
1726237817810 0.0 27
1726237817851 0.0 28
1726237817890 0.0 29
1726237817932 0.0 30
1726237817971 0.0 31
1726237818012 0.0 32
1726237818052 0.0 33
1726237818093 0.0 34
1726237818132 0.0 35
1726237818172 0.0 36
1726237818213 0.0 37
1726237818252 0.0 38
1726237818295 0.0 39
1726237818335 0.0 40
1726237818374 0.0 41
1726237818415 0.0 42
1726237818455 0.0 43
1726237818494 0.0 44
1726237818535 0.0 45
1726237818576 0.0 46
1726237818616 0.0 47
1726237818656 0.0 48
1726237818695 0.0 49
1726237818735 0.0 50
1726237818777 0.0 51
1726237818817 0.0 52
1726237818856 0.0 53
1726237818897 0.0 54
1726237818937 0.0 55
1726237818976 0.0 56
1726237819018 0.0 57
1726237819058 0.0 58
1726237819097 0.0 59
1726237819137 0.0 60
1726237819177 0.0 61
1726237819217 0.0 62
1726237819259 0.0 63
1726237819303 0.0 64
1726237819353 0.0 65
1726237819404 0.0 66
1726237819464 0.0 67
1726237819524 0.0 68
1726237819572 0.0 69
1726237819617 0.0 70
1726237819662 0.0 71
1726237819704 0.0 72
1726237819746 0.0 73
1726237819788 0.0 74
1726237819828 0.0 75
1726237819870 0.0 76
1726237819916 0.0 77
1726237819956 0.0 78
1726237819997 0.0 79
1726237820038 0.0 80
1726237820081 0.0 81
1726237820128 0.0 82
1726237820165 0.0 83
1726237820203 0.0 84
1726237820243 0.0 85
1726237820282 0.0 86
1726237820321 0.0 87
1726237820359 0.0 88
1726237820399 0.0 89
1726237820439 0.0 90
1726237820478 0.0 91
1726237820518 0.0 92
1726237820558 0.0 93
1726237820598 0.0 94
1726237820639 0.0 95
1726237820679 0.0 96
1726237820719 0.0 97
1726237820760 0.0 98
1726237820802 0.0 99
1726237820841 0.0 100
1726237820882 0.0 101
1726237820923 0.0 102
1726237820962 0.0 103
1726237821003 0.0 104
1726237821045 0.0 105
1726237821084 0.0 106
1726237821126 0.0 107
1726237821166 0.0 108
1726237821206 0.0 109
1726237821246 0.0 110
1726237821287 0.0 111
1726237821327 0.0 112
1726237821368 0.0 113
1726237821422 0.0 114
1726237821467 0.0 115
1726237821509 0.0 116
1726237821554 0.0 117
1726237821600 0.0 118
1726237821645 0.0 119
1726237821687 0.0 120
1726237821730 0.0 121
1726237821773 0.0 122
1726237821819 0.0 123
1726237821862 0.0 124
1726237821908 0.0 125
1726237821953 0.0 126
1726237822004 0.0 127
1726237822057 0.0 128
1726237822097 0.0 129
1726237822138 0.0 130
1726237822180 0.0 131
1726237822223 0.0 132
1726237822265 0.0 133
1726237822310 0.0 134
1726237822351 0.0 135
1726237822393 0.0 136
1726237822434 0.0 137
1726237822481 0.0 138
1726237822521 0.0 139
1726237822560 0.0 140
1726237822604 0.0 141
1726237822649 0.0 142
1726237822698 0.0 143
1726237822741 0.0 144
1726237822786 0.0 145
1726237822829 0.0 146
1726237822881 0.0 147
1726237822927 0.0 148
1726237822972 0.0 149
1726237823013 0.0 150
1726237823056 0.0 151
1726237823097 0.0 152
1726237823142 0.0 153
1726237823184 0.0 154
1726237823227 0.0 155
1726237823273 0.0 156
1726237823321 0.0 157
1726237823378 0.0 158
1726237823433 0.0 159
1726237823473 0.0 160
1726237823517 0.0 161
1726237823563 0.0 162
1726237823613 0.0 163
1726237823657 0.0 164
1726237823695 0.0 165
1726237823733 0.0 166
1726237823771 0.0 167
1726237823810 0.0 168
1726237823851 0.0 169
1726237823889 0.0 170
1726237823927 0.0 171
1726237823965 0.0 172
1726237824005 0.0 173
1726237824044 0.0 174
1726237824082 0.0 175
1726237824121 0.0 176
1726237824160 0.0 177
1726237824198 0.0 178
1726237824244 0.0 179
1726237824287 0.0 180
1726237824336 0.0 181
1726237824376 0.0 182
1726237824419 0.0 183
1726237824465 0.0 184
1726237824505 0.0 185
1726237824545 0.0 186
1726237824585 0.0 187
1726237824625 0.0 188
1726237824663 0.0 189
1726237824701 0.0 190
1726237824741 0.0 191
1726237824779 0.0 192
1726237824820 0.0 193
1726237824858 0.0 194
1726237824897 0.0 195
1726237824935 0.0 196
1726237824976 0.0 197
1726237825020 0.0 198
1726237825068 0.0 199
1726237825116 0.0 200
1726237825166 0.0 201
1726237825207 0.0 202
1726237825250 0.0 203
1726237825296 0.0 204
1726237825345 0.0 205
1726237825383 0.0 206
1726237825421 0.0 207
1726237825462 0.0 208
1726237825505 0.0 209
1726237825550 0.0 210
1726237825591 0.0 211
1726237825629 0.0 212
1726237825668 0.0 213
1726237825708 0.0 214
1726237825747 0.0 215
1726237825787 0.0 216
1726237825829 0.0 217
1726237825868 0.0 218
1726237825907 0.0 219
1726237825948 0.0 220
1726237825988 0.0 221
1726237826028 0.0 222
1726237826068 0.0 223
1726237826109 0.0 224
1726237826149 0.0 225
1726237826189 0.0 226
1726237826229 0.0 227
1726237826268 0.0 228
1726237826309 0.0 229
1726237826349 0.0 230
1726237826388 0.0 231
1726237826429 0.0 232
1726237826468 0.0 233
1726237826508 0.0 234
1726237826549 0.0 235
1726237826589 0.0 236
1726237826628 0.0 237
1726237826668 0.0 238
1726237826708 0.0 239
1726237826748 0.0 240
1726237826789 0.0 241
1726237826835 0.0 242
1726237826881 0.0 243
1726237826925 0.0 244
1726237826974 0.0 245
1726237827029 0.0 246
1726237827074 0.0 247
1726237827113 0.0 248
1726237827157 0.0 249
1726237827200 0.0 250
1726237827250 0.0 251
1726237827309 0.0 252
1726237827358 0.0 253
1726237827402 0.0 254
1726237827449 0.0 255
1726237827501 0.0 256
1726237827548 0.0 257
1726237827603 0.0 258
1726237827646 0.0 259
1726237827687 0.0 260
1726237827735 0.0 261
1726237827776 0.0 262
1726237827819 0.0 263
1726237827867 0.0 264
1726237827910 0.0 265
1726237827950 0.0 266
1726237827991 0.0 267
1726237828034 0.0 268
1726237828080 0.0 269
1726237828128 0.0 270
1726237828179 0.0 271
1726237828223 0.0 272
1726237828272 0.0 273
1726237828329 0.0 274
1726237828370 0.0 275
1726237828413 0.0 276
1726237828464 0.0 277
1726237828525 0.0 278
1726237828579 0.0 279
1726237828626 0.0 280
1726237828671 0.0 281
1726237828710 0.0 282
1726237828748 0.0 283
1726237828788 0.0 284
1726237828827 0.0 285
1726237828866 0.0 286
1726237828906 0.0 287
1726237828945 0.0 288
1726237828984 0.0 289
1726237829022 0.0 290
1726237829062 0.0 291
1726237829100 0.0 292
1726237829146 0.0 293
1726237829193 0.0 294
1726237829236 0.0 295
1726237829282 0.0 296
1726237829325 0.0 297
1726237829369 0.0 298
1726237829419 0.0 299
1726237829465 0.0 300
1726237829510 0.0 301
1726237829560 0.0 302
1726237829618 0.0 303
1726237829665 0.0 304
1726237829714 0.0 305
1726237829782 0.0 306
1726237829834 0.0 307
1726237829885 0.0 308
1726237829938 0.0 309
1726237829991 0.0 310
1726237830042 0.0 311
1726237830097 0.0 312
1726237830150 0.0 313
1726237830203 0.0 314
1726237830254 0.0 315
1726237830306 0.0 316
1726237830361 0.0 317
1726237830414 0.0 318
1726237830464 0.0 319
1726237830510 0.0 320
1726237830555 0.0 321
1726237830600 0.0 322
1726237830643 0.0 323
1726237830686 0.0 324
1726237830729 0.0 325
1726237830774 0.0 326
1726237830833 0.0 327
1726237830899 0.0 328
1726237830962 0.0 329
1726237831027 0.0 330
1726237831069 0.0 331
1726237831117 0.0 332
1726237831164 0.0 333
1726237831205 0.0 334
1726237831247 0.0 335
