1726485337284 0.0 0
1726485337311 0.0 1
1726485337337 0.2021975964307785 2
1726485337365 0.3377108871936798 3
1726485337392 6.1402268409729 4
1726485337418 0.18561120331287384 5
1726485337445 0.1798192262649536 6
1726485337472 0.13255466520786285 7
1726485337499 0.17405535280704498 8
1726485337526 0.0 9
1726485337553 0.1456584334373474 10
1726485337580 0.10088872164487839 11
1726485337608 0.3415970504283905 12
1726485337635 0.12041684240102768 13
1726485337661 0.2655734121799469 14
1726485337686 0.2291392832994461 15
1726485337711 0.7004231810569763 16
1726485337736 0.043706219643354416 17
1726485337762 0.3863511085510254 18
1726485337788 0.29789865016937256 19
1726485337812 0.22227172553539276 20
1726485337837 0.22255706787109375 21
1726485337863 0.3568843901157379 22
1726485337888 0.09830164164304733 23
1726485337914 0.07214603573083878 24
1726485337938 0.0 25
1726485337963 0.028029298409819603 26
1726485337989 0.04922160133719444 27
1726485338016 0.0 28
1726485338042 0.0 29
1726485338068 0.0 30
1726485338093 0.061509598046541214 31
1726485338118 0.09108641743659973 32
1726485338144 0.04660699889063835 33
1726485338169 0.12319124490022659 34
1726485338195 0.050467949360609055 35
1726485338220 0.006608536001294851 36
1726485338245 0.012136532925069332 37
1726485338271 0.05579971894621849 38
1726485338297 0.058588992804288864 39
1726485338323 0.0 40
1726485338348 0.0 41
1726485338375 0.06142262741923332 42
1726485338401 0.016548583284020424 43
1726485338426 0.11698711663484573 44
1726485338451 0.0 45
1726485338477 0.20215880870819092 46
1726485338505 0.19516612589359283 47
1726485338531 0.1687259078025818 48
1726485338556 0.08642670512199402 49
1726485338581 0.1335509717464447 50
1726485338606 0.35487672686576843 51
1726485338633 0.43416813015937805 52
1726485338659 0.2825634479522705 53
1726485338684 0.5910471677780151 54
1726485338709 0.2499910444021225 55
1726485338734 0.12072423845529556 56
1726485338761 0.3750650882720947 57
1726485338787 0.531734049320221 58
1726485338813 0.4291331470012665 59
1726485338839 0.11794675141572952 60
1726485338864 0.356175035238266 61
1726485338889 0.10805567353963852 62
1726485338915 0.0 63
1726485338941 0.017946342006325722 64
1726485338967 0.0 65
1726485338992 0.5452906489372253 66
1726485339018 0.08264376223087311 67
1726485339045 0.21974654495716095 68
1726485339072 0.02443871647119522 69
1726485339098 0.0 70
1726485339123 0.15064992010593414 71
1726485339148 0.0844467356801033 72
1726485339173 0.11172612756490707 73
1726485339198 0.0 74
1726485339235 0.0 75
1726485339267 0.0 76
1726485339299 0.01849764958024025 77
1726485339329 0.11663994938135147 78
1726485339361 0.0 79
1726485339394 0.3305560052394867 80
1726485339427 0.1567685455083847 81
1726485339458 0.2857469916343689 82
1726485339492 0.305014044046402 83
1726485339529 0.2217908650636673 84
1726485339571 0.07629077881574631 85
1726485339607 0.010801495052874088 86
1726485339639 0.049915771931409836 87
1726485339670 0.0 88
1726485339702 0.0 89
1726485339734 0.0043934364803135395 90
1726485339766 0.0 91
1726485339798 0.0 92
1726485339836 0.0 93
1726485339876 0.13824206590652466 94
1726485339910 0.07734017819166183 95
1726485339941 0.007042288314551115 96
1726485339974 0.07601621001958847 97
1726485340006 0.27992814779281616 98
1726485340039 0.12415913492441177 99
1726485340072 0.07268298417329788 100
1726485340104 0.0025791910011321306 101
1726485340138 0.3333195149898529 102
1726485340172 0.4331010580062866 103
1726485340206 0.4305216073989868 104
1726485340241 0.013576317578554153 105
1726485340276 0.011463966220617294 106
1726485340310 0.011160136200487614 107
1726485340346 0.01094354223459959 108
1726485340385 0.3002261817455292 109
1726485340422 0.09390204399824142 110
1726485340454 0.10164979845285416 111
1726485340490 0.0 112
1726485340525 0.0 113
1726485340564 0.0 114
1726485340595 0.15083195269107819 115
1726485340626 0.26199018955230713 116
1726485340658 0.0 117
1726485340687 0.05038649961352348 118
1726485340716 0.25360673666000366 119
1726485340746 0.10846104472875595 120
1726485340776 0.052296947687864304 121
1726485340805 0.0 122
1726485340835 0.0778597891330719 123
1726485340862 0.08266369253396988 124
1726485340890 0.0 125
1726485340918 0.0 126
1726485340945 0.045591071248054504 127
1726485340973 0.035502731800079346 128
1726485341002 0.0 129
1726485341029 0.07424414157867432 130
1726485341056 0.04886496067047119 131
1726485341084 0.0 132
1726485341111 0.021054862067103386 133
1726485341139 0.05105385184288025 134
1726485341167 0.05693066492676735 135
1726485341194 0.09906172007322311 136
1726485341220 0.07863371074199677 137
1726485341246 0.1982700675725937 138
1726485341273 0.2431938797235489 139
1726485341301 0.1250070184469223 140
1726485341329 0.0 141
1726485341356 0.0 142
1726485341383 0.029016507789492607 143
1726485341410 0.5903804898262024 144
1726485341434 0.567155122756958 145
1726485341459 0.7460431456565857 146
1726485341484 0.3925136625766754 147
1726485341510 0.14046578109264374 148
1726485341536 0.0562143437564373 149
1726485341561 0.39672744274139404 150
1726485341587 0.055493663996458054 151
1726485341614 0.21419845521450043 152
1726485341641 0.0 153
1726485341668 0.0 154
1726485341694 0.0 155
1726485341719 0.01831844635307789 156
1726485341749 0.10375844687223434 157
1726485341779 0.08301488310098648 158
1726485341806 0.02665821462869644 159
1726485341833 0.05291660130023956 160
1726485341860 0.06324771791696548 161
1726485341887 0.0 162
1726485341912 0.0 163
1726485341937 0.014954015612602234 164
1726485341963 0.008206038735806942 165
1726485341991 0.002531180391088128 166
1726485342020 0.5204331278800964 167
1726485342048 0.19753658771514893 168
1726485342076 0.14955276250839233 169
1726485342104 0.07765547186136246 170
1726485342130 0.12173625826835632 171
1726485342154 0.09536287933588028 172
1726485342179 0.09019415825605392 173
1726485342204 0.17624877393245697 174
1726485342231 0.2025032490491867 175
1726485342257 0.0007803826010785997 176
1726485342282 0.07532677799463272 177
1726485342307 0.5209149718284607 178
1726485342332 0.16559062898159027 179
1726485342357 0.07684365659952164 180
1726485342382 0.15641652047634125 181
1726485342407 0.09834376722574234 182
1726485342432 0.04707510769367218 183
1726485342457 0.1411319524049759 184
1726485342483 0.0 185
1726485342510 0.04434717819094658 186
1726485342535 0.0 187
1726485342559 0.0664820671081543 188
1726485342585 0.45418262481689453 189
1726485342610 0.2407340407371521 190
1726485342636 0.048467814922332764 191
1726485342662 0.0 192
1726485342687 0.13184648752212524 193
1726485342711 0.04912571609020233 194
1726485342737 0.062318023294210434 195
1726485342763 0.033017002046108246 196
1726485342789 0.12208029627799988 197
1726485342815 0.10988109558820724 198
1726485342841 0.06841680407524109 199
1726485342865 0.0 200
1726485342891 0.36463260650634766 201
1726485342916 0.18442384898662567 202
1726485342944 0.11440488696098328 203
1726485342970 0.022298535332083702 204
1726485342996 0.23023362457752228 205
1726485343022 0.0 206
1726485343048 0.08909022063016891 207
1726485343076 0.11428281664848328 208
1726485343103 0.0 209
1726485343129 0.0 210
1726485343154 0.0 211
1726485343179 0.010018925182521343 212
1726485343204 0.0 213
1726485343228 0.0 214
1726485343254 0.0 215
1726485343281 0.04313705489039421 216
1726485343307 0.0 217
1726485343331 0.0 218
1726485343357 0.0330708809196949 219
1726485343382 0.02326512150466442 220
1726485343408 0.0 221
1726485343434 0.49383091926574707 222
1726485343459 0.3272128999233246 223
1726485343485 0.04703254625201225 224
1726485343510 0.13474957644939423 225
1726485343536 0.0 226
1726485343562 0.145779088139534 227
1726485343587 0.317841500043869 228
1726485343612 0.019036952406167984 229
1726485343637 0.0 230
1726485343663 0.0 231
1726485343688 0.06408455222845078 232
1726485343714 0.05980260297656059 233
1726485343739 0.07352112978696823 234
1726485343764 0.0 235
1726485343789 0.0 236
1726485343814 0.0 237
1726485343840 0.030696513131260872 238
1726485343865 0.008029188960790634 239
1726485343889 0.0 240
1726485343914 0.05498382821679115 241
1726485343940 0.0 242
1726485343966 0.0 243
1726485343991 0.023640332743525505 244
1726485344018 0.0 245
1726485344042 0.015414607711136341 246
1726485344068 0.029425663873553276 247
1726485344093 0.0 248
1726485344119 0.0 249
1726485344145 0.012813184410333633 250
1726485344169 0.0 251
1726485344194 0.006641064304858446 252
1726485344220 0.19362348318099976 253
1726485344245 0.12062066048383713 254
1726485344271 0.18503715097904205 255
1726485344297 0.05978421866893768 256
1726485344321 0.30479153990745544 257
1726485344345 0.30265817046165466 258
1726485344371 0.2809102237224579 259
1726485344396 0.2316552847623825 260
1726485344422 0.04110093042254448 261
1726485344446 1.5457830158993602e-05 262
1726485344472 0.0 263
1726485344499 0.0 264
1726485344533 0.12696217000484467 265
1726485344566 0.12263232469558716 266
1726485344595 0.1191410943865776 267
1726485344624 0.0 268
1726485344651 0.0 269
1726485344678 0.08100713044404984 270
1726485344706 0.01070784404873848 271
1726485344734 0.0 272
1726485344759 0.05815761908888817 273
1726485344787 0.07720086723566055 274
1726485344814 0.0 275
1726485344840 0.02319209836423397 276
1726485344868 0.0 277
1726485344896 0.06936691701412201 278
1726485344924 0.08283878117799759 279
1726485344952 0.011774844489991665 280
1726485344980 0.10186898708343506 281
1726485345005 0.27738872170448303 282
1726485345032 0.22692696750164032 283
1726485345060 0.1380709707736969 284
1726485345087 0.12568801641464233 285
1726485345112 0.0 286
1726485345138 0.0 287
1726485345163 0.25861406326293945 288
1726485345188 0.06592115759849548 289
1726485345214 0.0 290
1726485345240 0.0 291
1726485345266 0.0 292
1726485345293 0.08883170038461685 293
1726485345318 0.1962796449661255 294
1726485345343 0.19662337005138397 295
1726485345369 0.0733809545636177 296
1726485345394 0.026632046326994896 297
1726485345420 0.10554582625627518 298
1726485345446 0.012181516736745834 299
1726485345470 0.0736653283238411 300
1726485345496 0.0 301
1726485345522 0.07283789664506912 302
1726485345547 0.26129671931266785 303
1726485345575 0.0 304
1726485345600 0.25302600860595703 305
1726485345625 0.0 306
1726485345651 0.0 307
1726485345677 0.004148361273109913 308
1726485345703 0.08672109246253967 309
1726485345729 0.18942129611968994 310
1726485345754 0.2287936806678772 311
1726485345779 0.5728961825370789 312
1726485345805 0.2687512934207916 313
1726485345830 0.15123499929904938 314
1726485345856 0.13560950756072998 315
1726485345882 0.13450245559215546 316
1726485345907 0.05364708602428436 317
1726485345933 0.16035236418247223 318
1726485345958 0.0 319
1726485345984 0.00546950614079833 320
1726485346010 0.0 321
1726485346036 0.0 322
1726485346061 0.0 323
1726485346086 0.06747203320264816 324
1726485346111 0.049410175532102585 325
1726485346136 0.11873447895050049 326
1726485346162 0.02832781709730625 327
1726485346188 0.051563944667577744 328
1726485346212 0.035672929137945175 329
1726485346238 0.0 330
1726485346263 0.0 331
1726485346289 0.028003128245472908 332
1726485346314 0.15535394847393036 333
1726485346339 0.17601628601551056 334
1726485346366 0.22603529691696167 335
1726485346392 0.13881845772266388 336
1726485346418 0.03520447760820389 337
1726485346446 0.0 338
1726485346473 0.1134885847568512 339
1726485346498 0.43446972966194153 340
1726485346524 0.2404867559671402 341
1726485346549 0.22410041093826294 342
1726485346575 0.10178375244140625 343
1726485346601 0.017337674275040627 344
1726485346627 0.2249148041009903 345
1726485346651 0.2014649361371994 346
1726485346677 0.3170597553253174 347
1726485346702 0.6147363781929016 348
1726485346728 0.18542878329753876 349
1726485346754 0.1049405038356781 350
1726485346780 0.032365716993808746 351
1726485346805 0.0 352
1726485346830 0.0 353
1726485346861 0.15817774832248688 354
1726485346891 0.0 355
1726485346919 0.03745579347014427 356
1726485346947 0.057395029813051224 357
1726485346974 0.12225835770368576 358
1726485347001 0.08791458606719971 359
1726485347029 0.009769843891263008 360
1726485347054 0.3217025697231293 361
1726485347080 0.19887064397335052 362
1726485347106 0.3798101842403412 363
1726485347133 0.4188864231109619 364
1726485347160 0.056241318583488464 365
1726485347188 0.0 366
1726485347215 0.09158743172883987 367
1726485347243 0.04985736310482025 368
1726485347271 0.0 369
1726485347300 0.043743956834077835 370
1726485347326 0.0 371
1726485347353 0.06270479410886765 372
1726485347382 0.0 373
1726485347410 0.0 374
1726485347438 0.008933438919484615 375
1726485347465 0.060244087129831314 376
1726485347492 0.0 377
1726485347518 0.0 378
1726485347544 0.17248006165027618 379
1726485347571 0.0 380
1726485347598 0.0 381
1726485347626 0.008422613143920898 382
1726485347653 0.0695805624127388 383
1726485347680 0.10744894295930862 384
1726485347706 0.006078433245420456 385
1726485347733 0.12000054866075516 386
1726485347759 0.0 387
1726485347786 0.0 388
1726485347813 0.0 389
1726485347842 0.0 390
1726485347869 0.0 391
1726485347895 0.0 392
1726485347919 0.0 393
1726485347945 0.0 394
1726485347971 0.1028754711151123 395
1726485347996 0.05885883793234825 396
1726485348022 0.008110955357551575 397
1726485348047 0.04628729820251465 398
1726485348072 0.1375863254070282 399
1726485348097 0.0 400
1726485348122 0.08855399489402771 401
1726485348147 0.0881790742278099 402
1726485348172 0.0 403
1726485348197 0.0 404
1726485348222 0.033183082938194275 405
1726485348248 0.0 406
1726485348274 0.01733911968767643 407
1726485348300 0.0005285159568302333 408
1726485348325 0.1313580721616745 409
1726485348350 0.09629937261343002 410
1726485348376 0.06612727791070938 411
1726485348401 0.0 412
1726485348426 0.0 413
1726485348452 0.08621431142091751 414
1726485348477 0.20179271697998047 415
1726485348502 0.13244429230690002 416
1726485348528 0.045735642313957214 417
1726485348554 0.0 418
1726485348579 0.0 419
1726485348604 0.04418766498565674 420
1726485348629 0.07506141811609268 421
1726485348654 0.09003489464521408 422
1726485348680 0.0 423
1726485348705 0.0 424
1726485348730 0.0 425
1726485348754 0.0 426
1726485348779 0.0 427
1726485348805 0.08119726926088333 428
1726485348831 0.1242593303322792 429
1726485348857 0.17464834451675415 430
1726485348881 0.05642014369368553 431
1726485348907 0.0 432
1726485348932 0.0 433
1726485348958 0.0 434
1726485348984 0.04183373972773552 435
1726485349008 0.0423266775906086 436
1726485349033 0.12438259273767471 437
1726485349059 0.08855020999908447 438
1726485349087 0.05090813338756561 439
1726485349114 0.0 440
1726485349141 0.0 441
1726485349169 0.07356623560190201 442
1726485349196 0.0 443
1726485349222 0.0 444
1726485349250 0.0 445
1726485349276 0.0 446
1726485349304 0.0 447
1726485349331 0.11473134905099869 448
1726485349359 0.14746885001659393 449
1726485349386 0.0 450
1726485349412 0.0 451
1726485349440 0.0 452
1726485349467 0.043186355382204056 453
1726485349493 0.030864426866173744 454
1726485349520 0.10319212079048157 455
1726485349548 0.09082263708114624 456
1726485349576 0.11755213886499405 457
1726485349602 0.02986009232699871 458
1726485349629 0.054148752242326736 459
1726485349655 0.02295379340648651 460
1726485349681 0.15884195268154144 461
1726485349708 0.003391131991520524 462
1726485349735 0.09221059083938599 463
1726485349762 0.22151590883731842 464
1726485349789 0.10061065107584 465
1726485349814 0.0 466
1726485349839 0.18025879561901093 467
1726485349864 0.0 468
1726485349891 0.0 469
1726485349916 0.0 470
1726485349942 0.0 471
1726485349967 0.0 472
1726485349992 0.0 473
1726485350018 0.0 474
1726485350045 0.0 475
1726485350071 0.0 476
1726485350097 0.0 477
1726485350122 0.0 478
1726485350147 0.0 479
1726485350173 0.0 480
1726485350199 0.0 481
1726485350224 0.0 482
1726485350249 0.0 483
1726485350274 0.0 484
1726485350300 0.0 485
1726485350325 0.0 486
1726485350352 0.0 487
1726485350377 0.0 488
1726485350401 0.0 489
1726485350426 0.0 490
1726485350452 0.0 491
1726485350478 0.0 492
1726485350503 0.0 493
1726485350528 0.0 494
1726485350554 0.0 495
1726485350580 0.0 496
1726485350605 0.0 497
1726485350631 0.0 498
1726485350657 0.0 499
1726485350681 0.0 500
1726485350706 0.0 501
1726485350731 0.0 502
1726485350758 0.0 503
1726485350784 0.0 504
1726485350811 0.0 505
1726485350837 0.0 506
1726485350863 0.0 507
1726485350889 0.0 508
1726485350916 0.0 509
1726485350943 0.0 510
1726485350969 0.0 511
1726485350995 0.0 512
1726485351021 0.0 513
1726485351047 0.0 514
1726485351073 0.0 515
1726485351099 0.0 516
1726485351125 0.0 517
1726485351151 0.0 518
1726485351176 0.0 519
1726485351202 0.0076827239245176315 520
1726485351227 0.07572919875383377 521
1726485351253 0.06296337395906448 522
1726485351279 0.1254914402961731 523
1726485351305 0.04379187524318695 524
1726485351330 0.06013622507452965 525
1726485351355 0.0 526
1726485351381 0.018640806898474693 527
1726485351407 0.2347940057516098 528
1726485351432 0.028373612090945244 529
1726485351457 0.11321088671684265 530
1726485351482 0.0817388966679573 531
1726485351508 0.0 532
1726485351533 0.0 533
1726485351560 0.0 534
1726485351585 0.0 535
1726485351611 0.0016923719085752964 536
1726485351636 0.11510089039802551 537
1726485351662 0.0 538
1726485351687 0.0 539
1726485351712 0.0 540
1726485351737 0.0 541
1726485351762 0.0 542
1726485351787 0.0 543
1726485351814 0.0 544
1726485351840 0.0 545
1726485351866 0.0 546
1726485351891 0.0 547
1726485351916 0.0 548
1726485351942 0.0 549
1726485351970 0.0 550
1726485352001 0.0 551
1726485352029 0.0 552
1726485352056 0.0 553
1726485352083 0.0 554
1726485352109 0.0 555
1726485352135 0.0 556
1726485352160 0.0 557
1726485352187 0.0 558
1726485352213 0.0 559
1726485352240 0.0 560
1726485352265 0.0 561
1726485352290 0.0 562
1726485352316 0.0 563
1726485352342 0.0 564
1726485352368 0.0 565
1726485352394 0.0 566
1726485352419 0.0 567
1726485352444 0.004137578886002302 568
1726485352470 0.08190419524908066 569
1726485352496 0.09028372168540955 570
1726485352522 0.1103195920586586 571
1726485352547 0.1074233278632164 572
1726485352573 0.11599145084619522 573
1726485352599 0.1147552952170372 574
1726485352624 0.12051203846931458 575
1726485352650 0.11768519878387451 576
1726485352676 0.12314478307962418 577
1726485352701 0.12012702226638794 578
1726485352726 0.0 579
1726485352752 0.01113156508654356 580
1726485352777 0.0027265092357993126 581
1726485352803 0.09925946593284607 582
1726485352830 0.09113183617591858 583
1726485352854 0.11424542218446732 584
1726485352880 0.0 585
1726485352905 0.07567071169614792 586
1726485352931 0.062003910541534424 587
1726485352956 0.12313541024923325 588
1726485352981 0.0 589
1726485353006 0.0 590
1726485353032 0.024913767352700233 591
1726485353058 0.17745719850063324 592
1726485353084 0.14553456008434296 593
1726485353109 0.0 594
1726485353133 0.02646448463201523 595
1726485353159 0.0 596
1726485353184 0.0 597
1726485353210 0.0 598
1726485353235 0.0 599
1726485353259 0.0 600
1726485353285 0.0 601
1726485353311 0.0 602
1726485353336 0.0 603
1726485353362 0.0 604
1726485353387 0.0 605
1726485353413 0.0 606
1726485353438 0.0 607
1726485353463 0.0 608
1726485353489 0.0 609
1726485353514 0.0 610
1726485353539 0.0 611
1726485353565 0.0 612
1726485353591 0.0 613
1726485353617 0.0 614
1726485353643 0.0 615
1726485353669 0.0 616
1726485353693 0.0 617
1726485353719 0.0 618
1726485353745 0.0 619
1726485353770 0.0 620
1726485353796 0.0 621
1726485353822 0.0 622
1726485353847 0.0 623
1726485353873 0.0 624
1726485353899 0.0 625
1726485353924 0.0 626
1726485353950 0.0 627
1726485353976 0.0 628
1726485354000 0.0 629
1726485354026 0.0 630
1726485354052 0.0 631
1726485354078 0.0 632
1726485354103 0.0 633
1726485354128 0.0 634
1726485354154 0.0 635
1726485354180 0.0 636
1726485354206 0.0 637
1726485354232 0.0 638
1726485354257 0.0 639
1726485354283 0.0 640
1726485354309 0.0 641
