1726425071237 0.07398796081542969 0
1726425071290 0.04867899417877197 1
1726425071353 0.03941822052001953 2
1726425071406 0.026313424110412598 3
1726425071469 0.03921711444854736 4
1726425071522 0.048738837242126465 5
1726425071574 0.06797599792480469 6
1726425071631 0.077667236328125 7
1726425071689 0.07661938667297363 8
1726425071743 0.06698071956634521 9
1726425071800 0.06308424472808838 10
1726425071860 0.07272219657897949 11
1726425071919 0.06408047676086426 12
1726425071973 0.059067726135253906 13
1726425072027 0.06624972820281982 14
1726425072082 0.06636333465576172 15
1726425072137 0.06472480297088623 16
1726425072204 0.07613837718963623 17
1726425072272 0.07085537910461426 18
1726425072331 0.07194912433624268 19
1726425072401 0.06828129291534424 20
1726425072456 0.08077073097229004 21
1726425072508 0.07858633995056152 22
1726425072559 0.06481671333312988 23
1726425072617 0.07410049438476562 24
1726425072673 0.04898691177368164 25
1726425072739 0.05248546600341797 26
1726425072793 0.06378340721130371 27
1726425072850 0.050897955894470215 28
1726425072915 0.05900120735168457 29
1726425072995 0.054366111755371094 30
1726425073057 0.06081533432006836 31
1726425073129 0.06348490715026855 32
1726425073182 0.06410598754882812 33
1726425073233 0.06500053405761719 34
1726425073303 0.060744524002075195 35
1726425073370 0.059258222579956055 36
1726425073443 0.060684919357299805 37
1726425073512 0.05570375919342041 38
1726425073582 0.054082393646240234 39
1726425073650 0.06531929969787598 40
1726425073719 0.07468152046203613 41
1726425073777 0.07500016689300537 42
1726425073835 0.062462449073791504 43
1726425073895 0.07611274719238281 44
1726425073953 0.07036924362182617 45
1726425074016 0.06937193870544434 46
1726425074085 0.07644462585449219 47
1726425074152 0.07397627830505371 48
1726425074221 0.07879471778869629 49
1726425074287 0.07066047191619873 50
1726425074353 0.07668280601501465 51
1726425074420 0.06257104873657227 52
1726425074487 0.0591578483581543 53
1726425074553 0.05932915210723877 54
1726425074611 0.047371625900268555 55
1726425074658 0.04532778263092041 56
1726425074705 0.0558323860168457 57
1726425074753 0.0425562858581543 58
1726425074802 0.07522225379943848 59
1726425074860 0.07046175003051758 60
1726425074923 0.07978427410125732 61
1726425074980 0.07729113101959229 62
1726425075031 0.07489728927612305 63
1726425075081 0.07360684871673584 64
1726425075133 0.07309317588806152 65
1726425075183 0.06789040565490723 66
1726425075232 0.06752240657806396 67
1726425075281 0.07265472412109375 68
1726425075335 0.07106208801269531 69
1726425075385 0.06111502647399902 70
1726425075433 0.057167768478393555 71
1726425075482 0.052419424057006836 72
1726425075552 0.06812286376953125 73
1726425075603 0.0657815933227539 74
1726425075654 0.06337213516235352 75
1726425075721 0.05011916160583496 76
1726425075771 0.06942415237426758 77
1726425075816 0.07211148738861084 78
1726425075870 0.07607078552246094 79
1726425075917 0.07348036766052246 80
1726425075970 0.06157553195953369 81
1726425076023 0.05843067169189453 82
1726425076070 0.04213762283325195 83
1726425076113 0.04353129863739014 84
1726425076156 0.018770694732666016 85
1726425076200 0.02965104579925537 86
1726425076242 0.04747450351715088 87
1726425076286 0.029818296432495117 88
1726425076328 0.058188676834106445 89
1726425076369 0.07761001586914062 90
1726425076417 0.07802057266235352 91
1726425076461 0.07055425643920898 92
1726425076509 0.07511115074157715 93
1726425076551 0.0770883560180664 94
1726425076594 0.07552015781402588 95
1726425076642 0.07075977325439453 96
1726425076687 0.08003997802734375 97
1726425076730 0.07041275501251221 98
1726425076773 0.06509017944335938 99
1726425076815 0.05042457580566406 100
1726425076860 0.06680107116699219 101
1726425076901 0.07386898994445801 102
1726425076943 0.06962645053863525 103
1726425076986 0.0794144868850708 104
1726425077029 0.08073902130126953 105
1726425077070 0.07761311531066895 106
1726425077113 0.08115863800048828 107
1726425077155 0.071891188621521 108
1726425077196 0.07695364952087402 109
1726425077237 0.06340265274047852 110
1726425077276 0.07187938690185547 111
1726425077317 0.07675826549530029 112
1726425077357 0.07109761238098145 113
1726425077400 0.060793519020080566 114
1726425077441 0.049225449562072754 115
1726425077486 0.0641930103302002 116
1726425077527 0.07930684089660645 117
1726425077568 0.06468701362609863 118
1726425077610 0.05834555625915527 119
1726425077651 0.07166850566864014 120
1726425077696 0.06735062599182129 121
1726425077740 0.07115435600280762 122
1726425077783 0.0686107873916626 123
1726425077824 0.056310176849365234 124
1726425077869 0.04633188247680664 125
1726425077911 0.06108403205871582 126
1726425077952 0.039002418518066406 127
1726425077994 0.05342411994934082 128
1726425078034 0.07975006103515625 129
1726425078076 0.05935871601104736 130
1726425078121 0.06536686420440674 131
1726425078163 0.05684959888458252 132
1726425078208 0.04393887519836426 133
1726425078249 0.06608271598815918 134
1726425078290 0.05962419509887695 135
1726425078331 0.04346966743469238 136
1726425078372 0.07982110977172852 137
1726425078413 0.06123638153076172 138
1726425078456 0.059227943420410156 139
1726425078497 0.06303167343139648 140
1726425078546 0.0818866491317749 141
1726425078591 0.07801580429077148 142
1726425078638 0.07864534854888916 143
1726425078693 0.06724405288696289 144
1726425078743 0.07364892959594727 145
1726425078794 0.06168413162231445 146
1726425078834 0.056249141693115234 147
1726425078879 0.05900752544403076 148
1726425078926 0.06271040439605713 149
1726425078972 0.05900406837463379 150
1726425079016 0.053073883056640625 151
1726425079055 0.03090643882751465 152
1726425079094 0.051325321197509766 153
1726425079133 0.05387735366821289 154
1726425079171 0.054201722145080566 155
1726425079218 0.041950225830078125 156
1726425079260 0.055014610290527344 157
1726425079299 0.0815504789352417 158
1726425079341 0.07605636119842529 159
1726425079382 0.07087969779968262 160
1726425079421 0.07827520370483398 161
1726425079460 0.06941461563110352 162
1726425079510 0.047156691551208496 163
1726425079551 0.05758094787597656 164
1726425079592 0.05765640735626221 165
1726425079637 0.061547279357910156 166
1726425079679 0.05883681774139404 167
1726425079721 0.07148110866546631 168
1726425079767 0.05471765995025635 169
1726425079809 0.0630120038986206 170
1726425079851 0.04058551788330078 171
1726425079895 0.06196999549865723 172
1726425079947 0.0598829984664917 173
1726425079990 0.0292208194732666 174
1726425080031 0.05170297622680664 175
1726425080077 0.035204172134399414 176
1726425080125 0.06407999992370605 177
1726425080170 0.05469381809234619 178
1726425080222 0.05608010292053223 179
1726425080278 0.07968556880950928 180
1726425080321 0.08034205436706543 181
1726425080366 0.07364082336425781 182
1726425080409 0.0648355484008789 183
1726425080451 0.0666799545288086 184
1726425080492 0.06988108158111572 185
1726425080533 0.07810080051422119 186
1726425080577 0.0792837142944336 187
1726425080618 0.06836605072021484 188
1726425080660 0.055115580558776855 189
1726425080702 0.03481459617614746 190
1726425080745 0.049970149993896484 191
1726425080785 0.04819369316101074 192
1726425080824 0.06374740600585938 193
1726425080867 0.05995631217956543 194
1726425080909 0.07016348838806152 195
1726425080949 0.040192246437072754 196
1726425080995 0.06774449348449707 197
1726425081038 0.0660715103149414 198
1726425081086 0.06610763072967529 199
1726425081132 0.03980565071105957 200
1726425081180 0.06470179557800293 201
1726425081221 0.06181168556213379 202
1726425081263 0.08022332191467285 203
1726425081305 0.07343816757202148 204
1726425081349 0.046534061431884766 205
1726425081395 0.034332275390625 206
1726425081435 0.05821990966796875 207
1726425081476 0.07963883876800537 208
1726425081515 0.03753983974456787 209
1726425081554 0.020151376724243164 210
1726425081595 0.03464770317077637 211
1726425081635 0.04692888259887695 212
1726425081676 0.04013347625732422 213
1726425081724 0.06845426559448242 214
1726425081783 0.07299518585205078 215
1726425081846 0.07533836364746094 216
1726425081895 0.07566261291503906 217
1726425081944 0.0643472671508789 218
1726425082001 0.07306241989135742 219
1726425082053 0.07148623466491699 220
1726425082103 0.07465457916259766 221
1726425082154 0.07396399974822998 222
1726425082204 0.06778359413146973 223
1726425082257 0.07074666023254395 224
1726425082330 0.05888724327087402 225
1726425082382 0.0578608512878418 226
1726425082438 0.07013726234436035 227
1726425082515 0.0733804702758789 228
1726425082589 0.06302905082702637 229
1726425082658 0.06377720832824707 230
1726425082709 0.064552903175354 231
1726425082760 0.05362200736999512 232
1726425082812 0.07532572746276855 233
1726425082863 0.0625295639038086 234
1726425082930 0.032981276512145996 235
1726425082984 0.03814983367919922 236
1726425083035 0.047597289085388184 237
1726425083081 0.062372684478759766 238
1726425083130 0.06174039840698242 239
1726425083176 0.0698399543762207 240
1726425083225 0.058290958404541016 241
1726425083271 0.05965125560760498 242
1726425083325 0.061031222343444824 243
1726425083374 0.05800271034240723 244
1726425083419 0.06427001953125 245
1726425083461 0.07030844688415527 246
1726425083504 0.07534778118133545 247
1726425083548 0.06266355514526367 248
1726425083599 0.058133840560913086 249
1726425083641 0.07205438613891602 250
1726425083685 0.07211041450500488 251
1726425083734 0.05903506278991699 252
1726425083779 0.07120871543884277 253
1726425083825 0.06939399242401123 254
1726425083872 0.06393980979919434 255
1726425083917 0.060883522033691406 256
1726425083959 0.0605928897857666 257
1726425084000 0.06832671165466309 258
1726425084053 0.06402158737182617 259
1726425084097 0.04947471618652344 260
1726425084154 0.06842803955078125 261
1726425084204 0.07480597496032715 262
1726425084249 0.06562423706054688 263
1726425084308 0.05604732036590576 264
1726425084366 0.06713461875915527 265
1726425084430 0.055245399475097656 266
1726425084493 0.04872393608093262 267
1726425084557 0.06063401699066162 268
1726425084619 0.0590672492980957 269
1726425084682 0.07365715503692627 270
1726425084736 0.07232522964477539 271
1726425084799 0.05613505840301514 272
1726425084872 0.04964494705200195 273
1726425084942 0.06501412391662598 274
1726425085011 0.05680835247039795 275
1726425085078 0.04998147487640381 276
1726425085148 0.05015110969543457 277
1726425085201 0.049985527992248535 278
1726425085249 0.06129610538482666 279
1726425085297 0.05756258964538574 280
1726425085354 0.07294034957885742 281
1726425085404 0.07382917404174805 282
1726425085454 0.07522106170654297 283
1726425085506 0.07980561256408691 284
1726425085562 0.0830458402633667 285
1726425085649 0.07249534130096436 286
1726425085703 0.03856968879699707 287
1726425085774 0.02005481719970703 288
1726425085850 0.05694377422332764 289
1726425085921 0.06530308723449707 290
1726425086000 0.07351791858673096 291
1726425086081 0.07598686218261719 292
1726425086144 0.06328034400939941 293
1726425086205 0.05317652225494385 294
1726425086273 0.02565479278564453 295
1726425086356 0.03918719291687012 296
1726425086433 0.05462968349456787 297
1726425086494 0.04736483097076416 298
1726425086548 0.028133153915405273 299
1726425086602 0.027889728546142578 300
1726425086655 0.03571820259094238 301
1726425086707 0.034070491790771484 302
1726425086758 0.049952030181884766 303
1726425086809 0.04178285598754883 304
1726425086858 0.03025674819946289 305
1726425086909 0.02967965602874756 306
1726425086960 0.062190890312194824 307
1726425087030 0.07957220077514648 308
1726425087092 0.0797584056854248 309
1726425087144 0.07086563110351562 310
1726425087194 0.04523575305938721 311
1726425087245 0.07462787628173828 312
1726425087295 0.07575058937072754 313
1726425087344 0.07861828804016113 314
1726425087394 0.04066133499145508 315
1726425087444 0.0459749698638916 316
1726425087493 0.07303786277770996 317
1726425087542 0.06775796413421631 318
1726425087592 0.07565188407897949 319
1726425087652 0.08033061027526855 320
1726425087721 0.07776784896850586 321
1726425087789 0.08223176002502441 322
1726425087856 0.06872475147247314 323
1726425087909 0.06805932521820068 324
1726425087955 0.07473063468933105 325
1726425088004 0.06852614879608154 326
1726425088053 0.06621801853179932 327
1726425088106 0.07969021797180176 328
1726425088156 0.0782310962677002 329
1726425088203 0.07141661643981934 330
1726425088252 0.041556596755981445 331
1726425088299 0.05040323734283447 332
1726425088347 0.039136409759521484 333
1726425088395 0.069968581199646 334
1726425088443 0.0695340633392334 335
1726425088498 0.07430267333984375 336
1726425088555 0.052785277366638184 337
1726425088605 0.057179808616638184 338
1726425088653 0.04138314723968506 339
1726425088701 0.04191303253173828 340
1726425088749 0.05469965934753418 341
1726425088798 0.021370291709899902 342
1726425088847 0.020789146423339844 343
1726425088896 0.03786492347717285 344
1726425088944 0.051352620124816895 345
1726425088992 0.062485575675964355 346
1726425089041 0.06178092956542969 347
1726425089093 0.05291128158569336 348
1726425089145 0.042765259742736816 349
1726425089205 0.06712985038757324 350
1726425089273 0.07921552658081055 351
1726425089341 0.07562637329101562 352
1726425089408 0.0677410364151001 353
1726425089473 0.07549786567687988 354
1726425089531 0.07847976684570312 355
1726425089586 0.07224094867706299 356
1726425089641 0.05900979042053223 357
1726425089687 0.07030653953552246 358
1726425089734 0.08089971542358398 359
1726425089781 0.07397675514221191 360
1726425089829 0.06861269474029541 361
1726425089877 0.06932306289672852 362
1726425089925 0.05749809741973877 363
1726425089972 0.0485997200012207 364
1726425090021 0.06658124923706055 365
1726425090069 0.0656888484954834 366
1726425090122 0.05582320690155029 367
1726425090170 0.0748138427734375 368
1726425090217 0.0783623456954956 369
1726425090264 0.07552099227905273 370
1726425090314 0.06929683685302734 371
1726425090363 0.06174945831298828 372
1726425090412 0.07985925674438477 373
1726425090459 0.07133543491363525 374
1726425090508 0.07284152507781982 375
1726425090557 0.05877971649169922 376
1726425090606 0.07951045036315918 377
1726425090651 0.07396805286407471 378
1726425090695 0.043421268463134766 379
1726425090738 0.03731489181518555 380
1726425090780 0.06742203235626221 381
1726425090822 0.07003092765808105 382
1726425090863 0.07585585117340088 383
1726425090905 0.049993157386779785 384
1726425090946 0.04462993144989014 385
1726425090986 0.04616856575012207 386
1726425091027 0.07672178745269775 387
1726425091067 0.06633162498474121 388
1726425091108 0.06966066360473633 389
1726425091149 0.041998863220214844 390
1726425091190 0.04313492774963379 391
1726425091229 0.049219369888305664 392
1726425091269 0.06513833999633789 393
1726425091313 0.06554722785949707 394
1726425091362 0.06095099449157715 395
1726425091406 0.04763197898864746 396
1726425091450 0.045810699462890625 397
1726425091491 0.071663498878479 398
1726425091532 0.05963706970214844 399
1726425091571 0.03731417655944824 400
1726425091612 0.06823694705963135 401
1726425091651 0.07372462749481201 402
1726425091690 0.06679809093475342 403
1726425091730 0.07179665565490723 404
1726425091770 0.05505180358886719 405
1726425091809 0.06345677375793457 406
1726425091850 0.0678110122680664 407
1726425091890 0.0787426233291626 408
1726425091929 0.06422853469848633 409
1726425091969 0.06995868682861328 410
1726425092009 0.05652618408203125 411
1726425092049 0.060933828353881836 412
1726425092090 0.07199668884277344 413
1726425092131 0.0696096420288086 414
1726425092172 0.06368076801300049 415
1726425092212 0.051405906677246094 416
1726425092251 0.0694575309753418 417
1726425092291 0.04857325553894043 418
1726425092333 0.013928651809692383 419
1726425092373 0.03916776180267334 420
1726425092413 0.026102542877197266 421
1726425092453 0.058559536933898926 422
1726425092493 0.07729458808898926 423
1726425092533 0.07140350341796875 424
1726425092572 0.06354773044586182 425
1726425092612 0.0741276741027832 426
1726425092652 0.056502699851989746 427
1726425092693 0.0563734769821167 428
1726425092733 0.04109692573547363 429
1726425092773 0.05732262134552002 430
1726425092811 0.06305980682373047 431
1726425092852 0.07062375545501709 432
1726425092892 0.05576133728027344 433
1726425092932 0.01847982406616211 434
1726425092972 0.04368305206298828 435
1726425093012 0.01391744613647461 436
1726425093052 0.04227566719055176 437
1726425093092 0.04625558853149414 438
1726425093132 0.042302489280700684 439
1726425093172 0.04623448848724365 440
1726425093213 0.07161390781402588 441
1726425093253 0.054822444915771484 442
1726425093294 0.0592808723449707 443
1726425093335 0.06389164924621582 444
1726425093394 0.03851056098937988 445
1726425093441 0.05930328369140625 446
1726425093481 0.050287604331970215 447
1726425093529 0.05105733871459961 448
1726425093573 0.052558064460754395 449
1726425093628 0.052799224853515625 450
1726425093676 0.07305920124053955 451
1726425093727 0.0461428165435791 452
1726425093778 0.02366352081298828 453
1726425093824 0.01243448257446289 454
1726425093878 0.03889334201812744 455
1726425093930 0.06641983985900879 456
1726425093975 0.05773353576660156 457
1726425094017 0.06435298919677734 458
1726425094055 0.07525944709777832 459
1726425094093 0.07661652565002441 460
1726425094131 0.07970333099365234 461
1726425094169 0.08217859268188477 462
1726425094207 0.07439529895782471 463
1726425094245 0.07257235050201416 464
1726425094283 0.059465885162353516 465
1726425094321 0.07863104343414307 466
1726425094358 0.06939184665679932 467
1726425094398 0.06955432891845703 468
1726425094436 0.0759279727935791 469
1726425094474 0.060787320137023926 470
1726425094513 0.07716286182403564 471
1726425094552 0.07356476783752441 472
1726425094590 0.06632661819458008 473
1726425094628 0.06360745429992676 474
1726425094666 0.07160139083862305 475
1726425094705 0.06758129596710205 476
1726425094743 0.03334760665893555 477
1726425094781 0.03513538837432861 478
1726425094819 0.015924453735351562 479
1726425094858 0.050330162048339844 480
1726425094898 0.0723123550415039 481
1726425094937 0.07675135135650635 482
1726425094976 0.0721200704574585 483
1726425095017 0.0692286491394043 484
1726425095056 0.061711907386779785 485
1726425095095 0.05905580520629883 486
1726425095137 0.05521070957183838 487
1726425095177 0.06533229351043701 488
1726425095216 0.047206878662109375 489
1726425095259 0.04203295707702637 490
1726425095302 0.05545306205749512 491
1726425095346 0.04852151870727539 492
1726425095391 0.06365108489990234 493
1726425095435 0.07594645023345947 494
1726425095474 0.06955194473266602 495
1726425095512 0.04989290237426758 496
1726425095550 0.04894399642944336 497
1726425095589 0.06182146072387695 498
1726425095627 0.036630868911743164 499
1726425095666 0.0525970458984375 500
1726425095714 0.05588960647583008 501
1726425095765 0.05693650245666504 502
1726425095807 0.025308609008789062 503
1726425095853 0.04241824150085449 504
1726425095893 0.059721946716308594 505
1726425095933 0.013882040977478027 506
1726425095973 0.04538428783416748 507
1726425096013 0.030498623847961426 508
1726425096061 0.04039287567138672 509
1726425096103 0.04658174514770508 510
1726425096143 0.053173184394836426 511
1726425096188 0.06892669200897217 512
1726425096237 0.06116282939910889 513
1726425096277 0.0723428726196289 514
1726425096324 0.06453049182891846 515
1726425096372 0.07233965396881104 516
1726425096418 0.07503771781921387 517
1726425096463 0.06680047512054443 518
1726425096508 0.0756082534790039 519
1726425096547 0.06498754024505615 520
1726425096586 0.06839203834533691 521
1726425096625 0.06337273120880127 522
1726425096664 0.060451507568359375 523
1726425096703 0.06882548332214355 524
1726425096743 0.062053561210632324 525
1726425096781 0.06460630893707275 526
1726425096823 0.0724031925201416 527
1726425096869 0.07271957397460938 528
1726425096914 0.06891250610351562 529
1726425096954 0.057646989822387695 530
1726425096992 0.07032322883605957 531
1726425097031 0.07628655433654785 532
1726425097071 0.0690079927444458 533
1726425097111 0.07013821601867676 534
1726425097150 0.07931900024414062 535
1726425097191 0.07673144340515137 536
1726425097231 0.06406378746032715 537
1726425097270 0.07739949226379395 538
1726425097311 0.05676627159118652 539
1726425097354 0.046318888664245605 540
1726425097410 0.047357916831970215 541
1726425097454 0.049263954162597656 542
1726425097499 0.0712660551071167 543
1726425097540 0.07982850074768066 544
1726425097582 0.0704648494720459 545
1726425097628 0.06253933906555176 546
1726425097676 0.07276594638824463 547
1726425097723 0.06988930702209473 548
1726425097761 0.0629723072052002 549
1726425097799 0.070639967918396 550
1726425097838 0.05985665321350098 551
1726425097876 0.05759012699127197 552
1726425097915 0.046547651290893555 553
1726425097954 0.0539020299911499 554
1726425097992 0.053350210189819336 555
1726425098031 0.06804609298706055 556
1726425098070 0.04066061973571777 557
1726425098110 0.03869509696960449 558
1726425098149 0.020375967025756836 559
1726425098189 0.04874110221862793 560
1726425098229 0.06102585792541504 561
1726425098269 0.0581049919128418 562
1726425098312 0.04995870590209961 563
1726425098356 0.036556363105773926 564
1726425098397 0.06278598308563232 565
1726425098445 0.05486595630645752 566
1726425098488 0.0494694709777832 567
1726425098551 0.06067836284637451 568
1726425098615 0.05762481689453125 569
1726425098676 0.07281494140625 570
1726425098738 0.02953171730041504 571
1726425098799 0.0270078182220459 572
1726425098851 0.07116925716400146 573
1726425098895 0.06439447402954102 574
1726425098941 0.076835036277771 575
1726425098983 0.04991006851196289 576
1726425099024 0.06183123588562012 577
1726425099074 0.057414889335632324 578
1726425099124 0.061300039291381836 579
1726425099177 0.07583093643188477 580
1726425099220 0.0739593505859375 581
1726425099259 0.07314324378967285 582
1726425099300 0.06778132915496826 583
1726425099344 0.060190677642822266 584
1726425099383 0.0732576847076416 585
1726425099432 0.06778597831726074 586
1726425099477 0.06465411186218262 587
1726425099518 0.05089879035949707 588
1726425099560 0.07480406761169434 589
1726425099598 0.06741762161254883 590
1726425099635 0.05394136905670166 591
1726425099675 0.03914666175842285 592
1726425099713 0.03875446319580078 593
1726425099752 0.038359642028808594 594
1726425099791 0.05275106430053711 595
1726425099830 0.051438331604003906 596
1726425099868 0.06338930130004883 597
1726425099908 0.06346321105957031 598
1726425099948 0.060192108154296875 599
1726425099986 0.07272577285766602 600
1726425100025 0.06255483627319336 601
1726425100063 0.057791948318481445 602
1726425100103 0.07026028633117676 603
1726425100142 0.0758669376373291 604
1726425100181 0.07674217224121094 605
1726425100220 0.07542502880096436 606
1726425100259 0.05785489082336426 607
1726425100297 0.06053042411804199 608
1726425100336 0.05088794231414795 609
1726425100375 0.04509317874908447 610
1726425100414 0.06245994567871094 611
1726425100453 0.05190157890319824 612
1726425100492 0.04053819179534912 613
1726425100531 0.04826509952545166 614
1726425100570 0.06159687042236328 615
1726425100609 0.07020449638366699 616
1726425100648 0.061377763748168945 617
1726425100699 0.05806398391723633 618
1726425100740 0.06662893295288086 619
1726425100781 0.07579565048217773 620
1726425100821 0.07019186019897461 621
1726425100864 0.0590662956237793 622
1726425100905 0.062439799308776855 623
1726425100949 0.0623934268951416 624
1726425100993 0.07590937614440918 625
1726425101038 0.07998037338256836 626
1726425101085 0.0772627592086792 627
1726425101133 0.07160961627960205 628
1726425101181 0.0755617618560791 629
1726425101228 0.07125210762023926 630
1726425101277 0.05820441246032715 631
1726425101324 0.05082833766937256 632
1726425101377 0.03387343883514404 633
1726425101434 0.040177345275878906 634
1726425101487 0.045229315757751465 635
1726425101537 0.043143630027770996 636
1726425101587 0.04318678379058838 637
1726425101645 0.05214691162109375 638
1726425101723 0.059444546699523926 639
1726425101782 0.05152010917663574 640
1726425101833 0.06403219699859619 641
1726425101883 0.06175661087036133 642
1726425101953 0.055856943130493164 643
1726425102022 0.05557453632354736 644
1726425102089 0.06712639331817627 645
1726425102156 0.08152568340301514 646
1726425102224 0.07562458515167236 647
1726425102275 0.07315993309020996 648
1726425102321 0.05576586723327637 649
1726425102371 0.059641480445861816 650
1726425102422 0.07671666145324707 651
1726425102470 0.0675802230834961 652
1726425102518 0.05195474624633789 653
1726425102568 0.06398272514343262 654
1726425102617 0.06661343574523926 655
1726425102666 0.07999646663665771 656
1726425102715 0.07667887210845947 657
1726425102764 0.03550386428833008 658
1726425102814 0.03243732452392578 659
1726425102864 0.032300710678100586 660
1726425102913 0.030338525772094727 661
1726425102966 0.02455449104309082 662
1726425103025 0.06414484977722168 663
1726425103085 0.06386566162109375 664
1726425103134 0.0668708086013794 665
1726425103182 0.06508135795593262 666
1726425103231 0.06749629974365234 667
1726425103283 0.07125520706176758 668
1726425103331 0.07327866554260254 669
1726425103385 0.07465076446533203 670
1726425103455 0.07326269149780273 671
1726425103513 0.07593357563018799 672
1726425103560 0.0425105094909668 673
1726425103607 0.01579570770263672 674
1726425103655 0.021612882614135742 675
1726425103704 0.012982845306396484 676
1726425103759 0.034013986587524414 677
1726425103809 0.04562199115753174 678
1726425103857 0.078452467918396 679
1726425103906 0.08106529712677002 680
1726425103955 0.08001101016998291 681
1726425104005 0.06260192394256592 682
1726425104053 0.07109999656677246 683
1726425104108 0.07202577590942383 684
1726425104158 0.0760354995727539 685
1726425104224 0.07881569862365723 686
1726425104293 0.07271432876586914 687
1726425104361 0.062491416931152344 688
1726425104427 0.059763193130493164 689
1726425104493 0.060381412506103516 690
1726425104559 0.05511820316314697 691
1726425104608 0.06317377090454102 692
1726425104653 0.05312931537628174 693
1726425104700 0.050777554512023926 694
1726425104747 0.045314908027648926 695
1726425104795 0.061890482902526855 696
1726425104842 0.05854594707489014 697
1726425104890 0.056627511978149414 698
1726425104938 0.061072587966918945 699
1726425104986 0.08083295822143555 700
1726425105037 0.08223247528076172 701
1726425105107 0.06967306137084961 702
1726425105166 0.07048690319061279 703
1726425105214 0.07410550117492676 704
1726425105265 0.07754325866699219 705
1726425105325 0.07424569129943848 706
1726425105388 0.07134461402893066 707
1726425105436 0.08079373836517334 708
1726425105479 0.06195533275604248 709
1726425105522 0.034845948219299316 710
1726425105565 0.008441925048828125 711
1726425105607 0.00836038589477539 712
1726425105648 0.031226634979248047 713
1726425105689 0.03935742378234863 714
1726425105730 0.05949068069458008 715
1726425105771 0.07755911350250244 716
1726425105811 0.06691491603851318 717
1726425105852 0.06219804286956787 718
1726425105892 0.05654561519622803 719
1726425105935 0.05097472667694092 720
1726425105981 0.021826982498168945 721
1726425106023 0.06590521335601807 722
1726425106063 0.052010297775268555 723
1726425106105 0.05128026008605957 724
1726425106149 0.018289804458618164 725
1726425106212 0.012475132942199707 726
1726425106282 0.012416481971740723 727
1726425106331 0.05687355995178223 728
1726425106373 0.0689929723739624 729
1726425106417 0.06304740905761719 730
1726425106459 0.07772302627563477 731
1726425106502 0.07861530780792236 732
1726425106547 0.0791243314743042 733
1726425106589 0.06671178340911865 734
1726425106631 0.054503440856933594 735
1726425106673 0.043717145919799805 736
1726425106717 0.04073929786682129 737
1726425106762 0.04062831401824951 738
1726425106805 0.03311300277709961 739
1726425106848 0.031621694564819336 740
1726425106886 0.05334675312042236 741
1726425106923 0.0347515344619751 742
1726425106961 0.0463176965713501 743
1726425107000 0.06186413764953613 744
1726425107037 0.06001138687133789 745
1726425107075 0.06585395336151123 746
1726425107114 0.08192276954650879 747
1726425107153 0.06001782417297363 748
1726425107191 0.06132960319519043 749
1726425107231 0.05524015426635742 750
1726425107270 0.06929993629455566 751
1726425107308 0.06224238872528076 752
1726425107349 0.06329464912414551 753
1726425107395 0.056272029876708984 754
1726425107445 0.04291343688964844 755
1726425107515 0.06821560859680176 756
1726425107588 0.059185028076171875 757
1726425107633 0.04933023452758789 758
1726425107670 0.04383254051208496 759
1726425107710 0.06027340888977051 760
1726425107747 0.03407561779022217 761
1726425107785 0.03099966049194336 762
1726425107822 0.033387184143066406 763
1726425107860 0.03584909439086914 764
1726425107897 0.03618121147155762 765
1726425107935 0.03413379192352295 766
1726425107974 0.03190350532531738 767
1726425108012 0.055463552474975586 768
1726425108049 0.047733426094055176 769
1726425108087 0.039690256118774414 770
1726425108125 0.039136290550231934 771
1726425108163 0.0455775260925293 772
1726425108203 0.05278205871582031 773
1726425108242 0.0544285774230957 774
1726425108281 0.04755401611328125 775
1726425108321 0.0701751708984375 776
1726425108361 0.07547616958618164 777
1726425108400 0.06221365928649902 778
1726425108440 0.04297518730163574 779
1726425108480 0.07080495357513428 780
1726425108520 0.0750117301940918 781
1726425108559 0.08009660243988037 782
1726425108599 0.07904946804046631 783
1726425108639 0.08063912391662598 784
1726425108677 0.07505977153778076 785
1726425108718 0.07354021072387695 786
1726425108757 0.07575345039367676 787
1726425108796 0.047048330307006836 788
1726425108836 0.04548919200897217 789
1726425108875 0.04468238353729248 790
1726425108915 0.03708648681640625 791
1726425108955 0.03510737419128418 792
1726425108995 0.04853177070617676 793
1726425109034 0.02718639373779297 794
1726425109073 0.034323692321777344 795
1726425109113 0.06043124198913574 796
1726425109153 0.07069635391235352 797
1726425109192 0.07996511459350586 798
1726425109234 0.07242584228515625 799
1726425109273 0.0688786506652832 800
1726425109312 0.06412863731384277 801
1726425109351 0.05105412006378174 802
1726425109390 0.041956186294555664 803
1726425109429 0.05241584777832031 804
1726425109469 0.0791163444519043 805
1726425109509 0.07903718948364258 806
1726425109549 0.07736992835998535 807
1726425109588 0.06466412544250488 808
1726425109627 0.06440603733062744 809
1726425109666 0.049786925315856934 810
1726425109706 0.06095004081726074 811
1726425109747 0.05978357791900635 812
1726425109786 0.07002770900726318 813
1726425109825 0.0696789026260376 814
1726425109864 0.07013309001922607 815
1726425109904 0.06249856948852539 816
1726425109944 0.05794680118560791 817
1726425109985 0.06346464157104492 818
1726425110025 0.030119776725769043 819
1726425110064 0.03610563278198242 820
1726425110104 0.03446793556213379 821
1726425110144 0.033417463302612305 822
1726425110184 0.032303452491760254 823
1726425110223 0.034508705139160156 824
1726425110262 0.03500795364379883 825
1726425110302 0.03216683864593506 826
1726425110341 0.040441036224365234 827
1726425110381 0.007808208465576172 828
1726425110421 0.021126270294189453 829
1726425110464 0.026884913444519043 830
1726425110509 0.017873048782348633 831
1726425110556 0.0023452043533325195 832
1726425110605 0.0019969940185546875 833
1726425110647 0.0016379356384277344 834
1726425110691 0.0012676715850830078 835
1726425110735 0.0008854866027832031 836
1726425110776 0.047014594078063965 837
1726425110820 0.04895007610321045 838
1726425110861 0.046465396881103516 839
1726425110899 0.043524742126464844 840
1726425110937 0.0471494197845459 841
1726425110975 0.018595337867736816 842
1726425111014 0.0404205322265625 843
1726425111053 0.015981197357177734 844
1726425111091 0.0384068489074707 845
1726425111130 0.037305355072021484 846
1726425111170 0.04469704627990723 847
1726425111210 0.046750783920288086 848
1726425111250 0.07527422904968262 849
1726425111289 0.07396841049194336 850
1726425111332 0.04816842079162598 851
1726425111374 0.046891093254089355 852
1726425111414 0.03881478309631348 853
1726425111453 0.03278350830078125 854
1726425111495 0.03231096267700195 855
1726425111534 0.05301976203918457 856
1726425111573 0.02852344512939453 857
1726425111613 0.014344215393066406 858
1726425111652 0.0160367488861084 859
1726425111692 0.008631467819213867 860
1726425111732 0.008478641510009766 861
1726425111772 0.008322000503540039 862
1726425111814 0.008161067962646484 863
1726425111856 0.007996082305908203 864
1726425111897 0.007826685905456543 865
1726425111938 0.007652759552001953 866
1726425111979 0.0074846744537353516 867
1726425112019 0.0073430538177490234 868
1726425112058 0.007197022438049316 869
1726425112098 0.007046699523925781 870
1726425112138 0.006891846656799316 871
1726425112177 0.02652907371520996 872
1726425112218 0.029729604721069336 873
1726425112258 0.027306079864501953 874
1726425112297 0.03377377986907959 875
1726425112339 0.028568744659423828 876
1726425112379 0.03345036506652832 877
1726425112418 0.032004594802856445 878
1726425112459 0.03041529655456543 879
1726425112499 0.028644442558288574 880
1726425112539 0.02663445472717285 881
1726425112579 0.012614250183105469 882
1726425112619 0.04204881191253662 883
1726425112658 0.03739321231842041 884
1726425112698 0.031627774238586426 885
1726425112738 0.05363035202026367 886
1726425112777 0.045392513275146484 887
1726425112817 0.04183030128479004 888
1726425112856 0.07254433631896973 889
1726425112896 0.0695732831954956 890
1726425112935 0.07007837295532227 891
1726425112975 0.0696709156036377 892
1726425113022 0.05768096446990967 893
1726425113075 0.05711698532104492 894
1726425113122 0.056476593017578125 895
1726425113172 0.06287038326263428 896
1726425113233 0.053700923919677734 897
1726425113290 0.05260324478149414 898
1726425113342 0.047586798667907715 899
1726425113392 0.06081056594848633 900
1726425113443 0.05739390850067139 901
1726425113493 0.056360840797424316 902
1726425113543 0.05581080913543701 903
1726425113594 0.0475153923034668 904
1726425113648 0.045345306396484375 905
1726425113699 0.04286336898803711 906
1726425113771 0.0398564338684082 907
1726425113842 0.0356440544128418 908
1726425113894 0.05340075492858887 909
1726425113949 0.029668092727661133 910
1726425114006 0.038384199142456055 911
1726425114058 0.053336143493652344 912
1726425114108 0.05772995948791504 913
1726425114158 0.052106380462646484 914
1726425114212 0.058625102043151855 915
1726425114265 0.06206202507019043 916
1726425114315 0.06509518623352051 917
1726425114362 0.058622002601623535 918
1726425114407 0.05530047416687012 919
1726425114450 0.011025786399841309 920
1726425114496 0.011017084121704102 921
1726425114538 0.011008143424987793 922
1726425114582 0.010999202728271484 923
1726425114623 0.010990381240844727 924
1726425114665 0.010981321334838867 925
1726425114706 0.010972261428833008 926
1726425114748 0.0109633207321167 927
1726425114789 0.019914627075195312 928
1726425114829 0.012472033500671387 929
1726425114869 0.012471556663513184 930
1726425114910 0.012470841407775879 931
1726425114951 0.012470245361328125 932
1726425114992 0.01246953010559082 933
1726425115032 0.012468576431274414 934
1726425115072 0.012467622756958008 935
1726425115112 0.012466788291931152 936
1726425115152 0.012465715408325195 937
1726425115192 0.012464761734008789 938
1726425115232 0.012463569641113281 939
1726425115272 0.012462377548217773 940
1726425115313 0.012460708618164062 941
1726425115352 0.012459158897399902 942
1726425115391 0.012457609176635742 943
1726425115431 0.012455582618713379 944
1726425115472 0.012453317642211914 945
1726425115512 0.012451410293579102 946
1726425115553 0.011515974998474121 947
1726425115592 0.01145470142364502 948
1726425115632 0.011391401290893555 949
1726425115674 0.011326789855957031 950
1726425115718 0.011260628700256348 951
1726425115762 0.01121068000793457 952
1726425115807 0.011202454566955566 953
1726425115858 0.011194467544555664 954
1726425115925 0.01118612289428711 955
1726425115975 0.011178135871887207 956
1726425116021 0.011169672012329102 957
1726425116068 0.012225508689880371 958
1726425116115 0.012206196784973145 959
1726425116163 0.012184977531433105 960
1726425116210 0.012162446975708008 961
1726425116259 0.012137651443481445 962
1726425116312 0.00891125202178955 963
1726425116360 0.007252812385559082 964
1726425116408 0.006548523902893066 965
1726425116457 0.006370902061462402 966
1726425116506 0.006192445755004883 967
1726425116554 0.006013035774230957 968
1726425116602 0.005832672119140625 969
1726425116650 0.005651712417602539 970
1726425116699 0.005469560623168945 971
1726425116758 0.01694488525390625 972
1726425116817 0.009568333625793457 973
1726425116875 0.004639983177185059 974
1726425116930 0.0041697025299072266 975
1726425116981 0.0036677122116088867 976
1726425117031 0.0031309127807617188 977
1726425117084 0.0045812129974365234 978
1726425117133 0.001808762550354004 979
1726425117182 -0.001638650894165039 980
1726425117233 0.010835528373718262 981
1726425117283 0.009631991386413574 982
1726425117334 0.008370280265808105 983
1726425117383 0.0070421695709228516 984
1726425117433 0.0056378841400146484 985
1726425117483 0.004144906997680664 986
1726425117534 0.0025463104248046875 987
1726425117582 0.014859199523925781 988
1726425117632 0.012664794921875 989
1726425117681 0.0031048059463500977 990
1726425117731 -0.0019097328186035156 991
1726425117778 -0.0044678449630737305 992
1726425117827 -0.005149245262145996 993
1726425117875 -0.001904129981994629 994
1726425117924 -0.0023834705352783203 995
1726425117976 -0.0028890371322631836 996
1726425118025 -0.0034236907958984375 997
1726425118073 -0.0039904117584228516 998
1726425118121 -0.0045931339263916016 999
