1726422638484 1.3697903156280518 0
1726422638526 1.3697903156280518 1
1726422638564 1.3697903156280518 2
1726422638601 1.3697903156280518 3
1726422638639 1.3697903156280518 4
1726422638677 1.3697903156280518 5
1726422638716 1.3697903156280518 6
1726422638754 1.3697903156280518 7
1726422638792 1.3697903156280518 8
1726422638830 1.3697903156280518 9
1726422638868 1.3697903156280518 10
1726422638907 1.3697903156280518 11
1726422638946 1.3697903156280518 12
1726422638985 1.3697903156280518 13
1726422639023 1.3697903156280518 14
1726422639061 1.3697903156280518 15
1726422639099 1.3697903156280518 16
1726422639138 1.3697903156280518 17
1726422639176 1.3697903156280518 18
1726422639217 1.3697903156280518 19
1726422639258 1.3697903156280518 20
1726422639306 1.3697903156280518 21
1726422639358 1.3697903156280518 22
1726422639406 1.3697903156280518 23
1726422639448 1.3697903156280518 24
1726422639507 1.3697903156280518 25
1726422639559 1.3697903156280518 26
1726422639601 1.3697903156280518 27
1726422639641 1.3697903156280518 28
1726422639683 1.3697903156280518 29
1726422639725 1.3697903156280518 30
1726422639766 1.3697903156280518 31
1726422639809 1.3697903156280518 32
1726422639852 1.3697903156280518 33
1726422639894 1.3697903156280518 34
1726422639936 1.3697903156280518 35
1726422639980 1.3697903156280518 36
1726422640021 1.3697903156280518 37
1726422640068 1.3697903156280518 38
1726422640115 1.3697903156280518 39
1726422640156 1.3697903156280518 40
1726422640193 1.3697903156280518 41
1726422640233 1.3697903156280518 42
1726422640271 1.3697903156280518 43
1726422640309 1.3697903156280518 44
1726422640352 1.3697903156280518 45
1726422640396 1.3697903156280518 46
1726422640433 1.3697903156280518 47
1726422640471 1.3697903156280518 48
1726422640509 1.3697903156280518 49
1726422640547 1.3697903156280518 50
1726422640586 1.3697903156280518 51
1726422640625 1.3697903156280518 52
1726422640666 1.3697903156280518 53
1726422640707 1.3697903156280518 54
1726422640749 1.3697903156280518 55
1726422640792 1.3697903156280518 56
1726422640835 1.3697903156280518 57
1726422640881 1.3697903156280518 58
1726422640932 1.3697903156280518 59
1726422640979 1.3697903156280518 60
1726422641044 1.3697903156280518 61
1726422641107 1.3697903156280518 62
1726422641156 1.3697903156280518 63
1726422641210 1.3697903156280518 64
1726422641256 1.3697903156280518 65
1726422641303 1.3697903156280518 66
1726422641350 1.3697903156280518 67
1726422641398 1.3697903156280518 68
1726422641467 1.3697903156280518 69
1726422641527 1.3697903156280518 70
1726422641585 1.3697903156280518 71
1726422641648 1.3697903156280518 72
1726422641704 1.3697903156280518 73
1726422641768 1.3697903156280518 74
1726422641826 1.3697903156280518 75
1726422641883 1.3697903156280518 76
1726422641941 1.3697903156280518 77
1726422641999 1.3697903156280518 78
1726422642055 1.3697903156280518 79
1726422642111 1.3697903156280518 80
1726422642164 1.3697903156280518 81
1726422642211 1.3697903156280518 82
1726422642259 1.3697903156280518 83
1726422642308 1.3697903156280518 84
1726422642359 1.3697903156280518 85
1726422642410 1.3697903156280518 86
1726422642459 1.3697903156280518 87
1726422642509 1.3697903156280518 88
1726422642559 1.3697903156280518 89
1726422642608 1.3697903156280518 90
1726422642658 1.3697903156280518 91
1726422642708 1.3697903156280518 92
1726422642780 1.3697903156280518 93
1726422642829 1.3697903156280518 94
1726422642880 1.3697903156280518 95
1726422642928 1.3697903156280518 96
1726422642976 1.3697903156280518 97
1726422643024 1.3697903156280518 98
1726422643074 1.3697903156280518 99
1726422643122 1.3697903156280518 100
1726422643171 1.3697903156280518 101
1726422643221 1.3697903156280518 102
1726422643271 1.3697903156280518 103
1726422643319 1.3697903156280518 104
1726422643367 1.3697903156280518 105
1726422643414 1.3697903156280518 106
1726422643464 1.3697903156280518 107
1726422643512 1.3697903156280518 108
1726422643560 1.3697903156280518 109
1726422643608 1.3697903156280518 110
1726422643656 1.3697903156280518 111
1726422643703 1.3697903156280518 112
1726422643753 1.3697903156280518 113
1726422643803 1.3697903156280518 114
1726422643853 1.3697903156280518 115
1726422643900 1.3697903156280518 116
1726422643970 1.3697903156280518 117
1726422644034 1.3697903156280518 118
1726422644081 1.3697903156280518 119
1726422644129 1.3697903156280518 120
1726422644176 1.3697903156280518 121
1726422644223 1.3697903156280518 122
1726422644271 1.3697903156280518 123
1726422644318 1.3697903156280518 124
1726422644366 1.3697903156280518 125
1726422644415 1.3697903156280518 126
1726422644466 1.3697903156280518 127
1726422644516 1.3697903156280518 128
1726422644562 1.3697903156280518 129
1726422644606 1.3697903156280518 130
1726422644649 1.3697903156280518 131
1726422644692 1.3697903156280518 132
1726422644733 1.3697903156280518 133
1726422644775 1.3697903156280518 134
1726422644816 1.3697903156280518 135
1726422644856 1.3697903156280518 136
1726422644896 1.3697903156280518 137
1726422644937 1.3697903156280518 138
1726422644977 1.3697903156280518 139
1726422645016 1.3697903156280518 140
1726422645057 1.3697903156280518 141
1726422645096 1.3697903156280518 142
1726422645136 1.3697903156280518 143
1726422645176 1.3697903156280518 144
1726422645217 1.3697903156280518 145
1726422645259 1.3697903156280518 146
1726422645300 1.3697903156280518 147
1726422645339 1.3697903156280518 148
1726422645381 1.3697903156280518 149
1726422645421 1.3697903156280518 150
1726422645460 1.3697903156280518 151
1726422645500 1.3697903156280518 152
1726422645541 1.3697903156280518 153
1726422645580 1.3697903156280518 154
1726422645618 1.3697903156280518 155
1726422645658 1.3697903156280518 156
1726422645697 1.3697903156280518 157
1726422645736 1.3697903156280518 158
1726422645776 1.3697903156280518 159
1726422645816 1.3697903156280518 160
1726422645855 1.3697903156280518 161
1726422645894 1.3697903156280518 162
1726422645934 1.3697903156280518 163
1726422645973 1.3697903156280518 164
1726422646012 1.3697903156280518 165
1726422646052 1.3697903156280518 166
1726422646091 1.3697903156280518 167
1726422646130 1.3697903156280518 168
1726422646171 1.3697903156280518 169
1726422646211 1.3697903156280518 170
1726422646250 1.3697903156280518 171
1726422646290 1.3697903156280518 172
1726422646329 1.3697903156280518 173
1726422646368 1.3697903156280518 174
1726422646408 1.3697903156280518 175
1726422646447 1.3697903156280518 176
1726422646486 1.3697903156280518 177
1726422646526 1.3697903156280518 178
1726422646565 1.3697903156280518 179
1726422646604 1.3697903156280518 180
1726422646644 1.3697903156280518 181
1726422646682 1.3697903156280518 182
1726422646721 1.3697903156280518 183
1726422646762 1.3697903156280518 184
1726422646801 1.3697903156280518 185
1726422646840 1.3697903156280518 186
1726422646878 1.3697903156280518 187
1726422646918 1.3697903156280518 188
1726422646957 1.3697903156280518 189
1726422646996 1.3697903156280518 190
1726422647036 1.3697903156280518 191
1726422647075 1.3697903156280518 192
1726422647114 1.3697903156280518 193
1726422647154 1.3697903156280518 194
1726422647194 1.3697903156280518 195
1726422647234 1.3697903156280518 196
1726422647274 1.3697903156280518 197
1726422647314 1.3697903156280518 198
1726422647354 1.3697903156280518 199
1726422647392 1.3697903156280518 200
1726422647433 1.3697903156280518 201
1726422647472 1.3697903156280518 202
1726422647512 1.3697903156280518 203
1726422647552 1.3697903156280518 204
1726422647592 1.3697903156280518 205
1726422647631 1.3697903156280518 206
1726422647670 1.3697903156280518 207
1726422647710 1.3697903156280518 208
1726422647749 1.3697903156280518 209
1726422647788 1.3697903156280518 210
1726422647828 1.3697903156280518 211
1726422647867 1.3697903156280518 212
1726422647907 1.3697903156280518 213
1726422647947 1.3697903156280518 214
1726422647987 1.3697903156280518 215
1726422648027 1.3697903156280518 216
1726422648065 1.3697903156280518 217
1726422648104 1.3697903156280518 218
1726422648144 1.3697903156280518 219
1726422648184 1.3697903156280518 220
1726422648223 1.3697903156280518 221
1726422648263 1.3697903156280518 222
1726422648303 1.3697903156280518 223
1726422648342 1.3697903156280518 224
1726422648389 1.3697903156280518 225
1726422648442 1.3697903156280518 226
1726422648494 1.3697903156280518 227
1726422648558 1.3697903156280518 228
1726422648613 1.3697903156280518 229
1726422648671 1.3697903156280518 230
1726422648729 1.3697903156280518 231
1726422648790 1.3697903156280518 232
1726422648855 1.3697903156280518 233
1726422648904 1.3697903156280518 234
1726422648953 1.3697903156280518 235
1726422649021 1.3697903156280518 236
1726422649089 1.3697903156280518 237
1726422649155 1.3697903156280518 238
1726422649207 1.3697903156280518 239
1726422649257 1.3697903156280518 240
1726422649308 1.3697903156280518 241
1726422649358 1.3697903156280518 242
1726422649408 1.3697903156280518 243
1726422649459 1.3697903156280518 244
1726422649509 1.3697903156280518 245
1726422649560 1.3697903156280518 246
1726422649609 1.3697903156280518 247
1726422649660 1.3697903156280518 248
1726422649711 1.3697903156280518 249
1726422649764 1.3697903156280518 250
1726422649812 1.3697903156280518 251
1726422649857 1.3697903156280518 252
1726422649901 1.3697903156280518 253
1726422649944 1.3697903156280518 254
1726422649987 1.3697903156280518 255
1726422650029 1.3697903156280518 256
1726422650070 1.3697903156280518 257
1726422650111 1.3697903156280518 258
1726422650151 1.3697903156280518 259
1726422650191 1.3697903156280518 260
1726422650231 1.3697903156280518 261
1726422650271 1.3697903156280518 262
1726422650311 1.3697903156280518 263
1726422650354 1.3697903156280518 264
1726422650400 1.3697903156280518 265
1726422650447 1.3697903156280518 266
1726422650489 1.3697903156280518 267
1726422650531 1.3697903156280518 268
1726422650573 1.3697903156280518 269
1726422650614 1.3697903156280518 270
1726422650654 1.3697903156280518 271
1726422650695 1.3697903156280518 272
1726422650734 1.3697903156280518 273
1726422650777 1.3697903156280518 274
1726422650817 1.3697903156280518 275
1726422650856 1.3697903156280518 276
1726422650896 1.3697903156280518 277
1726422650937 1.3697903156280518 278
1726422650976 1.3697903156280518 279
1726422651015 1.3697903156280518 280
1726422651054 1.3697903156280518 281
1726422651093 1.3697903156280518 282
1726422651132 1.3697903156280518 283
1726422651171 1.3697903156280518 284
1726422651210 1.3697903156280518 285
1726422651249 1.3697903156280518 286
1726422651288 1.3697903156280518 287
1726422651328 1.3697903156280518 288
1726422651366 1.3697903156280518 289
1726422651405 1.3697903156280518 290
1726422651444 1.3697903156280518 291
1726422651483 1.3697903156280518 292
1726422651523 1.3697903156280518 293
1726422651563 1.3697903156280518 294
1726422651602 1.3697903156280518 295
1726422651641 1.3697903156280518 296
1726422651679 1.3697903156280518 297
1726422651720 1.3697903156280518 298
1726422651760 1.3697903156280518 299
1726422651799 1.3697903156280518 300
1726422651839 1.3697903156280518 301
1726422651879 1.3697903156280518 302
1726422651918 1.3697903156280518 303
1726422651957 1.3697903156280518 304
1726422651997 1.3697903156280518 305
1726422652036 1.3697903156280518 306
1726422652075 1.3697903156280518 307
1726422652114 1.3697903156280518 308
1726422652154 1.3697903156280518 309
1726422652194 1.3697903156280518 310
1726422652232 1.3697903156280518 311
1726422652272 1.3697903156280518 312
1726422652312 1.3697903156280518 313
1726422652352 1.3697903156280518 314
1726422652395 1.3697903156280518 315
1726422652434 1.3697903156280518 316
1726422652473 1.3697903156280518 317
1726422652512 1.3697903156280518 318
1726422652552 1.3697903156280518 319
1726422652591 1.3697903156280518 320
1726422652629 1.3697903156280518 321
1726422652669 1.3697903156280518 322
1726422652708 1.3697903156280518 323
1726422652747 1.3697903156280518 324
1726422652788 1.3697903156280518 325
1726422652827 1.3697903156280518 326
1726422652866 1.3697903156280518 327
1726422652905 1.3697903156280518 328
1726422652945 1.3697903156280518 329
1726422652984 1.3697903156280518 330
1726422653023 1.3697903156280518 331
1726422653063 1.3697903156280518 332
1726422653102 1.3697903156280518 333
1726422653140 1.3697903156280518 334
1726422653180 1.3697903156280518 335
1726422653219 1.3697903156280518 336
1726422653258 1.3697903156280518 337
1726422653298 1.3697903156280518 338
1726422653337 1.3697903156280518 339
1726422653376 1.3697903156280518 340
1726422653417 1.3697903156280518 341
1726422653456 1.3697903156280518 342
1726422653495 1.3697903156280518 343
1726422653535 1.3697903156280518 344
1726422653574 1.3697903156280518 345
1726422653613 1.3697903156280518 346
1726422653652 1.3697903156280518 347
1726422653692 1.3697903156280518 348
1726422653742 1.3697903156280518 349
1726422653801 1.3697903156280518 350
1726422653845 1.3697903156280518 351
1726422653889 1.3697903156280518 352
1726422653943 1.3697903156280518 353
1726422654001 1.3697903156280518 354
1726422654055 1.3697903156280518 355
1726422654115 1.3697903156280518 356
1726422654154 1.3697903156280518 357
1726422654192 1.3697903156280518 358
1726422654228 1.3697903156280518 359
1726422654267 1.3697903156280518 360
1726422654305 1.3697903156280518 361
1726422654342 1.3697903156280518 362
1726422654379 1.3697903156280518 363
1726422654417 1.3697903156280518 364
1726422654455 1.3697903156280518 365
1726422654492 1.3697903156280518 366
1726422654531 1.3697903156280518 367
1726422654570 1.3697903156280518 368
1726422654608 1.3697903156280518 369
1726422654647 1.3697903156280518 370
1726422654685 1.3697903156280518 371
1726422654726 1.3697903156280518 372
1726422654765 1.3697903156280518 373
1726422654804 1.3697903156280518 374
1726422654842 1.3697903156280518 375
1726422654882 1.3697903156280518 376
1726422654921 1.3697903156280518 377
1726422654960 1.3697903156280518 378
1726422655000 1.3697903156280518 379
1726422655039 1.3697903156280518 380
1726422655078 1.3697903156280518 381
1726422655117 1.3697903156280518 382
1726422655157 1.3697903156280518 383
1726422655196 1.3697903156280518 384
1726422655236 1.3697903156280518 385
1726422655276 1.3697903156280518 386
1726422655315 1.3697903156280518 387
1726422655354 1.3697903156280518 388
1726422655393 1.3697903156280518 389
1726422655432 1.3697903156280518 390
1726422655473 1.3697903156280518 391
1726422655517 1.3697903156280518 392
1726422655559 1.3697903156280518 393
1726422655601 1.3697903156280518 394
1726422655655 1.3697903156280518 395
1726422655712 1.3697903156280518 396
1726422655763 1.3697903156280518 397
1726422655812 1.3697903156280518 398
1726422655856 1.3697903156280518 399
1726422655902 1.3697903156280518 400
1726422655951 1.3697903156280518 401
1726422656017 1.3697903156280518 402
1726422656084 1.3697903156280518 403
1726422656141 1.3697903156280518 404
1726422656197 1.3697903156280518 405
1726422656258 1.3697903156280518 406
1726422656313 1.3697903156280518 407
1726422656370 1.3697903156280518 408
1726422656426 1.3697903156280518 409
1726422656482 1.3697903156280518 410
1726422656539 1.3697903156280518 411
1726422656595 1.3697903156280518 412
1726422656650 1.3697903156280518 413
1726422656712 1.3697903156280518 414
1726422656776 1.3697903156280518 415
1726422656831 1.3697903156280518 416
1726422656888 1.3697903156280518 417
1726422656944 1.3697903156280518 418
1726422657001 1.3697903156280518 419
1726422657058 1.3697903156280518 420
1726422657114 1.3697903156280518 421
1726422657170 1.3697903156280518 422
1726422657226 1.3697903156280518 423
1726422657287 1.3697903156280518 424
1726422657346 1.3697903156280518 425
1726422657401 1.3697903156280518 426
1726422657456 1.3697903156280518 427
1726422657511 1.3697903156280518 428
1726422657568 1.3697903156280518 429
1726422657624 1.3697903156280518 430
1726422657680 1.3697903156280518 431
1726422657736 1.3697903156280518 432
1726422657792 1.3697903156280518 433
1726422657847 1.3697903156280518 434
1726422657905 1.3697903156280518 435
1726422657966 1.3697903156280518 436
1726422658028 1.3697903156280518 437
1726422658082 1.3697903156280518 438
1726422658138 1.3697903156280518 439
1726422658194 1.3697903156280518 440
1726422658250 1.3697903156280518 441
1726422658307 1.3697903156280518 442
1726422658364 1.3697903156280518 443
1726422658419 1.3697903156280518 444
1726422658479 1.3697903156280518 445
1726422658544 1.3697903156280518 446
1726422658608 1.3697903156280518 447
1726422658672 1.3697903156280518 448
1726422658732 1.3697903156280518 449
1726422658778 1.3697903156280518 450
1726422658824 1.3697903156280518 451
1726422658870 1.3697903156280518 452
1726422658917 1.3697903156280518 453
1726422658964 1.3697903156280518 454
1726422659012 1.3697903156280518 455
1726422659060 1.3697903156280518 456
1726422659108 1.3697903156280518 457
1726422659155 1.3697903156280518 458
1726422659205 1.3697903156280518 459
1726422659253 1.3697903156280518 460
1726422659302 1.3697903156280518 461
1726422659350 1.3697903156280518 462
1726422659399 1.3697903156280518 463
1726422659447 1.3697903156280518 464
1726422659497 1.3697903156280518 465
1726422659547 1.3697903156280518 466
1726422659594 1.3697903156280518 467
1726422659641 1.3697903156280518 468
1726422659690 1.3697903156280518 469
1726422659738 1.3697903156280518 470
1726422659787 1.3697903156280518 471
1726422659835 1.3697903156280518 472
1726422659884 1.3697903156280518 473
1726422659930 1.3697903156280518 474
1726422659975 1.3697903156280518 475
1726422660019 1.3697903156280518 476
1726422660062 1.3697903156280518 477
1726422660104 1.3697903156280518 478
1726422660146 1.3697903156280518 479
1726422660186 1.3697903156280518 480
1726422660227 1.3697903156280518 481
1726422660267 1.3697903156280518 482
1726422660308 1.3697903156280518 483
1726422660348 1.3697903156280518 484
1726422660388 1.3697903156280518 485
1726422660434 1.3697903156280518 486
1726422660479 1.3697903156280518 487
1726422660520 1.3697903156280518 488
1726422660561 1.3697903156280518 489
1726422660606 1.3697903156280518 490
1726422660647 1.3697903156280518 491
1726422660695 1.3697903156280518 492
1726422660735 1.3697903156280518 493
1726422660777 1.3697903156280518 494
1726422660817 1.3697903156280518 495
1726422660862 1.3697903156280518 496
1726422660901 1.3697903156280518 497
1726422660940 1.3697903156280518 498
1726422660978 1.3697903156280518 499
1726422661017 1.3697903156280518 500
1726422661057 1.3697903156280518 501
1726422661097 1.3697903156280518 502
1726422661136 1.3697903156280518 503
1726422661175 1.3697903156280518 504
1726422661215 1.3697903156280518 505
1726422661253 1.3697903156280518 506
1726422661293 1.3697903156280518 507
1726422661333 1.3697903156280518 508
1726422661372 1.3697903156280518 509
1726422661411 1.3697903156280518 510
1726422661450 1.3697903156280518 511
1726422661489 1.3697903156280518 512
1726422661529 1.3697903156280518 513
1726422661569 1.3697903156280518 514
1726422661608 1.3697903156280518 515
1726422661647 1.3697903156280518 516
1726422661687 1.3697903156280518 517
1726422661727 1.3697903156280518 518
1726422661767 1.3697903156280518 519
1726422661807 1.3697903156280518 520
1726422661846 1.3697903156280518 521
1726422661885 1.3697903156280518 522
1726422661924 1.3697903156280518 523
1726422661964 1.3697903156280518 524
1726422662006 1.3697903156280518 525
1726422662046 1.3697903156280518 526
1726422662086 1.3697903156280518 527
1726422662126 1.3697903156280518 528
1726422662166 1.3697903156280518 529
1726422662205 1.3697903156280518 530
1726422662244 1.3697903156280518 531
1726422662284 1.3697903156280518 532
1726422662325 1.3697903156280518 533
1726422662367 1.3697903156280518 534
1726422662408 1.3697903156280518 535
1726422662447 1.3697903156280518 536
1726422662487 1.3697903156280518 537
1726422662525 1.3697903156280518 538
1726422662564 1.3697903156280518 539
1726422662604 1.3697903156280518 540
1726422662644 1.3697903156280518 541
1726422662682 1.3697903156280518 542
1726422662722 1.3697903156280518 543
1726422662761 1.3697903156280518 544
1726422662802 1.3697903156280518 545
1726422662843 1.3697903156280518 546
1726422662883 1.3697903156280518 547
1726422662922 1.3697903156280518 548
1726422662961 1.3697903156280518 549
1726422663001 1.3697903156280518 550
1726422663040 1.3697903156280518 551
1726422663079 1.3697903156280518 552
1726422663119 1.3697903156280518 553
1726422663157 1.3697903156280518 554
1726422663196 1.3697903156280518 555
1726422663236 1.3697903156280518 556
1726422663275 1.3697903156280518 557
1726422663314 1.3697903156280518 558
1726422663354 1.3697903156280518 559
1726422663393 1.3697903156280518 560
1726422663432 1.3697903156280518 561
1726422663471 1.3697903156280518 562
1726422663510 1.3697903156280518 563
1726422663550 1.3697903156280518 564
1726422663589 1.3697903156280518 565
1726422663628 1.3697903156280518 566
1726422663668 1.3697903156280518 567
1726422663707 1.3697903156280518 568
1726422663746 1.3697903156280518 569
1726422663785 1.3697903156280518 570
1726422663824 1.3697903156280518 571
1726422663866 1.3697903156280518 572
1726422663910 1.3697903156280518 573
1726422663955 1.3697903156280518 574
1726422663994 1.3697903156280518 575
1726422664033 1.3697903156280518 576
1726422664071 1.3697903156280518 577
1726422664110 1.3697903156280518 578
1726422664149 1.3697903156280518 579
1726422664188 1.3697903156280518 580
1726422664227 1.3697903156280518 581
1726422664267 1.3697903156280518 582
1726422664306 1.3697903156280518 583
1726422664345 1.3697903156280518 584
1726422664385 1.3697903156280518 585
1726422664424 1.3697903156280518 586
1726422664463 1.3697903156280518 587
1726422664503 1.3697903156280518 588
1726422664542 1.3697903156280518 589
1726422664581 1.3697903156280518 590
1726422664620 1.3697903156280518 591
1726422664660 1.3697903156280518 592
1726422664699 1.3697903156280518 593
1726422664737 1.3697903156280518 594
1726422664777 1.3697903156280518 595
1726422664817 1.3697903156280518 596
1726422664856 1.3697903156280518 597
1726422664895 1.3697903156280518 598
1726422664934 1.3697903156280518 599
1726422664974 1.3697903156280518 600
1726422665013 1.3697903156280518 601
1726422665053 1.3697903156280518 602
1726422665092 1.3697903156280518 603
1726422665131 1.3697903156280518 604
1726422665171 1.3697903156280518 605
1726422665210 1.3697903156280518 606
1726422665249 1.3697903156280518 607
1726422665288 1.3697903156280518 608
1726422665328 1.3697903156280518 609
1726422665367 1.3697903156280518 610
1726422665407 1.3697903156280518 611
1726422665446 1.3697903156280518 612
1726422665485 1.3697903156280518 613
1726422665524 1.3697903156280518 614
1726422665564 1.3697903156280518 615
1726422665604 1.3697903156280518 616
1726422665644 1.3697903156280518 617
1726422665686 1.3697903156280518 618
1726422665731 1.3697903156280518 619
1726422665782 1.3697903156280518 620
1726422665836 1.3697903156280518 621
1726422665880 1.3697903156280518 622
1726422665936 1.3697903156280518 623
1726422665987 1.3697903156280518 624
1726422666035 1.3697903156280518 625
1726422666076 1.3697903156280518 626
1726422666119 1.3697903156280518 627
1726422666170 1.3697903156280518 628
1726422666213 1.3697903156280518 629
1726422666258 1.3697903156280518 630
1726422666297 1.3697903156280518 631
1726422666337 1.3697903156280518 632
1726422666379 1.3697903156280518 633
1726422666420 1.3697903156280518 634
1726422666467 1.3697903156280518 635
1726422666507 1.3697903156280518 636
1726422666546 1.3697903156280518 637
1726422666584 1.3697903156280518 638
1726422666621 1.3697903156280518 639
1726422666658 1.3697903156280518 640
1726422666696 1.3697903156280518 641
1726422666734 1.3697903156280518 642
1726422666772 1.3697903156280518 643
1726422666811 1.3697903156280518 644
1726422666849 1.3697903156280518 645
1726422666887 1.3697903156280518 646
1726422666925 1.3697903156280518 647
1726422666963 1.3697903156280518 648
1726422667000 1.3697903156280518 649
1726422667039 1.3697903156280518 650
1726422667076 1.3697903156280518 651
1726422667114 1.3697903156280518 652
1726422667153 1.3697903156280518 653
1726422667191 1.3697903156280518 654
1726422667230 1.3697903156280518 655
1726422667268 1.3697903156280518 656
1726422667307 1.3697903156280518 657
1726422667346 1.3697903156280518 658
1726422667384 1.3697903156280518 659
1726422667424 1.3697903156280518 660
1726422667463 1.3697903156280518 661
1726422667502 1.3697903156280518 662
1726422667541 1.3697903156280518 663
1726422667580 1.3697903156280518 664
1726422667620 1.3697903156280518 665
1726422667659 1.3697903156280518 666
1726422667697 1.3697903156280518 667
1726422667737 1.3697903156280518 668
1726422667777 1.3697903156280518 669
1726422667816 1.3697903156280518 670
1726422667855 1.3697903156280518 671
1726422667894 1.3697903156280518 672
1726422667933 1.3697903156280518 673
1726422667972 1.3697903156280518 674
1726422668011 1.3697903156280518 675
1726422668051 1.3697903156280518 676
1726422668091 1.3697903156280518 677
1726422668129 1.3697903156280518 678
1726422668169 1.3697903156280518 679
1726422668208 1.3697903156280518 680
1726422668247 1.3697903156280518 681
1726422668286 1.3697903156280518 682
1726422668327 1.3697903156280518 683
1726422668370 1.3697903156280518 684
1726422668425 1.3697903156280518 685
1726422668487 1.3697903156280518 686
1726422668559 1.3697903156280518 687
1726422668607 1.3697903156280518 688
1726422668660 1.3697903156280518 689
1726422668700 1.3697903156280518 690
1726422668744 1.3697903156280518 691
1726422668786 1.3697903156280518 692
1726422668836 1.3697903156280518 693
1726422668882 1.3697903156280518 694
1726422668919 1.3697903156280518 695
1726422668960 1.3697903156280518 696
1726422669005 1.3697903156280518 697
1726422669051 1.3697903156280518 698
1726422669099 1.3697903156280518 699
1726422669139 1.3697903156280518 700
1726422669177 1.3697903156280518 701
1726422669218 1.3697903156280518 702
1726422669266 1.3697903156280518 703
1726422669309 1.3697903156280518 704
1726422669350 1.3697903156280518 705
1726422669388 1.3697903156280518 706
1726422669430 1.3697903156280518 707
1726422669476 1.3697903156280518 708
1726422669517 1.3697903156280518 709
1726422669566 1.3697903156280518 710
1726422669608 1.3697903156280518 711
1726422669648 1.3697903156280518 712
1726422669687 1.3697903156280518 713
1726422669728 1.3697903156280518 714
1726422669770 1.3697903156280518 715
1726422669814 1.3697903156280518 716
1726422669864 1.3697903156280518 717
1726422669916 1.3697903156280518 718
1726422669958 1.3697903156280518 719
1726422670004 1.3697903156280518 720
1726422670053 1.3697903156280518 721
1726422670093 1.3697903156280518 722
1726422670136 1.3697903156280518 723
1726422670180 1.3697903156280518 724
1726422670224 1.3697903156280518 725
1726422670266 1.3697903156280518 726
1726422670310 1.3697903156280518 727
1726422670361 1.3697903156280518 728
1726422670406 1.3697903156280518 729
1726422670445 1.3697903156280518 730
1726422670482 1.3697903156280518 731
1726422670519 1.3697903156280518 732
1726422670557 1.3697903156280518 733
1726422670599 1.3697903156280518 734
1726422670639 1.3697903156280518 735
1726422670681 1.3697903156280518 736
1726422670723 1.3697903156280518 737
1726422670764 1.3697903156280518 738
1726422670808 1.3697903156280518 739
1726422670850 1.3697903156280518 740
1726422670892 1.3697903156280518 741
1726422670933 1.3697903156280518 742
1726422670975 1.3697903156280518 743
1726422671016 1.3697903156280518 744
1726422671058 1.3697903156280518 745
1726422671101 1.3697903156280518 746
1726422671146 1.3697903156280518 747
1726422671192 1.3697903156280518 748
1726422671238 1.3697903156280518 749
1726422671289 1.3697903156280518 750
1726422671336 1.3697903156280518 751
1726422671383 1.3697903156280518 752
1726422671431 1.3697903156280518 753
1726422671478 1.3697903156280518 754
1726422671525 1.3697903156280518 755
1726422671574 1.3697903156280518 756
1726422671622 1.3697903156280518 757
1726422671670 1.3697903156280518 758
1726422671719 1.3697903156280518 759
1726422671767 1.3697903156280518 760
1726422671814 1.3697903156280518 761
1726422671863 1.3697903156280518 762
1726422671911 1.3697903156280518 763
1726422671960 1.3697903156280518 764
1726422672008 1.3697903156280518 765
1726422672056 1.3697903156280518 766
1726422672107 1.3697903156280518 767
1726422672155 1.3697903156280518 768
1726422672201 1.3697903156280518 769
1726422672250 1.3697903156280518 770
1726422672304 1.3697903156280518 771
1726422672356 1.3697903156280518 772
1726422672408 1.3697903156280518 773
1726422672457 1.3697903156280518 774
1726422672506 1.3697903156280518 775
1726422672554 1.3697903156280518 776
1726422672604 1.3697903156280518 777
1726422672653 1.3697903156280518 778
1726422672702 1.3697903156280518 779
1726422672752 1.3697903156280518 780
1726422672800 1.3697903156280518 781
1726422672857 1.3697903156280518 782
1726422672925 1.3697903156280518 783
1726422672992 1.3697903156280518 784
1726422673039 1.3697903156280518 785
1726422673090 1.3697903156280518 786
1726422673138 1.3697903156280518 787
1726422673186 1.3697903156280518 788
1726422673235 1.3697903156280518 789
1726422673283 1.3697903156280518 790
1726422673332 1.3697903156280518 791
1726422673380 1.3697903156280518 792
1726422673434 1.3697903156280518 793
1726422673490 1.3697903156280518 794
1726422673538 1.3697903156280518 795
1726422673590 1.3697903156280518 796
1726422673649 1.3697903156280518 797
1726422673706 1.3697903156280518 798
1726422673764 1.3697903156280518 799
1726422673822 1.3697903156280518 800
1726422673877 1.3697903156280518 801
1726422673923 1.3697903156280518 802
1726422673969 1.3697903156280518 803
1726422674024 1.3697903156280518 804
1726422674074 1.3697903156280518 805
1726422674125 1.3697903156280518 806
1726422674171 1.3697903156280518 807
1726422674219 1.3697903156280518 808
1726422674266 1.3697903156280518 809
1726422674314 1.3697903156280518 810
1726422674360 1.3697903156280518 811
1726422674405 1.3697903156280518 812
1726422674448 1.3697903156280518 813
1726422674491 1.3697903156280518 814
1726422674532 1.3697903156280518 815
1726422674574 1.3697903156280518 816
1726422674615 1.3697903156280518 817
1726422674655 1.3697903156280518 818
1726422674695 1.3697903156280518 819
1726422674735 1.3697903156280518 820
1726422674775 1.3697903156280518 821
1726422674814 1.3697903156280518 822
1726422674856 1.3697903156280518 823
1726422674896 1.3697903156280518 824
1726422674936 1.3697903156280518 825
1726422674976 1.3697903156280518 826
1726422675015 1.3697903156280518 827
1726422675054 1.3697903156280518 828
1726422675094 1.3697903156280518 829
1726422675133 1.3697903156280518 830
1726422675172 1.3697903156280518 831
1726422675212 1.3697903156280518 832
1726422675251 1.3697903156280518 833
1726422675289 1.3697903156280518 834
1726422675329 1.3697903156280518 835
1726422675368 1.3697903156280518 836
1726422675407 1.3697903156280518 837
1726422675446 1.3697903156280518 838
1726422675485 1.3697903156280518 839
1726422675524 1.3697903156280518 840
1726422675563 1.3697903156280518 841
1726422675603 1.3697903156280518 842
1726422675642 1.3697903156280518 843
1726422675681 1.3697903156280518 844
1726422675720 1.3697903156280518 845
1726422675759 1.3697903156280518 846
1726422675798 1.3697903156280518 847
1726422675838 1.3697903156280518 848
1726422675877 1.3697903156280518 849
1726422675917 1.3697903156280518 850
1726422675957 1.3697903156280518 851
1726422675998 1.3697903156280518 852
1726422676038 1.3697903156280518 853
1726422676078 1.3697903156280518 854
1726422676119 1.3697903156280518 855
1726422676159 1.3697903156280518 856
1726422676199 1.3697903156280518 857
1726422676239 1.3697903156280518 858
1726422676278 1.3697903156280518 859
1726422676317 1.3697903156280518 860
1726422676356 1.3697903156280518 861
1726422676396 1.3697903156280518 862
1726422676434 1.3697903156280518 863
1726422676473 1.3697903156280518 864
1726422676512 1.3697903156280518 865
1726422676551 1.3697903156280518 866
1726422676591 1.3697903156280518 867
1726422676630 1.3697903156280518 868
1726422676669 1.3697903156280518 869
1726422676708 1.3697903156280518 870
1726422676747 1.3697903156280518 871
1726422676787 1.3697903156280518 872
1726422676826 1.3697903156280518 873
1726422676865 1.3697903156280518 874
1726422676904 1.3697903156280518 875
1726422676943 1.3697903156280518 876
1726422676982 1.3697903156280518 877
1726422677021 1.3697903156280518 878
1726422677061 1.3697903156280518 879
1726422677100 1.3697903156280518 880
1726422677139 1.3697903156280518 881
1726422677179 1.3697903156280518 882
1726422677219 1.3697903156280518 883
1726422677257 1.3697903156280518 884
1726422677297 1.3697903156280518 885
1726422677336 1.3697903156280518 886
1726422677375 1.3697903156280518 887
1726422677415 1.3697903156280518 888
1726422677454 1.3697903156280518 889
1726422677493 1.3697903156280518 890
1726422677532 1.3697903156280518 891
1726422677571 1.3697903156280518 892
1726422677610 1.3697903156280518 893
1726422677649 1.3697903156280518 894
1726422677688 1.3697903156280518 895
1726422677727 1.3697903156280518 896
1726422677766 1.3697903156280518 897
1726422677805 1.3697903156280518 898
1726422677844 1.3697903156280518 899
1726422677884 1.3697903156280518 900
1726422677922 1.3697903156280518 901
1726422677962 1.3697903156280518 902
1726422678002 1.3697903156280518 903
1726422678040 1.3697903156280518 904
1726422678080 1.3697903156280518 905
1726422678120 1.3697903156280518 906
1726422678159 1.3697903156280518 907
1726422678198 1.3697903156280518 908
1726422678238 1.3697903156280518 909
1726422678277 1.3697903156280518 910
1726422678316 1.3697903156280518 911
1726422678356 1.3697903156280518 912
1726422678395 1.3697903156280518 913
1726422678434 1.3697903156280518 914
1726422678474 1.3697903156280518 915
1726422678513 1.3697903156280518 916
1726422678553 1.3697903156280518 917
