1726422638493 0.0 0
1726422638534 0.0 1
1726422638571 0.0 2
1726422638609 0.0 3
1726422638648 0.0 4
1726422638685 0.0 5
1726422638724 0.0 6
1726422638762 0.0 7
1726422638800 0.0 8
1726422638838 0.0 9
1726422638877 0.0 10
1726422638915 0.0 11
1726422638954 0.0 12
1726422638993 0.0 13
1726422639031 0.0 14
1726422639069 0.0 15
1726422639108 0.0 16
1726422639146 0.0 17
1726422639184 0.0 18
1726422639225 0.0 19
1726422639269 0.0 20
1726422639321 0.0 21
1726422639370 0.0 22
1726422639414 0.0 23
1726422639461 0.0 24
1726422639519 0.0 25
1726422639568 0.0 26
1726422639609 0.0 27
1726422639650 0.0 28
1726422639691 0.0 29
1726422639734 0.0 30
1726422639775 0.0 31
1726422639820 0.0 32
1726422639861 0.0 33
1726422639902 0.0 34
1726422639948 0.0 35
1726422639989 0.0 36
1726422640031 0.0 37
1726422640077 0.0 38
1726422640124 0.0 39
1726422640164 0.0 40
1726422640203 0.0 41
1726422640241 0.0 42
1726422640279 0.0 43
1726422640318 0.0 44
1726422640361 0.0 45
1726422640403 0.0 46
1726422640441 0.0 47
1726422640480 0.0 48
1726422640517 0.0 49
1726422640555 0.0 50
1726422640594 0.0 51
1726422640634 0.0 52
1726422640674 0.0 53
1726422640715 0.0 54
1726422640759 0.0 55
1726422640801 0.0 56
1726422640845 0.0 57
1726422640890 0.0 58
1726422640942 0.0 59
1726422640992 0.0 60
1726422641059 0.0 61
1726422641119 0.0 62
1726422641169 0.0 63
1726422641219 0.0 64
1726422641266 0.0 65
1726422641313 0.0 66
1726422641361 0.0 67
1726422641415 0.0 68
1726422641480 0.0 69
1726422641539 0.0 70
1726422641597 0.0 71
1726422641659 0.0 72
1726422641716 0.0 73
1726422641780 0.0 74
1726422641838 0.0 75
1726422641895 0.0 76
1726422641953 0.0 77
1726422642010 0.0 78
1726422642067 0.0 79
1726422642123 0.0 80
1726422642174 0.0 81
1726422642221 0.0 82
1726422642269 0.0 83
1726422642319 0.0 84
1726422642370 0.0 85
1726422642421 0.0 86
1726422642470 0.0 87
1726422642520 0.0 88
1726422642569 0.0 89
1726422642619 0.0 90
1726422642668 0.0 91
1726422642725 0.0 92
1726422642791 0.0 93
1726422642839 0.0 94
1726422642890 0.0 95
1726422642938 0.0 96
1726422642986 0.0 97
1726422643035 0.0 98
1726422643084 0.0 99
1726422643133 0.0 100
1726422643181 0.0 101
1726422643233 0.0 102
1726422643281 0.0 103
1726422643329 0.0 104
1726422643377 0.0 105
1726422643425 0.0 106
1726422643474 0.0 107
1726422643522 0.0 108
1726422643570 0.0 109
1726422643619 0.0 110
1726422643666 0.0 111
1726422643714 0.0 112
1726422643763 0.0 113
1726422643815 0.0 114
1726422643863 0.0 115
1726422643917 0.0 116
1726422643985 0.0 117
1726422644044 0.0 118
1726422644092 0.0 119
1726422644138 0.0 120
1726422644186 0.0 121
1726422644233 0.0 122
1726422644281 0.0 123
1726422644328 0.0 124
1726422644377 0.0 125
1726422644426 0.0 126
1726422644476 0.0 127
1726422644526 0.0 128
1726422644572 0.0 129
1726422644615 0.0 130
1726422644658 0.0 131
1726422644701 0.0 132
1726422644742 0.0 133
1726422644784 0.0 134
1726422644824 0.0 135
1726422644865 0.0 136
1726422644905 0.0 137
1726422644945 0.0 138
1726422644985 0.0 139
1726422645025 0.0 140
1726422645065 0.0 141
1726422645105 0.0 142
1726422645145 0.0 143
1726422645184 0.0 144
1726422645226 0.0 145
1726422645268 0.0 146
1726422645308 0.0 147
1726422645349 0.0 148
1726422645389 0.0 149
1726422645429 0.0 150
1726422645469 0.0 151
1726422645509 0.0 152
1726422645549 0.0 153
1726422645588 0.0 154
1726422645627 0.0 155
1726422645666 0.0 156
1726422645706 0.0 157
1726422645745 0.0 158
1726422645785 0.0 159
1726422645824 0.0 160
1726422645863 0.0 161
1726422645903 0.0 162
1726422645942 0.0 163
1726422645981 0.0 164
1726422646020 0.0 165
1726422646061 0.0 166
1726422646099 0.0 167
1726422646139 0.0 168
1726422646179 0.0 169
1726422646219 0.0 170
1726422646259 0.0 171
1726422646298 0.0 172
1726422646337 0.0 173
1726422646377 0.0 174
1726422646416 0.0 175
1726422646455 0.0 176
1726422646495 0.0 177
1726422646534 0.0 178
1726422646573 0.0 179
1726422646613 0.0 180
1726422646652 0.0 181
1726422646690 0.0 182
1726422646730 0.0 183
1726422646770 0.0 184
1726422646809 0.0 185
1726422646848 0.0 186
1726422646887 0.0 187
1726422646926 0.0 188
1726422646965 0.0 189
1726422647005 0.0 190
1726422647045 0.0 191
1726422647083 0.0 192
1726422647122 0.0 193
1726422647163 0.0 194
1726422647203 0.0 195
1726422647243 0.0 196
1726422647283 0.0 197
1726422647322 0.0 198
1726422647362 0.0 199
1726422647401 0.0 200
1726422647441 0.0 201
1726422647480 0.0 202
1726422647521 0.0 203
1726422647561 0.0 204
1726422647600 0.0 205
1726422647639 0.0 206
1726422647679 0.0 207
1726422647718 0.0 208
1726422647757 0.0 209
1726422647797 0.0 210
1726422647836 0.0 211
1726422647876 0.0 212
1726422647915 0.0 213
1726422647955 0.0 214
1726422647996 0.0 215
1726422648035 0.0 216
1726422648073 0.0 217
1726422648113 0.0 218
1726422648153 0.0 219
1726422648192 0.0 220
1726422648231 0.0 221
1726422648271 0.0 222
1726422648311 0.0 223
1726422648350 0.0 224
1726422648402 0.0 225
1726422648456 0.0 226
1726422648504 0.0 227
1726422648569 0.0 228
1726422648625 0.0 229
1726422648684 0.0 230
1726422648742 0.0 231
1726422648806 0.0 232
1726422648865 0.0 233
1726422648915 0.0 234
1726422648966 0.0 235
1726422649036 0.0 236
1726422649104 0.0 237
1726422649168 0.0 238
1726422649218 0.0 239
1726422649269 0.0 240
1726422649319 0.0 241
1726422649369 0.0 242
1726422649419 0.0 243
1726422649469 0.0 244
1726422649520 0.0 245
1726422649570 0.0 246
1726422649620 0.0 247
1726422649670 0.0 248
1726422649723 0.0 249
1726422649775 0.0 250
1726422649822 0.0 251
1726422649867 0.0 252
1726422649910 0.0 253
1726422649954 0.0 254
1726422649996 0.0 255
1726422650037 0.0 256
1726422650079 0.0 257
1726422650119 0.0 258
1726422650159 0.0 259
1726422650200 0.0 260
1726422650240 0.0 261
1726422650280 0.0 262
1726422650320 0.0 263
1726422650365 0.0 264
1726422650411 0.0 265
1726422650456 0.0 266
1726422650498 0.0 267
1726422650540 0.0 268
1726422650582 0.0 269
1726422650622 0.0 270
1726422650663 0.0 271
1726422650703 0.0 272
1726422650743 0.0 273
1726422650786 0.0 274
1726422650825 0.0 275
1726422650864 0.0 276
1726422650905 0.0 277
1726422650945 0.0 278
1726422650984 0.0 279
1726422651023 0.0 280
1726422651062 0.0 281
1726422651101 0.0 282
1726422651140 0.0 283
1726422651179 0.0 284
1726422651218 0.0 285
1726422651257 0.0 286
1726422651297 0.0 287
1726422651336 0.0 288
1726422651374 0.0 289
1726422651414 0.0 290
1726422651453 0.0 291
1726422651492 0.0 292
1726422651532 0.0 293
1726422651571 0.0 294
1726422651610 0.0 295
1726422651649 0.0 296
1726422651688 0.0 297
1726422651728 0.0 298
1726422651768 0.0 299
1726422651808 0.0 300
1726422651848 0.0 301
1726422651887 0.0 302
1726422651926 0.0 303
1726422651966 0.0 304
1726422652006 0.0 305
1726422652044 0.0 306
1726422652084 0.0 307
1726422652123 0.0 308
1726422652162 0.0 309
1726422652202 0.0 310
1726422652241 0.0 311
1726422652280 0.0 312
1726422652321 0.0 313
1726422652362 0.0 314
1726422652403 0.0 315
1726422652442 0.0 316
1726422652481 0.0 317
1726422652521 0.0 318
1726422652561 0.0 319
1726422652599 0.0 320
1726422652638 0.0 321
1726422652677 0.0 322
1726422652716 0.0 323
1726422652756 0.0 324
1726422652796 0.0 325
1726422652835 0.0 326
1726422652874 0.0 327
1726422652914 0.0 328
1726422652953 0.0 329
1726422652992 0.0 330
1726422653032 0.0 331
1726422653071 0.0 332
1726422653110 0.0 333
1726422653149 0.0 334
1726422653188 0.0 335
1726422653228 0.0 336
1726422653267 0.0 337
1726422653306 0.0 338
1726422653346 0.0 339
1726422653386 0.0 340
1726422653425 0.0 341
1726422653464 0.0 342
1726422653504 0.0 343
1726422653543 0.0 344
1726422653582 0.0 345
1726422653621 0.0 346
1726422653661 0.0 347
1726422653700 0.0 348
1726422653755 0.0 349
1726422653810 0.0 350
1726422653855 0.0 351
1726422653901 0.0 352
1726422653957 0.0 353
1726422654015 0.0 354
1726422654070 0.0 355
1726422654123 0.0 356
1726422654162 0.0 357
1726422654199 0.0 358
1726422654237 0.0 359
1726422654275 0.0 360
1726422654312 0.0 361
1726422654350 0.0 362
1726422654387 0.0 363
1726422654425 0.0 364
1726422654463 0.0 365
1726422654500 0.0 366
1726422654539 0.0 367
1726422654578 0.0 368
1726422654616 0.0 369
1726422654655 0.0 370
1726422654694 0.0 371
1726422654734 0.0 372
1726422654773 0.0 373
1726422654812 0.0 374
1726422654851 0.0 375
1726422654890 0.0 376
1726422654929 0.0 377
1726422654969 0.0 378
1726422655009 0.0 379
1726422655047 0.0 380
1726422655087 0.0 381
1726422655126 0.0 382
1726422655165 0.0 383
1726422655205 0.0 384
1726422655244 0.0 385
1726422655284 0.0 386
1726422655323 0.0 387
1726422655363 0.0 388
1726422655402 0.0 389
1726422655441 0.0 390
1726422655483 0.0 391
1726422655526 0.0 392
1726422655568 0.0 393
1726422655613 0.0 394
1726422655668 0.0 395
1726422655722 0.0 396
1726422655774 0.0 397
1726422655822 0.0 398
1726422655866 0.0 399
1726422655912 0.0 400
1726422655966 0.0 401
1726422656032 0.0 402
1726422656097 0.0 403
1726422656153 0.0 404
1726422656209 0.0 405
1726422656270 0.0 406
1726422656325 0.0 407
1726422656382 0.0 408
1726422656438 0.0 409
1726422656494 0.0 410
1726422656550 0.0 411
1726422656606 0.0 412
1726422656662 0.0 413
1726422656726 0.0 414
1726422656787 0.0 415
1726422656843 0.0 416
1726422656900 0.0 417
1726422656957 0.0 418
1726422657013 0.0 419
1726422657069 0.0 420
1726422657126 0.0 421
1726422657182 0.0 422
1726422657238 0.0 423
1726422657301 0.0 424
1726422657357 0.0 425
1726422657413 0.0 426
1726422657467 0.0 427
1726422657523 0.0 428
1726422657580 0.0 429
1726422657636 0.0 430
1726422657691 0.0 431
1726422657747 0.0 432
1726422657803 0.0 433
1726422657858 0.0 434
1726422657920 0.0 435
1726422657977 0.0 436
1726422658039 0.0 437
1726422658094 0.0 438
1726422658150 0.0 439
1726422658206 0.0 440
1726422658263 0.0 441
1726422658319 0.0 442
1726422658375 0.0 443
1726422658431 0.0 444
1726422658493 0.0 445
1726422658558 0.0 446
1726422658623 0.0 447
1726422658686 0.0 448
1726422658742 0.0 449
1726422658788 0.0 450
1726422658834 0.0 451
1726422658880 0.0 452
1726422658927 0.0 453
1726422658975 0.0 454
1726422659023 0.0 455
1726422659071 0.0 456
1726422659118 0.0 457
1726422659166 0.0 458
1726422659215 0.0 459
1726422659264 0.0 460
1726422659312 0.0 461
1726422659361 0.0 462
1726422659409 0.0 463
1726422659457 0.0 464
1726422659508 0.0 465
1726422659557 0.0 466
1726422659604 0.0 467
1726422659652 0.0 468
1726422659701 0.0 469
1726422659749 0.0 470
1726422659797 0.0 471
1726422659845 0.0 472
1726422659894 0.0 473
1726422659940 0.0 474
1726422659985 0.0 475
1726422660029 0.0 476
1726422660071 0.0 477
1726422660113 0.0 478
1726422660155 0.0 479
1726422660195 0.0 480
1726422660236 0.0 481
1726422660277 0.0 482
1726422660317 0.0 483
1726422660356 0.0 484
1726422660399 0.0 485
1726422660444 0.0 486
1726422660488 0.0 487
1726422660529 0.0 488
1726422660571 0.0 489
1726422660615 0.0 490
1726422660656 0.0 491
1726422660704 0.0 492
1726422660743 0.0 493
1726422660786 0.0 494
1726422660827 0.0 495
1726422660870 0.0 496
1726422660909 0.0 497
1726422660948 0.0 498
1726422660986 0.0 499
1726422661025 0.0 500
1726422661066 0.0 501
1726422661105 0.0 502
1726422661144 0.0 503
1726422661184 0.0 504
1726422661223 0.0 505
1726422661262 0.0 506
1726422661302 0.0 507
1726422661342 0.0 508
1726422661380 0.0 509
1726422661419 0.0 510
1726422661458 0.0 511
1726422661498 0.0 512
1726422661538 0.0 513
1726422661577 0.0 514
1726422661616 0.0 515
1726422661655 0.0 516
1726422661695 0.0 517
1726422661736 0.0 518
1726422661776 0.0 519
1726422661815 0.0 520
1726422661854 0.0 521
1726422661894 0.0 522
1726422661933 0.0 523
1726422661973 0.0 524
1726422662014 0.0 525
1726422662055 0.0 526
1726422662095 0.0 527
1726422662135 0.0 528
1726422662174 0.0 529
1726422662214 0.0 530
1726422662253 0.0 531
1726422662293 0.0 532
1726422662335 0.0 533
1726422662376 0.0 534
1726422662416 0.0 535
1726422662456 0.0 536
1726422662495 0.0 537
1726422662534 0.0 538
1726422662573 0.0 539
1726422662613 0.0 540
1726422662652 0.0 541
1726422662691 0.0 542
1726422662731 0.0 543
1726422662769 0.0 544
1726422662810 0.0 545
1726422662852 0.0 546
1726422662891 0.0 547
1726422662930 0.0 548
1726422662970 0.0 549
1726422663009 0.0 550
1726422663048 0.0 551
1726422663088 0.0 552
1726422663127 0.0 553
1726422663165 0.0 554
1726422663204 0.0 555
1726422663244 0.0 556
1726422663284 0.0 557
1726422663323 0.0 558
1726422663362 0.0 559
1726422663401 0.0 560
1726422663440 0.0 561
1726422663480 0.0 562
1726422663518 0.0 563
1726422663558 0.0 564
1726422663598 0.0 565
1726422663637 0.0 566
1726422663676 0.0 567
1726422663715 0.0 568
1726422663754 0.0 569
1726422663794 0.0 570
1726422663833 0.0 571
1726422663875 0.0 572
1726422663921 0.0 573
1726422663964 0.0 574
1726422664002 0.0 575
1726422664041 0.0 576
1726422664080 0.0 577
1726422664118 0.0 578
1726422664157 0.0 579
1726422664196 0.0 580
1726422664236 0.0 581
1726422664275 0.0 582
1726422664314 0.0 583
1726422664354 0.0 584
1726422664393 0.0 585
1726422664432 0.0 586
1726422664471 0.0 587
1726422664511 0.0 588
1726422664550 0.0 589
1726422664590 0.0 590
1726422664629 0.0 591
1726422664668 0.0 592
1726422664707 0.0 593
1726422664746 0.0 594
1726422664786 0.0 595
1726422664825 0.0 596
1726422664864 0.0 597
1726422664903 0.0 598
1726422664942 0.0 599
1726422664982 0.0 600
1726422665022 0.0 601
1726422665062 0.0 602
1726422665100 0.0 603
1726422665139 0.0 604
1726422665179 0.0 605
1726422665218 0.0 606
1726422665257 0.0 607
1726422665297 0.0 608
1726422665337 0.0 609
1726422665376 0.0 610
1726422665416 0.0 611
1726422665455 0.0 612
1726422665494 0.0 613
1726422665533 0.0 614
1726422665573 0.0 615
1726422665612 0.0 616
1726422665653 0.0 617
1726422665696 0.0 618
1726422665742 0.0 619
1726422665796 0.0 620
1726422665845 0.0 621
1726422665895 0.0 622
1726422665947 0.0 623
1726422665997 0.0 624
1726422666044 0.0 625
1726422666084 0.0 626
1726422666132 0.0 627
1726422666180 0.0 628
1726422666223 0.0 629
1726422666266 0.0 630
1726422666306 0.0 631
1726422666346 0.0 632
1726422666387 0.0 633
1726422666432 0.0 634
1726422666476 0.0 635
1726422666515 0.0 636
1726422666554 0.0 637
1726422666591 0.0 638
1726422666629 0.0 639
1726422666666 0.0 640
1726422666704 0.0 641
1726422666743 0.0 642
1726422666780 0.0 643
1726422666819 0.0 644
1726422666857 0.0 645
1726422666895 0.0 646
1726422666933 0.0 647
1726422666970 0.0 648
1726422667009 0.0 649
1726422667047 0.0 650
1726422667084 0.0 651
1726422667122 0.0 652
1726422667161 0.0 653
1726422667199 0.0 654
1726422667238 0.0 655
1726422667276 0.0 656
1726422667315 0.0 657
1726422667354 0.0 658
1726422667393 0.0 659
1726422667432 0.0 660
1726422667472 0.0 661
1726422667510 0.0 662
1726422667550 0.0 663
1726422667588 0.0 664
1726422667628 0.0 665
1726422667667 0.0 666
1726422667706 0.0 667
1726422667746 0.0 668
1726422667785 0.0 669
1726422667824 0.0 670
1726422667863 0.0 671
1726422667902 0.0 672
1726422667941 0.0 673
1726422667981 0.0 674
1726422668020 0.0 675
1726422668060 0.0 676
1726422668099 0.0 677
1726422668137 0.0 678
1726422668177 0.0 679
1726422668216 0.0 680
1726422668255 0.0 681
1726422668295 0.0 682
1726422668336 0.0 683
1726422668382 0.0 684
1726422668439 0.0 685
1726422668505 0.0 686
1726422668570 0.0 687
1726422668622 0.0 688
1726422668669 0.0 689
1726422668711 0.0 690
1726422668752 0.0 691
1726422668798 0.0 692
1726422668845 0.0 693
1726422668890 0.0 694
1726422668928 0.0 695
1726422668969 0.0 696
1726422669015 0.0 697
1726422669061 0.0 698
1726422669108 0.0 699
1726422669147 0.0 700
1726422669186 0.0 701
1726422669230 0.0 702
1726422669276 0.0 703
1726422669318 0.0 704
1726422669358 0.0 705
1726422669396 0.0 706
1726422669440 0.0 707
1726422669484 0.0 708
1726422669528 0.0 709
1726422669576 0.0 710
1726422669617 0.0 711
1726422669656 0.0 712
1726422669695 0.0 713
1726422669738 0.0 714
1726422669780 0.0 715
1726422669825 0.0 716
1726422669879 0.0 717
1726422669925 0.0 718
1726422669968 0.0 719
1726422670015 0.0 720
1726422670061 0.0 721
1726422670102 0.0 722
1726422670147 0.0 723
1726422670189 0.0 724
1726422670233 0.0 725
1726422670275 0.0 726
1726422670321 0.0 727
1726422670372 0.0 728
1726422670415 0.0 729
1726422670452 0.0 730
1726422670490 0.0 731
1726422670527 0.0 732
1726422670567 0.0 733
1726422670608 0.0 734
1726422670648 0.0 735
1726422670690 0.0 736
1726422670732 0.0 737
1726422670775 0.0 738
1726422670817 0.0 739
1726422670859 0.0 740
1726422670901 0.0 741
1726422670942 0.0 742
1726422670983 0.0 743
1726422671025 0.0 744
1726422671067 0.0 745
1726422671110 0.0 746
1726422671156 0.0 747
1726422671201 0.0 748
1726422671249 0.0 749
1726422671300 0.0 750
1726422671347 0.0 751
1726422671393 0.0 752
1726422671441 0.0 753
1726422671488 0.0 754
1726422671536 0.0 755
1726422671585 0.0 756
1726422671632 0.0 757
1726422671680 0.0 758
1726422671730 0.0 759
1726422671777 0.0 760
1726422671825 0.0 761
1726422671874 0.0 762
1726422671921 0.0 763
1726422671970 0.0 764
1726422672019 0.0 765
1726422672067 0.0 766
1726422672118 0.0 767
1726422672165 0.0 768
1726422672212 0.0 769
1726422672260 0.0 770
1726422672318 0.0 771
1726422672368 0.0 772
1726422672418 0.0 773
1726422672468 0.0 774
1726422672516 0.0 775
1726422672565 0.0 776
1726422672614 0.0 777
1726422672664 0.0 778
1726422672712 0.0 779
1726422672762 0.0 780
1726422672810 0.0 781
1726422672872 0.0 782
1726422672940 0.0 783
1726422673002 0.0 784
1726422673050 0.0 785
1726422673100 0.0 786
1726422673149 0.0 787
1726422673197 0.0 788
1726422673245 0.0 789
1726422673293 0.0 790
1726422673342 0.0 791
1726422673390 0.0 792
1726422673450 0.0 793
1726422673501 0.0 794
1726422673548 0.0 795
1726422673603 0.0 796
1726422673661 0.0 797
1726422673718 0.0 798
1726422673775 0.0 799
1726422673834 0.0 800
1726422673887 0.0 801
1726422673933 0.0 802
1726422673979 0.0 803
1726422674037 0.0 804
1726422674084 0.0 805
1726422674135 0.0 806
1726422674181 0.0 807
1726422674228 0.0 808
1726422674276 0.0 809
1726422674324 0.0 810
1726422674370 0.0 811
1726422674414 0.0 812
1726422674457 0.0 813
1726422674500 0.0 814
1726422674541 0.0 815
1726422674583 0.0 816
1726422674623 0.0 817
1726422674664 0.0 818
1726422674704 0.0 819
1726422674744 0.0 820
1726422674783 0.0 821
1726422674823 0.0 822
1726422674865 0.0 823
1726422674904 0.0 824
1726422674944 0.0 825
1726422674984 0.0 826
1726422675023 0.0 827
1726422675063 0.0 828
1726422675103 0.0 829
1726422675141 0.0 830
1726422675181 0.0 831
1726422675220 0.0 832
1726422675259 0.0 833
1726422675298 0.0 834
1726422675337 0.0 835
1726422675376 0.0 836
1726422675415 0.0 837
1726422675455 0.0 838
1726422675494 0.0 839
1726422675533 0.0 840
1726422675572 0.0 841
1726422675611 0.0 842
1726422675650 0.0 843
1726422675690 0.0 844
1726422675729 0.0 845
1726422675768 0.0 846
1726422675806 0.0 847
1726422675847 0.0 848
1726422675886 0.0 849
1726422675925 0.0 850
1726422675967 0.0 851
1726422676007 0.0 852
1726422676046 0.0 853
1726422676087 0.0 854
1726422676127 0.0 855
1726422676167 0.0 856
1726422676207 0.0 857
1726422676247 0.0 858
1726422676286 0.0 859
1726422676326 0.0 860
1726422676365 0.0 861
1726422676404 0.0 862
1726422676443 0.0 863
1726422676482 0.0 864
1726422676521 0.0 865
1726422676559 0.0 866
1726422676599 0.0 867
1726422676639 0.0 868
1726422676677 0.0 869
1726422676716 0.0 870
1726422676756 0.0 871
1726422676795 0.0 872
1726422676834 0.0 873
1726422676874 0.0 874
1726422676913 0.0 875
1726422676951 0.0 876
1726422676990 0.0 877
1726422677030 0.0 878
1726422677069 0.0 879
1726422677108 0.0 880
1726422677148 0.0 881
1726422677188 0.0 882
1726422677227 0.0 883
1726422677266 0.0 884
1726422677305 0.0 885
1726422677345 0.0 886
1726422677384 0.0 887
1726422677423 0.0 888
1726422677462 0.0 889
1726422677501 0.0 890
1726422677540 0.0 891
1726422677579 0.0 892
1726422677618 0.0 893
1726422677657 0.0 894
1726422677697 0.0 895
1726422677735 0.0 896
1726422677774 0.0 897
1726422677814 0.0 898
1726422677853 0.0 899
1726422677892 0.0 900
1726422677931 0.0 901
1726422677971 0.0 902
1726422678010 0.0 903
1726422678049 0.0 904
1726422678088 0.0 905
1726422678128 0.0 906
1726422678168 0.0 907
1726422678207 0.0 908
1726422678246 0.0 909
1726422678285 0.0 910
1726422678324 0.0 911
1726422678364 0.0 912
1726422678404 0.0 913
1726422678443 0.0 914
1726422678482 0.0 915
1726422678521 0.0 916
1726422678561 0.0 917
