1726501614484 0.5342370867729187 0
1726501614561 0.6215057969093323 1
1726501614617 0.6715676784515381 2
1726501614675 0.7093752026557922 3
1726501614746 0.7398899793624878 4
1726501614795 0.7653414607048035 5
1726501614849 0.7869993448257446 6
1726501614912 0.8056809306144714 7
1726501614959 0.8219548463821411 8
1726501615010 0.8362376093864441 9
1726501615057 0.8488463163375854 10
1726501615108 0.8600295782089233 11
1726501615160 0.8699867725372314 12
1726501615210 0.8788804411888123 13
1726501615259 0.8868456482887268 14
1726501615310 0.8939956426620483 15
1726501615359 0.9004263877868652 16
1726501615412 0.9062198400497437 17
1726501615463 0.9114468693733215 18
1726501615521 0.9161688685417175 19
1726501615571 0.9204393625259399 20
1726501615623 0.9243054389953613 21
1726501615680 0.9278082847595215 22
1726501615730 0.9309844970703125 23
1726501615780 0.933866560459137 24
1726501615829 0.9364832639694214 25
1726501615881 0.9388602375984192 26
1726501615933 0.9410206079483032 27
1726501615986 0.942984938621521 28
1726501616035 0.9447716474533081 29
1726501616087 0.9463974833488464 30
1726501616136 0.9478771686553955 31
1726501616189 0.9492244720458984 32
1726501616238 0.9504514336585999 33
1726501616290 0.9515690207481384 34
1726501616343 0.9525872468948364 35
1726501616394 0.9535151124000549 36
1726501616446 0.9543607234954834 37
1726501616497 0.9551315307617188 38
1726501616546 0.9558343291282654 39
1726501616597 0.9564751386642456 40
1726501616646 0.9570595026016235 41
1726501616699 0.9575923681259155 42
1726501616749 0.9580783843994141 43
1726501616801 0.9585217833518982 44
1726501616850 0.958926260471344 45
1726501616900 0.9592952132225037 46
1726501616951 0.9596318602561951 47
1726501617003 0.9599390625953674 48
1726501617052 0.9602193832397461 49
1726501617104 0.9604752063751221 50
1726501617153 0.9607086777687073 51
1726501617206 0.9609217643737793 52
1726501617255 0.9611162543296814 53
1726501617307 0.9612936973571777 54
1726501617357 0.9614557027816772 55
1726501617409 0.9616036415100098 56
1726501617459 0.9617387652397156 57
1726501617511 0.9618619680404663 58
1726501617561 0.961974561214447 59
1726501617613 0.9620773792266846 60
1726501617667 0.962171196937561 61
1726501617718 0.9622568488121033 62
1726501617768 0.9623350501060486 63
1726501617820 0.9624065160751343 64
1726501617870 0.9624717831611633 65
1726501617922 0.9625314474105835 66
1726501617972 0.9625858664512634 67
1726501618024 0.9626355767250061 68
1726501618073 0.962680995464325 69
1726501618124 0.9627224206924438 70
1726501618175 0.962760329246521 71
1726501618227 0.9627948999404907 72
1726501618277 0.9628264904022217 73
1726501618327 0.9628554582595825 74
1726501618377 0.962881863117218 75
1726501618428 0.962906002998352 76
1726501618482 0.962928056716919 77
1726501618536 0.962948203086853 78
1726501618595 0.9629665613174438 79
1726501618665 0.9629833698272705 80
1726501618716 0.9629987478256226 81
1726501618772 0.9630128145217896 82
1726501618855 0.9630256295204163 83
1726501618911 0.9630374312400818 84
1726501618968 0.9630480408668518 85
1726501619018 0.9630578756332397 86
1726501619065 0.9630668759346008 87
1726501619116 0.9630750417709351 88
1726501619165 0.9630825519561768 89
1726501619216 0.9630893468856812 90
1726501619265 0.9630956649780273 91
1726501619315 0.9631015062332153 92
1726501619363 0.9631067514419556 93
1726501619414 0.9631114602088928 94
1726501619464 0.9631158709526062 95
1726501619515 0.9631198048591614 96
1726501619565 0.9631235599517822 97
1726501619617 0.9631268978118896 98
1726501619667 0.963129997253418 99
1726501619718 0.9631327986717224 100
1726501619768 0.963135302066803 101
1726501619819 0.963137686252594 102
1726501619869 0.9631398320198059 103
1726501619919 0.9631417989730835 104
1726501619970 0.9631435871124268 105
1726501620021 0.9631452560424805 106
1726501620071 0.9631467461585999 107
1726501620123 0.9631481170654297 108
1726501620173 0.9631494283676147 109
1726501620225 0.9631505012512207 110
1726501620277 0.9631515741348267 111
1726501620329 0.9631525278091431 112
1726501620379 0.9631535410881042 113
1726501620432 0.9631542563438416 114
1726501620483 0.9631550312042236 115
1726501620534 0.9631556868553162 116
1726501620583 0.9631563425064087 117
1726501620634 0.9631568789482117 118
1726501620684 0.9631574153900146 119
1726501620736 0.9631578922271729 120
1726501620786 0.9631583094596863 121
1726501620837 0.9631587266921997 122
1726501620886 0.9631591439247131 123
1726501620938 0.963159441947937 124
1726501620989 0.9631597995758057 125
1726501621040 0.9631600975990295 126
1726501621091 0.9631602764129639 127
1726501621142 0.9631605744361877 128
1726501621193 0.9631608128547668 129
1726501621246 0.9631609320640564 130
1726501621296 0.9631611108779907 131
1726501621347 0.963161289691925 132
1726501621398 0.9631614685058594 133
1726501621452 0.9631615281105042 134
1726501621502 0.9631617665290833 135
1726501621554 0.9631618857383728 136
1726501621604 0.9631619453430176 137
1726501621655 0.9631620645523071 138
1726501621706 0.9631621837615967 139
1726501621758 0.9631622433662415 140
1726501621808 0.963162362575531 141
1726501621864 0.9631624221801758 142
1726501621921 0.9631624221801758 143
1726501621982 0.9631625413894653 144
1726501622038 0.9631625413894653 145
1726501622091 0.9631626009941101 146
1726501622147 0.9631626009941101 147
1726501622208 0.9631627202033997 148
1726501622271 0.9631627202033997 149
1726501622341 0.9631627798080444 150
1726501622404 0.9631627202033997 151
1726501622475 0.9631627798080444 152
1726501622526 0.963162899017334 153
1726501622582 0.963162899017334 154
1726501622650 0.963162899017334 155
1726501622724 0.963162899017334 156
1726501622782 0.9631629586219788 157
1726501622833 0.9631630182266235 158
1726501622886 0.9631630182266235 159
1726501622937 0.9631630182266235 160
1726501622992 0.9631630182266235 161
1726501623043 0.9631630778312683 162
1726501623094 0.9631630182266235 163
1726501623145 0.9631630778312683 164
1726501623200 0.9631630778312683 165
1726501623251 0.9631630778312683 166
1726501623302 0.9631630182266235 167
1726501623353 0.9631631374359131 168
1726501623403 0.9631631374359131 169
1726501623456 0.9631631374359131 170
1726501623519 0.9631631374359131 171
1726501623577 0.9631631374359131 172
1726501623634 0.9631631374359131 173
1726501623685 0.9631631970405579 174
1726501623733 0.9631631374359131 175
1726501623783 0.9631631374359131 176
1726501623831 0.9631631374359131 177
1726501623882 0.9631631374359131 178
1726501623930 0.9631630778312683 179
1726501623983 0.9631631374359131 180
1726501624032 0.9631631970405579 181
1726501624082 0.9631631970405579 182
1726501624133 0.9631631374359131 183
1726501624184 0.9631631970405579 184
1726501624235 0.9631631374359131 185
1726501624287 0.9631631374359131 186
1726501624340 0.9631631374359131 187
