1726434598408 1.3697903156280518 0
1726434598507 1.3697903156280518 1
1726434598588 1.3697903156280518 2
1726434598667 1.3697903156280518 3
1726434598738 1.3697903156280518 4
1726434598803 1.3697903156280518 5
1726434598877 1.3697903156280518 6
1726434598938 1.3697903156280518 7
1726434598994 1.3697903156280518 8
1726434599050 1.3697903156280518 9
1726434599104 1.3697903156280518 10
1726434599166 1.3697903156280518 11
1726434599221 1.3697903156280518 12
1726434599275 1.3697903156280518 13
1726434599329 1.3697903156280518 14
1726434599387 1.3697903156280518 15
1726434599452 1.3697903156280518 16
1726434599507 1.3697903156280518 17
1726434599562 1.3697903156280518 18
1726434599622 1.3697903156280518 19
1726434599678 1.3697903156280518 20
1726434599733 1.3697903156280518 21
1726434599783 1.3697903156280518 22
1726434599836 1.3697903156280518 23
1726434599889 1.3697903156280518 24
1726434599939 1.3697903156280518 25
1726434599993 1.3697903156280518 26
1726434600053 1.3697903156280518 27
1726434600116 1.3697903156280518 28
1726434600183 1.3697903156280518 29
1726434600241 1.3697903156280518 30
1726434600295 1.3697903156280518 31
1726434600351 1.3697903156280518 32
1726434600402 1.3697903156280518 33
1726434600463 1.3697903156280518 34
1726434600519 1.3697903156280518 35
1726434600582 1.3697903156280518 36
1726434600640 1.3697903156280518 37
1726434600701 1.3697903156280518 38
1726434600755 1.3697903156280518 39
1726434600810 1.3697903156280518 40
1726434600864 1.3697903156280518 41
1726434600919 1.3697903156280518 42
1726434600981 1.3697903156280518 43
1726434601050 1.3697903156280518 44
1726434601118 1.3697903156280518 45
1726434601176 1.3697903156280518 46
1726434601234 1.3697903156280518 47
1726434601287 1.3697903156280518 48
1726434601344 1.3697903156280518 49
1726434601399 1.3697903156280518 50
1726434601456 1.3697903156280518 51
1726434601511 1.3697903156280518 52
1726434601564 1.3697903156280518 53
1726434601618 1.3697903156280518 54
1726434601689 1.3697903156280518 55
1726434601766 1.3697903156280518 56
1726434601835 1.3697903156280518 57
1726434601900 1.3697903156280518 58
1726434601958 1.3697903156280518 59
1726434602015 1.3697903156280518 60
1726434602069 1.3697903156280518 61
1726434602127 1.3697903156280518 62
1726434602183 1.3697903156280518 63
1726434602236 1.3697903156280518 64
1726434602290 1.3697903156280518 65
1726434602343 1.3697903156280518 66
1726434602399 1.3697903156280518 67
1726434602467 1.3697903156280518 68
1726434602527 1.3697903156280518 69
1726434602587 1.3697903156280518 70
1726434602647 1.3697903156280518 71
1726434602703 1.3697903156280518 72
1726434602759 1.3697903156280518 73
1726434602816 1.3697903156280518 74
1726434602883 1.3697903156280518 75
1726434602940 1.3697903156280518 76
1726434602995 1.3697903156280518 77
1726434603052 1.3697903156280518 78
1726434603107 1.3697903156280518 79
1726434603161 1.3697903156280518 80
1726434603217 1.3697903156280518 81
1726434603269 1.3697903156280518 82
1726434603324 1.3697903156280518 83
1726434603379 1.3697903156280518 84
1726434603439 1.3697903156280518 85
1726434603494 1.3697903156280518 86
1726434603549 1.3697903156280518 87
1726434603602 1.3697903156280518 88
1726434603656 1.3697903156280518 89
1726434603717 1.3697903156280518 90
1726434603772 1.3697903156280518 91
1726434603824 1.3697903156280518 92
1726434603884 1.3697903156280518 93
1726434603939 1.3697903156280518 94
1726434603991 1.3697903156280518 95
1726434604042 1.3697903156280518 96
1726434604094 1.3697903156280518 97
1726434604148 1.3697903156280518 98
1726434604199 1.3697903156280518 99
1726434604257 1.3697903156280518 100
1726434604312 1.3697903156280518 101
1726434604367 1.3697903156280518 102
1726434604421 1.3697903156280518 103
1726434604476 1.3697903156280518 104
1726434604536 1.3697903156280518 105
1726434604592 1.3697903156280518 106
1726434604643 1.3697903156280518 107
1726434604700 1.3697903156280518 108
1726434604755 1.3697903156280518 109
1726434604820 1.3697903156280518 110
1726434604884 1.3697903156280518 111
1726434604945 1.3697903156280518 112
1726434605006 1.3697903156280518 113
1726434605074 1.3697903156280518 114
1726434605142 1.3697903156280518 115
1726434605203 1.3697903156280518 116
1726434605266 1.3697903156280518 117
1726434605335 1.3697903156280518 118
1726434605402 1.3697903156280518 119
1726434605470 1.3697903156280518 120
1726434605533 1.3697903156280518 121
1726434605600 1.3697903156280518 122
1726434605664 1.3697903156280518 123
1726434605736 1.3697903156280518 124
1726434605796 1.3697903156280518 125
1726434605870 1.3697903156280518 126
1726434605935 1.3697903156280518 127
1726434605995 1.3697903156280518 128
1726434606067 1.3697903156280518 129
1726434606132 1.3697903156280518 130
1726434606202 1.3697903156280518 131
1726434606270 1.3697903156280518 132
1726434606336 1.3697903156280518 133
1726434606404 1.3697903156280518 134
1726434606484 1.3697903156280518 135
1726434606566 1.3697903156280518 136
1726434606642 1.3697903156280518 137
1726434606724 1.3697903156280518 138
1726434606808 1.3697903156280518 139
1726434606872 1.3697903156280518 140
1726434606934 1.3697903156280518 141
1726434606998 1.3697903156280518 142
1726434607059 1.3697903156280518 143
1726434607126 1.3697903156280518 144
1726434607194 1.3697903156280518 145
1726434607259 1.3697903156280518 146
1726434607326 1.3697903156280518 147
1726434607390 1.3697903156280518 148
1726434607465 1.3697903156280518 149
1726434607529 1.3697903156280518 150
1726434607592 1.3697903156280518 151
1726434607660 1.3697903156280518 152
1726434607722 1.3697903156280518 153
1726434607789 1.3697903156280518 154
1726434607852 1.3697903156280518 155
1726434607920 1.3697903156280518 156
1726434607986 1.3697903156280518 157
1726434608056 1.3697903156280518 158
1726434608126 1.3697903156280518 159
1726434608190 1.3697903156280518 160
1726434608253 1.3697903156280518 161
1726434608319 1.3697903156280518 162
1726434608387 1.3697903156280518 163
1726434608451 1.3697903156280518 164
1726434608516 1.3697903156280518 165
1726434608581 1.3697903156280518 166
1726434608644 1.3697903156280518 167
1726434608710 1.3697903156280518 168
1726434608774 1.3697903156280518 169
1726434608834 1.3697903156280518 170
1726434608901 1.3697903156280518 171
1726434608961 1.3697903156280518 172
1726434609028 1.3697903156280518 173
1726434609103 1.3697903156280518 174
1726434609171 1.3697903156280518 175
1726434609234 1.3697903156280518 176
1726434609291 1.3697903156280518 177
1726434609362 1.3697903156280518 178
1726434609431 1.3697903156280518 179
1726434609490 1.3697903156280518 180
1726434609561 1.3697903156280518 181
1726434609635 1.3697903156280518 182
1726434609699 1.3697903156280518 183
1726434609770 1.3697903156280518 184
1726434609839 1.3697903156280518 185
1726434609900 1.3697903156280518 186
1726434609967 1.3697903156280518 187
1726434610032 1.3697903156280518 188
1726434610095 1.3697903156280518 189
1726434610155 1.3697903156280518 190
1726434610220 1.3697903156280518 191
1726434610285 1.3697903156280518 192
1726434610353 1.3697903156280518 193
1726434610416 1.3697903156280518 194
1726434610486 1.3697903156280518 195
1726434610551 1.3697903156280518 196
1726434610614 1.3697903156280518 197
1726434610678 1.3697903156280518 198
1726434610746 1.3697903156280518 199
1726434610814 1.3697903156280518 200
1726434610876 1.3697903156280518 201
1726434610945 1.3697903156280518 202
1726434611007 1.3697903156280518 203
1726434611078 1.3697903156280518 204
1726434611137 1.3697903156280518 205
1726434611202 1.3697903156280518 206
1726434611262 1.3697903156280518 207
1726434611327 1.3697903156280518 208
1726434611392 1.3697903156280518 209
1726434611456 1.3697903156280518 210
1726434611516 1.3697903156280518 211
1726434611581 1.3697903156280518 212
1726434611644 1.3697903156280518 213
1726434611715 1.3697903156280518 214
1726434611778 1.3697903156280518 215
1726434611844 1.3697903156280518 216
1726434611907 1.3697903156280518 217
1726434611975 1.3697903156280518 218
1726434612040 1.3697903156280518 219
1726434612100 1.3697903156280518 220
1726434612166 1.3697903156280518 221
1726434612227 1.3697903156280518 222
1726434612296 1.3697903156280518 223
1726434612358 1.3697903156280518 224
1726434612417 1.3697903156280518 225
1726434612478 1.3697903156280518 226
1726434612548 1.3697903156280518 227
1726434612623 1.3697903156280518 228
1726434612686 1.3697903156280518 229
1726434612755 1.3697903156280518 230
1726434612818 1.3697903156280518 231
1726434612884 1.3697903156280518 232
1726434612952 1.3697903156280518 233
1726434613013 1.3697903156280518 234
1726434613074 1.3697903156280518 235
1726434613141 1.3697903156280518 236
1726434613198 1.3697903156280518 237
1726434613261 1.3697903156280518 238
1726434613325 1.3697903156280518 239
1726434613383 1.3697903156280518 240
1726434613455 1.3697903156280518 241
1726434613521 1.3697903156280518 242
1726434613582 1.3697903156280518 243
1726434613638 1.3697903156280518 244
1726434613696 1.3697903156280518 245
1726434613758 1.3697903156280518 246
1726434613828 1.3697903156280518 247
1726434613876 1.3697903156280518 248
1726434613928 1.3697903156280518 249
1726434613985 1.3697903156280518 250
1726434614036 1.3697903156280518 251
1726434614084 1.3697903156280518 252
1726434614135 1.3697903156280518 253
1726434614190 1.3697903156280518 254
1726434614240 1.3697903156280518 255
1726434614290 1.3697903156280518 256
1726434614337 1.3697903156280518 257
1726434614385 1.3697903156280518 258
1726434614434 1.3697903156280518 259
1726434614481 1.3697903156280518 260
1726434614538 1.3697903156280518 261
1726434614591 1.3697903156280518 262
1726434614641 1.3697903156280518 263
1726434614692 1.3697903156280518 264
1726434614747 1.3697903156280518 265
1726434614796 1.3697903156280518 266
1726434614850 1.3697903156280518 267
1726434614898 1.3697903156280518 268
1726434614946 1.3697903156280518 269
1726434615003 1.3697903156280518 270
1726434615056 1.3697903156280518 271
1726434615108 1.3697903156280518 272
1726434615159 1.3697903156280518 273
1726434615209 1.3697903156280518 274
1726434615261 1.3697903156280518 275
1726434615311 1.3697903156280518 276
1726434615363 1.3697903156280518 277
1726434615421 1.3697903156280518 278
1726434615493 1.3697903156280518 279
1726434615568 1.3697903156280518 280
1726434615634 1.3697903156280518 281
1726434615704 1.3697903156280518 282
1726434615777 1.3697903156280518 283
1726434615834 1.3697903156280518 284
1726434615905 1.3697903156280518 285
1726434615985 1.3697903156280518 286
1726434616052 1.3697903156280518 287
1726434616123 1.3697903156280518 288
1726434616201 1.3697903156280518 289
1726434616274 1.3697903156280518 290
1726434616348 1.3697903156280518 291
1726434616420 1.3697903156280518 292
1726434616493 1.3697903156280518 293
1726434616556 1.3697903156280518 294
1726434616623 1.3697903156280518 295
1726434616677 1.3697903156280518 296
1726434616744 1.3697903156280518 297
1726434616809 1.3697903156280518 298
1726434616874 1.3697903156280518 299
1726434616946 1.3697903156280518 300
1726434617012 1.3697903156280518 301
1726434617068 1.3697903156280518 302
1726434617124 1.3697903156280518 303
1726434617177 1.3697903156280518 304
1726434617233 1.3697903156280518 305
1726434617287 1.3697903156280518 306
1726434617341 1.3697903156280518 307
1726434617391 1.3697903156280518 308
1726434617446 1.3697903156280518 309
1726434617497 1.3697903156280518 310
1726434617559 1.3697903156280518 311
1726434617631 1.3697903156280518 312
1726434617680 1.3697903156280518 313
1726434617726 1.3697903156280518 314
1726434617770 1.3697903156280518 315
1726434617816 1.3697903156280518 316
1726434617866 1.3697903156280518 317
1726434617910 1.3697903156280518 318
1726434617955 1.3697903156280518 319
1726434618000 1.3697903156280518 320
1726434618046 1.3697903156280518 321
1726434618092 1.3697903156280518 322
1726434618137 1.3697903156280518 323
1726434618188 1.3697903156280518 324
1726434618233 1.3697903156280518 325
1726434618281 1.3697903156280518 326
1726434618326 1.3697903156280518 327
1726434618370 1.3697903156280518 328
1726434618416 1.3697903156280518 329
1726434618465 1.3697903156280518 330
1726434618510 1.3697903156280518 331
1726434618553 1.3697903156280518 332
1726434618596 1.3697903156280518 333
1726434618640 1.3697903156280518 334
1726434618685 1.3697903156280518 335
1726434618730 1.3697903156280518 336
1726434618774 1.3697903156280518 337
1726434618819 1.3697903156280518 338
1726434618866 1.3697903156280518 339
1726434618913 1.3697903156280518 340
1726434618969 1.3697903156280518 341
1726434619014 1.3697903156280518 342
1726434619057 1.3697903156280518 343
1726434619101 1.3697903156280518 344
1726434619143 1.3697903156280518 345
1726434619190 1.3697903156280518 346
1726434619235 1.3697903156280518 347
1726434619278 1.3697903156280518 348
1726434619321 1.3697903156280518 349
1726434619365 1.3697903156280518 350
1726434619413 1.3697903156280518 351
1726434619456 1.3697903156280518 352
1726434619501 1.3697903156280518 353
1726434619544 1.3697903156280518 354
1726434619586 1.3697903156280518 355
1726434619633 1.3697903156280518 356
1726434619682 1.3697903156280518 357
1726434619730 1.3697903156280518 358
1726434619784 1.3697903156280518 359
1726434619846 1.3697903156280518 360
1726434619904 1.3697903156280518 361
1726434619962 1.3697903156280518 362
1726434620023 1.3697903156280518 363
1726434620078 1.3697903156280518 364
1726434620131 1.3697903156280518 365
1726434620186 1.3697903156280518 366
1726434620245 1.3697903156280518 367
1726434620305 1.3697903156280518 368
1726434620362 1.3697903156280518 369
1726434620420 1.3697903156280518 370
1726434620486 1.3697903156280518 371
1726434620551 1.3697903156280518 372
1726434620609 1.3697903156280518 373
1726434620665 1.3697903156280518 374
1726434620724 1.3697903156280518 375
1726434620785 1.3697903156280518 376
1726434620844 1.3697903156280518 377
1726434620909 1.3697903156280518 378
1726434620969 1.3697903156280518 379
1726434621027 1.3697903156280518 380
1726434621093 1.3697903156280518 381
1726434621153 1.3697903156280518 382
1726434621210 1.3697903156280518 383
1726434621277 1.3697903156280518 384
1726434621341 1.3697903156280518 385
1726434621411 1.3697903156280518 386
1726434621473 1.3697903156280518 387
1726434621538 1.3697903156280518 388
1726434621604 1.3697903156280518 389
1726434621659 1.3697903156280518 390
1726434621717 1.3697903156280518 391
1726434621783 1.3697903156280518 392
1726434621842 1.3697903156280518 393
1726434621900 1.3697903156280518 394
1726434621964 1.3697903156280518 395
1726434622025 1.3697903156280518 396
1726434622117 1.3697903156280518 397
1726434622194 1.3697903156280518 398
1726434622267 1.3697903156280518 399
1726434622334 1.3697903156280518 400
1726434622397 1.3697903156280518 401
1726434622463 1.3697903156280518 402
1726434622522 1.3697903156280518 403
1726434622582 1.3697903156280518 404
1726434622646 1.3697903156280518 405
1726434622711 1.3697903156280518 406
1726434622764 1.3697903156280518 407
1726434622817 1.3697903156280518 408
1726434622877 1.3697903156280518 409
1726434622933 1.3697903156280518 410
1726434622989 1.3697903156280518 411
1726434623052 1.3697903156280518 412
1726434623113 1.3697903156280518 413
1726434623177 1.3697903156280518 414
1726434623241 1.3697903156280518 415
1726434623300 1.3697903156280518 416
1726434623358 1.3697903156280518 417
1726434623419 1.3697903156280518 418
1726434623476 1.3697903156280518 419
1726434623544 1.3697903156280518 420
1726434623613 1.3697903156280518 421
1726434623670 1.3697903156280518 422
1726434623729 1.3697903156280518 423
1726434623789 1.3697903156280518 424
1726434623843 1.3697903156280518 425
1726434623897 1.3697903156280518 426
1726434623950 1.3697903156280518 427
1726434624011 1.3697903156280518 428
1726434624078 1.3697903156280518 429
1726434624134 1.3697903156280518 430
1726434624198 1.3697903156280518 431
1726434624257 1.3697903156280518 432
1726434624316 1.3697903156280518 433
1726434624374 1.3697903156280518 434
1726434624440 1.3697903156280518 435
1726434624498 1.3697903156280518 436
1726434624557 1.3697903156280518 437
1726434624609 1.3697903156280518 438
1726434624663 1.3697903156280518 439
1726434624726 1.3697903156280518 440
1726434624790 1.3697903156280518 441
1726434624847 1.3697903156280518 442
1726434624904 1.3697903156280518 443
1726434624960 1.3697903156280518 444
1726434625019 1.3697903156280518 445
1726434625076 1.3697903156280518 446
1726434625142 1.3697903156280518 447
1726434625205 1.3697903156280518 448
1726434625268 1.3697903156280518 449
1726434625320 1.3697903156280518 450
1726434625371 1.3697903156280518 451
1726434625430 1.3697903156280518 452
1726434625490 1.3697903156280518 453
1726434625550 1.3697903156280518 454
1726434625608 1.3697903156280518 455
1726434625662 1.3697903156280518 456
1726434625715 1.3697903156280518 457
1726434625772 1.3697903156280518 458
1726434625825 1.3697903156280518 459
1726434625887 1.3697903156280518 460
1726434625951 1.3697903156280518 461
1726434626017 1.3697903156280518 462
1726434626080 1.3697903156280518 463
1726434626141 1.3697903156280518 464
1726434626214 1.3697903156280518 465
1726434626294 1.3697903156280518 466
1726434626367 1.3697903156280518 467
1726434626428 1.3697903156280518 468
1726434626489 1.3697903156280518 469
1726434626545 1.3697903156280518 470
1726434626606 1.3697903156280518 471
1726434626668 1.3697903156280518 472
1726434626732 1.3697903156280518 473
1726434626791 1.3697903156280518 474
1726434626856 1.3697903156280518 475
1726434626914 1.3697903156280518 476
1726434626978 1.3697903156280518 477
1726434627046 1.3697903156280518 478
1726434627105 1.3697903156280518 479
1726434627163 1.3697903156280518 480
1726434627225 1.3697903156280518 481
1726434627283 1.3697903156280518 482
1726434627355 1.3697903156280518 483
1726434627411 1.3697903156280518 484
1726434627474 1.3697903156280518 485
1726434627528 1.3697903156280518 486
1726434627584 1.3697903156280518 487
1726434627651 1.3697903156280518 488
1726434627716 1.3697903156280518 489
1726434627769 1.3697903156280518 490
1726434627826 1.3697903156280518 491
1726434627887 1.3697903156280518 492
1726434627943 1.3697903156280518 493
1726434628012 1.3697903156280518 494
1726434628076 1.3697903156280518 495
1726434628135 1.3697903156280518 496
1726434628196 1.3697903156280518 497
1726434628260 1.3697903156280518 498
1726434628323 1.3697903156280518 499
1726434628386 1.3697903156280518 500
1726434628450 1.3697903156280518 501
1726434628510 1.3697903156280518 502
1726434628565 1.3697903156280518 503
1726434628615 1.3697903156280518 504
1726434628680 1.3697903156280518 505
1726434628738 1.3697903156280518 506
1726434628787 1.3697903156280518 507
1726434628845 1.3697903156280518 508
1726434628895 1.3697903156280518 509
1726434628941 1.3697903156280518 510
1726434628987 1.3697903156280518 511
1726434629032 1.3697903156280518 512
1726434629077 1.3697903156280518 513
1726434629124 1.3697903156280518 514
1726434629171 1.3697903156280518 515
1726434629222 1.3697903156280518 516
1726434629270 1.3697903156280518 517
1726434629322 1.3697903156280518 518
1726434629364 1.3697903156280518 519
1726434629407 1.3697903156280518 520
1726434629450 1.3697903156280518 521
1726434629494 1.3697903156280518 522
1726434629539 1.3697903156280518 523
1726434629582 1.3697903156280518 524
1726434629627 1.3697903156280518 525
1726434629669 1.3697903156280518 526
1726434629715 1.3697903156280518 527
1726434629760 1.3697903156280518 528
1726434629804 1.3697903156280518 529
1726434629852 1.3697903156280518 530
1726434629901 1.3697903156280518 531
1726434629946 1.3697903156280518 532
1726434629993 1.3697903156280518 533
1726434630037 1.3697903156280518 534
1726434630082 1.3697903156280518 535
1726434630126 1.3697903156280518 536
1726434630171 1.3697903156280518 537
1726434630215 1.3697903156280518 538
1726434630261 1.3697903156280518 539
1726434630305 1.3697903156280518 540
1726434630350 1.3697903156280518 541
1726434630398 1.3697903156280518 542
1726434630445 1.3697903156280518 543
1726434630487 1.3697903156280518 544
1726434630530 1.3697903156280518 545
1726434630572 1.3697903156280518 546
1726434630619 1.3697903156280518 547
1726434630661 1.3697903156280518 548
1726434630705 1.3697903156280518 549
1726434630749 1.3697903156280518 550
1726434630792 1.3697903156280518 551
1726434630835 1.3697903156280518 552
1726434630879 1.3697903156280518 553
1726434630926 1.3697903156280518 554
1726434630968 1.3697903156280518 555
1726434631014 1.3697903156280518 556
1726434631057 1.3697903156280518 557
1726434631102 1.3697903156280518 558
1726434631150 1.3697903156280518 559
1726434631200 1.3697903156280518 560
1726434631268 1.3697903156280518 561
1726434631324 1.3697903156280518 562
1726434631386 1.3697903156280518 563
1726434631439 1.3697903156280518 564
1726434631482 1.3697903156280518 565
1726434631523 1.3697903156280518 566
1726434631564 1.3697903156280518 567
1726434631605 1.3697903156280518 568
1726434631645 1.3697903156280518 569
1726434631686 1.3697903156280518 570
1726434631728 1.3697903156280518 571
1726434631769 1.3697903156280518 572
1726434631811 1.3697903156280518 573
1726434631853 1.3697903156280518 574
1726434631893 1.3697903156280518 575
1726434631937 1.3697903156280518 576
1726434631979 1.3697903156280518 577
1726434632022 1.3697903156280518 578
1726434632064 1.3697903156280518 579
1726434632107 1.3697903156280518 580
1726434632150 1.3697903156280518 581
1726434632193 1.3697903156280518 582
1726434632235 1.3697903156280518 583
1726434632278 1.3697903156280518 584
1726434632320 1.3697903156280518 585
1726434632363 1.3697903156280518 586
1726434632406 1.3697903156280518 587
1726434632452 1.3697903156280518 588
1726434632499 1.3697903156280518 589
1726434632550 1.3697903156280518 590
1726434632602 1.3697903156280518 591
1726434632652 1.3697903156280518 592
1726434632697 1.3697903156280518 593
1726434632742 1.3697903156280518 594
1726434632788 1.3697903156280518 595
1726434632840 1.3697903156280518 596
1726434632889 1.3697903156280518 597
1726434632963 1.3697903156280518 598
1726434633032 1.3697903156280518 599
1726434633109 1.3697903156280518 600
1726434633164 1.3697903156280518 601
1726434633214 1.3697903156280518 602
1726434633262 1.3697903156280518 603
1726434633309 1.3697903156280518 604
1726434633350 1.3697903156280518 605
1726434633391 1.3697903156280518 606
1726434633432 1.3697903156280518 607
1726434633472 1.3697903156280518 608
1726434633514 1.3697903156280518 609
1726434633555 1.3697903156280518 610
1726434633596 1.3697903156280518 611
1726434633639 1.3697903156280518 612
1726434633683 1.3697903156280518 613
1726434633730 1.3697903156280518 614
1726434633775 1.3697903156280518 615
1726434633823 1.3697903156280518 616
1726434633868 1.3697903156280518 617
1726434633908 1.3697903156280518 618
1726434633950 1.3697903156280518 619
1726434633990 1.3697903156280518 620
1726434634032 1.3697903156280518 621
1726434634074 1.3697903156280518 622
1726434634114 1.3697903156280518 623
1726434634155 1.3697903156280518 624
1726434634197 1.3697903156280518 625
1726434634238 1.3697903156280518 626
1726434634279 1.3697903156280518 627
1726434634321 1.3697903156280518 628
1726434634362 1.3697903156280518 629
1726434634402 1.3697903156280518 630
1726434634444 1.3697903156280518 631
1726434634486 1.3697903156280518 632
1726434634528 1.3697903156280518 633
1726434634570 1.3697903156280518 634
1726434634611 1.3697903156280518 635
1726434634653 1.3697903156280518 636
1726434634695 1.3697903156280518 637
1726434634742 1.3697903156280518 638
1726434634794 1.3697903156280518 639
1726434634850 1.3697903156280518 640
1726434634906 1.3697903156280518 641
1726434634964 1.3697903156280518 642
1726434635024 1.3697903156280518 643
1726434635086 1.3697903156280518 644
1726434635139 1.3697903156280518 645
1726434635190 1.3697903156280518 646
1726434635240 1.3697903156280518 647
1726434635306 1.3697903156280518 648
1726434635369 1.3697903156280518 649
1726434635423 1.3697903156280518 650
1726434635477 1.3697903156280518 651
1726434635532 1.3697903156280518 652
1726434635589 1.3697903156280518 653
1726434635648 1.3697903156280518 654
1726434635701 1.3697903156280518 655
1726434635755 1.3697903156280518 656
1726434635827 1.3697903156280518 657
1726434635894 1.3697903156280518 658
1726434635949 1.3697903156280518 659
1726434636008 1.3697903156280518 660
1726434636062 1.3697903156280518 661
1726434636117 1.3697903156280518 662
1726434636173 1.3697903156280518 663
1726434636226 1.3697903156280518 664
1726434636280 1.3697903156280518 665
1726434636334 1.3697903156280518 666
1726434636388 1.3697903156280518 667
1726434636444 1.3697903156280518 668
1726434636496 1.3697903156280518 669
1726434636548 1.3697903156280518 670
1726434636605 1.3697903156280518 671
1726434636659 1.3697903156280518 672
1726434636717 1.3697903156280518 673
1726434636774 1.3697903156280518 674
1726434636847 1.3697903156280518 675
1726434636901 1.3697903156280518 676
1726434636955 1.3697903156280518 677
1726434637010 1.3697903156280518 678
1726434637069 1.3697903156280518 679
1726434637121 1.3697903156280518 680
1726434637173 1.3697903156280518 681
1726434637227 1.3697903156280518 682
1726434637281 1.3697903156280518 683
1726434637334 1.3697903156280518 684
1726434637388 1.3697903156280518 685
1726434637446 1.3697903156280518 686
1726434637507 1.3697903156280518 687
1726434637565 1.3697903156280518 688
1726434637629 1.3697903156280518 689
1726434637682 1.3697903156280518 690
1726434637745 1.3697903156280518 691
1726434637820 1.3697903156280518 692
1726434637889 1.3697903156280518 693
1726434637946 1.3697903156280518 694
1726434638002 1.3697903156280518 695
1726434638056 1.3697903156280518 696
1726434638109 1.3697903156280518 697
1726434638162 1.3697903156280518 698
1726434638215 1.3697903156280518 699
1726434638269 1.3697903156280518 700
1726434638323 1.3697903156280518 701
1726434638379 1.3697903156280518 702
1726434638441 1.3697903156280518 703
1726434638501 1.3697903156280518 704
1726434638555 1.3697903156280518 705
1726434638609 1.3697903156280518 706
1726434638662 1.3697903156280518 707
1726434638716 1.3697903156280518 708
1726434638769 1.3697903156280518 709
1726434638820 1.3697903156280518 710
1726434638872 1.3697903156280518 711
1726434638922 1.3697903156280518 712
1726434638974 1.3697903156280518 713
1726434639025 1.3697903156280518 714
1726434639077 1.3697903156280518 715
1726434639128 1.3697903156280518 716
1726434639183 1.3697903156280518 717
1726434639234 1.3697903156280518 718
1726434639285 1.3697903156280518 719
1726434639338 1.3697903156280518 720
1726434639389 1.3697903156280518 721
1726434639441 1.3697903156280518 722
1726434639492 1.3697903156280518 723
1726434639544 1.3697903156280518 724
1726434639595 1.3697903156280518 725
1726434639646 1.3697903156280518 726
1726434639697 1.3697903156280518 727
1726434639748 1.3697903156280518 728
1726434639801 1.3697903156280518 729
1726434639852 1.3697903156280518 730
1726434639904 1.3697903156280518 731
1726434639959 1.3697903156280518 732
1726434640010 1.3697903156280518 733
1726434640062 1.3697903156280518 734
1726434640113 1.3697903156280518 735
1726434640165 1.3697903156280518 736
1726434640214 1.3697903156280518 737
1726434640260 1.3697903156280518 738
1726434640305 1.3697903156280518 739
1726434640351 1.3697903156280518 740
1726434640395 1.3697903156280518 741
1726434640439 1.3697903156280518 742
1726434640482 1.3697903156280518 743
1726434640527 1.3697903156280518 744
1726434640570 1.3697903156280518 745
1726434640612 1.3697903156280518 746
1726434640655 1.3697903156280518 747
1726434640697 1.3697903156280518 748
1726434640740 1.3697903156280518 749
1726434640783 1.3697903156280518 750
1726434640825 1.3697903156280518 751
1726434640869 1.3697903156280518 752
1726434640912 1.3697903156280518 753
1726434640957 1.3697903156280518 754
1726434641003 1.3697903156280518 755
1726434641047 1.3697903156280518 756
1726434641090 1.3697903156280518 757
1726434641133 1.3697903156280518 758
1726434641177 1.3697903156280518 759
1726434641220 1.3697903156280518 760
1726434641264 1.3697903156280518 761
1726434641307 1.3697903156280518 762
1726434641349 1.3697903156280518 763
1726434641392 1.3697903156280518 764
1726434641435 1.3697903156280518 765
1726434641479 1.3697903156280518 766
1726434641522 1.3697903156280518 767
1726434641565 1.3697903156280518 768
1726434641611 1.3697903156280518 769
1726434641656 1.3697903156280518 770
1726434641701 1.3697903156280518 771
1726434641744 1.3697903156280518 772
1726434641788 1.3697903156280518 773
1726434641835 1.3697903156280518 774
1726434641881 1.3697903156280518 775
1726434641927 1.3697903156280518 776
1726434641974 1.3697903156280518 777
1726434642031 1.3697903156280518 778
1726434642089 1.3697903156280518 779
1726434642146 1.3697903156280518 780
1726434642194 1.3697903156280518 781
1726434642249 1.3697903156280518 782
1726434642324 1.3697903156280518 783
1726434642380 1.3697903156280518 784
1726434642422 1.3697903156280518 785
1726434642476 1.3697903156280518 786
1726434642521 1.3697903156280518 787
1726434642580 1.3697903156280518 788
1726434642641 1.3697903156280518 789
1726434642688 1.3697903156280518 790
1726434642747 1.3697903156280518 791
1726434642797 1.3697903156280518 792
1726434642838 1.3697903156280518 793
1726434642879 1.3697903156280518 794
1726434642920 1.3697903156280518 795
1726434642962 1.3697903156280518 796
1726434643002 1.3697903156280518 797
1726434643046 1.3697903156280518 798
1726434643092 1.3697903156280518 799
1726434643144 1.3697903156280518 800
1726434643186 1.3697903156280518 801
1726434643232 1.3697903156280518 802
1726434643279 1.3697903156280518 803
1726434643323 1.3697903156280518 804
1726434643369 1.3697903156280518 805
1726434643417 1.3697903156280518 806
1726434643474 1.3697903156280518 807
1726434643520 1.3697903156280518 808
1726434643566 1.3697903156280518 809
1726434643619 1.3697903156280518 810
1726434643667 1.3697903156280518 811
1726434643721 1.3697903156280518 812
1726434643774 1.3697903156280518 813
1726434643817 1.3697903156280518 814
1726434643857 1.3697903156280518 815
1726434643898 1.3697903156280518 816
1726434643940 1.3697903156280518 817
1726434643980 1.3697903156280518 818
1726434644022 1.3697903156280518 819
1726434644066 1.3697903156280518 820
1726434644108 1.3697903156280518 821
1726434644149 1.3697903156280518 822
1726434644191 1.3697903156280518 823
1726434644234 1.3697903156280518 824
1726434644280 1.3697903156280518 825
1726434644322 1.3697903156280518 826
1726434644363 1.3697903156280518 827
1726434644404 1.3697903156280518 828
1726434644444 1.3697903156280518 829
1726434644489 1.3697903156280518 830
1726434644533 1.3697903156280518 831
1726434644576 1.3697903156280518 832
1726434644618 1.3697903156280518 833
1726434644659 1.3697903156280518 834
1726434644701 1.3697903156280518 835
1726434644742 1.3697903156280518 836
1726434644785 1.3697903156280518 837
1726434644827 1.3697903156280518 838
1726434644870 1.3697903156280518 839
1726434644913 1.3697903156280518 840
1726434644954 1.3697903156280518 841
1726434644997 1.3697903156280518 842
1726434645039 1.3697903156280518 843
1726434645081 1.3697903156280518 844
1726434645124 1.3697903156280518 845
1726434645166 1.3697903156280518 846
1726434645209 1.3697903156280518 847
1726434645253 1.3697903156280518 848
1726434645306 1.3697903156280518 849
1726434645348 1.3697903156280518 850
1726434645389 1.3697903156280518 851
1726434645431 1.3697903156280518 852
1726434645472 1.3697903156280518 853
1726434645514 1.3697903156280518 854
1726434645557 1.3697903156280518 855
1726434645599 1.3697903156280518 856
1726434645641 1.3697903156280518 857
1726434645683 1.3697903156280518 858
1726434645728 1.3697903156280518 859
1726434645771 1.3697903156280518 860
1726434645813 1.3697903156280518 861
1726434645856 1.3697903156280518 862
1726434645898 1.3697903156280518 863
1726434645940 1.3697903156280518 864
1726434645982 1.3697903156280518 865
1726434646024 1.3697903156280518 866
1726434646067 1.3697903156280518 867
1726434646109 1.3697903156280518 868
