1727302581027 2.314073085784912 0
1727302581063 2.130544900894165 1
1727302581097 2.0867843627929688 2
1727302581131 2.128645658493042 3
1727302581165 2.0273008346557617 4
1727302581199 2.0120761394500732 5
1727302581234 1.9706737995147705 6
1727302581269 1.956061840057373 7
1727302581305 2.2029762268066406 8
1727302581340 2.0641422271728516 9
1727302581377 2.0484867095947266 10
1727302581412 2.0047731399536133 11
1727302581448 2.1061768531799316 12
1727302581485 2.0856339931488037 13
1727302581519 2.1767826080322266 14
1727302581554 2.031904935836792 15
1727302581589 2.030362606048584 16
1727302581623 2.152907133102417 17
1727302581658 2.1480305194854736 18
1727302581692 2.1702942848205566 19
1727302581727 2.0237786769866943 20
1727302581762 2.1634793281555176 21
1727302581797 2.117553234100342 22
1727302581836 1.2344979047775269 23
1727302581873 2.062788963317871 24
1727302581908 2.046595573425293 25
1727302581944 2.149073839187622 26
1727302581979 2.158008098602295 27
1727302582015 1.8517091274261475 28
1727302582054 1.335769772529602 29
1727302582089 2.1161937713623047 30
1727302582125 1.9893673658370972 31
1727302582159 2.1353044509887695 32
1727302582195 1.9722820520401 33
1727302582229 2.071645498275757 34
1727302582264 2.0126986503601074 35
1727302582299 2.121842384338379 36
1727302582334 2.016730785369873 37
1727302582367 1.920863389968872 38
1727302582401 2.062533378601074 39
1727302582435 2.027907133102417 40
1727302582471 2.137045383453369 41
1727302582505 2.036158561706543 42
1727302582540 1.9341306686401367 43
1727302582575 2.1233932971954346 44
1727302582610 2.1960670948028564 45
1727302582645 1.9822983741760254 46
1727302582679 2.0805299282073975 47
1727302582713 1.9760067462921143 48
1727302582747 1.9431135654449463 49
1727302582782 2.1219613552093506 50
1727302582820 2.20054292678833 51
1727302582858 2.0658862590789795 52
1727302582893 1.9865994453430176 53
1727302582930 2.1878507137298584 54
1727302582967 2.000173807144165 55
1727302583004 2.0366156101226807 56
1727302583041 2.1120903491973877 57
1727302583078 2.0969135761260986 58
1727302583115 1.521618366241455 59
1727302583152 2.054460048675537 60
1727302583189 2.015272378921509 61
1727302583225 2.1711862087249756 62
1727302583260 2.1685380935668945 63
1727302583297 2.1440494060516357 64
1727302583333 2.1770577430725098 65
1727302583369 1.8740737438201904 66
1727302583405 2.1052842140197754 67
1727302583441 2.073253870010376 68
1727302583477 1.9924678802490234 69
1727302583513 2.0944199562072754 70
1727302583549 2.0423238277435303 71
1727302583586 2.0943758487701416 72
1727302583622 1.8745064735412598 73
1727302583658 2.089536428451538 74
1727302583694 1.93486750125885 75
1727302583730 2.0555567741394043 76
1727302583766 2.1337873935699463 77
1727302583800 2.1013920307159424 78
1727302583835 2.1463913917541504 79
1727302583869 1.987501621246338 80
1727302583903 2.114997625350952 81
1727302583938 2.151663303375244 82
1727302583973 1.9760518074035645 83
1727302584009 1.9892345666885376 84
1727302584047 1.521618366241455 85
1727302584082 1.5216196775436401 86
1727302584118 2.1634793281555176 87
1727302584153 1.9914076328277588 88
1727302584189 2.090250015258789 89
1727302584236 1.9822379350662231 90
1727302584287 2.1061065196990967 91
1727302584335 2.1662843227386475 92
1727302584387 1.997313141822815 93
1727302584440 2.161360263824463 94
1727302584493 1.9582594633102417 95
1727302584547 2.1471900939941406 96
1727302584589 2.0882468223571777 97
1727302584631 2.23502254486084 98
1727302584676 2.1084110736846924 99
1727302584719 2.0985164642333984 100
1727302584761 2.1214075088500977 101
1727302584803 2.034064531326294 102
1727302584847 2.1032564640045166 103
1727302584892 2.1506428718566895 104
1727302584942 1.9384031295776367 105
1727302584997 2.015709161758423 106
1727302585047 2.139836549758911 107
1727302585103 1.9783148765563965 108
1727302585147 1.947789192199707 109
1727302585190 2.0352492332458496 110
1727302585236 1.8544294834136963 111
1727302585279 2.225429058074951 112
1727302585337 2.1749229431152344 113
1727302585393 1.991992473602295 114
1727302585444 2.066300392150879 115
1727302585491 1.9416645765304565 116
1727302585536 2.0480496883392334 117
1727302585574 2.0101840496063232 118
1727302585613 2.0795774459838867 119
1727302585650 2.161360263824463 120
1727302585688 2.0464675426483154 121
1727302585724 1.8420562744140625 122
1727302585762 2.068920612335205 123
1727302585800 2.080188751220703 124
1727302585837 2.2313904762268066 125
1727302585873 2.0872650146484375 126
1727302585913 2.20611572265625 127
1727302585948 2.1090855598449707 128
1727302585983 1.9264631271362305 129
1727302586019 2.257429361343384 130
1727302586056 2.1552860736846924 131
1727302586090 2.0424764156341553 132
1727302586125 2.238830804824829 133
1727302586159 2.1813573837280273 134
1727302586193 2.115889310836792 135
1727302586227 2.1930789947509766 136
1727302586261 2.2291336059570312 137
1727302586296 2.0454628467559814 138
1727302586332 2.234764814376831 139
1727302586366 2.0907604694366455 140
1727302586399 2.191934108734131 141
1727302586434 2.1506431102752686 142
1727302586468 2.2148258686065674 143
1727302586503 2.03208065032959 144
1727302586537 2.144094228744507 145
1727302586570 2.041968584060669 146
1727302586604 2.1232821941375732 147
1727302586639 2.104236602783203 148
1727302586673 2.166248083114624 149
1727302586707 1.521618366241455 150
1727302586742 2.1884796619415283 151
1727302586775 1.7344977855682373 152
1727302586810 2.0773353576660156 153
1727302586845 2.2139177322387695 154
1727302586878 2.2259883880615234 155
1727302586913 2.205368757247925 156
1727302586948 2.083075761795044 157
1727302586983 2.047480583190918 158
1727302587017 2.1224465370178223 159
1727302587052 2.1973960399627686 160
1727302587086 2.1027040481567383 161
1727302587121 2.1893177032470703 162
1727302587155 2.14969539642334 163
1727302587190 2.124631404876709 164
1727302587224 2.186150312423706 165
1727302587258 2.1693787574768066 166
1727302587293 1.9923529624938965 167
1727302587327 2.063990831375122 168
1727302587362 2.1945676803588867 169
1727302587395 2.1319382190704346 170
1727302587428 2.2573835849761963 171
1727302587463 2.0501561164855957 172
1727302587498 1.335769772529602 173
1727302587534 2.007662296295166 174
1727302587568 1.959754467010498 175
1727302587603 2.2108123302459717 176
1727302587637 1.7287585735321045 177
1727302587672 2.0544965267181396 178
1727302587705 2.0602145195007324 179
1727302587741 2.0863595008850098 180
1727302587775 2.0532352924346924 181
1727302587809 2.132218360900879 182
1727302587843 2.0532352924346924 183
1727302587877 2.0805625915527344 184
1727302587910 2.135568857192993 185
1727302587950 2.263742685317993 186
1727302587990 2.2313904762268066 187
1727302588032 2.1998515129089355 188
1727302588071 1.9365251064300537 189
1727302588108 2.1529181003570557 190
1727302588144 2.167846441268921 191
1727302588180 2.1286122798919678 192
1727302588217 2.0717074871063232 193
1727302588260 2.182056188583374 194
1727302588301 2.2051455974578857 195
1727302588337 1.9750175476074219 196
1727302588372 2.205620765686035 197
1727302588408 2.130781650543213 198
1727302588444 1.9982821941375732 199
1727302588479 2.1107568740844727 200
1727302588514 2.1275501251220703 201
1727302588550 2.0318188667297363 202
1727302588585 1.9222397804260254 203
1727302588623 2.0974245071411133 204
1727302588657 2.2121617794036865 205
1727302588693 1.521618366241455 206
1727302588727 2.142932415008545 207
1727302588761 2.01784348487854 208
1727302588796 2.064598798751831 209
1727302588830 1.9872537851333618 210
1727302588865 2.0708773136138916 211
1727302588899 2.0285980701446533 212
1727302588934 2.1524085998535156 213
1727302588969 2.147719383239746 214
1727302589003 2.0712945461273193 215
1727302589038 2.1403448581695557 216
1727302589073 2.2148258686065674 217
1727302589108 1.9542404413223267 218
1727302589143 2.017716407775879 219
1727302589177 1.9462289810180664 220
1727302589211 2.078543186187744 221
1727302589246 2.0090014934539795 222
1727302589281 1.7430146932601929 223
1727302589317 1.9998472929000854 224
1727302589352 2.0092382431030273 225
1727302589385 2.162476062774658 226
1727302589419 2.131772994995117 227
1727302589452 2.1962878704071045 228
1727302589486 2.131592273712158 229
1727302589519 2.1319708824157715 230
1727302589554 2.144728899002075 231
1727302589589 2.1247189044952393 232
1727302589626 2.1575520038604736 233
1727302589663 2.158440589904785 234
1727302589697 2.256843090057373 235
1727302589730 2.013824462890625 236
1727302589765 2.16336727142334 237
1727302589801 2.1662843227386475 238
1727302589835 2.1601345539093018 239
1727302589869 2.0902726650238037 240
1727302589905 2.104153871536255 241
1727302589943 2.185579776763916 242
1727302589980 2.235724449157715 243
1727302590014 1.9238625764846802 244
1727302590050 2.152372360229492 245
1727302590084 1.956371545791626 246
1727302590118 2.1454310417175293 247
1727302590152 2.0323150157928467 248
1727302590186 2.0486769676208496 249
1727302590220 2.1837406158447266 250
1727302590255 1.9426863193511963 251
1727302590291 1.335769772529602 252
1727302590328 1.8734164237976074 253
1727302590363 1.335769772529602 254
1727302590398 2.045488119125366 255
1727302590433 1.9922409057617188 256
1727302590470 2.001359462738037 257
1727302590511 2.111915111541748 258
1727302590548 1.941130518913269 259
1727302590582 2.219670057296753 260
1727302590617 2.0978007316589355 261
1727302590650 2.0487067699432373 262
1727302590684 2.0110762119293213 263
1727302590718 2.0414981842041016 264
1727302590753 2.1134495735168457 265
1727302590787 2.148153781890869 266
1727302590825 2.122788190841675 267
1727302590858 2.132282018661499 268
1727302590893 2.0915286540985107 269
1727302590932 1.8888018131256104 270
1727302590969 2.1725664138793945 271
1727302591006 2.115064859390259 272
1727302591042 2.054324150085449 273
1727302591077 2.134772777557373 274
1727302591112 2.0987181663513184 275
1727302591146 2.0419392585754395 276
1727302591182 2.1022863388061523 277
1727302591217 1.335769772529602 278
1727302591251 2.1451752185821533 279
1727302591287 1.865012288093567 280
1727302591323 1.335769772529602 281
1727302591358 1.335769772529602 282
