1726437068751 0.06644291430711746 0
1726437068778 0.4675308167934418 1
1726437068804 0.0 2
1726437068829 0.003021201118826866 3
1726437068856 0.1386384516954422 4
1726437068881 0.0 5
1726437068906 0.011946753598749638 6
1726437068930 0.0 7
1726437068956 0.18942134082317352 8
1726437068981 0.31450358033180237 9
1726437069006 6.1402268409729 10
1726437069031 0.09709333628416061 11
1726437069057 0.0 12
1726437069085 0.0 13
1726437069111 0.1532766968011856 14
1726437069137 0.4167543947696686 15
1726437069162 0.0 16
1726437069189 6.1402268409729 17
1726437069215 0.0 18
1726437069240 0.0 19
1726437069266 6.1402268409729 20
1726437069291 0.0 21
1726437069317 0.08962432295084 22
1726437069344 0.18460120260715485 23
1726437069369 0.04015836492180824 24
1726437069395 0.0 25
1726437069423 0.437857061624527 26
1726437069451 0.387292742729187 27
1726437069478 0.0 28
1726437069505 0.18467740714550018 29
1726437069532 0.05233186110854149 30
1726437069560 6.1402268409729 31
1726437069587 0.0 32
1726437069622 0.13386407494544983 33
1726437069657 0.023216208443045616 34
1726437069691 0.008764565922319889 35
1726437069725 0.11108732968568802 36
1726437069753 0.3046938478946686 37
1726437069782 6.1402268409729 38
1726437069810 6.1402268409729 39
1726437069838 6.1402268409729 40
1726437069866 0.091885507106781 41
1726437069892 0.4273780286312103 42
1726437069919 6.1402268409729 43
1726437069944 6.485237121582031 44
1726437069969 0.40350398421287537 45
1726437069994 0.5899683833122253 46
1726437070020 0.14107643067836761 47
1726437070047 0.17478491365909576 48
1726437070073 0.0 49
1726437070100 0.0 50
1726437070129 0.15308868885040283 51
1726437070159 0.299994558095932 52
1726437070189 0.19187141954898834 53
1726437070217 0.49893537163734436 54
1726437070245 0.9052950739860535 55
1726437070275 0.13918255269527435 56
1726437070305 1.6542048454284668 57
1726437070335 0.019319457933306694 58
1726437070365 0.17621050775051117 59
1726437070394 0.0 60
1726437070420 0.6863713264465332 61
1726437070446 12.2804536819458 62
1726437070471 0.18766021728515625 63
1726437070496 0.35550352931022644 64
1726437070522 0.0 65
1726437070550 0.1479710340499878 66
1726437070580 0.1862439066171646 67
1726437070607 0.0 68
1726437070634 0.0 69
1726437070672 1.3144468069076538 70
1726437070711 6.1402268409729 71
1726437070746 6.1402268409729 72
1726437070779 0.0 73
1726437070810 0.0 74
1726437070839 0.32083192467689514 75
1726437070868 0.7682793140411377 76
1726437070898 0.6859133839607239 77
1726437070926 6.2441020011901855 78
1726437070955 0.0 79
1726437070988 0.3669147193431854 80
1726437071021 0.36928853392601013 81
1726437071053 0.10443561524152756 82
1726437071088 0.0 83
1726437071120 6.1402268409729 84
1726437071155 0.3436419665813446 85
1726437071191 0.592962920665741 86
1726437071227 0.0 87
1726437071259 6.1402268409729 88
1726437071286 0.0 89
1726437071313 0.463910311460495 90
1726437071341 0.4165682792663574 91
1726437071367 0.11923671513795853 92
1726437071393 0.0 93
1726437071420 0.0 94
1726437071447 0.0 95
1726437071474 0.22284823656082153 96
1726437071500 0.33499228954315186 97
1726437071528 0.47780415415763855 98
1726437071554 0.0 99
1726437071581 0.0 100
1726437071607 0.5927737355232239 101
1726437071635 0.0 102
1726437071664 0.1627948135137558 103
1726437071692 0.1769833117723465 104
1726437071720 0.2658006548881531 105
1726437071747 0.0 106
1726437071774 0.0 107
1726437071801 0.0 108
1726437071828 0.0 109
1726437071856 0.0 110
