1727306113898 2.014693021774292 0
1727306113948 2.014693021774292 1
1727306113988 2.014693021774292 2
1727306114026 2.014693021774292 3
1727306114065 2.014693021774292 4
1727306114102 2.014693021774292 5
1727306114141 2.014693021774292 6
1727306114179 2.014693021774292 7
1727306114218 2.014693021774292 8
1727306114258 2.014693021774292 9
1727306114298 2.014693021774292 10
1727306114338 2.014693021774292 11
1727306114377 2.014693021774292 12
1727306114426 2.014693021774292 13
1727306114466 2.014693021774292 14
1727306114506 2.014693021774292 15
1727306114544 2.014693021774292 16
1727306114584 2.014693021774292 17
1727306114624 2.014693021774292 18
1727306114666 2.014693021774292 19
1727306114706 2.014693021774292 20
1727306114747 2.014693021774292 21
1727306114788 2.014693021774292 22
1727306114836 2.014693021774292 23
1727306114891 2.014693021774292 24
1727306114939 2.014693021774292 25
1727306114987 2.014693021774292 26
1727306115036 2.014693021774292 27
1727306115087 2.014693021774292 28
1727306115134 2.014693021774292 29
1727306115181 2.014693021774292 30
1727306115233 2.014693021774292 31
1727306115288 2.014693021774292 32
1727306115340 2.014693021774292 33
1727306115389 2.014693021774292 34
1727306115438 2.014693021774292 35
1727306115488 2.014693021774292 36
1727306115537 2.014693021774292 37
1727306115581 2.014693021774292 38
1727306115624 2.014693021774292 39
1727306115668 2.014693021774292 40
1727306115713 2.014693021774292 41
1727306115756 2.014693021774292 42
1727306115797 2.014693021774292 43
1727306115840 2.014693021774292 44
1727306115881 2.014693021774292 45
1727306115923 2.014693021774292 46
1727306115966 2.014693021774292 47
1727306116007 2.014693021774292 48
1727306116049 2.014693021774292 49
1727306116093 2.014693021774292 50
1727306116134 2.014693021774292 51
1727306116175 2.014693021774292 52
1727306116216 2.014693021774292 53
1727306116258 2.014693021774292 54
1727306116300 2.014693021774292 55
1727306116340 2.014693021774292 56
1727306116384 2.014693021774292 57
1727306116424 2.014693021774292 58
1727306116465 2.014693021774292 59
1727306116504 2.014693021774292 60
1727306116546 2.014693021774292 61
1727306116587 2.014693021774292 62
1727306116632 2.014693021774292 63
1727306116675 2.014693021774292 64
1727306116721 2.014693021774292 65
1727306116768 2.014693021774292 66
1727306116814 2.014693021774292 67
1727306116864 2.014693021774292 68
1727306116918 2.014693021774292 69
1727306116967 2.014693021774292 70
1727306117016 2.014693021774292 71
1727306117069 2.014693021774292 72
1727306117120 2.014693021774292 73
1727306117170 2.014693021774292 74
1727306117218 2.014693021774292 75
1727306117268 2.014693021774292 76
1727306117315 2.014693021774292 77
1727306117369 2.014693021774292 78
1727306117419 2.014693021774292 79
1727306117470 2.014693021774292 80
1727306117523 2.014693021774292 81
1727306117573 2.014693021774292 82
1727306117621 2.014693021774292 83
1727306117674 2.014693021774292 84
1727306117732 2.014693021774292 85
1727306117780 2.014693021774292 86
1727306117827 2.014693021774292 87
1727306117879 2.014693021774292 88
1727306117929 2.014693021774292 89
1727306117975 2.014693021774292 90
1727306118021 2.014693021774292 91
1727306118064 2.014693021774292 92
1727306118105 2.014693021774292 93
1727306118146 2.014693021774292 94
1727306118188 2.014693021774292 95
1727306118228 2.014693021774292 96
1727306118267 2.014693021774292 97
1727306118308 2.014693021774292 98
1727306118348 2.014693021774292 99
1727306118386 2.014693021774292 100
1727306118432 2.014693021774292 101
1727306118472 2.014693021774292 102
1727306118511 2.014693021774292 103
1727306118553 2.014693021774292 104
1727306118591 2.014693021774292 105
1727306118630 2.014693021774292 106
1727306118670 2.014693021774292 107
1727306118712 2.014693021774292 108
1727306118751 2.014693021774292 109
1727306118792 2.014693021774292 110
1727306118833 2.014693021774292 111
1727306118871 2.014693021774292 112
1727306118912 2.014693021774292 113
1727306118952 2.014693021774292 114
1727306118991 2.014693021774292 115
1727306119031 2.014693021774292 116
1727306119071 2.014693021774292 117
1727306119110 2.014693021774292 118
1727306119149 2.014693021774292 119
1727306119187 2.014693021774292 120
1727306119225 2.014693021774292 121
1727306119264 2.014693021774292 122
1727306119308 2.014693021774292 123
1727306119353 2.014693021774292 124
1727306119400 2.014693021774292 125
1727306119447 2.014693021774292 126
1727306119492 2.014693021774292 127
1727306119537 2.014693021774292 128
1727306119584 2.014693021774292 129
1727306119632 2.014693021774292 130
1727306119681 2.014693021774292 131
1727306119731 2.014693021774292 132
1727306119791 2.014693021774292 133
1727306119850 2.014693021774292 134
1727306119902 2.014693021774292 135
1727306119949 2.014693021774292 136
1727306119997 2.014693021774292 137
1727306120041 2.014693021774292 138
1727306120084 2.014693021774292 139
1727306120128 2.014693021774292 140
1727306120170 2.014693021774292 141
1727306120212 2.014693021774292 142
1727306120252 2.014693021774292 143
1727306120293 2.014693021774292 144
1727306120334 2.014693021774292 145
1727306120374 2.014693021774292 146
1727306120413 2.014693021774292 147
1727306120457 2.014693021774292 148
1727306120496 2.014693021774292 149
1727306120536 2.014693021774292 150
1727306120576 2.014693021774292 151
1727306120618 2.014693021774292 152
1727306120658 2.014693021774292 153
1727306120701 2.014693021774292 154
1727306120743 2.014693021774292 155
1727306120785 2.014693021774292 156
1727306120825 2.014693021774292 157
1727306120865 2.014693021774292 158
1727306120906 2.014693021774292 159
1727306120946 2.014693021774292 160
1727306120987 2.014693021774292 161
1727306121027 2.014693021774292 162
1727306121071 2.014693021774292 163
1727306121112 2.014693021774292 164
1727306121153 2.014693021774292 165
1727306121195 2.014693021774292 166
1727306121233 2.014693021774292 167
1727306121271 2.014693021774292 168
1727306121309 2.014693021774292 169
1727306121350 2.014693021774292 170
1727306121389 2.014693021774292 171
1727306121427 2.014693021774292 172
1727306121467 2.014693021774292 173
1727306121506 2.014693021774292 174
1727306121549 2.014693021774292 175
1727306121590 2.014693021774292 176
1727306121630 2.014693021774292 177
1727306121671 2.014693021774292 178
1727306121710 2.014693021774292 179
1727306121751 2.014693021774292 180
1727306121795 2.014693021774292 181
1727306121837 2.014693021774292 182
1727306121880 2.014693021774292 183
1727306121928 2.014693021774292 184
1727306121973 2.014693021774292 185
1727306122015 2.014693021774292 186
1727306122054 2.014693021774292 187
1727306122095 2.014693021774292 188
1727306122136 2.014693021774292 189
1727306122178 2.014693021774292 190
1727306122215 2.014693021774292 191
1727306122252 2.014693021774292 192
1727306122288 2.014693021774292 193
1727306122324 2.014693021774292 194
1727306122361 2.014693021774292 195
1727306122403 2.014693021774292 196
1727306122443 2.014693021774292 197
1727306122484 2.014693021774292 198
1727306122522 2.014693021774292 199
1727306122565 2.014693021774292 200
1727306122604 2.014693021774292 201
1727306122643 2.014693021774292 202
1727306122684 2.014693021774292 203
1727306122724 2.014693021774292 204
1727306122764 2.014693021774292 205
1727306122807 2.014693021774292 206
1727306122848 2.014693021774292 207
1727306122889 2.014693021774292 208
1727306122928 2.014693021774292 209
1727306122968 2.014693021774292 210
1727306123008 2.014693021774292 211
1727306123050 2.014693021774292 212
1727306123088 2.014693021774292 213
1727306123126 2.014693021774292 214
1727306123168 2.014693021774292 215
1727306123207 2.014693021774292 216
1727306123246 2.014693021774292 217
1727306123286 2.014693021774292 218
1727306123327 2.014693021774292 219
1727306123366 2.014693021774292 220
1727306123408 2.014693021774292 221
1727306123448 2.014693021774292 222
1727306123486 2.014693021774292 223
1727306123528 2.014693021774292 224
