1726427452075 1.4388580322265625 0
1726427452116 1.3776962757110596 1
1726427452156 1.3656868934631348 2
1726427452197 1.4276962280273438 3
1726427452238 1.4249000549316406 4
1726427452279 1.420586347579956 5
1726427452321 1.4199084043502808 6
1726427452363 1.4281010627746582 7
1726427452404 1.443232774734497 8
1726427452444 1.3693897724151611 9
1726427452486 1.4431928396224976 10
1726427452527 1.432268500328064 11
1726427452568 1.3776962757110596 12
1726427452611 1.4325448274612427 13
1726427452652 1.3745015859603882 14
1726427452697 1.3695796728134155 15
1726427452762 1.41997230052948 16
1726427452807 1.42606782913208 17
1726427452850 1.420619010925293 18
1726427452896 1.4317597150802612 19
1726427452937 1.3776962757110596 20
1726427452979 1.4266786575317383 21
1726427453025 1.401671051979065 22
1726427453081 1.3841112852096558 23
1726427453122 1.4034404754638672 24
1726427453164 1.3776962757110596 25
1726427453224 1.3742198944091797 26
1726427453273 1.403702735900879 27
1726427453322 1.432268500328064 28
1726427453364 1.3776962757110596 29
1726427453406 1.4093034267425537 30
1726427453447 1.4106416702270508 31
1726427453493 1.4018826484680176 32
1726427453534 1.4154047966003418 33
1726427453572 1.3776962757110596 34
1726427453612 1.3822685480117798 35
1726427453652 1.3776962757110596 36
1726427453691 1.415602445602417 37
1726427453731 1.4128469228744507 38
1726427453772 1.4017468690872192 39
1726427453813 1.4276962280273438 40
1726427453854 1.38666570186615 41
1726427453894 1.3822685480117798 42
1726427453934 1.4406272172927856 43
1726427453974 1.4515914916992188 44
1726427454015 1.4325988292694092 45
1726427454056 1.434657335281372 46
1726427454096 1.432268500328064 47
1726427454137 1.4375563859939575 48
1726427454179 1.3998664617538452 49
1726427454219 1.3822685480117798 50
1726427454263 1.4165383577346802 51
1726427454304 1.4194397926330566 52
1726427454345 1.4220352172851562 53
1726427454386 1.432268500328064 54
1726427454427 1.4017467498779297 55
1726427454468 1.4164927005767822 56
1726427454510 1.4072362184524536 57
1726427454551 1.4216749668121338 58
1726427454592 1.4039583206176758 59
1726427454634 1.432268500328064 60
1726427454676 1.3517467975616455 61
1726427454717 1.3799147605895996 62
1726427454759 1.3776962757110596 63
1726427454802 1.3831377029418945 64
1726427454843 1.3719596862792969 65
1726427454884 1.4276962280273438 66
1726427454926 1.432268500328064 67
1726427454967 1.453183650970459 68
1726427455010 1.432268500328064 69
1726427455051 1.3822685480117798 70
1726427455101 1.364924669265747 71
1726427455145 1.4336941242218018 72
1726427455192 1.4017468690872192 73
1726427455236 1.384198784828186 74
1726427455280 1.3912986516952515 75
1726427455325 1.432268500328064 76
1726427455371 1.4237884283065796 77
1726427455414 1.3739019632339478 78
1726427455460 1.3965048789978027 79
1726427455507 1.4017468690872192 80
1726427455552 1.4053045511245728 81
1726427455601 1.37769615650177 82
1726427455654 1.3837242126464844 83
1726427455700 1.4098577499389648 84
1726427455749 1.4229826927185059 85
1726427455802 1.4486174583435059 86
1726427455874 1.4497345685958862 87
1726427455937 1.4017467498779297 88
1726427455987 1.4062268733978271 89
1726427456043 1.4223278760910034 90
1726427456096 1.3777583837509155 91
1726427456151 1.37769615650177 92
1726427456203 1.414083480834961 93
1726427456257 1.420619010925293 94
1726427456311 1.420233964920044 95
1726427456366 1.3813896179199219 96
1726427456420 1.453183650970459 97
1726427456474 1.4017468690872192 98
1726427456529 1.4373222589492798 99
1726427456583 1.3517467975616455 100
1726427456638 1.3688714504241943 101
1726427456694 1.449039340019226 102
1726427456749 1.4017468690872192 103
1726427456803 1.378296971321106 104
1726427456857 1.453183650970459 105
1726427456914 1.407200574874878 106
1726427456970 1.4304497241973877 107
1726427457038 1.351746678352356 108
1726427457106 1.412915825843811 109
1726427457160 1.4329471588134766 110
1726427457214 1.4292643070220947 111
1726427457268 1.390409231185913 112
1726427457322 1.4252164363861084 113
1726427457379 1.4144835472106934 114
1726427457433 1.408266305923462 115
1726427457488 1.4060357809066772 116
1726427457545 1.4439384937286377 117
1726427457602 1.420619010925293 118
1726427457656 1.4276962280273438 119
1726427457710 1.4211254119873047 120
1726427457766 1.3776962757110596 121
1726427457826 1.4317525625228882 122
1726427457904 1.4242123365402222 123
1726427457960 1.3796221017837524 124
1726427458018 1.4301655292510986 125
1726427458074 1.4489914178848267 126
1726427458129 1.3822685480117798 127
1726427458184 1.432268500328064 128
1726427458241 1.3517467975616455 129
1726427458296 1.4112367630004883 130
1726427458352 1.3517467975616455 131
