1727297724115 2.014693021774292 0
1727297724162 2.014693021774292 1
1727297724205 2.014693021774292 2
1727297724251 2.014693021774292 3
1727297724295 2.014693021774292 4
1727297724341 2.014693021774292 5
1727297724389 2.014693021774292 6
1727297724427 2.014693021774292 7
1727297724461 2.014693021774292 8
1727297724501 2.014693021774292 9
1727297724538 2.014693021774292 10
1727297724574 2.014693021774292 11
1727297724610 2.014693021774292 12
1727297724646 2.014693021774292 13
1727297724683 2.014693021774292 14
1727297724721 2.014693021774292 15
1727297724759 2.014693021774292 16
1727297724796 2.014693021774292 17
1727297724833 2.014693021774292 18
1727297724880 2.014693021774292 19
1727297724924 2.014693021774292 20
1727297724959 2.014693021774292 21
1727297724998 2.014693021774292 22
1727297725035 2.014693021774292 23
1727297725078 2.014693021774292 24
1727297725119 2.014693021774292 25
1727297725163 2.014693021774292 26
1727297725216 2.014693021774292 27
1727297725263 2.014693021774292 28
1727297725306 2.014693021774292 29
1727297725352 2.014693021774292 30
1727297725395 2.014693021774292 31
1727297725441 2.014693021774292 32
1727297725484 2.014693021774292 33
1727297725531 2.014693021774292 34
1727297725569 2.014693021774292 35
1727297725606 2.014693021774292 36
1727297725643 2.014693021774292 37
1727297725680 2.014693021774292 38
1727297725718 2.014693021774292 39
1727297725771 2.014693021774292 40
1727297725809 2.014693021774292 41
1727297725847 2.014693021774292 42
1727297725891 2.014693021774292 43
1727297725938 2.014693021774292 44
1727297725986 2.014693021774292 45
1727297726029 2.014693021774292 46
1727297726072 2.014693021774292 47
1727297726119 2.014693021774292 48
1727297726163 2.014693021774292 49
1727297726212 2.014693021774292 50
1727297726258 2.014693021774292 51
1727297726304 2.014693021774292 52
1727297726348 2.014693021774292 53
1727297726386 2.014693021774292 54
1727297726423 2.014693021774292 55
1727297726467 2.014693021774292 56
1727297726519 2.014693021774292 57
1727297726566 2.014693021774292 58
1727297726602 2.014693021774292 59
1727297726641 2.014693021774292 60
1727297726683 2.014693021774292 61
1727297726729 2.014693021774292 62
1727297726779 2.014693021774292 63
1727297726817 2.014693021774292 64
1727297726857 2.014693021774292 65
1727297726904 2.014693021774292 66
1727297726947 2.014693021774292 67
1727297726991 2.014693021774292 68
1727297727040 2.014693021774292 69
1727297727083 2.014693021774292 70
1727297727127 2.014693021774292 71
1727297727171 2.014693021774292 72
1727297727208 2.014693021774292 73
1727297727243 2.014693021774292 74
1727297727297 2.014693021774292 75
1727297727341 2.014693021774292 76
1727297727387 2.014693021774292 77
1727297727431 2.014693021774292 78
1727297727477 2.014693021774292 79
1727297727522 2.014693021774292 80
1727297727566 2.014693021774292 81
1727297727609 2.014693021774292 82
1727297727654 2.014693021774292 83
1727297727695 2.014693021774292 84
1727297727736 2.014693021774292 85
1727297727783 2.014693021774292 86
1727297727825 2.014693021774292 87
1727297727866 2.014693021774292 88
1727297727903 2.014693021774292 89
1727297727940 2.014693021774292 90
1727297727979 2.014693021774292 91
1727297728039 2.014693021774292 92
1727297728092 2.014693021774292 93
1727297728138 2.014693021774292 94
1727297728174 2.014693021774292 95
1727297728211 2.014693021774292 96
1727297728250 2.014693021774292 97
1727297728296 2.014693021774292 98
1727297728342 2.014693021774292 99
1727297728386 2.014693021774292 100
1727297728430 2.014693021774292 101
1727297728475 2.014693021774292 102
1727297728520 2.014693021774292 103
1727297728563 2.014693021774292 104
1727297728608 2.014693021774292 105
1727297728654 2.014693021774292 106
1727297728699 2.014693021774292 107
1727297728741 2.014693021774292 108
1727297728787 2.014693021774292 109
1727297728831 2.014693021774292 110
1727297728877 2.014693021774292 111
1727297728925 2.014693021774292 112
1727297728968 2.014693021774292 113
1727297729006 2.014693021774292 114
1727297729045 2.014693021774292 115
1727297729082 2.014693021774292 116
1727297729123 2.014693021774292 117
1727297729172 2.014693021774292 118
1727297729216 2.014693021774292 119
1727297729261 2.014693021774292 120
1727297729298 2.014693021774292 121
1727297729346 2.014693021774292 122
1727297729386 2.014693021774292 123
1727297729422 2.014693021774292 124
1727297729458 2.014693021774292 125
1727297729495 2.014693021774292 126
1727297729537 2.014693021774292 127
1727297729574 2.014693021774292 128
1727297729608 2.014693021774292 129
1727297729645 2.014693021774292 130
1727297729683 2.014693021774292 131
1727297729719 2.014693021774292 132
1727297729757 2.014693021774292 133
1727297729791 2.014693021774292 134
1727297729828 2.014693021774292 135
1727297729864 2.014693021774292 136
1727297729901 2.014693021774292 137
1727297729940 2.014693021774292 138
1727297729975 2.014693021774292 139
1727297730013 2.014693021774292 140
1727297730051 2.014693021774292 141
1727297730088 2.014693021774292 142
1727297730124 2.014693021774292 143
1727297730165 2.014693021774292 144
1727297730205 2.014693021774292 145
1727297730241 2.014693021774292 146
1727297730278 2.014693021774292 147
1727297730313 2.014693021774292 148
1727297730357 2.014693021774292 149
1727297730393 2.014693021774292 150
1727297730431 2.014693021774292 151
1727297730467 2.014693021774292 152
1727297730504 2.014693021774292 153
1727297730544 2.014693021774292 154
1727297730580 2.014693021774292 155
1727297730616 2.014693021774292 156
1727297730653 2.014693021774292 157
1727297730690 2.014693021774292 158
1727297730726 2.014693021774292 159
1727297730763 2.014693021774292 160
1727297730805 2.014693021774292 161
1727297730848 2.014693021774292 162
1727297730890 2.014693021774292 163
1727297730927 2.014693021774292 164
1727297730965 2.014693021774292 165
1727297731003 2.014693021774292 166
1727297731042 2.014693021774292 167
1727297731078 2.014693021774292 168
1727297731114 2.014693021774292 169
1727297731158 2.014693021774292 170
1727297731194 2.014693021774292 171
1727297731230 2.014693021774292 172
1727297731267 2.014693021774292 173
1727297731303 2.014693021774292 174
1727297731343 2.014693021774292 175
1727297731379 2.014693021774292 176
1727297731415 2.014693021774292 177
1727297731450 2.014693021774292 178
1727297731486 2.014693021774292 179
1727297731525 2.014693021774292 180
1727297731566 2.014693021774292 181
1727297731602 2.014693021774292 182
1727297731644 2.014693021774292 183
1727297731695 2.014693021774292 184
1727297731741 2.014693021774292 185
1727297731788 2.014693021774292 186
1727297731832 2.014693021774292 187
1727297731881 2.014693021774292 188
1727297731932 2.014693021774292 189
1727297731981 2.014693021774292 190
1727297732032 2.014693021774292 191
1727297732089 2.014693021774292 192
1727297732149 2.014693021774292 193
1727297732201 2.014693021774292 194
1727297732255 2.014693021774292 195
1727297732309 2.014693021774292 196
1727297732361 2.014693021774292 197
1727297732417 2.014693021774292 198
1727297732481 2.014693021774292 199
1727297732549 2.014693021774292 200
1727297732613 2.014693021774292 201
1727297732675 2.014693021774292 202
1727297732727 2.014693021774292 203
1727297732785 2.014693021774292 204
1727297732844 2.014693021774292 205
1727297732907 2.014693021774292 206
1727297732970 2.014693021774292 207
1727297733026 2.014693021774292 208
1727297733080 2.014693021774292 209
1727297733143 2.014693021774292 210
1727297733193 2.014693021774292 211
1727297733250 2.014693021774292 212
1727297733293 2.014693021774292 213
1727297733330 2.014693021774292 214
1727297733375 2.014693021774292 215
1727297733414 2.014693021774292 216
1727297733458 2.014693021774292 217
1727297733501 2.014693021774292 218
1727297733547 2.014693021774292 219
1727297733586 2.014693021774292 220
1727297733632 2.014693021774292 221
1727297733666 2.014693021774292 222
1727297733709 2.014693021774292 223
1727297733751 2.014693021774292 224
1727297733790 2.014693021774292 225
1727297733828 2.014693021774292 226
1727297733874 2.014693021774292 227
1727297733913 2.014693021774292 228
1727297733952 2.014693021774292 229
1727297733989 2.014693021774292 230
1727297734028 2.014693021774292 231
1727297734063 2.014693021774292 232
1727297734099 2.014693021774292 233
1727297734136 2.014693021774292 234
1727297734172 2.014693021774292 235
1727297734208 2.014693021774292 236
1727297734244 2.014693021774292 237
1727297734282 2.014693021774292 238
1727297734319 2.014693021774292 239
1727297734356 2.014693021774292 240
1727297734392 2.014693021774292 241
1727297734428 2.014693021774292 242
1727297734464 2.014693021774292 243
1727297734500 2.014693021774292 244
1727297734541 2.014693021774292 245
1727297734578 2.014693021774292 246
1727297734613 2.014693021774292 247
1727297734649 2.014693021774292 248
1727297734685 2.014693021774292 249
1727297734723 2.014693021774292 250
1727297734766 2.014693021774292 251
1727297734808 2.014693021774292 252
1727297734846 2.014693021774292 253
1727297734882 2.014693021774292 254
1727297734918 2.014693021774292 255
1727297734955 2.014693021774292 256
1727297734991 2.014693021774292 257
1727297735030 2.014693021774292 258
1727297735069 2.014693021774292 259
1727297735109 2.014693021774292 260
1727297735150 2.014693021774292 261
1727297735195 2.014693021774292 262
1727297735239 2.014693021774292 263
1727297735284 2.014693021774292 264
1727297735328 2.014693021774292 265
1727297735364 2.014693021774292 266
1727297735400 2.014693021774292 267
1727297735441 2.014693021774292 268
1727297735489 2.014693021774292 269
1727297735525 2.014693021774292 270
1727297735563 2.014693021774292 271
1727297735600 2.014693021774292 272
1727297735636 2.014693021774292 273
1727297735672 2.014693021774292 274
1727297735708 2.014693021774292 275
1727297735746 2.014693021774292 276
1727297735785 2.014693021774292 277
1727297735822 2.014693021774292 278
1727297735859 2.014693021774292 279
1727297735894 2.014693021774292 280
1727297735932 2.014693021774292 281
1727297735969 2.014693021774292 282
1727297736005 2.014693021774292 283
1727297736044 2.014693021774292 284
1727297736080 2.014693021774292 285
1727297736118 2.014693021774292 286
1727297736156 2.014693021774292 287
1727297736193 2.014693021774292 288
1727297736228 2.014693021774292 289
1727297736264 2.014693021774292 290
1727297736304 2.014693021774292 291
1727297736341 2.014693021774292 292
1727297736377 2.014693021774292 293
1727297736413 2.014693021774292 294
1727297736449 2.014693021774292 295
1727297736487 2.014693021774292 296
1727297736523 2.014693021774292 297
1727297736563 2.014693021774292 298
1727297736599 2.014693021774292 299
1727297736636 2.014693021774292 300
1727297736673 2.014693021774292 301
1727297736710 2.014693021774292 302
1727297736754 2.014693021774292 303
1727297736790 2.014693021774292 304
1727297736826 2.014693021774292 305
1727297736864 2.014693021774292 306
1727297736900 2.014693021774292 307
1727297736937 2.014693021774292 308
1727297736973 2.014693021774292 309
1727297737009 2.014693021774292 310
1727297737050 2.014693021774292 311
1727297737086 2.014693021774292 312
1727297737123 2.014693021774292 313
1727297737160 2.014693021774292 314
1727297737201 2.014693021774292 315
1727297737240 2.014693021774292 316
1727297737278 2.014693021774292 317
1727297737315 2.014693021774292 318
1727297737353 2.014693021774292 319
1727297737390 2.014693021774292 320
1727297737426 2.014693021774292 321
1727297737461 2.014693021774292 322
1727297737497 2.014693021774292 323
1727297737535 2.014693021774292 324
1727297737574 2.014693021774292 325
1727297737610 2.014693021774292 326
1727297737647 2.014693021774292 327
1727297737685 2.014693021774292 328
1727297737722 2.014693021774292 329
1727297737759 2.014693021774292 330
1727297737798 2.014693021774292 331
1727297737835 2.014693021774292 332
1727297737870 2.014693021774292 333
1727297737907 2.014693021774292 334
1727297737946 2.014693021774292 335
1727297737982 2.014693021774292 336
1727297738018 2.014693021774292 337
1727297738057 2.014693021774292 338
1727297738094 2.014693021774292 339
1727297738134 2.014693021774292 340
1727297738170 2.014693021774292 341
1727297738206 2.014693021774292 342
1727297738242 2.014693021774292 343
1727297738282 2.014693021774292 344
1727297738321 2.014693021774292 345
1727297738357 2.014693021774292 346
1727297738394 2.014693021774292 347
1727297738431 2.014693021774292 348
1727297738468 2.014693021774292 349
1727297738505 2.014693021774292 350
1727297738545 2.014693021774292 351
1727297738579 2.014693021774292 352
1727297738618 2.014693021774292 353
1727297738663 2.014693021774292 354
1727297738702 2.014693021774292 355
1727297738739 2.014693021774292 356
1727297738776 2.014693021774292 357
1727297738816 2.014693021774292 358
1727297738853 2.014693021774292 359
1727297738893 2.014693021774292 360
1727297738931 2.014693021774292 361
1727297738966 2.014693021774292 362
1727297739002 2.014693021774292 363
1727297739038 2.014693021774292 364
1727297739078 2.014693021774292 365
1727297739114 2.014693021774292 366
1727297739152 2.014693021774292 367
1727297739189 2.014693021774292 368
1727297739224 2.014693021774292 369
1727297739260 2.014693021774292 370
1727297739300 2.014693021774292 371
1727297739338 2.014693021774292 372
