1726234419156 1.448585867881775 0
1726234419195 1.432930827140808 1
1726234419234 1.4423482418060303 2
1726234419272 1.4396766424179077 3
1726234419310 1.445173978805542 4
1726234419349 1.4462180137634277 5
1726234419387 1.4307851791381836 6
1726234419425 1.4379048347473145 7
1726234419466 1.44175386428833 8
1726234419504 1.4423730373382568 9
1726234419543 1.4345567226409912 10
1726234419582 1.4399423599243164 11
1726234419623 1.4419595003128052 12
1726234419662 1.4287304878234863 13
1726234419702 1.4353950023651123 14
1726234419741 1.4398131370544434 15
1726234419780 1.4487802982330322 16
1726234419818 1.4254169464111328 17
1726234419858 1.4395692348480225 18
1726234419897 1.4360578060150146 19
1726234419935 1.4384511709213257 20
1726234419975 1.43997061252594 21
1726234420013 1.443105697631836 22
1726234420051 1.4490718841552734 23
1726234420090 1.4340742826461792 24
1726234420131 1.4103351831436157 25
1726234420170 1.4217981100082397 26
1726234420212 1.4160970449447632 27
1726234420258 1.4283045530319214 28
1726234420315 1.4100767374038696 29
1726234420360 1.4131180047988892 30
1726234420407 1.4397839307785034 31
1726234420446 1.4061379432678223 32
1726234420488 1.435355305671692 33
1726234420534 1.4310839176177979 34
1726234420575 1.4472399950027466 35
1726234420619 1.445442795753479 36
1726234420659 1.4490054845809937 37
1726234420705 1.4414008855819702 38
1726234420745 1.4246214628219604 39
1726234420785 1.4394346475601196 40
1726234420824 1.436612606048584 41
1726234420860 1.4322041273117065 42
1726234420897 1.431814432144165 43
1726234420934 1.4450459480285645 44
1726234420972 1.4472254514694214 45
1726234421008 1.4463226795196533 46
1726234421045 1.4524507522583008 47
1726234421082 1.4436969757080078 48
1726234421120 1.4250898361206055 49
1726234421157 1.4384784698486328 50
1726234421194 1.445681095123291 51
1726234421232 1.4439224004745483 52
1726234421269 1.434777855873108 53
1726234421306 1.4249532222747803 54
1726234421344 1.4058756828308105 55
1726234421382 1.4130370616912842 56
1726234421419 1.4070990085601807 57
1726234421458 1.4419903755187988 58
1726234421496 1.4266119003295898 59
1726234421539 1.43264901638031 60
1726234421580 1.438987135887146 61
1726234421620 1.4436242580413818 62
1726234421659 1.4295799732208252 63
1726234421697 1.4385967254638672 64
1726234421736 1.4470446109771729 65
1726234421774 1.436922311782837 66
1726234421813 1.4502429962158203 67
1726234421852 1.4177403450012207 68
1726234421890 1.4395852088928223 69
1726234421928 1.4374183416366577 70
1726234421967 1.4459478855133057 71
1726234422005 1.44478440284729 72
1726234422044 1.4341785907745361 73
1726234422082 1.4441198110580444 74
1726234422121 1.436094045639038 75
1726234422160 1.4459164142608643 76
1726234422198 1.452031135559082 77
1726234422236 1.442491054534912 78
1726234422274 1.4473216533660889 79
1726234422312 1.4463400840759277 80
1726234422351 1.427448034286499 81
1726234422389 1.4205296039581299 82
1726234422427 1.4490282535552979 83
1726234422465 1.435199499130249 84
1726234422505 1.4436509609222412 85
1726234422545 1.4349117279052734 86
1726234422584 1.440965175628662 87
1726234422623 1.4349020719528198 88
1726234422662 1.4506244659423828 89
1726234422700 1.4515916109085083 90
1726234422740 1.4516501426696777 91
1726234422778 1.4446454048156738 92
1726234422816 1.4400477409362793 93
1726234422855 1.4464101791381836 94
1726234422893 1.4277312755584717 95
1726234422931 1.4217708110809326 96
1726234422970 1.431627869606018 97
1726234423008 1.4317708015441895 98
1726234423047 1.4153778553009033 99
1726234423085 1.411584496498108 100
1726234423123 1.3919479846954346 101
1726234423161 1.3851028680801392 102
1726234423198 1.3914064168930054 103
1726234423237 1.4014734029769897 104
1726234423275 1.3940467834472656 105
1726234423313 1.4076992273330688 106
1726234423351 1.4184257984161377 107
1726234423391 1.3812037706375122 108
1726234423430 1.3799442052841187 109
1726234423468 1.3867154121398926 110
1726234423506 1.4014816284179688 111
1726234423544 1.427651286125183 112
1726234423582 1.4333248138427734 113
1726234423622 1.432552695274353 114
1726234423660 1.4322388172149658 115
1726234423699 1.4267141819000244 116
1726234423737 1.4221978187561035 117
1726234423774 1.4020661115646362 118
1726234423812 1.3984599113464355 119
1726234423850 1.4185292720794678 120
1726234423893 1.4247735738754272 121
1726234423933 1.4209275245666504 122
1726234423971 1.4360878467559814 123
1726234424008 1.4298111200332642 124
1726234424045 1.4340256452560425 125
1726234424088 1.4206453561782837 126
1726234424127 1.4322108030319214 127
1726234424164 1.4381300210952759 128
1726234424202 1.4308152198791504 129
1726234424240 1.4509111642837524 130
1726234424277 1.4463472366333008 131
1726234424314 1.4355194568634033 132
1726234424351 1.4476990699768066 133
1726234424390 1.4403049945831299 134
1726234424428 1.4466346502304077 135
1726234424465 1.4291868209838867 136
1726234424502 1.4377412796020508 137
1726234424540 1.4319688081741333 138
1726234424578 1.4117274284362793 139
1726234424616 1.3790267705917358 140
1726234424654 1.3908300399780273 141
1726234424691 1.4015661478042603 142
1726234424730 1.4313632249832153 143
1726234424767 1.4312617778778076 144
1726234424804 1.4428439140319824 145
1726234424842 1.4316315650939941 146
1726234424880 1.437232494354248 147
1726234424927 1.4444334506988525 148
1726234424974 1.422165870666504 149
1726234425019 1.4339662790298462 150
1726234425074 1.4328514337539673 151
1726234425132 1.4272558689117432 152
1726234425180 1.4333436489105225 153
1726234425230 1.4098435640335083 154
1726234425282 1.4141031503677368 155
1726234425341 1.415297508239746 156
1726234425390 1.437182903289795 157
1726234425439 1.4389936923980713 158
1726234425488 1.4451972246170044 159
1726234425536 1.449310541152954 160
1726234425586 1.436173677444458 161
1726234425635 1.4458343982696533 162
1726234425691 1.450162649154663 163
1726234425744 1.4489455223083496 164
1726234425792 1.4517569541931152 165
1726234425840 1.4416059255599976 166
1726234425896 1.407985806465149 167
1726234425956 1.3841822147369385 168
1726234426005 1.424790859222412 169
1726234426054 1.4357306957244873 170
1726234426102 1.4296202659606934 171
1726234426153 1.4334502220153809 172
1726234426206 1.435848593711853 173
1726234426256 1.4089664220809937 174
1726234426319 1.379907250404358 175
1726234426366 1.3784728050231934 176
1726234426412 1.393478512763977 177
1726234426464 1.4071760177612305 178
1726234426508 1.3937013149261475 179
1726234426566 1.42899489402771 180
1726234426629 1.4446452856063843 181
1726234426682 1.4367303848266602 182
1726234426718 1.4127113819122314 183
1726234426754 1.4220858812332153 184
1726234426791 1.4038702249526978 185
1726234426828 1.4171229600906372 186
1726234426865 1.3927419185638428 187
1726234426902 1.4106351137161255 188
1726234426938 1.3886011838912964 189
1726234426975 1.3986670970916748 190
1726234427012 1.3958982229232788 191
1726234427049 1.414894700050354 192
1726234427086 1.4197818040847778 193
1726234427124 1.4111285209655762 194
1726234427161 1.4070936441421509 195
1726234427199 1.4348273277282715 196
1726234427237 1.403293490409851 197
1726234427275 1.421488642692566 198
1726234427312 1.4362614154815674 199
1726234427350 1.4502018690109253 200
1726234427388 1.4512999057769775 201
1726234427426 1.430058240890503 202
1726234427463 1.4285221099853516 203
1726234427501 1.4231767654418945 204
1726234427539 1.431123971939087 205
1726234427579 1.4368906021118164 206
1726234427621 1.4272377490997314 207
1726234427662 1.4078128337860107 208
1726234427703 1.424088716506958 209
1726234427749 1.435891032218933 210
1726234427787 1.4063409566879272 211
1726234427826 1.4336074590682983 212
1726234427864 1.4381682872772217 213
1726234427903 1.438544511795044 214
1726234427941 1.4298746585845947 215
1726234427979 1.4221364259719849 216
1726234428017 1.4038162231445312 217
1726234428055 1.4075508117675781 218
1726234428093 1.4303004741668701 219
1726234428131 1.4458268880844116 220
1726234428170 1.4494595527648926 221
1726234428208 1.4272606372833252 222
1726234428246 1.4298958778381348 223
1726234428284 1.4260722398757935 224
1726234428322 1.4459106922149658 225
1726234428360 1.432790994644165 226
1726234428399 1.4432175159454346 227
1726234428436 1.4439911842346191 228
1726234428475 1.445497989654541 229
1726234428513 1.420743703842163 230
1726234428551 1.4287917613983154 231
1726234428588 1.4173760414123535 232
1726234428626 1.4195457696914673 233
1726234428664 1.4220860004425049 234
1726234428702 1.4335277080535889 235
1726234428740 1.4348783493041992 236
1726234428777 1.4193845987319946 237
1726234428815 1.4078069925308228 238
1726234428853 1.4221396446228027 239
1726234428891 1.4243980646133423 240
1726234428929 1.4215457439422607 241
1726234428968 1.4295800924301147 242
1726234429006 1.4140546321868896 243
1726234429044 1.4291590452194214 244
1726234429082 1.4318643808364868 245
1726234429120 1.4436695575714111 246
1726234429158 1.437004804611206 247
1726234429196 1.4296517372131348 248
1726234429234 1.4399516582489014 249
1726234429272 1.4297280311584473 250
1726234429310 1.4250435829162598 251
1726234429348 1.4331676959991455 252
1726234429387 1.401139259338379 253
1726234429425 1.4060317277908325 254
1726234429463 1.4315866231918335 255
1726234429501 1.4380249977111816 256
1726234429539 1.4420647621154785 257
1726234429577 1.4481630325317383 258
1726234429615 1.4343485832214355 259
1726234429653 1.4346463680267334 260
1726234429691 1.428817629814148 261
1726234429729 1.4447886943817139 262
1726234429767 1.448309302330017 263
1726234429804 1.4491047859191895 264
1726234429843 1.4398598670959473 265
1726234429881 1.415299415588379 266
1726234429919 1.4293439388275146 267
1726234429957 1.4070417881011963 268
1726234429995 1.4301613569259644 269
1726234430033 1.4288592338562012 270
1726234430070 1.4264805316925049 271
1726234430108 1.4465787410736084 272
1726234430146 1.4416241645812988 273
1726234430190 1.4416899681091309 274
1726234430228 1.4461166858673096 275
1726234430265 1.4409408569335938 276
1726234430314 1.4434757232666016 277
1726234430360 1.4471757411956787 278
1726234430401 1.4456452131271362 279
1726234430440 1.436396837234497 280
1726234430479 1.451159119606018 281
1726234430517 1.4463342428207397 282
1726234430555 1.4444518089294434 283
1726234430593 1.4384260177612305 284
1726234430632 1.429563283920288 285
1726234430670 1.4289186000823975 286
1726234430708 1.4280951023101807 287
1726234430752 1.422044038772583 288
1726234430808 1.421769618988037 289
1726234430872 1.4380722045898438 290
1726234430925 1.4410996437072754 291
1726234430970 1.438248872756958 292
1726234431030 1.4419376850128174 293
1726234431074 1.4266037940979004 294
1726234431119 1.4343087673187256 295
1726234431160 1.4344305992126465 296
1726234431202 1.4341462850570679 297
1726234431242 1.4494808912277222 298
1726234431278 1.4472614526748657 299
1726234431314 1.4296907186508179 300
1726234431350 1.4269952774047852 301
1726234431391 1.4281351566314697 302
1726234431435 1.4452271461486816 303
1726234431480 1.4472349882125854 304
1726234431516 1.4410356283187866 305
1726234431552 1.4321880340576172 306
1726234431588 1.423927903175354 307
1726234431625 1.445199728012085 308
1726234431663 1.420469045639038 309
1726234431700 1.445197343826294 310
1726234431736 1.4434223175048828 311
1726234431773 1.4219965934753418 312
1726234431809 1.4312036037445068 313
1726234431846 1.4367355108261108 314
1726234431882 1.431362271308899 315
1726234431918 1.4480262994766235 316
1726234431956 1.451612949371338 317
1726234431992 1.4436957836151123 318
1726234432029 1.4323487281799316 319
1726234432065 1.4474788904190063 320
1726234432102 1.4517220258712769 321
1726234432139 1.4435572624206543 322
1726234432176 1.4395642280578613 323
1726234432213 1.4451745748519897 324
1726234432249 1.4411226511001587 325
1726234432286 1.4299999475479126 326
1726234432323 1.431120753288269 327
1726234432360 1.4215023517608643 328
1726234432398 1.4243792295455933 329
1726234432435 1.4257532358169556 330
1726234432472 1.4395508766174316 331
1726234432511 1.4318714141845703 332
1726234432551 1.4481055736541748 333
1726234432593 1.4264438152313232 334
1726234432647 1.4184353351593018 335
1726234432700 1.4219834804534912 336
1726234432745 1.445084571838379 337
1726234432791 1.4443066120147705 338
1726234432830 1.4381036758422852 339
1726234432868 1.429705262184143 340
1726234432906 1.4419782161712646 341
1726234432949 1.439767837524414 342
1726234432998 1.4478058815002441 343
1726234433040 1.4411044120788574 344
1726234433084 1.440419316291809 345
1726234433123 1.446712613105774 346
1726234433166 1.4365490674972534 347
1726234433209 1.4398987293243408 348
1726234433247 1.446677565574646 349
1726234433286 1.4476532936096191 350
1726234433323 1.4138190746307373 351
1726234433363 1.434830904006958 352
1726234433403 1.4474880695343018 353
1726234433440 1.441420316696167 354
1726234433476 1.4300446510314941 355
1726234433513 1.42689847946167 356
1726234433549 1.4102083444595337 357
1726234433586 1.402381420135498 358
1726234433623 1.4212653636932373 359
1726234433661 1.4293118715286255 360
1726234433697 1.4231618642807007 361
1726234433734 1.4431864023208618 362
1726234433771 1.4374265670776367 363
1726234433808 1.4329936504364014 364
1726234433845 1.4156146049499512 365
1726234433883 1.416747808456421 366
1726234433920 1.4307212829589844 367
1726234433958 1.4444141387939453 368
1726234433995 1.4430227279663086 369
1726234434032 1.447884440422058 370
1726234434069 1.4284014701843262 371
1726234434108 1.4380791187286377 372
1726234434147 1.4487721920013428 373
1726234434185 1.4371466636657715 374
1726234434223 1.4265103340148926 375
1726234434261 1.4439761638641357 376
1726234434298 1.441792607307434 377
1726234434335 1.44179368019104 378
1726234434373 1.441453218460083 379
1726234434411 1.446858525276184 380
1726234434448 1.4305014610290527 381
1726234434485 1.4247941970825195 382
1726234434523 1.4206550121307373 383
1726234434560 1.4465525150299072 384
1726234434598 1.4464021921157837 385
1726234434635 1.445648193359375 386
1726234434673 1.44940185546875 387
1726234434711 1.4384721517562866 388
1726234434749 1.447567343711853 389
1726234434786 1.4370981454849243 390
1726234434823 1.4267182350158691 391
1726234434860 1.4392938613891602 392
1726234434898 1.448464035987854 393
1726234434936 1.4406613111495972 394
1726234434973 1.4339776039123535 395
1726234435010 1.4131147861480713 396
1726234435048 1.4138786792755127 397
1726234435086 1.3811829090118408 398
1726234435123 1.4117568731307983 399
1726234435161 1.4132953882217407 400
1726234435198 1.426926612854004 401
1726234435236 1.420037031173706 402
1726234435273 1.3972653150558472 403
1726234435310 1.426461935043335 404
1726234435347 1.4191535711288452 405
1726234435385 1.449195384979248 406
1726234435422 1.4523203372955322 407
1726234435461 1.443995475769043 408
1726234435498 1.4394869804382324 409
1726234435536 1.433149814605713 410
1726234435573 1.4383232593536377 411
1726234435611 1.4453152418136597 412
1726234435649 1.447683572769165 413
1726234435687 1.4486095905303955 414
1726234435724 1.441542625427246 415
1726234435762 1.4154785871505737 416
1726234435799 1.4185748100280762 417
1726234435837 1.411521315574646 418
1726234435876 1.434898853302002 419
1726234435918 1.4450085163116455 420
1726234435958 1.4412140846252441 421
1726234436001 1.4451042413711548 422
1726234436046 1.4291107654571533 423
1726234436082 1.4329060316085815 424
1726234436118 1.4372411966323853 425
1726234436155 1.4375944137573242 426
1726234436193 1.428171157836914 427
1726234436230 1.4346990585327148 428
1726234436267 1.4333035945892334 429
1726234436304 1.4139761924743652 430
1726234436341 1.4132508039474487 431
1726234436378 1.4133961200714111 432
1726234436417 1.4154760837554932 433
1726234436454 1.4274518489837646 434
1726234436506 1.433828353881836 435
1726234436572 1.4276514053344727 436
1726234436619 1.4240485429763794 437
1726234436655 1.401892900466919 438
1726234436692 1.4034340381622314 439
1726234436728 1.3974931240081787 440
1726234436764 1.4337592124938965 441
1726234436801 1.4276418685913086 442
1726234436838 1.4127154350280762 443
1726234436875 1.4376533031463623 444
1726234436912 1.4333600997924805 445
1726234436948 1.4294908046722412 446
1726234436985 1.4485892057418823 447
1726234437022 1.441625952720642 448
1726234437059 1.4401650428771973 449
1726234437095 1.4477492570877075 450
1726234437133 1.4397172927856445 451
1726234437171 1.442229986190796 452
1726234437213 1.4421685934066772 453
1726234437252 1.44228196144104 454
1726234437289 1.4390106201171875 455
1726234437327 1.4352449178695679 456
1726234437365 1.4438755512237549 457
1726234437403 1.4400718212127686 458
1726234437440 1.4214907884597778 459
1726234437478 1.3866162300109863 460
1726234437515 1.4325848817825317 461
1726234437553 1.4515645503997803 462
1726234437590 1.4321662187576294 463
1726234437628 1.4427080154418945 464
1726234437666 1.428612232208252 465
1726234437704 1.4312129020690918 466
1726234437742 1.4414503574371338 467
1726234437779 1.442095160484314 468
1726234437818 1.434779405593872 469
1726234437856 1.4366233348846436 470
1726234437896 1.430782437324524 471
1726234437934 1.4145759344100952 472
1726234437973 1.4153822660446167 473
1726234438011 1.4304505586624146 474
1726234438048 1.4287415742874146 475
1726234438086 1.4365423917770386 476
1726234438124 1.4243344068527222 477
1726234438163 1.4231035709381104 478
1726234438201 1.432059407234192 479
1726234438240 1.4452356100082397 480
1726234438278 1.450386643409729 481
1726234438315 1.4484580755233765 482
1726234438354 1.4437718391418457 483
1726234438392 1.4426119327545166 484
1726234438431 1.4350309371948242 485
1726234438468 1.4478373527526855 486
1726234438506 1.4405064582824707 487
1726234438544 1.4355857372283936 488
1726234438582 1.4427390098571777 489
1726234438620 1.4399951696395874 490
1726234438657 1.452337622642517 491
1726234438695 1.451711893081665 492
1726234438733 1.4478346109390259 493
1726234438771 1.4390568733215332 494
1726234438808 1.440057635307312 495
1726234438847 1.4398186206817627 496
1726234438885 1.4452645778656006 497
1726234438923 1.430271863937378 498
1726234438962 1.43471360206604 499
1726234439005 1.4364815950393677 500
1726234439054 1.429028034210205 501
1726234439094 1.410987138748169 502
1726234439136 1.4098691940307617 503
1726234439178 1.4239057302474976 504
1726234439224 1.420522928237915 505
1726234439264 1.4091417789459229 506
1726234439305 1.422861099243164 507
1726234439345 1.410515546798706 508
1726234439386 1.4320032596588135 509
1726234439430 1.438230276107788 510
1726234439473 1.4209352731704712 511
1726234439519 1.4277299642562866 512
1726234439555 1.4348565340042114 513
1726234439592 1.4328135251998901 514
1726234439628 1.4271767139434814 515
1726234439666 1.4433363676071167 516
1726234439703 1.4478082656860352 517
1726234439740 1.4461698532104492 518
1726234439777 1.4442510604858398 519
1726234439814 1.4365259408950806 520
1726234439850 1.445517659187317 521
1726234439887 1.4412286281585693 522
1726234439925 1.448718547821045 523
1726234439963 1.4449769258499146 524
1726234439999 1.4332623481750488 525
1726234440036 1.4423472881317139 526
1726234440076 1.434882402420044 527
1726234440114 1.4397077560424805 528
1726234440153 1.4315404891967773 529
1726234440193 1.4350993633270264 530
1726234440235 1.434664249420166 531
1726234440284 1.420088529586792 532
1726234440329 1.419762372970581 533
1726234440367 1.4290223121643066 534
1726234440402 1.4145262241363525 535
1726234440442 1.425128698348999 536
1726234440478 1.4417762756347656 537
1726234440516 1.4269565343856812 538
1726234440553 1.439863681793213 539
1726234440590 1.4251114130020142 540
1726234440627 1.4218295812606812 541
1726234440666 1.4300395250320435 542
1726234440703 1.4362828731536865 543
1726234440742 1.4373517036437988 544
1726234440780 1.4354135990142822 545
1726234440817 1.434704303741455 546
1726234440854 1.4344286918640137 547
1726234440892 1.4339343309402466 548
1726234440930 1.439984917640686 549
1726234440967 1.440329670906067 550
1726234441005 1.4416688680648804 551
1726234441043 1.4458773136138916 552
1726234441080 1.4496921300888062 553
1726234441117 1.4393740892410278 554
1726234441155 1.4330418109893799 555
1726234441194 1.439850091934204 556
1726234441232 1.4307986497879028 557
1726234441271 1.4323573112487793 558
1726234441311 1.408531665802002 559
1726234441350 1.4350597858428955 560
1726234441389 1.406189203262329 561
1726234441427 1.4116380214691162 562
1726234441465 1.428619623184204 563
1726234441504 1.4251534938812256 564
1726234441541 1.4277896881103516 565
1726234441579 1.443315863609314 566
1726234441617 1.4211539030075073 567
1726234441655 1.4110138416290283 568
1726234441693 1.4102482795715332 569
1726234441732 1.4357891082763672 570
1726234441771 1.4210149049758911 571
1726234441809 1.4182138442993164 572
1726234441851 1.414024829864502 573
1726234441900 1.4134178161621094 574
1726234441953 1.4145243167877197 575
1726234442003 1.408501386642456 576
1726234442058 1.3903429508209229 577
1726234442101 1.4020894765853882 578
1726234442138 1.4006879329681396 579
1726234442177 1.4228155612945557 580
1726234442220 1.430633783340454 581
1726234442260 1.4221678972244263 582
1726234442300 1.4070196151733398 583
1726234442340 1.4118008613586426 584
1726234442381 1.4284391403198242 585
1726234442429 1.4158077239990234 586
1726234442472 1.4283698797225952 587
1726234442520 1.436597228050232 588
1726234442568 1.4065003395080566 589
1726234442620 1.4325745105743408 590
1726234442670 1.405874490737915 591
1726234442725 1.4270853996276855 592
1726234442774 1.4331719875335693 593
1726234442818 1.4321568012237549 594
1726234442860 1.4291048049926758 595
1726234442902 1.4317662715911865 596
1726234442948 1.4393647909164429 597
1726234442987 1.4341630935668945 598
1726234443028 1.44960618019104 599
1726234443071 1.4363939762115479 600
1726234443106 1.4347509145736694 601
1726234443143 1.4096498489379883 602
1726234443180 1.4248051643371582 603
1726234443216 1.3998603820800781 604
1726234443252 1.4299561977386475 605
1726234443289 1.428427815437317 606
1726234443325 1.4267022609710693 607
1726234443362 1.452361822128296 608
1726234443399 1.4312288761138916 609
1726234443435 1.4309039115905762 610
1726234443471 1.4174755811691284 611
1726234443508 1.4272722005844116 612
1726234443545 1.4253978729248047 613
1726234443582 1.4164841175079346 614
1726234443618 1.4171632528305054 615
1726234443655 1.4134933948516846 616
1726234443692 1.4242204427719116 617
1726234443729 1.4281177520751953 618
1726234443765 1.4222084283828735 619
1726234443802 1.433837652206421 620
1726234443838 1.4393410682678223 621
1726234443875 1.4480407238006592 622
1726234443912 1.4499378204345703 623
1726234443949 1.4426888227462769 624
1726234443986 1.4437825679779053 625
1726234444023 1.4507927894592285 626
1726234444082 1.431902527809143 627
1726234444128 1.4412195682525635 628
1726234444173 1.4362728595733643 629
1726234444216 1.4396429061889648 630
1726234444254 1.4279553890228271 631
1726234444305 1.4292984008789062 632
1726234444351 1.427182912826538 633
1726234444388 1.4203946590423584 634
1726234444423 1.4200875759124756 635
1726234444460 1.4188086986541748 636
1726234444497 1.4174067974090576 637
1726234444534 1.426692247390747 638
1726234444570 1.4259552955627441 639
1726234444607 1.4242298603057861 640
1726234444643 1.4218950271606445 641
1726234444680 1.4102427959442139 642
1726234444717 1.4149142503738403 643
1726234444753 1.4242743253707886 644
1726234444790 1.4255143404006958 645
1726234444826 1.4290648698806763 646
1726234444863 1.4303594827651978 647
1726234444900 1.429566502571106 648
1726234444937 1.4296231269836426 649
1726234444974 1.4234967231750488 650
1726234445011 1.4361612796783447 651
1726234445047 1.4358793497085571 652
1726234445085 1.440140724182129 653
1726234445121 1.4255759716033936 654
1726234445159 1.4180744886398315 655
1726234445196 1.4191734790802002 656
1726234445234 1.4170269966125488 657
1726234445272 1.4164518117904663 658
1726234445309 1.4302575588226318 659
1726234445347 1.4199445247650146 660
1726234445384 1.419494390487671 661
1726234445422 1.412903070449829 662
1726234445460 1.4038420915603638 663
1726234445497 1.38349187374115 664
1726234445535 1.3834887742996216 665
1726234445574 1.3834855556488037 666
1726234445611 1.3849923610687256 667
1726234445649 1.3832656145095825 668
1726234445688 1.3832626342773438 669
1726234445727 1.3832595348358154 670
1726234445765 1.383256435394287 671
1726234445803 1.3832533359527588 672
1726234445841 1.38325035572052 673
1726234445879 1.3832470178604126 674
1726234445917 1.3832440376281738 675
1726234445955 1.383240818977356 676
1726234445993 1.3832377195358276 677
1726234446031 1.3817634582519531 678
1726234446069 1.3817386627197266 679
1726234446106 1.3817137479782104 680
1726234446144 1.3792839050292969 681
1726234446182 1.3792179822921753 682
1726234446220 1.379150390625 683
1726234446258 1.3997822999954224 684
1726234446296 1.3932300806045532 685
1726234446333 1.4200775623321533 686
1726234446371 1.3888107538223267 687
1726234446409 1.3822604417800903 688
1726234446447 1.3822602033615112 689
1726234446485 1.3822600841522217 690
1726234446523 1.3822596073150635 691
1726234446561 1.3822593688964844 692
1726234446599 1.3822588920593262 693
1726234446637 1.382258653640747 694
1726234446675 1.382258415222168 695
1726234446713 1.398620843887329 696
1726234446751 1.3972779512405396 697
1726234446789 1.399010419845581 698
1726234446827 1.3977628946304321 699
1726234446865 1.3964546918869019 700
1726234446902 1.4048171043395996 701
1726234446941 1.4104037284851074 702
1726234446980 1.4062949419021606 703
1726234447018 1.4005159139633179 704
1726234447056 1.3721370697021484 705
1726234447094 1.3716800212860107 706
1726234447131 1.371199607849121 707
1726234447169 1.3706943988800049 708
1726234447209 1.370161771774292 709
1726234447247 1.369598627090454 710
1726234447284 1.3684120178222656 711
1726234447323 1.3616935014724731 712
1726234447372 1.3603607416152954 713
1726234447421 1.3586794137954712 714
1726234447466 1.3562926054000854 715
1726234447512 1.3536139726638794 716
1726234447559 1.3532966375350952 717
1726234447609 1.3529735803604126 718
1726234447653 1.352644920349121 719
1726234447693 1.3523101806640625 720
1726234447730 1.3519690036773682 721
1726234447766 1.351746678352356 722
1726234447802 1.351746678352356 723
