1727302627251 2.014693021774292 0
1727302627287 2.014693021774292 1
1727302627321 2.014693021774292 2
1727302627357 2.014693021774292 3
1727302627391 2.014693021774292 4
1727302627426 2.014693021774292 5
1727302627461 2.014693021774292 6
1727302627495 2.014693021774292 7
1727302627530 2.014693021774292 8
1727302627564 2.014693021774292 9
1727302627599 2.014693021774292 10
1727302627636 2.014693021774292 11
1727302627672 2.014693021774292 12
1727302627707 2.014693021774292 13
1727302627741 2.014693021774292 14
1727302627777 2.014693021774292 15
1727302627814 2.014693021774292 16
1727302627849 2.014693021774292 17
1727302627884 2.014693021774292 18
1727302627919 2.014693021774292 19
1727302627953 2.014693021774292 20
1727302627987 2.014693021774292 21
1727302628021 2.014693021774292 22
1727302628056 2.014693021774292 23
1727302628091 2.014693021774292 24
1727302628128 2.014693021774292 25
1727302628164 2.014693021774292 26
1727302628198 2.014693021774292 27
1727302628232 2.014693021774292 28
1727302628275 2.014693021774292 29
1727302628321 2.014693021774292 30
1727302628359 2.014693021774292 31
1727302628395 2.014693021774292 32
1727302628432 2.014693021774292 33
1727302628469 2.014693021774292 34
1727302628503 2.014693021774292 35
1727302628540 2.014693021774292 36
1727302628575 2.014693021774292 37
1727302628611 2.014693021774292 38
1727302628648 2.014693021774292 39
1727302628683 2.014693021774292 40
1727302628718 2.014693021774292 41
1727302628753 2.014693021774292 42
1727302628788 2.014693021774292 43
1727302628823 2.014693021774292 44
1727302628858 2.014693021774292 45
1727302628893 2.014693021774292 46
1727302628928 2.014693021774292 47
1727302628962 2.014693021774292 48
1727302628998 2.014693021774292 49
1727302629034 2.014693021774292 50
1727302629068 2.014693021774292 51
1727302629102 2.014693021774292 52
1727302629137 2.014693021774292 53
1727302629172 2.014693021774292 54
1727302629206 2.014693021774292 55
1727302629241 2.014693021774292 56
1727302629275 2.014693021774292 57
1727302629308 2.014693021774292 58
1727302629342 2.014693021774292 59
1727302629376 2.014693021774292 60
1727302629410 2.014693021774292 61
1727302629444 2.014693021774292 62
1727302629477 2.014693021774292 63
1727302629511 2.014693021774292 64
1727302629546 2.014693021774292 65
1727302629581 2.014693021774292 66
1727302629615 2.014693021774292 67
1727302629648 2.014693021774292 68
1727302629682 2.014693021774292 69
1727302629716 2.014693021774292 70
1727302629750 2.014693021774292 71
1727302629783 2.014693021774292 72
1727302629818 2.014693021774292 73
1727302629854 2.014693021774292 74
1727302629891 2.014693021774292 75
1727302629925 2.014693021774292 76
1727302629962 2.014693021774292 77
1727302629999 2.014693021774292 78
1727302630036 2.014693021774292 79
1727302630074 2.014693021774292 80
1727302630111 2.014693021774292 81
1727302630149 2.014693021774292 82
1727302630185 2.014693021774292 83
1727302630220 2.014693021774292 84
1727302630254 2.014693021774292 85
1727302630287 2.014693021774292 86
1727302630323 2.014693021774292 87
1727302630357 2.014693021774292 88
1727302630392 2.014693021774292 89
1727302630427 2.014693021774292 90
1727302630462 2.014693021774292 91
1727302630496 2.014693021774292 92
1727302630530 2.014693021774292 93
1727302630566 2.014693021774292 94
1727302630601 2.014693021774292 95
1727302630635 2.014693021774292 96
1727302630669 2.014693021774292 97
1727302630704 2.014693021774292 98
1727302630738 2.014693021774292 99
1727302630773 2.014693021774292 100
1727302630808 2.014693021774292 101
1727302630843 2.014693021774292 102
1727302630879 2.014693021774292 103
1727302630915 2.014693021774292 104
1727302630953 2.014693021774292 105
1727302630988 2.014693021774292 106
1727302631023 2.014693021774292 107
1727302631058 2.014693021774292 108
1727302631093 2.014693021774292 109
1727302631129 2.014693021774292 110
1727302631164 2.014693021774292 111
1727302631199 2.014693021774292 112
1727302631233 2.014693021774292 113
1727302631267 2.014693021774292 114
1727302631301 2.014693021774292 115
1727302631335 2.014693021774292 116
1727302631370 2.014693021774292 117
1727302631404 2.014693021774292 118
1727302631438 2.014693021774292 119
1727302631473 2.014693021774292 120
1727302631507 2.014693021774292 121
1727302631543 2.014693021774292 122
1727302631577 2.014693021774292 123
1727302631612 2.014693021774292 124
1727302631647 2.014693021774292 125
1727302631682 2.014693021774292 126
1727302631720 2.014693021774292 127
1727302631755 2.014693021774292 128
1727302631790 2.014693021774292 129
1727302631824 2.014693021774292 130
1727302631858 2.014693021774292 131
1727302631896 2.014693021774292 132
1727302631934 2.014693021774292 133
1727302631969 2.014693021774292 134
1727302632004 2.014693021774292 135
1727302632039 2.014693021774292 136
1727302632076 2.014693021774292 137
1727302632113 2.014693021774292 138
1727302632150 2.014693021774292 139
1727302632186 2.014693021774292 140
1727302632221 2.014693021774292 141
1727302632256 2.014693021774292 142
1727302632294 2.014693021774292 143
1727302632329 2.014693021774292 144
1727302632363 2.014693021774292 145
1727302632397 2.014693021774292 146
1727302632433 2.014693021774292 147
1727302632467 2.014693021774292 148
1727302632503 2.014693021774292 149
1727302632537 2.014693021774292 150
1727302632571 2.014693021774292 151
1727302632605 2.014693021774292 152
1727302632639 2.014693021774292 153
1727302632674 2.014693021774292 154
1727302632708 2.014693021774292 155
1727302632742 2.014693021774292 156
1727302632777 2.014693021774292 157
1727302632813 2.014693021774292 158
1727302632850 2.014693021774292 159
1727302632887 2.014693021774292 160
1727302632922 2.014693021774292 161
1727302632957 2.014693021774292 162
1727302632991 2.014693021774292 163
1727302633025 2.014693021774292 164
1727302633060 2.014693021774292 165
1727302633094 2.014693021774292 166
1727302633130 2.014693021774292 167
1727302633163 2.014693021774292 168
1727302633198 2.014693021774292 169
1727302633232 2.014693021774292 170
1727302633266 2.014693021774292 171
1727302633301 2.014693021774292 172
1727302633335 2.014693021774292 173
1727302633370 2.014693021774292 174
1727302633405 2.014693021774292 175
1727302633439 2.014693021774292 176
1727302633474 2.014693021774292 177
1727302633508 2.014693021774292 178
1727302633543 2.014693021774292 179
1727302633579 2.014693021774292 180
1727302633614 2.014693021774292 181
1727302633649 2.014693021774292 182
1727302633683 2.014693021774292 183
1727302633717 2.014693021774292 184
1727302633751 2.014693021774292 185
1727302633786 2.014693021774292 186
1727302633821 2.014693021774292 187
1727302633855 2.014693021774292 188
1727302633891 2.014693021774292 189
1727302633926 2.014693021774292 190
1727302633960 2.014693021774292 191
1727302633994 2.014693021774292 192
1727302634028 2.014693021774292 193
1727302634064 2.014693021774292 194
1727302634101 2.014693021774292 195
1727302634137 2.014693021774292 196
1727302634172 2.014693021774292 197
1727302634205 2.014693021774292 198
1727302634239 2.014693021774292 199
1727302634273 2.014693021774292 200
1727302634307 2.014693021774292 201
1727302634341 2.014693021774292 202
1727302634375 2.014693021774292 203
1727302634410 2.014693021774292 204
1727302634444 2.014693021774292 205
1727302634478 2.014693021774292 206
1727302634511 2.014693021774292 207
1727302634547 2.014693021774292 208
1727302634582 2.014693021774292 209
1727302634619 2.014693021774292 210
1727302634656 2.014693021774292 211
1727302634691 2.014693021774292 212
1727302634726 2.014693021774292 213
1727302634761 2.014693021774292 214
1727302634796 2.014693021774292 215
1727302634831 2.014693021774292 216
1727302634867 2.014693021774292 217
1727302634903 2.014693021774292 218
1727302634938 2.014693021774292 219
1727302634972 2.014693021774292 220
1727302635005 2.014693021774292 221
1727302635039 2.014693021774292 222
1727302635077 2.014693021774292 223
1727302635112 2.014693021774292 224
1727302635148 2.014693021774292 225
1727302635184 2.014693021774292 226
1727302635218 2.014693021774292 227
1727302635253 2.014693021774292 228
1727302635288 2.014693021774292 229
1727302635322 2.014693021774292 230
1727302635357 2.014693021774292 231
1727302635393 2.014693021774292 232
1727302635427 2.014693021774292 233
1727302635462 2.014693021774292 234
1727302635496 2.014693021774292 235
1727302635530 2.014693021774292 236
1727302635565 2.014693021774292 237
1727302635599 2.014693021774292 238
1727302635634 2.014693021774292 239
1727302635668 2.014693021774292 240
1727302635703 2.014693021774292 241
1727302635737 2.014693021774292 242
1727302635771 2.014693021774292 243
1727302635804 2.014693021774292 244
1727302635840 2.014693021774292 245
1727302635874 2.014693021774292 246
1727302635910 2.014693021774292 247
1727302635946 2.014693021774292 248
1727302635980 2.014693021774292 249
1727302636015 2.014693021774292 250
1727302636049 2.014693021774292 251
1727302636084 2.014693021774292 252
1727302636118 2.014693021774292 253
1727302636154 2.014693021774292 254
1727302636189 2.014693021774292 255
1727302636223 2.014693021774292 256
1727302636258 2.014693021774292 257
1727302636292 2.014693021774292 258
1727302636326 2.014693021774292 259
1727302636361 2.014693021774292 260
1727302636395 2.014693021774292 261
