1726426303869 2e-05 0
1726426303922 -0.047492384910583496 1
1726426303974 0.004832863807678223 2
1726426304026 0.0370633602142334 3
1726426304078 -0.017845630645751953 4
1726426304130 -0.0069855451583862305 5
1726426304184 0.043302059173583984 6
1726426304238 -0.017444372177124023 7
1726426304289 -0.0429227352142334 8
1726426304341 0.04999995231628418 9
1726426304391 0.004572272300720215 10
1726426304444 -0.055808186531066895 11
1726426304494 0.013218402862548828 12
1726426304544 0.036913394927978516 13
1726426304594 -0.048895835876464844 14
1726426304645 0.024050593376159668 15
1726426304696 0.007471442222595215 16
1726426304746 0.021971464157104492 17
1726426304798 0.0010787248611450195 18
1726426304850 -0.004572272300720215 19
1726426304900 -0.04999995231628418 20
1726426304951 0.004572272300720215 21
1726426305001 -0.0010390281677246094 22
1726426305054 0.04889225959777832 23
1726426305104 -0.028374910354614258 24
1726426305153 -0.0329667329788208 25
1726426305204 0.06549811363220215 26
1726426305254 -0.006436586380004883 27
1726426305306 -0.0760948657989502 28
1726426305356 0.06057918071746826 29
1726426305408 -0.030142903327941895 30
1726426305477 -0.004486799240112305 31
1726426305547 -0.014046192169189453 32
1726426305609 0.08691549301147461 33
1726426305668 0.0010361671447753906 34
1726426305723 -0.020473718643188477 35
1726426305774 -0.020870447158813477 36
1726426305823 -0.003261089324951172 37
1726426305870 -0.00824129581451416 38
1726426305915 -0.02199399471282959 39
1726426305961 0.005507349967956543 40
1726426306004 0.019478321075439453 41
1726426306048 0.03661823272705078 42
1726426306091 -0.023839592933654785 43
1726426306135 -0.03371620178222656 44
1726426306180 0.030315756797790527 45
1726426306223 -0.002774357795715332 46
1726426306265 0.03554975986480713 47
1726426306309 -0.04215359687805176 48
1726426306358 0.03245842456817627 49
1726426306405 -0.013586282730102539 50
1726426306451 -0.0029200315475463867 51
1726426306498 0.007099270820617676 52
1726426306541 0.007941246032714844 53
1726426306587 -0.021721363067626953 54
1726426306631 -0.03889608383178711 55
1726426306675 -0.02037525177001953 56
1726426306722 0.05363607406616211 57
1726426306765 -0.027442574501037598 58
1726426306808 0.05021953582763672 59
1726426306851 0.006881594657897949 60
1726426306892 0.011185646057128906 61
1726426306934 -0.07490479946136475 62
1726426306975 0.061646223068237305 63
1726426307017 -0.028249382972717285 64
1726426307060 0.04576706886291504 65
1726426307107 -0.08217859268188477 66
1726426307149 0.035266876220703125 67
1726426307189 0.018433451652526855 68
1726426307231 -0.015538334846496582 69
1726426307277 0.029049396514892578 70
1726426307323 -0.004206538200378418 71
1726426307366 -0.011214971542358398 72
1726426307407 -0.018350601196289062 73
1726426307453 0.02371847629547119 74
1726426307495 -0.019379854202270508 75
1726426307536 0.035862088203430176 76
1726426307578 -0.04189455509185791 77
1726426307633 -0.022356748580932617 78
1726426307682 0.05573558807373047 79
1726426307746 -0.03930163383483887 80
1726426307810 0.030050277709960938 81
1726426307859 0.0035157203674316406 82
1726426307916 0.004572272300720215 83
1726426307971 0.02091515064239502 84
1726426308022 -0.03294634819030762 85
1726426308073 0.0032911300659179688 86
1726426308120 -0.021781563758850098 87
1726426308162 -0.019478321075439453 88
1726426308206 0.04030811786651611 89
1726426308250 -0.04030811786651611 90
1726426308292 0.056769371032714844 91
1726426308335 -0.05477750301361084 92
1726426308376 0.04511392116546631 93
1726426308420 -0.0016781091690063477 94
1726426308463 -0.045427680015563965 95
1726426308506 0.04999983310699463 96
1726426308547 -0.0013535022735595703 97
1726426308588 -0.004624605178833008 98
1726426308634 0.0038161277770996094 99
1726426308675 -0.05811357498168945 100
1726426308720 0.005703449249267578 101
1726426308761 -0.025949478149414062 102
1726426308808 0.0662679672241211 103
1726426308850 -0.014713644981384277 104
1726426308891 -0.001554250717163086 105
1726426308933 0.04473221302032471 106
1726426308979 -0.06790316104888916 107
1726426309023 0.023170828819274902 108
1726426309068 0.029663681983947754 109
1726426309112 -0.007265210151672363 110
1726426309155 -0.003928542137145996 111
1726426309198 -0.04252040386199951 112
1726426309242 0.04993414878845215 113
1726426309294 -0.018985748291015625 114
1726426309356 0.0015872716903686523 115
1726426309399 -0.05848515033721924 116
1726426309439 0.06887221336364746 117
1726426309479 -0.04081833362579346 118
1726426309519 -0.0021044015884399414 119
1726426309562 0.03241574764251709 120
1726426309606 0.002144932746887207 121
1726426309647 -0.0027741193771362305 122
1726426309687 0.013414382934570312 123
1726426309729 -0.04520094394683838 124
1726426309771 0.0280148983001709 125
1726426309813 0.010830163955688477 126
1726426309866 0.016101598739624023 127
1726426309919 -0.05041372776031494 128
1726426309981 -0.02915656566619873 129
1726426310036 0.07702171802520752 130
1726426310106 -0.004248976707458496 131
1726426310165 0.0064231157302856445 132
1726426310216 -0.02667868137359619 133
1726426310261 0.009583711624145508 134
1726426310304 -0.013426780700683594 135
1726426310348 0.025159597396850586 136
1726426310391 -0.02550351619720459 137
1726426310433 0.0003439188003540039 138
1726426310474 0.011986732482910156 139
1726426310514 0.01868128776550293 140
1726426310555 -0.021973848342895508 141
1726426310597 -0.032744646072387695 142
1726426310637 -0.025949478149414062 143
1726426310678 0.05938708782196045 144
1726426310718 -0.03343760967254639 145
1726426310759 0.05620741844177246 146
1726426310799 -0.05620741844177246 147
1726426310840 0.048581600189208984 148
1726426310881 0.02271568775177002 149
1726426310920 -0.047246694564819336 150
1726426310961 -0.047423601150512695 151
1726426311001 0.07997465133666992 152
1726426311041 -0.02266669273376465 153
1726426311081 -0.003268122673034668 154
1726426311122 -0.00661623477935791 155
1726426311163 0.02594935894012451 156
1726426311204 -0.012913703918457031 157
1726426311245 -0.003782033920288086 158
1726426311285 0.021268010139465332 159
1726426311325 -0.044483065605163574 160
1726426311365 -0.010052800178527832 161
1726426311405 -0.0011932849884033203 162
1726426311445 0.05572915077209473 163
1726426311485 -0.0035271644592285156 164
1726426311524 -0.0585627555847168 165
1726426311564 0.04257857799530029 166
1726426311604 0.034020185470581055 167
1726426311646 -0.03956258296966553 168
1726426311693 -0.0033849477767944336 169
1726426311736 0.02386641502380371 170
1726426311786 -0.04999995231628418 171
1726426311844 0.061820030212402344 172
1726426311908 0.01366734504699707 173
1726426311967 -0.07548749446868896 174
1726426312025 -0.009146690368652344 175
1726426312086 0.05214345455169678 176
1726426312147 -0.030675649642944336 177
1726426312204 -0.012320995330810547 178
1726426312266 0.05756270885467529 179
1726426312323 -0.02848076820373535 180
1726426312386 -0.055031418800354004 181
1726426312445 0.047928571701049805 182
1726426312509 -0.007451534271240234 183
1726426312573 0.05139040946960449 184
1726426312631 -0.06301474571228027 185
1726426312687 0.012046575546264648 186
1726426312751 0.03962242603302002 187
1726426312806 -0.0032761096954345703 188
1726426312857 0.001498103141784668 189
1726426312909 -0.029314279556274414 190
1726426312961 0.0035219192504882812 191
1726426313014 -0.038828372955322266 192
1726426313081 -0.014123082160949707 193
1726426313139 0.05035078525543213 194
1726426313199 0.023804426193237305 195
1726426313259 -0.009572505950927734 196
1726426313316 -0.06458258628845215 197
1726426313370 0.0332028865814209 198
1726426313425 0.047165751457214355 199
1726426313507 -0.008411884307861328 200
1726426313611 0.0014013051986694336 201
1726426313709 0.002591371536254883 202
1726426313805 0.004572153091430664 203
1726426313879 2.384185791015625e-07 204
1726426313948 -0.030521869659423828 205
1726426314022 0.034125566482543945 206
1726426314101 -0.003603696823120117 207
1726426314173 -0.054572343826293945 208
1726426314247 0.04755198955535889 209
1726426314302 0.002447962760925293 210
1726426314367 -0.007756710052490234 211
1726426314461 0.004479408264160156 212
1726426314549 -0.030588984489440918 213
1726426314630 0.04366004467010498 214
1726426314714 -0.02797698974609375 215
1726426314778 0.018183231353759766 216
1726426314834 -0.006482481956481934 217
1726426314888 -0.04474031925201416 218
1726426314942 0.07631897926330566 219
1726426314997 -0.07509613037109375 220
1726426315084 0.054572224617004395 221
1726426315163 -0.030521631240844727 222
1726426315233 0.02594935894012451 223
1726426315285 -0.04499459266662598 224
1726426315353 0.019045114517211914 225
1726426315423 0.004552602767944336 226
1726426315474 0.021396875381469727 227
1726426315521 -0.01739335060119629 228
1726426315579 -0.0015703439712524414 229
1726426315630 -0.02902662754058838 230
1726426315683 0.004490494728088379 231
1726426315735 0.029992222785949707 232
1726426315790 0.011342287063598633 233
1726426315856 -0.02575850486755371 234
1726426315922 0.00197446346282959 235
1726426315979 -0.024050593376159668 236
1726426316036 0.04291725158691406 237
1726426316091 -0.04096531867980957 238
1726426316147 -0.027901530265808105 239
1726426316204 0.030521750450134277 240
1726426316261 0.0179976224899292 241
1726426316325 0.0024361610412597656 242
1726426316382 0.028081536293029785 243
1726426316444 -0.029036879539489746 244
1726426316501 0.014656424522399902 245
1726426316586 -0.014656543731689453 246
1726426316660 -0.018907546997070312 247
1726426316724 0.06706595420837402 248
1726426316776 -0.017636656761169434 249
1726426316831 0.0015866756439208984 250
1726426316885 -0.02766263484954834 251
1726426316938 0.030181407928466797 252
1726426317004 -0.055410146713256836 253
1726426317085 -0.003267526626586914 254
1726426317148 0.03085160255432129 255
1726426317224 0.02878570556640625 256
1726426317292 0.0074242353439331055 257
1726426317343 -0.06706154346466064 258
1726426317395 -0.0016478300094604492 259
1726426317445 -0.001934647560119629 260
1726426317504 -0.013773918151855469 261
1726426317572 0.07385468482971191 262
1726426317625 -0.027939677238464355 263
1726426317674 0.011422276496887207 264
1726426317723 7.87973403930664e-05 265
1726426317771 -0.05503380298614502 266
1726426317824 -0.0019643306732177734 267
1726426317875 0.027042269706726074 268
1726426317929 0.04428255558013916 269
1726426317982 -0.03033590316772461 270
1726426318033 0.01887226104736328 271
1726426318088 -0.0429227352142334 272
1726426318152 0.04230690002441406 273
1726426318218 -0.01010751724243164 274
1726426318274 -0.027627110481262207 275
1726426318327 0.04329681396484375 276
1726426318384 0.002603888511657715 277
1726426318437 -0.02270984649658203 278
1726426318489 0.01827073097229004 279
1726426318540 0.028607964515686035 280
1726426318590 -0.050699830055236816 281
1726426318640 0.020088553428649902 282
1726426318693 0.00021517276763916016 283
1726426318747 -0.039673447608947754 284
1726426318801 0.0 285
1726426318869 0.04073381423950195 286
1726426318945 -0.02125561237335205 287
1726426319007 -0.008744478225708008 288
1726426319071 0.03645002841949463 289
1726426319133 -0.02718222141265869 290
1726426319189 0.025085926055908203 291
1726426319239 -0.03252458572387695 292
1726426319293 -0.012562870979309082 293
1726426319352 0.04999995231628418 294
1726426319404 -0.026235342025756836 295
1726426319457 0.008436203002929688 296
1726426319510 -0.032210588455200195 297
1726426319563 0.02589118480682373 298
1726426319638 -0.008199930191040039 299
1726426319700 -0.02257251739501953 300
1726426319773 0.05023312568664551 301
1726426319868 0.004657864570617676 302
1726426319944 -0.009047865867614746 303
1726426320013 -0.04552435874938965 304
1726426320099 0.05868232250213623 305
1726426320179 -0.0046253204345703125 306
1726426320272 -0.0040569305419921875 307
1726426320362 -0.05000007152557373 308
1726426320440 0.05522584915161133 309
1726426320509 -0.0037850141525268555 310
1726426320581 0.003131389617919922 311
1726426320654 -0.07419884204864502 312
1726426320740 0.03005349636077881 313
1726426320821 -0.0064945220947265625 314
1726426320904 0.05600118637084961 315
1726426320988 -0.016276240348815918 316
1726426321049 -0.04365730285644531 317
1726426321109 0.0429227352142334 318
1726426321165 0.027247309684753418 319
1726426321220 -0.04480564594268799 320
1726426321277 0.020630478858947754 321
1726426321335 -0.04150390625 322
1726426321390 0.044880032539367676 323
1726426321453 -0.04895281791687012 324
1726426321513 0.04567146301269531 325
1726426321570 -0.00697481632232666 326
1726426321620 0.010885119438171387 327
1726426321666 -0.0347900390625 328
1726426321711 0.024975299835205078 329
1726426321754 0.024532794952392578 330
1726426321798 -0.06471800804138184 331
1726426321844 -0.001928567886352539 332
1726426321888 0.06000256538391113 333
1726426321930 0.01735687255859375 334
1726426321973 -0.020415902137756348 335
1726426322016 -0.005015015602111816 336
1726426322058 -0.02594935894012451 337
1726426322099 -0.010292530059814453 338
1726426322140 0.0049942731857299805 339
1726426322181 0.031247615814208984 340
1726426322223 -0.03508198261260986 341
1726426322264 -0.014917969703674316 342
1726426322304 -0.0026253461837768555 343
1726426322345 0.07734882831573486 344
1726426322386 -0.020151257514953613 345
1726426322426 -0.05093526840209961 346
1726426322467 0.05370450019836426 347
1726426322507 -0.003166675567626953 348
1726426322548 -0.00697934627532959 349
1726426322588 -0.018329858779907227 350
1726426322628 0.016484856605529785 351
1726426322670 -0.04227340221405029 352
1726426322710 0.02097344398498535 353
1726426322749 0.0514369010925293 354
1726426322789 -0.07055068016052246 355
1726426322827 0.04506325721740723 356
1726426322869 -0.025949478149414062 357
1726426322912 -0.0017589330673217773 358
1726426322958 -0.025363802909851074 359
1726426323001 0.008844256401062012 360
1726426323043 0.04880023002624512 361
1726426323088 -0.005320072174072266 362
1726426323133 -0.01874065399169922 363
1726426323175 0.00687563419342041 364
1726426323216 -0.03281724452972412 365
1726426323257 0.05306899547576904 366
1726426323299 -0.04969143867492676 367
1726426323340 -0.004740238189697266 368
1726426323381 -0.0011587142944335938 369
1726426323423 0.07074034214019775 370
1726426323463 -0.07278883457183838 371
1726426323504 0.07089889049530029 372
1726426323543 -0.06650674343109131 373
1726426323584 0.022243499755859375 374
1726426323625 -0.02272343635559082 375
1726426323664 0.02216625213623047 376
1726426323704 0.021572232246398926 377
1726426323746 -0.008562803268432617 378
1726426323804 -0.0345156192779541 379
1726426323858 0.03406989574432373 380
1726426323904 -0.0051392316818237305 381
1726426323949 -0.009452342987060547 382
1726426323991 -0.024050593376159668 383
1726426324032 0.052347779273986816 384
1726426324074 -0.021811842918395996 385
1726426324117 -0.025963664054870605 386
1726426324159 0.021341919898986816 387
1726426324200 0.017008543014526367 388
1726426324240 -0.010133862495422363 389
1726426324280 0.03632223606109619 390
1726426324320 -0.06911110877990723 391
1726426324375 0.004572272300720215 392
1726426324423 0.0 393
1726426324484 0.0 394
