1726426303893 1.425188660621643 0
1726426303945 1.3776962757110596 1
1726426303997 1.3825291395187378 2
1726426304049 1.4195924997329712 3
1726426304100 1.4017468690872192 4
1726426304155 1.394761323928833 5
1726426304207 1.438063383102417 6
1726426304261 1.420619010925293 7
1726426304313 1.3776962757110596 8
1726426304363 1.4276962280273438 9
1726426304413 1.432268500328064 10
1726426304465 1.376460313796997 11
1726426304516 1.389678716659546 12
1726426304566 1.4265921115875244 13
1726426304616 1.3776962757110596 14
1726426304667 1.4017468690872192 15
1726426304717 1.4092183113098145 16
1726426304768 1.431189775466919 17
1726426304821 1.432268500328064 18
1726426304872 1.4276962280273438 19
1726426304923 1.3776962757110596 20
1726426304973 1.3822685480117798 21
1726426305026 1.3812295198440552 22
1726426305076 1.4301217794418335 23
1726426305125 1.4017468690872192 24
1726426305176 1.3687801361083984 25
1726426305226 1.4342782497406006 26
1726426305277 1.4278416633605957 27
1726426305328 1.3517467975616455 28
1726426305379 1.4123259782791138 29
1726426305438 1.3821830749511719 30
1726426305509 1.3776962757110596 31
1726426305574 1.3636500835418701 32
1726426305634 1.4505655765533447 33
1726426305694 1.4516017436981201 34
1726426305746 1.4311280250549316 35
1726426305795 1.4102575778961182 36
1726426305844 1.406996488571167 37
1726426305890 1.3987551927566528 38
1726426305936 1.3767611980438232 39
1726426305979 1.3822685480117798 40
1726426306024 1.4017468690872192 41
1726426306068 1.43836510181427 42
1726426306110 1.4145255088806152 43
1726426306156 1.3808093070983887 44
1726426306199 1.4111250638961792 45
1726426306242 1.4083507061004639 46
1726426306285 1.443900465965271 47
1726426306330 1.4017468690872192 48
1726426306379 1.4342052936553955 49
1726426306424 1.420619010925293 50
1726426306475 1.4176989793777466 51
1726426306516 1.4247982501983643 52
1726426306561 1.432739496231079 53
1726426306606 1.4110181331634521 54
1726426306649 1.372122049331665 55
1726426306695 1.3517467975616455 56
1726426306741 1.4053828716278076 57
1726426306783 1.37794029712677 58
1726426306827 1.4281598329544067 59
1726426306868 1.4350414276123047 60
1726426306910 1.4462270736694336 61
1726426306952 1.3713222742080688 62
1726426306993 1.4329684972763062 63
1726426307035 1.4047191143035889 64
1726426307082 1.450486183166504 65
1726426307125 1.3683075904846191 66
1726426307166 1.4035744667053223 67
1726426307208 1.4220079183578491 68
1726426307250 1.4064695835113525 69
1726426307297 1.4355189800262451 70
1726426307342 1.4313124418258667 71
1726426307383 1.4200974702835083 72
1726426307426 1.4017468690872192 73
1726426307471 1.4254653453826904 74
1726426307512 1.40608549118042 75
1726426307555 1.44194757938385 76
1726426307603 1.4000530242919922 77
1726426307652 1.3776962757110596 78
1726426307706 1.43343186378479 79
1726426307782 1.3941302299499512 80
1726426307831 1.424180507659912 81
1726426307880 1.4276962280273438 82
1726426307939 1.432268500328064 83
1726426307996 1.453183650970459 84
1726426308044 1.4202373027801514 85
1726426308095 1.4235284328460693 86
1726426308138 1.4017468690872192 87
1726426308181 1.3822685480117798 88
1726426308224 1.422576665878296 89
1726426308269 1.3822685480117798 90
1726426308311 1.4390379190444946 91
1726426308353 1.3842604160308838 92
1726426308394 1.42937433719635 93
1726426308439 1.4276962280273438 94
1726426308481 1.3822685480117798 95
1726426308524 1.4322683811187744 96
1726426308565 1.4309148788452148 97
1726426308609 1.4262902736663818 98
1726426308652 1.4301064014434814 99
1726426308695 1.371992826461792 100
1726426308738 1.3776962757110596 101
1726426308781 1.3517467975616455 102
1726426308827 1.4180147647857666 103
1726426308868 1.4033011198043823 104
1726426308908 1.4017468690872192 105
1726426308954 1.446479082107544 106
1726426308998 1.3785759210586548 107
1726426309043 1.4017467498779297 108
1726426309088 1.4314104318618774 109
1726426309131 1.424145221710205 110
1726426309174 1.420216679573059 111
1726426309217 1.3776962757110596 112
1726426309262 1.4276304244995117 113
1726426309320 1.408644676208496 114
1726426309376 1.4102319478988647 115
1726426309416 1.3517467975616455 116
1726426309456 1.420619010925293 117
1726426309497 1.3798006772994995 118
1726426309538 1.3776962757110596 119
1726426309580 1.4101120233535767 120
1726426309624 1.4122569561004639 121
1726426309665 1.4094828367233276 122
1726426309706 1.422897219657898 123
1726426309748 1.3776962757110596 124
1726426309789 1.4057111740112305 125
1726426309838 1.416541337966919 126
1726426309890 1.432642936706543 127
1726426309945 1.382229208946228 128
1726426310005 1.3530726432800293 129
1726426310066 1.4300943613052368 130
1726426310131 1.4258453845977783 131
1726426310188 1.432268500328064 132
1726426310235 1.4055898189544678 133
1726426310280 1.4151735305786133 134
1726426310324 1.4017467498779297 135
1726426310367 1.4269063472747803 136
1726426310409 1.4014028310775757 137
1726426310451 1.4017467498779297 138
1726426310492 1.4137334823608398 139
1726426310532 1.4324147701263428 140
1726426310574 1.4104409217834473 141
1726426310614 1.3776962757110596 142
1726426310655 1.3517467975616455 143
1726426310695 1.411133885383606 144
1726426310736 1.3776962757110596 145
1726426310776 1.433903694152832 146
1726426310816 1.3776962757110596 147
1726426310858 1.4262778759002686 148
1726426310898 1.4489935636520386 149
1726426310938 1.4017468690872192 150
1726426310978 1.3543232679367065 151
1726426311018 1.4342979192733765 152
1726426311058 1.4116312265396118 153
1726426311099 1.4083631038665771 154
1726426311139 1.4017468690872192 155
1726426311181 1.4276962280273438 156
1726426311222 1.4147825241088867 157
1726426311263 1.4110004901885986 158
1726426311302 1.432268500328064 159
1726426311342 1.3877854347229004 160
1726426311382 1.3777326345443726 161
1726426311422 1.3765393495559692 162
1726426311463 1.432268500328064 163
1726426311502 1.4287413358688354 164
1726426311541 1.3701785802841187 165
1726426311582 1.412757158279419 166
1726426311621 1.44677734375 167
1726426311666 1.4072147607803345 168
1726426311713 1.40382981300354 169
1726426311755 1.4276962280273438 170
1726426311812 1.3776962757110596 171
1726426311868 1.439516305923462 172
1726426311937 1.453183650970459 173
1726426311991 1.37769615650177 174
1726426312052 1.3685494661331177 175
1726426312116 1.4206929206848145 176
1726426312174 1.3900172710418701 177
1726426312228 1.3776962757110596 178
1726426312291 1.4352589845657349 179
1726426312352 1.4067782163619995 180
1726426312415 1.3517467975616455 181
1726426312475 1.3996753692626953 182
1726426312537 1.392223834991455 183
1726426312600 1.4436142444610596 184
1726426312657 1.3805994987487793 185
1726426312715 1.392646074295044 186
1726426312776 1.432268500328064 187
1726426312828 1.4289923906326294 188
1726426312880 1.430490493774414 189
1726426312931 1.4011762142181396 190
1726426312984 1.404698133468628 191
1726426313042 1.3658697605133057 192
1726426313110 1.351746678352356 193
1726426313166 1.402097463607788 194
1726426313225 1.4259018898010254 195
1726426313285 1.4163293838500977 196
1726426313340 1.3517467975616455 197
1726426313392 1.3849496841430664 198
1726426313456 1.4321154356002808 199
1726426313548 1.4237035512924194 200
1726426313660 1.4251048564910889 201
1726426313756 1.4276962280273438 202
1726426313836 1.4322683811187744 203
1726426313910 1.4322686195373535 204
1726426313976 1.4017467498779297 205
1726426314058 1.4358723163604736 206
1726426314135 1.4322686195373535 207
1726426314212 1.3776962757110596 208
1726426314271 1.4252482652664185 209
1726426314328 1.4276962280273438 210
1726426314405 1.4199395179748535 211
1726426314497 1.4244189262390137 212
1726426314590 1.3938299417495728 213
1726426314663 1.4374899864196777 214
1726426314744 1.409512996673584 215
1726426314804 1.4276962280273438 216
1726426314858 1.4212137460708618 217
1726426314912 1.3764734268188477 218
1726426314966 1.4527924060821533 219
1726426315034 1.3776962757110596 220
1726426315125 1.432268500328064 221
1726426315198 1.4017468690872192 222
1726426315255 1.4276962280273438 223
1726426315315 1.3827016353607178 224
1726426315385 1.4017467498779297 225
1726426315445 1.406299352645874 226
1726426315495 1.4276962280273438 227
1726426315546 1.4103028774261475 228
1726426315604 1.408732533454895 229
1726426315656 1.3797059059143066 230
1726426315703 1.384196400642395 231
1726426315764 1.4141886234283447 232
1726426315817 1.4255309104919434 233
1726426315884 1.3997724056243896 234
1726426315947 1.4017468690872192 235
1726426316004 1.3776962757110596 236
1726426316061 1.4206135272979736 237
1726426316113 1.379648208618164 238
1726426316171 1.351746678352356 239
1726426316228 1.3822684288024902 240
1726426316292 1.4002660512924194 241
1726426316350 1.4027022123336792 242
1726426316406 1.430783748626709 243
1726426316471 1.4017468690872192 244
1726426316540 1.4164032936096191 245
1726426316621 1.4017467498779297 246
1726426316688 1.3828392028808594 247
1726426316747 1.4499051570892334 248
1726426316798 1.432268500328064 249
1726426316856 1.4338551759719849 250
1726426316907 1.4061925411224365 251
1726426316960 1.4363739490509033 252
1726426317043 1.3809638023376465 253
1726426317112 1.3776962757110596 254
1726426317182 1.4085478782653809 255
1726426317255 1.437333583831787 256
1726426317314 1.4447578191757202 257
1726426317364 1.3776962757110596 258
1726426317417 1.3760484457015991 259
1726426317468 1.3741137981414795 260
1726426317534 1.360339879989624 261
1726426317598 1.434194564819336 262
1726426317646 1.4062548875808716 263
1726426317696 1.4176771640777588 264
1726426317744 1.4177559614181519 265
1726426317794 1.3627221584320068 266
1726426317847 1.360757827758789 267
1726426317900 1.3878000974655151 268
1726426317951 1.4320826530456543 269
1726426318004 1.4017467498779297 270
1726426318058 1.420619010925293 271
1726426318119 1.3776962757110596 272
1726426318183 1.4200031757354736 273
1726426318244 1.409895658493042 274
1726426318297 1.3822685480117798 275
1726426318352 1.4255653619766235 276
1726426318407 1.4281692504882812 277
1726426318459 1.4054594039916992 278
1726426318512 1.4237301349639893 279
1726426318561 1.4523380994796753 280
1726426318611 1.4016382694244385 281
1726426318664 1.4217268228530884 282
1726426318715 1.4219419956207275 283
1726426318771 1.3822685480117798 284
1726426318833 1.3822685480117798 285
1726426318903 1.4230023622512817 286
1726426318974 1.4017467498779297 287
1726426319035 1.3930022716522217 288
1726426319097 1.4294523000717163 289
1726426319162 1.4022700786590576 290
1726426319211 1.4273560047149658 291
1726426319261 1.3948314189910889 292
1726426319322 1.3822685480117798 293
1726426319372 1.432268500328064 294
1726426319428 1.4060331583023071 295
1726426319479 1.4144693613052368 296
1726426319533 1.3822587728500366 297
1726426319596 1.4081499576568604 298
1726426319661 1.3999500274658203 299
1726426319734 1.3773775100708008 300
1726426319813 1.4276106357574463 301
1726426319903 1.432268500328064 302
1726426319977 1.4232206344604492 303
1726426320050 1.3776962757110596 304
1726426320136 1.4363785982131958 305
1726426320218 1.4317532777786255 306
1726426320316 1.4276963472366333 307
1726426320394 1.3776962757110596 308
1726426320469 1.432922124862671 309
1726426320542 1.429137110710144 310
1726426320614 1.432268500328064 311
1726426320699 1.358069658279419 312
1726426320775 1.3881231546401978 313
1726426320864 1.3816286325454712 314
1726426320945 1.4376298189163208 315
1726426321016 1.4213535785675049 316
1726426321076 1.3776962757110596 317
1726426321133 1.420619010925293 318
1726426321189 1.4478663206100464 319
1726426321243 1.4030606746673584 320
1726426321307 1.4236911535263062 321
1726426321359 1.3821872472763062 322
1726426321419 1.4270672798156738 323
1726426321480 1.3781144618988037 324
1726426321538 1.423785924911499 325
1726426321592 1.4168111085891724 326
1726426321639 1.4276962280273438 327
1726426321685 1.3929061889648438 328
1726426321729 1.4178814888000488 329
1726426321773 1.4424142837524414 330
1726426321817 1.3776962757110596 331
1726426321864 1.375767707824707 332
1726426321906 1.4357702732086182 333
1726426321948 1.453127145767212 334
1726426321991 1.4327112436294556 335
1726426322034 1.4276962280273438 336
1726426322076 1.4017468690872192 337
1726426322117 1.3914543390274048 338
1726426322158 1.3964486122131348 339
1726426322199 1.4276962280273438 340
1726426322240 1.3926142454147339 341
1726426322281 1.3776962757110596 342
1726426322322 1.3750709295272827 343
1726426322363 1.4524197578430176 344
1726426322403 1.432268500328064 345
1726426322444 1.3813332319259644 346
1726426322485 1.4350377321243286 347
1726426322525 1.4318710565567017 348
1726426322566 1.424891710281372 349
1726426322605 1.4065618515014648 350
1726426322645 1.4230467081069946 351
1726426322687 1.3807733058929443 352
1726426322727 1.4017467498779297 353
1726426322766 1.453183650970459 354
1726426322805 1.3826329708099365 355
1726426322845 1.4276962280273438 356
1726426322887 1.4017467498779297 357
1726426322932 1.399987816810608 358
1726426322977 1.3746240139007568 359
1726426323020 1.3834682703018188 360
1726426323061 1.432268500328064 361
1726426323109 1.4269484281539917 362
1726426323151 1.4082077741622925 363
1726426323193 1.415083408355713 364
1726426323234 1.3822661638259888 365
1726426323275 1.4353351593017578 366
1726426323317 1.385643720626831 367
1726426323357 1.3809034824371338 368
1726426323400 1.3797447681427002 369
1726426323440 1.450485110282898 370
1726426323481 1.3776962757110596 371
1726426323521 1.4485951662063599 372
1726426323562 1.3820884227752686 373
1726426323602 1.404331922531128 374
1726426323642 1.381608486175537 375
1726426323681 1.4037747383117676 376
1726426323722 1.4253469705581665 377
1726426323772 1.4167841672897339 378
1726426323826 1.3822685480117798 379
1726426323879 1.4163384437561035 380
1726426323923 1.4111992120742798 381
1726426323967 1.4017468690872192 382
1726426324009 1.3776962757110596 383
1726426324050 1.4300440549850464 384
1726426324092 1.4082322120666504 385
1726426324136 1.3822685480117798 386
1726426324177 1.4036104679107666 387
1726426324217 1.420619010925293 388
1726426324257 1.4104851484298706 389
1726426324298 1.4468073844909668 390
1726426324338 1.3776962757110596 391
1726426324397 1.3822685480117798 392
1726426324449 1.3822685480117798 393
1726426324514 1.3822685480117798 394
