1726426303881 1.0345453023910522 0
1726426303933 -0.0 1
1726426303986 0.6039596796035767 2
1726426304038 0.24156874418258667 3
1726426304089 -0.0 4
1726426304143 0.7836027145385742 5
1726426304196 0.4850502908229828 6
1726426304249 -0.0 7
1726426304301 -0.0 8
1726426304352 -0.0 9
1726426304402 0.021229460835456848 10
1726426304455 0.22868192195892334 11
1726426304505 0.2437131404876709 12
1726426304555 0.3486499786376953 13
1726426304605 -0.0 14
1726426304656 -0.0 15
1726426304706 0.23461267352104187 16
1726426304757 0.20144124329090118 17
1726426304809 -0.0 18
1726426304861 -0.0 19
1726426304911 -0.0 20
1726426304962 -0.0 21
1726426305014 0.5314544439315796 22
1726426305065 0.37168002128601074 23
1726426305115 -0.0 24
1726426305164 0.2461414337158203 25
1726426305215 0.23927411437034607 26
1726426305266 0.4769541919231415 27
1726426305317 -0.0 28
1726426305368 0.12498828768730164 29
1726426305422 0.2464073747396469 30
1726426305493 -0.0 31
1726426305561 0.11557255685329437 32
1726426305621 0.12645047903060913 33
1726426305681 0.05710938572883606 34
1726426305734 0.5046616792678833 35
1726426305784 0.5962933897972107 36
1726426305833 0.0461912676692009 37
1726426305880 0.47812753915786743 38
1726426305925 0.06479699164628983 39
1726426305970 -0.0 40
1726426306014 -0.0 41
1726426306059 0.2613372802734375 42
1726426306101 0.24001407623291016 43
1726426306146 0.39812546968460083 44
1726426306190 0.2080206274986267 45
1726426306233 0.06419790536165237 46
1726426306275 0.12495186179876328 47
1726426306319 -0.0 48
1726426306369 0.24470916390419006 49
1726426306415 -0.0 50
1726426306462 0.5491112470626831 51
1726426306507 0.26262491941452026 52
1726426306551 0.24851438403129578 53
1726426306597 0.24590781331062317 54
1726426306640 0.37498271465301514 55
1726426306685 -0.0 56
1726426306732 0.6126565933227539 57
1726426306774 0.05284424498677254 58
1726426306818 0.14609037339687347 59
1726426306860 0.4773908257484436 60
1726426306901 0.23859599232673645 61
1726426306943 0.24819107353687286 62
1726426306984 0.23805707693099976 63
1726426307026 0.25972428917884827 64
1726426307070 0.5580559372901917 65
1726426307116 0.2479550540447235 66
1726426307157 0.525986909866333 67
1726426307199 0.22703644633293152 68
1726426307240 0.04022960364818573 69
1726426307287 0.13357236981391907 70
1726426307333 0.1029997393488884 71
1726426307375 0.2705119848251343 72
1726426307417 -0.0 73
1726426307462 0.10165336728096008 74
1726426307503 0.3744595944881439 75
1726426307545 0.23942986130714417 76
1726426307590 0.2188066989183426 77
1726426307642 -0.0 78
1726426307694 0.6531499028205872 79
1726426307763 0.5621886849403381 80
1726426307821 0.07094200700521469 81
1726426307869 -0.0 82
1726426307927 -0.0 83
1726426307983 -0.0 84
1726426308033 0.43583452701568604 85
1726426308085 0.8111702799797058 86
1726426308129 -0.0 87
1726426308171 -0.0 88
1726426308215 0.7421198487281799 89
1726426308259 -0.0 90
1726426308302 0.4709385633468628 91
1726426308344 0.24112439155578613 92
1726426308386 0.12041620165109634 93
1726426308430 -0.0 94
1726426308472 -0.0 95
1726426308515 0.1242375373840332 96
1726426308556 0.09541898965835571 97
1726426308598 0.44173696637153625 98
1726426308644 0.14456696808338165 99
1726426308685 0.09308762848377228 100
1726426308729 -0.0 101
1726426308770 -0.0 102
1726426308818 0.24971863627433777 103
1726426308859 0.6769295930862427 104
1726426308900 -0.0 105
1726426308943 0.1950252503156662 106
1726426308989 0.06942000985145569 107
1726426309033 -0.0 108
1726426309077 0.4240494966506958 109
1726426309122 0.579724907875061 110
1726426309164 0.3659723103046417 111
1726426309208 -0.0 112
1726426309251 0.3673834204673767 113
1726426309306 0.6563941240310669 114
1726426309367 0.20351508259773254 115
1726426309407 -0.0 116
1726426309447 0.24261260032653809 117
1726426309487 0.13753044605255127 118
1726426309529 -0.0 119
1726426309571 0.38839420676231384 120
1726426309615 0.37492573261260986 121
1726426309656 0.08687805384397507 122
1726426309696 0.34829384088516235 123
1726426309739 0.1658419966697693 124
1726426309781 0.10717718303203583 125
1726426309822 0.20159994065761566 126
1726426309879 0.12333101034164429 127
1726426309932 0.2483508139848709 128
1726426309993 0.055364467203617096 129
1726426310049 0.048476576805114746 130
1726426310120 0.09329402446746826 131
1726426310177 -0.0 132
1726426310226 0.23364830017089844 133
1726426310271 0.24531510472297668 134
1726426310314 -0.0 135
1726426310358 0.09734857082366943 136
1726426310400 0.026088781654834747 137
1726426310442 -0.0 138
1726426310483 0.23195669054985046 139
1726426310523 0.29793745279312134 140
1726426310564 0.2300698608160019 141
1726426310605 0.05703534558415413 142
1726426310646 -0.0 143
1726426310687 0.1232704371213913 144
1726426310727 -0.0 145
1726426310768 0.3339860737323761 146
1726426310807 -0.0 147
1726426310849 0.4868767559528351 148
1726426310889 0.6212449073791504 149
1726426310929 -0.0 150
1726426310970 0.047300878912210464 151
1726426311009 0.23615944385528564 152
1726426311049 0.24619543552398682 153
1726426311090 0.3662276864051819 154
1726426311130 -0.0 155
1726426311172 -0.0 156
1726426311213 0.3282056450843811 157
1726426311254 0.3092983365058899 158
1726426311294 -0.0 159
1726426311334 0.35203877091407776 160
1726426311374 0.004894637502729893 161
1726426311414 0.19064325094223022 162
1726426311455 -0.0 163
1726426311493 0.32471928000450134 164
1726426311533 0.24139979481697083 165
1726426311573 0.12371211498975754 166
1726426311613 0.33631569147109985 167
1726426311656 0.34476953744888306 168
1726426311704 0.10724179446697235 169
1726426311746 -0.0 170
1726426311798 -0.0 171
1726426311856 0.21612945199012756 172
1726426311924 -0.0 173
1726426311978 0.10641499608755112 174
1726426312038 0.3390011787414551 175
1726426312100 0.33381006121635437 176
1726426312162 0.21643689274787903 177
1726426312216 -0.0 178
1726426312279 0.39019083976745605 179
1726426312338 0.1441699117422104 180
1726426312404 -0.0 181
1726426312461 0.30620306730270386 182
1726426312521 0.2294168770313263 183
1726426312586 0.4260072708129883 184
1726426312643 0.12489460408687592 185
1726426312699 0.35188746452331543 186
1726426312764 -0.0 187
1726426312817 0.5645498037338257 188
1726426312869 0.16039660573005676 189
1726426312920 0.10447525978088379 190
1726426312972 0.13831926882266998 191
1726426313025 0.09632494300603867 192
1726426313097 -0.0 193
1726426313153 0.3474040627479553 194
1726426313211 0.0928870439529419 195
1726426313272 0.2459622621536255 196
1726426313328 -0.0 197
1726426313381 0.3097902536392212 198
1726426313439 0.39819732308387756 199
1726426313527 0.1025940328836441 200
1726426313637 0.3944644331932068 201
1726426313732 -0.0 202
1726426313819 0.24677520990371704 203
1726426313895 0.0910511463880539 204
1726426313961 -0.0 205
1726426314039 0.36389845609664917 206
1726426314119 0.16058778762817383 207
1726426314192 -0.0 208
1726426314259 0.2108677625656128 209
1726426314314 -0.0 210
1726426314381 0.35977473855018616 211
1726426314481 0.23190094530582428 212
1726426314570 0.07654113322496414 213
1726426314646 0.09050701558589935 214
1726426314728 0.19365471601486206 215
1726426314791 -0.0 216
1726426314847 0.029128743335604668 217
1726426314900 0.22732162475585938 218
1726426314954 0.029032256454229355 219
1726426315010 -0.0 220
1726426315103 -0.0 221
1726426315183 -0.0 222
1726426315244 -0.0 223
1726426315298 0.23200754821300507 224
1726426315368 -0.0 225
1726426315435 0.24986499547958374 226
1726426315485 -0.0 227
1726426315531 0.3222233057022095 228
1726426315593 0.24527709186077118 229
1726426315641 0.13270270824432373 230
1726426315693 0.36321669816970825 231
1726426315751 0.248057022690773 232
1726426315803 0.7608669996261597 233
1726426315869 0.19655129313468933 234
1726426315937 -0.0 235
1726426315990 -0.0 236
1726426316049 0.47519248723983765 237
1726426316102 0.12974539399147034 238
1726426316159 -0.0 239
1726426316215 0.24999938905239105 240
1726426316280 0.23145344853401184 241
1726426316338 0.4674832224845886 242
1726426316394 0.17305836081504822 243
1726426316456 -0.0 244
1726426316521 0.36609917879104614 245
1726426316603 -0.0 246
1726426316675 0.1334444284439087 247
1726426316736 0.4118596315383911 248
1726426316787 0.1043887734413147 249
1726426316843 0.19970567524433136 250
1726426316896 0.13282150030136108 251
1726426316949 0.3219943642616272 252
1726426317026 0.19313126802444458 253
1726426317098 -0.0 254
1726426317167 0.22045108675956726 255
1726426317239 0.573674201965332 256
1726426317304 0.5327352285385132 257
1726426317354 -0.0 258
1726426317406 0.17732051014900208 259
1726426317456 0.10074722766876221 260
1726426317518 0.057006753981113434 261
1726426317588 0.24519704282283783 262
1726426317636 0.32410722970962524 263
1726426317685 0.2470274269580841 264
1726426317733 0.3513071537017822 265
1726426317781 0.23063278198242188 266
1726426317836 0.21015435457229614 267
1726426317886 0.18175238370895386 268
1726426317940 0.10775700956583023 269
1726426317993 -0.0 270
1726426318047 -0.0 271
1726426318106 -0.0 272
1726426318169 0.21240678429603577 273
1726426318231 0.23712840676307678 274
1726426318286 -0.0 275
1726426318340 0.28577274084091187 276
1726426318396 0.654522180557251 277
1726426318448 0.22319158911705017 278
1726426318501 0.31825578212738037 279
1726426318551 0.05542955920100212 280
1726426318601 0.20140580832958221 281
1726426318652 0.21951717138290405 282
1726426318704 0.3702358603477478 283
1726426318759 0.372482031583786 284
1726426318815 0.21290592849254608 285
1726426318887 0.317779541015625 286
1726426318960 -0.0 287
1726426319020 0.22296378016471863 288
1726426319084 0.148750901222229 289
1726426319147 0.09468584507703781 290
1726426319200 0.012930450029671192 291
1726426319250 0.2663872539997101 292
1726426319307 0.03704594820737839 293
1726426319362 -0.0 294
1726426319417 0.36649590730667114 295
1726426319468 0.734169602394104 296
1726426319522 0.2495928406715393 297
1726426319577 0.06118742376565933 298
1726426319650 0.23766794800758362 299
1726426319718 0.09370128810405731 300
1726426319794 0.07858507335186005 301
1726426319889 -0.0 302
1726426319962 0.2170645147562027 303
1726426320032 0.2099381536245346 304
1726426320117 0.07406895607709885 305
1726426320196 0.03789543733000755 306
1726426320295 2.149783107086023e-08 307
1726426320376 2.149783107086023e-08 308
1726426320454 0.23706093430519104 309
1726426320526 0.203011155128479 310
1726426320599 -0.0 311
1726426320677 0.1666385382413864 312
1726426320757 0.49608680605888367 313
1726426320845 0.061403319239616394 314
1726426320925 0.09192484617233276 315
1726426321002 0.2791692316532135 316
1726426321062 -0.0 317
1726426321121 -0.0 318
1726426321177 0.2032131403684616 319
1726426321231 0.05497521162033081 320
1726426321295 0.21255932748317719 321
1726426321347 0.023326147347688675 322
1726426321405 0.10064272582530975 323
1726426321467 0.03820456936955452 324
1726426321525 0.24155977368354797 325
1726426321581 0.2805946469306946 326
1726426321630 -0.0 327
1726426321676 0.46763360500335693 328
1726426321720 0.5418835282325745 329
1726426321763 0.12428835034370422 330
1726426321808 -0.0 331
1726426321854 0.29598692059516907 332
1726426321897 0.1593504250049591 333
1726426321939 0.6237889528274536 334
1726426321982 0.7000700831413269 335
1726426322025 -0.0 336
1726426322067 -0.0 337
1726426322108 0.33630800247192383 338
1726426322149 0.1122075766324997 339
1726426322190 -0.0 340
1726426322231 0.13643133640289307 341
1726426322273 0.1891004741191864 342
1726426322313 0.21634039282798767 343
1726426322354 0.03416477143764496 344
1726426322394 -0.0 345
1726426322435 0.19161896407604218 346
1726426322476 0.2435743510723114 347
1726426322516 0.17395541071891785 348
1726426322557 0.5816721320152283 349
1726426322597 0.24999481439590454 350
1726426322636 0.24780157208442688 351
1726426322679 0.24749141931533813 352
1726426322718 -0.0 353
1726426322758 -0.0 354
1726426322797 0.1296948492527008 355
1726426322836 -0.0 356
1726426322877 -0.0 357
1726426322921 0.4220004081726074 358
1726426322968 0.35098516941070557 359
1726426323010 0.35513389110565186 360
1726426323052 -0.0 361
1726426323098 0.8561112880706787 362
1726426323142 0.3655301034450531 363
1726426323185 0.23362936079502106 364
1726426323225 0.24990276992321014 365
1726426323267 0.24323418736457825 366
1726426323308 0.11748619377613068 367
1726426323348 0.1903800219297409 368
1726426323390 0.11698425561189651 369
1726426323431 0.524933397769928 370
1726426323472 0.10540786385536194 371
1726426323512 0.3416752517223358 372
1726426323553 0.242404043674469 373
1726426323593 0.49952128529548645 374
1726426323633 0.15044483542442322 375
1726426323673 0.2425849288702011 376
1726426323712 0.10377603769302368 377
1726426323755 0.3111259341239929 378
1726426323816 -0.0 379
1726426323869 0.37389758229255676 380
1726426323914 0.36779430508613586 381
1726426323958 -0.0 382
1726426324000 0.10692447423934937 383
1726426324041 0.09849515557289124 384
1726426324083 0.3744284510612488 385
1726426324126 -0.0 386
1726426324168 0.07126205414533615 387
1726426324209 -0.0 388
1726426324249 0.2759231626987457 389
1726426324289 0.11829790472984314 390
1726426324329 -0.0 391
1726426324386 -0.0 392
1726426324437 0.30244308710098267 393
1726426324499 -0.0 394
