1727307643471 2.328892707824707 0
1727307643510 1.918739914894104 1
1727307643549 2.0985164642333984 2
1727307643587 1.7051234245300293 3
1727307643623 2.1996407508850098 4
1727307643664 2.0799098014831543 5
1727307643704 2.1124067306518555 6
1727307643740 2.219669818878174 7
1727307643776 2.0230839252471924 8
1727307643812 2.043200969696045 9
1727307643847 2.161278247833252 10
1727307643882 2.0887417793273926 11
1727307643918 1.9410789012908936 12
1727307643954 2.009337902069092 13
1727307643992 2.06239652633667 14
1727307644029 2.071254253387451 15
1727307644065 2.156090021133423 16
1727307644100 2.0989160537719727 17
1727307644136 2.176328182220459 18
1727307644178 2.0344760417938232 19
1727307644217 2.060631275177002 20
1727307644258 2.011920690536499 21
1727307644299 2.131420135498047 22
1727307644338 1.790475606918335 23
1727307644375 2.2051453590393066 24
1727307644411 2.217319965362549 25
1727307644446 2.2012534141540527 26
1727307644483 2.1092679500579834 27
1727307644523 2.0141899585723877 28
1727307644562 1.955112099647522 29
1727307644599 1.946229100227356 30
1727307644636 2.145174741744995 31
1727307644672 2.0731377601623535 32
1727307644709 2.141497850418091 33
1727307644746 2.235198736190796 34
1727307644784 2.010934591293335 35
1727307644824 2.0648255348205566 36
1727307644860 2.1337873935699463 37
1727307644898 2.1422412395477295 38
1727307644935 2.072373867034912 39
1727307644971 2.1198956966400146 40
1727307645009 2.129589557647705 41
1727307645045 2.0678913593292236 42
1727307645083 2.118945360183716 43
1727307645119 1.8849482536315918 44
1727307645157 2.157102584838867 45
1727307645195 1.891808032989502 46
1727307645232 2.0507545471191406 47
1727307645270 2.163914680480957 48
1727307645308 2.1679816246032715 49
1727307645348 2.098792791366577 50
1727307645389 2.0630664825439453 51
1727307645431 2.1234843730926514 52
1727307645470 2.0290818214416504 53
1727307645513 2.0849928855895996 54
1727307645548 2.1536192893981934 55
1727307645587 2.1123650074005127 56
1727307645625 1.965087890625 57
1727307645666 2.130781650543213 58
1727307645706 2.010324001312256 59
1727307645743 2.0420427322387695 60
1727307645783 1.923844814300537 61
1727307645831 2.028367757797241 62
1727307645873 2.1495542526245117 63
1727307645910 2.2142179012298584 64
1727307645946 2.0986146926879883 65
1727307645980 2.0602145195007324 66
1727307646018 2.0736207962036133 67
1727307646059 2.1107242107391357 68
1727307646096 2.060063123703003 69
1727307646135 1.9854661226272583 70
1727307646173 2.104236602783203 71
1727307646211 2.062429428100586 72
1727307646249 2.0451841354370117 73
1727307646285 2.1735422611236572 74
1727307646320 1.8602240085601807 75
1727307646355 2.2309513092041016 76
1727307646392 2.171278953552246 77
1727307646427 2.0650651454925537 78
1727307646463 2.1073739528656006 79
1727307646500 2.1900126934051514 80
1727307646537 2.077420949935913 81
1727307646574 2.1327285766601562 82
1727307646610 2.0517897605895996 83
1727307646653 2.037515163421631 84
1727307646697 1.335769772529602 85
1727307646745 2.105851650238037 86
1727307646789 2.0579771995544434 87
1727307646832 2.1602368354797363 88
1727307646879 2.070263385772705 89
1727307646930 2.136845111846924 90
1727307646979 2.106579303741455 91
1727307647025 2.139690637588501 92
1727307647072 2.1865320205688477 93
1727307647121 2.0602145195007324 94
1727307647174 2.068129301071167 95
1727307647223 1.9324018955230713 96
1727307647273 2.1225204467773438 97
1727307647319 2.0498416423797607 98
1727307647366 2.197936534881592 99
1727307647425 2.055731773376465 100
1727307647490 2.095930337905884 101
1727307647548 1.9090571403503418 102
1727307647613 2.1126322746276855 103
1727307647668 2.1333069801330566 104
1727307647725 2.0533618927001953 105
1727307647792 1.878558874130249 106
1727307647861 2.0414981842041016 107
1727307647921 1.8584121465682983 108
1727307647986 1.335769772529602 109
1727307648049 1.9442483186721802 110
1727307648107 2.0434679985046387 111
1727307648158 2.113523006439209 112
1727307648209 2.1749231815338135 113
1727307648259 2.023715019226074 114
1727307648309 2.0732123851776123 115
1727307648358 2.184143304824829 116
1727307648405 2.1725664138793945 117
1727307648455 2.1255671977996826 118
1727307648505 1.9153690338134766 119
1727307648555 2.0148284435272217 120
1727307648604 1.685702919960022 121
1727307648651 2.149878978729248 122
1727307648700 2.037515163421631 123
1727307648750 2.063297748565674 124
1727307648803 2.183584213256836 125
1727307648849 2.0792412757873535 126
1727307648891 1.521618366241455 127
1727307648933 2.035168170928955 128
1727307648973 2.047396659851074 129
1727307649013 2.212415933609009 130
1727307649053 2.052359104156494 131
1727307649098 2.0396134853363037 132
1727307649137 2.1218626499176025 133
1727307649176 2.15230655670166 134
1727307649217 1.9293241500854492 135
1727307649256 2.1604957580566406 136
1727307649300 2.049159049987793 137
1727307649352 2.1747262477874756 138
1727307649395 2.1916518211364746 139
1727307649434 2.0862269401550293 140
1727307649475 2.0685393810272217 141
1727307649519 2.0850837230682373 142
1727307649555 2.0675957202911377 143
1727307649591 2.0859696865081787 144
1727307649627 1.9749637842178345 145
1727307649663 2.082437038421631 146
1727307649699 2.191532850265503 147
1727307649737 2.093520402908325 148
1727307649776 2.029118299484253 149
1727307649813 2.163081645965576 150
1727307649850 2.191695213317871 151
1727307649886 2.1061818599700928 152
1727307649923 2.2513487339019775 153
1727307649961 1.335769772529602 154
1727307649999 2.1519675254821777 155
1727307650039 1.521618366241455 156
1727307650081 2.0815823078155518 157
1727307650119 2.1115431785583496 158
1727307650158 2.202224016189575 159
1727307650195 1.9474767446517944 160
1727307650232 2.1916515827178955 161
1727307650268 2.168048620223999 162
1727307650305 2.01168155670166 163
1727307650341 2.1535866260528564 164
1727307650377 2.1491503715515137 165
1727307650414 2.1442840099334717 166
1727307650451 2.036698818206787 167
1727307650488 1.923725962638855 168
1727307650526 1.335769772529602 169
1727307650564 1.9767597913742065 170
1727307650601 2.105801582336426 171
1727307650638 2.089428424835205 172
1727307650675 2.1169981956481934 173
1727307650712 2.2136588096618652 174
1727307650749 2.1212992668151855 175
1727307650786 2.0104165077209473 176
1727307650825 2.086573362350464 177
1727307650862 2.174470901489258 178
1727307650900 2.2342875003814697 179
1727307650938 2.0904765129089355 180
1727307650977 2.1022861003875732 181
1727307651016 1.622018575668335 182
1727307651055 1.335769772529602 183
1727307651092 2.0589733123779297 184
1727307651131 2.18414306640625 185
1727307651169 1.9451768398284912 186
1727307651206 2.1789891719818115 187
1727307651243 2.09244441986084 188
1727307651280 2.1395785808563232 189
1727307651318 2.1200034618377686 190
1727307651357 2.1406965255737305 191
1727307651395 1.9580363035202026 192
1727307651435 2.101006507873535 193
1727307651477 2.0498416423797607 194
1727307651520 1.862487554550171 195
1727307651562 1.335769772529602 196
1727307651603 2.058138847351074 197
1727307651646 2.045488119125366 198
1727307651692 2.0128984451293945 199
1727307651739 1.2344979047775269 200
1727307651786 2.228731155395508 201
1727307651829 2.119760513305664 202
1727307651872 1.9937121868133545 203
1727307651912 2.1545095443725586 204
1727307651953 1.521618366241455 205
1727307651990 2.1061818599700928 206
1727307652031 2.1520795822143555 207
1727307652070 2.1090855598449707 208
1727307652107 2.126290798187256 209
1727307652145 2.2625956535339355 210
1727307652182 2.062354326248169 211
1727307652222 1.2344979047775269 212
1727307652261 1.2344979047775269 213
