1727302495102 2.014693021774292 0
1727302495139 2.014693021774292 1
1727302495175 2.014693021774292 2
1727302495214 2.014693021774292 3
1727302495250 2.014693021774292 4
1727302495284 2.014693021774292 5
1727302495328 2.014693021774292 6
1727302495376 2.014693021774292 7
1727302495412 2.014693021774292 8
1727302495448 2.014693021774292 9
1727302495485 2.014693021774292 10
1727302495520 2.014693021774292 11
1727302495556 2.014693021774292 12
1727302495592 2.014693021774292 13
1727302495635 2.014693021774292 14
1727302495672 2.014693021774292 15
1727302495706 2.014693021774292 16
1727302495740 2.014693021774292 17
1727302495778 2.014693021774292 18
1727302495815 2.014693021774292 19
1727302495851 2.014693021774292 20
1727302495888 2.014693021774292 21
1727302495928 2.014693021774292 22
1727302495967 2.014693021774292 23
1727302496006 2.014693021774292 24
1727302496044 2.014693021774292 25
1727302496081 2.014693021774292 26
1727302496118 2.014693021774292 27
1727302496157 2.014693021774292 28
1727302496195 2.014693021774292 29
1727302496233 2.014693021774292 30
1727302496271 2.014693021774292 31
1727302496309 2.014693021774292 32
1727302496346 2.014693021774292 33
1727302496383 2.014693021774292 34
1727302496421 2.014693021774292 35
1727302496458 2.014693021774292 36
1727302496496 2.014693021774292 37
1727302496535 2.014693021774292 38
1727302496573 2.014693021774292 39
1727302496613 2.014693021774292 40
1727302496651 2.014693021774292 41
1727302496687 2.014693021774292 42
1727302496725 2.014693021774292 43
1727302496765 2.014693021774292 44
1727302496804 2.014693021774292 45
1727302496842 2.014693021774292 46
1727302496880 2.014693021774292 47
1727302496922 2.014693021774292 48
1727302496960 2.014693021774292 49
1727302496999 2.014693021774292 50
1727302497039 2.014693021774292 51
1727302497078 2.014693021774292 52
1727302497116 2.014693021774292 53
1727302497157 2.014693021774292 54
1727302497195 2.014693021774292 55
1727302497233 2.014693021774292 56
1727302497270 2.014693021774292 57
1727302497318 2.014693021774292 58
1727302497370 2.014693021774292 59
1727302497416 2.014693021774292 60
1727302497460 2.014693021774292 61
1727302497509 2.014693021774292 62
1727302497549 2.014693021774292 63
1727302497591 2.014693021774292 64
1727302497634 2.014693021774292 65
1727302497681 2.014693021774292 66
1727302497721 2.014693021774292 67
1727302497762 2.014693021774292 68
1727302497800 2.014693021774292 69
1727302497839 2.014693021774292 70
1727302497881 2.014693021774292 71
1727302497922 2.014693021774292 72
1727302497963 2.014693021774292 73
1727302498002 2.014693021774292 74
1727302498039 2.014693021774292 75
1727302498079 2.014693021774292 76
1727302498119 2.014693021774292 77
1727302498157 2.014693021774292 78
1727302498195 2.014693021774292 79
1727302498240 2.014693021774292 80
1727302498277 2.014693021774292 81
1727302498316 2.014693021774292 82
1727302498356 2.014693021774292 83
1727302498396 2.014693021774292 84
1727302498433 2.014693021774292 85
1727302498471 2.014693021774292 86
1727302498510 2.014693021774292 87
1727302498547 2.014693021774292 88
1727302498584 2.014693021774292 89
1727302498625 2.014693021774292 90
1727302498665 2.014693021774292 91
1727302498706 2.014693021774292 92
1727302498745 2.014693021774292 93
1727302498785 2.014693021774292 94
1727302498824 2.014693021774292 95
1727302498862 2.014693021774292 96
1727302498900 2.014693021774292 97
1727302498939 2.014693021774292 98
1727302498976 2.014693021774292 99
1727302499015 2.014693021774292 100
1727302499054 2.014693021774292 101
1727302499093 2.014693021774292 102
1727302499130 2.014693021774292 103
1727302499169 2.014693021774292 104
1727302499209 2.014693021774292 105
1727302499246 2.014693021774292 106
1727302499284 2.014693021774292 107
1727302499320 2.014693021774292 108
1727302499358 2.014693021774292 109
1727302499396 2.014693021774292 110
1727302499432 2.014693021774292 111
1727302499469 2.014693021774292 112
1727302499506 2.014693021774292 113
1727302499544 2.014693021774292 114
1727302499583 2.014693021774292 115
1727302499624 2.014693021774292 116
1727302499668 2.014693021774292 117
1727302499709 2.014693021774292 118
1727302499747 2.014693021774292 119
1727302499786 2.014693021774292 120
1727302499825 2.014693021774292 121
1727302499862 2.014693021774292 122
1727302499900 2.014693021774292 123
1727302499938 2.014693021774292 124
1727302499978 2.014693021774292 125
1727302500017 2.014693021774292 126
1727302500055 2.014693021774292 127
1727302500095 2.014693021774292 128
1727302500137 2.014693021774292 129
1727302500177 2.014693021774292 130
1727302500216 2.014693021774292 131
1727302500257 2.014693021774292 132
1727302500298 2.014693021774292 133
1727302500338 2.014693021774292 134
1727302500379 2.014693021774292 135
1727302500416 2.014693021774292 136
1727302500454 2.014693021774292 137
1727302500491 2.014693021774292 138
1727302500530 2.014693021774292 139
1727302500567 2.014693021774292 140
1727302500603 2.014693021774292 141
1727302500639 2.014693021774292 142
1727302500677 2.014693021774292 143
1727302500712 2.014693021774292 144
1727302500746 2.014693021774292 145
1727302500783 2.014693021774292 146
1727302500818 2.014693021774292 147
1727302500852 2.014693021774292 148
1727302500889 2.014693021774292 149
1727302500925 2.014693021774292 150
1727302500960 2.014693021774292 151
1727302500996 2.014693021774292 152
1727302501031 2.014693021774292 153
1727302501068 2.014693021774292 154
1727302501103 2.014693021774292 155
1727302501141 2.014693021774292 156
1727302501177 2.014693021774292 157
1727302501212 2.014693021774292 158
1727302501248 2.014693021774292 159
1727302501285 2.014693021774292 160
1727302501327 2.014693021774292 161
1727302501363 2.014693021774292 162
1727302501397 2.014693021774292 163
1727302501432 2.014693021774292 164
1727302501476 2.014693021774292 165
1727302501527 2.014693021774292 166
1727302501568 2.014693021774292 167
1727302501607 2.014693021774292 168
1727302501646 2.014693021774292 169
1727302501686 2.014693021774292 170
1727302501727 2.014693021774292 171
1727302501776 2.014693021774292 172
1727302501820 2.014693021774292 173
1727302501862 2.014693021774292 174
1727302501906 2.014693021774292 175
1727302501950 2.014693021774292 176
1727302501994 2.014693021774292 177
1727302502041 2.014693021774292 178
1727302502085 2.014693021774292 179
1727302502129 2.014693021774292 180
1727302502173 2.014693021774292 181
1727302502218 2.014693021774292 182
1727302502262 2.014693021774292 183
1727302502306 2.014693021774292 184
1727302502357 2.014693021774292 185
1727302502415 2.014693021774292 186
1727302502466 2.014693021774292 187
1727302502506 2.014693021774292 188
1727302502545 2.014693021774292 189
1727302502583 2.014693021774292 190
1727302502620 2.014693021774292 191
1727302502658 2.014693021774292 192
1727302502695 2.014693021774292 193
1727302502731 2.014693021774292 194
1727302502767 2.014693021774292 195
1727302502805 2.014693021774292 196
1727302502840 2.014693021774292 197
1727302502876 2.014693021774292 198
1727302502912 2.014693021774292 199
1727302502947 2.014693021774292 200
1727302502985 2.014693021774292 201
1727302503022 2.014693021774292 202
1727302503058 2.014693021774292 203
1727302503094 2.014693021774292 204
1727302503135 2.014693021774292 205
1727302503174 2.014693021774292 206
1727302503212 2.014693021774292 207
1727302503250 2.014693021774292 208
1727302503287 2.014693021774292 209
1727302503323 2.014693021774292 210
1727302503360 2.014693021774292 211
1727302503396 2.014693021774292 212
1727302503437 2.014693021774292 213
1727302503473 2.014693021774292 214
1727302503509 2.014693021774292 215
1727302503545 2.014693021774292 216
1727302503581 2.014693021774292 217
1727302503615 2.014693021774292 218
1727302503650 2.014693021774292 219
1727302503686 2.014693021774292 220
1727302503722 2.014693021774292 221
1727302503757 2.014693021774292 222
1727302503793 2.014693021774292 223
1727302503827 2.014693021774292 224
1727302503862 2.014693021774292 225
1727302503896 2.014693021774292 226
1727302503934 2.014693021774292 227
1727302503971 2.014693021774292 228
1727302504006 2.014693021774292 229
1727302504041 2.014693021774292 230
1727302504075 2.014693021774292 231
1727302504110 2.014693021774292 232
1727302504143 2.014693021774292 233
1727302504179 2.014693021774292 234
1727302504213 2.014693021774292 235
1727302504249 2.014693021774292 236
1727302504284 2.014693021774292 237
1727302504319 2.014693021774292 238
1727302504353 2.014693021774292 239
1727302504387 2.014693021774292 240
1727302504421 2.014693021774292 241
1727302504454 2.014693021774292 242
