1726437191879 1.3697903156280518 0
1726437191906 1.3697903156280518 1
1726437191931 1.3697903156280518 2
1726437191958 1.3697903156280518 3
1726437191983 1.3697903156280518 4
1726437192009 1.3697903156280518 5
1726437192038 1.3697903156280518 6
1726437192065 1.3697903156280518 7
1726437192104 1.3697903156280518 8
1726437192134 1.3697903156280518 9
1726437192160 1.3697903156280518 10
1726437192189 1.3697903156280518 11
1726437192217 1.3697903156280518 12
1726437192245 1.3697903156280518 13
1726437192274 1.3697903156280518 14
1726437192304 1.3697903156280518 15
1726437192335 1.3697903156280518 16
1726437192364 1.3697903156280518 17
1726437192395 1.3697903156280518 18
1726437192424 1.3697903156280518 19
1726437192453 1.3697903156280518 20
1726437192483 1.3697903156280518 21
1726437192511 1.3697903156280518 22
1726437192541 1.3697903156280518 23
1726437192570 1.3697903156280518 24
1726437192598 1.3697903156280518 25
1726437192626 1.3697903156280518 26
1726437192654 1.3697903156280518 27
1726437192684 1.3697903156280518 28
1726437192713 1.3697903156280518 29
1726437192740 1.3697903156280518 30
1726437192766 1.3697903156280518 31
1726437192793 1.3697903156280518 32
1726437192819 1.3697903156280518 33
1726437192848 1.3697903156280518 34
1726437192876 1.3697903156280518 35
1726437192904 1.3697903156280518 36
1726437192932 1.3697903156280518 37
1726437192960 1.3697903156280518 38
1726437192988 1.3697903156280518 39
1726437193018 1.3697903156280518 40
1726437193047 1.3697903156280518 41
1726437193076 1.3697903156280518 42
1726437193104 1.3697903156280518 43
1726437193132 1.3697903156280518 44
1726437193161 1.3697903156280518 45
1726437193188 1.3697903156280518 46
1726437193217 1.3697903156280518 47
1726437193247 1.3697903156280518 48
1726437193276 1.3697903156280518 49
1726437193306 1.3697903156280518 50
1726437193336 1.3697903156280518 51
1726437193365 1.3697903156280518 52
1726437193394 1.3697903156280518 53
1726437193422 1.3697903156280518 54
1726437193452 1.3697903156280518 55
1726437193480 1.3697903156280518 56
1726437193508 1.3697903156280518 57
1726437193536 1.3697903156280518 58
1726437193563 1.3697903156280518 59
1726437193592 1.3697903156280518 60
1726437193618 1.3697903156280518 61
1726437193645 1.3697903156280518 62
1726437193672 1.3697903156280518 63
1726437193698 1.3697903156280518 64
1726437193725 1.3697903156280518 65
1726437193753 1.3697903156280518 66
1726437193780 1.3697903156280518 67
1726437193807 1.3697903156280518 68
1726437193835 1.3697903156280518 69
1726437193861 1.3697903156280518 70
1726437193913 1.3697903156280518 71
1726437193976 1.3697903156280518 72
1726437194026 1.3697903156280518 73
1726437194061 1.3697903156280518 74
1726437194099 1.3697903156280518 75
1726437194140 1.3697903156280518 76
1726437194176 1.3697903156280518 77
1726437194210 1.3697903156280518 78
1726437194246 1.3697903156280518 79
1726437194279 1.3697903156280518 80
1726437194314 1.3697903156280518 81
1726437194352 1.3697903156280518 82
1726437194391 1.3697903156280518 83
1726437194425 1.3697903156280518 84
1726437194457 1.3697903156280518 85
1726437194491 1.3697903156280518 86
1726437194527 1.3697903156280518 87
1726437194560 1.3697903156280518 88
1726437194593 1.3697903156280518 89
1726437194626 1.3697903156280518 90
1726437194657 1.3697903156280518 91
1726437194687 1.3697903156280518 92
1726437194716 1.3697903156280518 93
1726437194744 1.3697903156280518 94
1726437194773 1.3697903156280518 95
1726437194802 1.3697903156280518 96
1726437194830 1.3697903156280518 97
1726437194859 1.3697903156280518 98
1726437194887 1.3697903156280518 99
1726437194914 1.3697903156280518 100
1726437194943 1.3697903156280518 101
1726437194970 1.3697903156280518 102
1726437194998 1.3697903156280518 103
1726437195026 1.3697903156280518 104
1726437195055 1.3697903156280518 105
1726437195086 1.3697903156280518 106
1726437195116 1.3697903156280518 107
1726437195144 1.3697903156280518 108
1726437195172 1.3697903156280518 109
1726437195200 1.3697903156280518 110
1726437195227 1.3697903156280518 111
1726437195254 1.3697903156280518 112
1726437195281 1.3697903156280518 113
1726437195308 1.3697903156280518 114
1726437195334 1.3697903156280518 115
1726437195360 1.3697903156280518 116
1726437195387 1.3697903156280518 117
1726437195414 1.3697903156280518 118
1726437195440 1.3697903156280518 119
1726437195467 1.3697903156280518 120
1726437195495 1.3697903156280518 121
1726437195521 1.3697903156280518 122
1726437195547 1.3697903156280518 123
1726437195572 1.3697903156280518 124
1726437195598 1.3697903156280518 125
1726437195624 1.3697903156280518 126
1726437195650 1.3697903156280518 127
1726437195677 1.3697903156280518 128
1726437195704 1.3697903156280518 129
1726437195732 1.3697903156280518 130
1726437195767 1.3697903156280518 131
1726437195800 1.3697903156280518 132
1726437195832 1.3697903156280518 133
1726437195864 1.3697903156280518 134
1726437195891 1.3697903156280518 135
1726437195918 1.3697903156280518 136
1726437195944 1.3697903156280518 137
1726437195970 1.3697903156280518 138
1726437195996 1.3697903156280518 139
1726437196021 1.3697903156280518 140
1726437196047 1.3697903156280518 141
1726437196072 1.3697903156280518 142
1726437196097 1.3697903156280518 143
1726437196123 1.3697903156280518 144
1726437196148 1.3697903156280518 145
1726437196173 1.3697903156280518 146
1726437196203 1.3697903156280518 147
1726437196230 1.3697903156280518 148
1726437196257 1.3697903156280518 149
1726437196285 1.3697903156280518 150
1726437196312 1.3697903156280518 151
1726437196338 1.3697903156280518 152
1726437196364 1.3697903156280518 153
1726437196393 1.3697903156280518 154
1726437196419 1.3697903156280518 155
1726437196445 1.3697903156280518 156
1726437196473 1.3697903156280518 157
1726437196500 1.3697903156280518 158
1726437196526 1.3697903156280518 159
1726437196554 1.3697903156280518 160
1726437196582 1.3697903156280518 161
1726437196608 1.3697903156280518 162
1726437196637 1.3697903156280518 163
1726437196663 1.3697903156280518 164
1726437196688 1.3697903156280518 165
1726437196713 1.3697903156280518 166
1726437196740 1.3697903156280518 167
1726437196767 1.3697903156280518 168
1726437196793 1.3697903156280518 169
1726437196819 1.3697903156280518 170
1726437196845 1.3697903156280518 171
1726437196871 1.3697903156280518 172
1726437196904 1.3697903156280518 173
1726437196930 1.3697903156280518 174
1726437196957 1.3697903156280518 175
1726437196984 1.3697903156280518 176
1726437197011 1.3697903156280518 177
1726437197037 1.3697903156280518 178
1726437197062 1.3697903156280518 179
1726437197090 1.3697903156280518 180
1726437197116 1.3697903156280518 181
1726437197143 1.3697903156280518 182
1726437197170 1.3697903156280518 183
1726437197198 1.3697903156280518 184
1726437197222 1.3697903156280518 185
1726437197249 1.3697903156280518 186
1726437197276 1.3697903156280518 187
1726437197300 1.3697903156280518 188
1726437197324 1.3697903156280518 189
1726437197349 1.3697903156280518 190
1726437197374 1.3697903156280518 191
1726437197401 1.3697903156280518 192
1726437197430 1.3697903156280518 193
1726437197457 1.3697903156280518 194
1726437197487 1.3697903156280518 195
1726437197515 1.3697903156280518 196
1726437197542 1.3697903156280518 197
1726437197571 1.3697903156280518 198
1726437197604 1.3697903156280518 199
1726437197631 1.3697903156280518 200
1726437197658 1.3697903156280518 201
1726437197685 1.3697903156280518 202
1726437197711 1.3697903156280518 203
1726437197738 1.3697903156280518 204
1726437197767 1.3697903156280518 205
1726437197794 1.3697903156280518 206
1726437197821 1.3697903156280518 207
1726437197850 1.3697903156280518 208
1726437197876 1.3697903156280518 209
1726437197902 1.3697903156280518 210
1726437197926 1.3697903156280518 211
1726437197951 1.3697903156280518 212
1726437197977 1.3697903156280518 213
1726437198002 1.3697903156280518 214
1726437198027 1.3697903156280518 215
1726437198052 1.3697903156280518 216
1726437198077 1.3697903156280518 217
1726437198105 1.3697903156280518 218
1726437198133 1.3697903156280518 219
1726437198162 1.3697903156280518 220
1726437198192 1.3697903156280518 221
1726437198224 1.3697903156280518 222
1726437198256 1.3697903156280518 223
1726437198287 1.3697903156280518 224
1726437198319 1.3697903156280518 225
1726437198350 1.3697903156280518 226
1726437198386 1.3697903156280518 227
1726437198425 1.3697903156280518 228
1726437198458 1.3697903156280518 229
1726437198489 1.3697903156280518 230
1726437198520 1.3697903156280518 231
1726437198552 1.3697903156280518 232
1726437198585 1.3697903156280518 233
1726437198615 1.3697903156280518 234
1726437198644 1.3697903156280518 235
1726437198674 1.3697903156280518 236
1726437198706 1.3697903156280518 237
1726437198739 1.3697903156280518 238
1726437198770 1.3697903156280518 239
1726437198803 1.3697903156280518 240
1726437198839 1.3697903156280518 241
1726437198878 1.3697903156280518 242
1726437198916 1.3697903156280518 243
1726437198956 1.3697903156280518 244
1726437198993 1.3697903156280518 245
1726437199027 1.3697903156280518 246
1726437199057 1.3697903156280518 247
1726437199092 1.3697903156280518 248
1726437199125 1.3697903156280518 249
1726437199160 1.3697903156280518 250
1726437199194 1.3697903156280518 251
1726437199227 1.3697903156280518 252
1726437199259 1.3697903156280518 253
1726437199289 1.3697903156280518 254
1726437199321 1.3697903156280518 255
1726437199353 1.3697903156280518 256
1726437199387 1.3697903156280518 257
1726437199421 1.3697903156280518 258
1726437199457 1.3697903156280518 259
1726437199489 1.3697903156280518 260
1726437199520 1.3697903156280518 261
1726437199551 1.3697903156280518 262
1726437199580 1.3697903156280518 263
1726437199608 1.3697903156280518 264
1726437199636 1.3697903156280518 265
1726437199663 1.3697903156280518 266
1726437199690 1.3697903156280518 267
1726437199717 1.3697903156280518 268
1726437199745 1.3697903156280518 269
1726437199771 1.3697903156280518 270
1726437199797 1.3697903156280518 271
1726437199824 1.3697903156280518 272
1726437199850 1.3697903156280518 273
1726437199876 1.3697903156280518 274
1726437199902 1.3697903156280518 275
1726437199928 1.3697903156280518 276
1726437199954 1.3697903156280518 277
1726437199982 1.3697903156280518 278
1726437200008 1.3697903156280518 279
1726437200033 1.3697903156280518 280
1726437200057 1.3697903156280518 281
1726437200083 1.3697903156280518 282
1726437200109 1.3697903156280518 283
1726437200135 1.3697903156280518 284
1726437200163 1.3697903156280518 285
1726437200194 1.3697903156280518 286
1726437200221 1.3697903156280518 287
1726437200249 1.3697903156280518 288
1726437200278 1.3697903156280518 289
1726437200305 1.3697903156280518 290
1726437200332 1.3697903156280518 291
1726437200358 1.3697903156280518 292
1726437200384 1.3697903156280518 293
1726437200409 1.3697903156280518 294
1726437200436 1.3697903156280518 295
1726437200462 1.3697903156280518 296
1726437200489 1.3697903156280518 297
1726437200514 1.3697903156280518 298
1726437200540 1.3697903156280518 299
1726437200566 1.3697903156280518 300
1726437200592 1.3697903156280518 301
1726437200618 1.3697903156280518 302
1726437200644 1.3697903156280518 303
1726437200671 1.3697903156280518 304
1726437200698 1.3697903156280518 305
1726437200728 1.3697903156280518 306
1726437200759 1.3697903156280518 307
1726437200787 1.3697903156280518 308
1726437200816 1.3697903156280518 309
1726437200846 1.3697903156280518 310
1726437200875 1.3697903156280518 311
1726437200901 1.3697903156280518 312
1726437200927 1.3697903156280518 313
1726437200954 1.3697903156280518 314
1726437200982 1.3697903156280518 315
1726437201011 1.3697903156280518 316
1726437201037 1.3697903156280518 317
1726437201064 1.3697903156280518 318
1726437201091 1.3697903156280518 319
1726437201119 1.3697903156280518 320
1726437201150 1.3697903156280518 321
1726437201177 1.3697903156280518 322
1726437201205 1.3697903156280518 323
1726437201233 1.3697903156280518 324
1726437201262 1.3697903156280518 325
1726437201287 1.3697903156280518 326
1726437201312 1.3697903156280518 327
1726437201338 1.3697903156280518 328
1726437201362 1.3697903156280518 329
1726437201388 1.3697903156280518 330
1726437201415 1.3697903156280518 331
1726437201440 1.3697903156280518 332
1726437201464 1.3697903156280518 333
1726437201490 1.3697903156280518 334
1726437201515 1.3697903156280518 335
1726437201541 1.3697903156280518 336
1726437201574 1.3697903156280518 337
1726437201606 1.3697903156280518 338
1726437201643 1.3697903156280518 339
1726437201684 1.3697903156280518 340
1726437201720 1.3697903156280518 341
1726437201758 1.3697903156280518 342
1726437201795 1.3697903156280518 343
1726437201832 1.3697903156280518 344
1726437201868 1.3697903156280518 345
1726437201907 1.3697903156280518 346
1726437201944 1.3697903156280518 347
1726437201982 1.3697903156280518 348
1726437202016 1.3697903156280518 349
1726437202048 1.3697903156280518 350
1726437202081 1.3697903156280518 351
1726437202114 1.3697903156280518 352
1726437202147 1.3697903156280518 353
1726437202180 1.3697903156280518 354
1726437202218 1.3697903156280518 355
1726437202256 1.3697903156280518 356
1726437202291 1.3697903156280518 357
1726437202325 1.3697903156280518 358
1726437202357 1.3697903156280518 359
1726437202389 1.3697903156280518 360
1726437202425 1.3697903156280518 361
1726437202460 1.3697903156280518 362
1726437202497 1.3697903156280518 363
1726437202531 1.3697903156280518 364
1726437202564 1.3697903156280518 365
1726437202597 1.3697903156280518 366
1726437202631 1.3697903156280518 367
1726437202661 1.3697903156280518 368
1726437202696 1.3697903156280518 369
1726437202730 1.3697903156280518 370
1726437202767 1.3697903156280518 371
1726437202801 1.3697903156280518 372
1726437202838 1.3697903156280518 373
1726437202869 1.3697903156280518 374
1726437202901 1.3697903156280518 375
1726437202932 1.3697903156280518 376
1726437202961 1.3697903156280518 377
1726437202995 1.3697903156280518 378
1726437203029 1.3697903156280518 379
1726437203063 1.3697903156280518 380
1726437203099 1.3697903156280518 381
1726437203129 1.3697903156280518 382
1726437203157 1.3697903156280518 383
1726437203184 1.3697903156280518 384
1726437203211 1.3697903156280518 385
1726437203237 1.3697903156280518 386
1726437203265 1.3697903156280518 387
1726437203294 1.3697903156280518 388
1726437203320 1.3697903156280518 389
1726437203346 1.3697903156280518 390
1726437203373 1.3697903156280518 391
1726437203406 1.3697903156280518 392
1726437203438 1.3697903156280518 393
1726437203468 1.3697903156280518 394
1726437203495 1.3697903156280518 395
1726437203522 1.3697903156280518 396
1726437203550 1.3697903156280518 397
1726437203578 1.3697903156280518 398
1726437203606 1.3697903156280518 399
1726437203632 1.3697903156280518 400
1726437203658 1.3697903156280518 401
1726437203689 1.3697903156280518 402
1726437203719 1.3697903156280518 403
1726437203748 1.3697903156280518 404
1726437203778 1.3697903156280518 405
1726437203810 1.3697903156280518 406
1726437203839 1.3697903156280518 407
1726437203868 1.3697903156280518 408
1726437203901 1.3697903156280518 409
1726437203931 1.3697903156280518 410
1726437203959 1.3697903156280518 411
1726437203991 1.3697903156280518 412
1726437204019 1.3697903156280518 413
1726437204048 1.3697903156280518 414
1726437204077 1.3697903156280518 415
1726437204106 1.3697903156280518 416
1726437204137 1.3697903156280518 417
1726437204165 1.3697903156280518 418
1726437204194 1.3697903156280518 419
1726437204226 1.3697903156280518 420
1726437204254 1.3697903156280518 421
1726437204283 1.3697903156280518 422
1726437204311 1.3697903156280518 423
1726437204340 1.3697903156280518 424
1726437204369 1.3697903156280518 425
1726437204397 1.3697903156280518 426
1726437204425 1.3697903156280518 427
1726437204453 1.3697903156280518 428
1726437204480 1.3697903156280518 429
1726437204508 1.3697903156280518 430
1726437204535 1.3697903156280518 431
1726437204561 1.3697903156280518 432
1726437204587 1.3697903156280518 433
1726437204613 1.3697903156280518 434
1726437204642 1.3697903156280518 435
1726437204669 1.3697903156280518 436
1726437204695 1.3697903156280518 437
1726437204720 1.3697903156280518 438
1726437204746 1.3697903156280518 439
1726437204772 1.3697903156280518 440
1726437204798 1.3697903156280518 441
1726437204824 1.3697903156280518 442
1726437204850 1.3697903156280518 443
1726437204877 1.3697903156280518 444
1726437204907 1.3697903156280518 445
1726437204932 1.3697903156280518 446
1726437204957 1.3697903156280518 447
1726437204983 1.3697903156280518 448
1726437205009 1.3697903156280518 449
1726437205035 1.3697903156280518 450
1726437205059 1.3697903156280518 451
1726437205085 1.3697903156280518 452
1726437205111 1.3697903156280518 453
1726437205136 1.3697903156280518 454
1726437205161 1.3697903156280518 455
1726437205187 1.3697903156280518 456
1726437205211 1.3697903156280518 457
1726437205236 1.3697903156280518 458
1726437205262 1.3697903156280518 459
1726437205287 1.3697903156280518 460
1726437205312 1.3697903156280518 461
1726437205337 1.3697903156280518 462
1726437205361 1.3697903156280518 463
1726437205389 1.3697903156280518 464
1726437205415 1.3697903156280518 465
1726437205440 1.3697903156280518 466
1726437205465 1.3697903156280518 467
1726437205490 1.3697903156280518 468
1726437205515 1.3697903156280518 469
1726437205540 1.3697903156280518 470
1726437205567 1.3697903156280518 471
1726437205598 1.3697903156280518 472
1726437205630 1.3697903156280518 473
1726437205663 1.3697903156280518 474
1726437205693 1.3697903156280518 475
1726437205719 1.3697903156280518 476
1726437205745 1.3697903156280518 477
1726437205771 1.3697903156280518 478
1726437205796 1.3697903156280518 479
1726437205821 1.3697903156280518 480
1726437205846 1.3697903156280518 481
1726437205872 1.3697903156280518 482
1726437205898 1.3697903156280518 483
1726437205924 1.3697903156280518 484
1726437205950 1.3697903156280518 485
1726437205975 1.3697903156280518 486
1726437206002 1.3697903156280518 487
1726437206029 1.3697903156280518 488
1726437206055 1.3697903156280518 489
1726437206082 1.3697903156280518 490
1726437206109 1.3697903156280518 491
1726437206134 1.3697903156280518 492
1726437206160 1.3697903156280518 493
1726437206186 1.3697903156280518 494
1726437206210 1.3697903156280518 495
1726437206235 1.3697903156280518 496
1726437206260 1.3697903156280518 497
1726437206285 1.3697903156280518 498
1726437206311 1.3697903156280518 499
1726437206337 1.3697903156280518 500
1726437206364 1.3697903156280518 501
1726437206390 1.3697903156280518 502
1726437206416 1.3697903156280518 503
1726437206442 1.3697903156280518 504
1726437206467 1.3697903156280518 505
1726437206492 1.3697903156280518 506
1726437206518 1.3697903156280518 507
1726437206543 1.3697903156280518 508
1726437206568 1.3697903156280518 509
1726437206593 1.3697903156280518 510
1726437206618 1.3697903156280518 511
1726437206644 1.3697903156280518 512
1726437206668 1.3697903156280518 513
1726437206692 1.3697903156280518 514
1726437206718 1.3697903156280518 515
1726437206743 1.3697903156280518 516
1726437206768 1.3697903156280518 517
1726437206794 1.3697903156280518 518
1726437206820 1.3697903156280518 519
1726437206845 1.3697903156280518 520
1726437206871 1.3697903156280518 521
1726437206896 1.3697903156280518 522
1726437206920 1.3697903156280518 523
1726437206945 1.3697903156280518 524
1726437206970 1.3697903156280518 525
1726437206994 1.3697903156280518 526
1726437207019 1.3697903156280518 527
1726437207043 1.3697903156280518 528
1726437207068 1.3697903156280518 529
1726437207094 1.3697903156280518 530
1726437207120 1.3697903156280518 531
1726437207145 1.3697903156280518 532
1726437207170 1.3697903156280518 533
1726437207195 1.3697903156280518 534
1726437207219 1.3697903156280518 535
1726437207244 1.3697903156280518 536
1726437207269 1.3697903156280518 537
1726437207295 1.3697903156280518 538
1726437207320 1.3697903156280518 539
1726437207346 1.3697903156280518 540
1726437207371 1.3697903156280518 541
1726437207396 1.3697903156280518 542
1726437207421 1.3697903156280518 543
1726437207445 1.3697903156280518 544
1726437207470 1.3697903156280518 545
1726437207495 1.3697903156280518 546
1726437207520 1.3697903156280518 547
1726437207545 1.3697903156280518 548
1726437207570 1.3697903156280518 549
1726437207595 1.3697903156280518 550
1726437207620 1.3697903156280518 551
1726437207645 1.3697903156280518 552
1726437207669 1.3697903156280518 553
1726437207695 1.3697903156280518 554
1726437207720 1.3697903156280518 555
1726437207745 1.3697903156280518 556
1726437207771 1.3697903156280518 557
1726437207796 1.3697903156280518 558
1726437207822 1.3697903156280518 559
1726437207849 1.3697903156280518 560
1726437207875 1.3697903156280518 561
1726437207902 1.3697903156280518 562
1726437207927 1.3697903156280518 563
1726437207951 1.3697903156280518 564
1726437207977 1.3697903156280518 565
1726437208002 1.3697903156280518 566
1726437208028 1.3697903156280518 567
1726437208053 1.3697903156280518 568
1726437208081 1.3697903156280518 569
1726437208107 1.3697903156280518 570
1726437208132 1.3697903156280518 571
1726437208158 1.3697903156280518 572
1726437208187 1.3697903156280518 573
1726437208215 1.3697903156280518 574
1726437208240 1.3697903156280518 575
1726437208266 1.3697903156280518 576
1726437208291 1.3697903156280518 577
1726437208316 1.3697903156280518 578
1726437208344 1.3697903156280518 579
1726437208370 1.3697903156280518 580
1726437208398 1.3697903156280518 581
1726437208424 1.3697903156280518 582
1726437208450 1.3697903156280518 583
1726437208474 1.3697903156280518 584
1726437208500 1.3697903156280518 585
1726437208529 1.3697903156280518 586
1726437208557 1.3697903156280518 587
1726437208583 1.3697903156280518 588
1726437208610 1.3697903156280518 589
1726437208639 1.3697903156280518 590
1726437208670 1.3697903156280518 591
1726437208703 1.3697903156280518 592
1726437208730 1.3697903156280518 593
1726437208758 1.3697903156280518 594
1726437208788 1.3697903156280518 595
1726437208823 1.3697903156280518 596
1726437208854 1.3697903156280518 597
1726437208885 1.3697903156280518 598
1726437208914 1.3697903156280518 599
1726437208945 1.3697903156280518 600
1726437208975 1.3697903156280518 601
1726437209003 1.3697903156280518 602
1726437209031 1.3697903156280518 603
1726437209059 1.3697903156280518 604
1726437209087 1.3697903156280518 605
1726437209114 1.3697903156280518 606
1726437209140 1.3697903156280518 607
1726437209166 1.3697903156280518 608
1726437209194 1.3697903156280518 609
1726437209221 1.3697903156280518 610
1726437209247 1.3697903156280518 611
1726437209273 1.3697903156280518 612
1726437209299 1.3697903156280518 613
1726437209326 1.3697903156280518 614
1726437209352 1.3697903156280518 615
1726437209378 1.3697903156280518 616
1726437209404 1.3697903156280518 617
1726437209428 1.3697903156280518 618
1726437209454 1.3697903156280518 619
1726437209480 1.3697903156280518 620
1726437209506 1.3697903156280518 621
1726437209532 1.3697903156280518 622
1726437209557 1.3697903156280518 623
1726437209582 1.3697903156280518 624
1726437209608 1.3697903156280518 625
1726437209633 1.3697903156280518 626
1726437209658 1.3697903156280518 627
1726437209688 1.3697903156280518 628
1726437209717 1.3697903156280518 629
1726437209743 1.3697903156280518 630
1726437209769 1.3697903156280518 631
1726437209797 1.3697903156280518 632
1726437209824 1.3697903156280518 633
1726437209851 1.3697903156280518 634
1726437209881 1.3697903156280518 635
1726437209915 1.3697903156280518 636
1726437209950 1.3697903156280518 637
1726437209992 1.3697903156280518 638
1726437210020 1.3697903156280518 639
1726437210046 1.3697903156280518 640
1726437210072 1.3697903156280518 641
1726437210098 1.3697903156280518 642
1726437210123 1.3697903156280518 643
1726437210148 1.3697903156280518 644
1726437210173 1.3697903156280518 645
1726437210197 1.3697903156280518 646
1726437210222 1.3697903156280518 647
1726437210247 1.3697903156280518 648
1726437210272 1.3697903156280518 649
1726437210297 1.3697903156280518 650
1726437210322 1.3697903156280518 651
1726437210348 1.3697903156280518 652
1726437210373 1.3697903156280518 653
1726437210398 1.3697903156280518 654
1726437210422 1.3697903156280518 655
1726437210446 1.3697903156280518 656
1726437210471 1.3697903156280518 657
1726437210497 1.3697903156280518 658
1726437210523 1.3697903156280518 659
1726437210549 1.3697903156280518 660
1726437210574 1.3697903156280518 661
1726437210599 1.3697903156280518 662
1726437210624 1.3697903156280518 663
1726437210649 1.3697903156280518 664
1726437210673 1.3697903156280518 665
1726437210698 1.3697903156280518 666
