1726485397186 2e-05 0
1726485397216 2.0004425048828125 1
1726485397244 2.8284270763397217 2
1726485397270 2.4494898319244385 3
1726485397296 2.0 4
1726485397324 2.739675998687744 5
1726485397350 1.625600814819336 6
1726485397378 2.674661874771118 7
1726485397405 2.359745979309082 8
1726485397433 1.4104863405227661 9
1726485397460 2.036797523498535 10
1726485397486 2.0480825901031494 11
1726485397514 1.717193365097046 12
1726485397541 1.4149079322814941 13
1726485397568 1.8104748725891113 14
1726485397595 1.302025318145752 15
1726485397621 1.9012768268585205 16
1726485397648 2.6475589275360107 17
1726485397675 2.0113868713378906 18
1726485397703 2.0765247344970703 19
1726485397731 2.5167081356048584 20
1726485397759 2.604254722595215 21
1726485397786 1.3909099102020264 22
1726485397813 2.0598647594451904 23
1726485397839 2.059361457824707 24
1726485397866 1.5188549757003784 25
1726485397893 2.271912097930908 26
1726485397921 2.5437822341918945 27
1726485397949 2.0058860778808594 28
1726485397978 1.8191285133361816 29
1726485398005 2.0627291202545166 30
1726485398033 2.6524274349212646 31
1726485398062 2.115352153778076 32
1726485398088 1.6731899976730347 33
1726485398113 2.5065927505493164 34
1726485398139 2.8284270763397217 35
1726485398164 2.2773561477661133 36
1726485398189 2.5928080081939697 37
1726485398215 2.702126979827881 38
1726485398242 2.6475090980529785 39
1726485398270 1.835774540901184 40
1726485398299 1.9326750040054321 41
1726485398327 1.8958262205123901 42
1726485398355 2.7085814476013184 43
1726485398382 2.252265691757202 44
1726485398410 1.6163495779037476 45
1726485398436 2.25732421875 46
1726485398462 1.9358879327774048 47
1726485398489 1.7416598796844482 48
1726485398516 1.6757891178131104 49
1726485398543 1.8708950281143188 50
1726485398570 2.7423014640808105 51
1726485398597 1.523491382598877 52
1726485398624 2.190239191055298 53
1726485398652 2.2634618282318115 54
1726485398679 2.095057964324951 55
1726485398705 2.3968915939331055 56
1726485398734 1.6356769800186157 57
1726485398761 1.8233370780944824 58
1726485398788 1.5995235443115234 59
1726485398815 1.8048895597457886 60
1726485398842 2.3906803131103516 61
1726485398869 2.535980224609375 62
1726485398896 2.009002923965454 63
1726485398923 2.0112435817718506 64
1726485398950 2.4347305297851562 65
1726485398978 1.2743535041809082 66
1726485399005 2.4294095039367676 67
1726485399034 2.2091197967529297 68
1726485399061 2.1688945293426514 69
1726485399088 1.8125149011611938 70
1726485399115 2.342609167098999 71
1726485399140 1.9714202880859375 72
1726485399167 1.4689359664916992 73
1726485399194 1.8956656455993652 74
1726485399221 1.409891128540039 75
1726485399246 2.2014000415802 76
1726485399271 1.3804577589035034 77
1726485399297 2.7161054611206055 78
1726485399323 2.3740322589874268 79
1726485399349 1.351719617843628 80
1726485399374 1.7458045482635498 81
1726485399399 2.654775619506836 82
1726485399425 1.4171464443206787 83
1726485399451 2.7839818000793457 84
1726485399479 2.0 85
1726485399507 2.0 86
1726485399534 2.6519200801849365 87
1726485399561 2.022728681564331 88
1726485399587 1.6357306241989136 89
1726485399612 2.219425678253174 90
1726485399637 1.771292805671692 91
1726485399663 1.548819661140442 92
1726485399688 2.3415610790252686 93
1726485399713 2.4096639156341553 94
1726485399738 1.6692321300506592 95
1726485399764 2.37035870552063 96
1726485399790 2.6013898849487305 97
1726485399816 2.4733150005340576 98
1726485399842 2.722810745239258 99
1726485399867 2.1957011222839355 100
1726485399893 2.1265652179718018 101
1726485399919 1.750441551208496 102
1726485399945 1.9693595170974731 103
1726485399971 2.239457845687866 104
1726485399997 2.6486124992370605 105
1726485400023 2.0 106
1726485400047 1.4564114809036255 107
1726485400073 1.4564114809036255 108
1726485400098 2.4494898319244385 109
1726485400124 2.698406457901001 110
1726485400150 2.698406457901001 111
