1727304696590 0.0 0
1727304696627 0.0 1
1727304696661 4.605170249938965 2
1727304696697 0.0 3
1727304696734 0.0 4
1727304696771 0.0 5
1727304696808 0.0 6
1727304696843 0.0 7
1727304696881 0.0 8
1727304696921 0.0 9
1727304696960 0.0 10
1727304696998 0.0 11
1727304697034 0.0 12
1727304697071 0.0 13
1727304697110 0.0 14
1727304697148 0.0 15
1727304697183 0.0 16
1727304697219 0.0 17
1727304697256 0.0 18
1727304697291 0.0 19
1727304697327 0.0 20
1727304697362 0.0 21
1727304697397 0.0 22
1727304697433 0.0 23
1727304697468 0.0 24
1727304697504 0.0 25
1727304697539 0.0 26
1727304697576 0.0 27
1727304697611 0.0 28
1727304697646 0.0 29
1727304697681 0.0 30
1727304697716 0.0 31
1727304697751 0.0 32
1727304697787 0.0 33
1727304697823 0.0 34
1727304697859 0.0 35
1727304697894 0.0 36
1727304697929 0.0 37
1727304697964 0.0 38
1727304698000 0.0 39
1727304698035 0.0 40
1727304698069 0.0 41
1727304698104 0.0 42
1727304698139 0.0 43
1727304698174 0.0 44
1727304698211 0.0 45
1727304698247 0.0 46
1727304698281 0.0 47
1727304698315 0.0 48
1727304698350 0.0 49
1727304698385 4.605170249938965 50
1727304698420 0.0 51
1727304698454 0.0 52
1727304698491 0.0 53
1727304698526 0.0 54
1727304698561 0.0 55
1727304698597 0.0 56
1727304698633 0.0 57
1727304698667 0.0 58
1727304698703 0.0 59
1727304698740 0.0 60
1727304698776 0.0 61
1727304698812 0.0 62
1727304698848 0.0 63
1727304698883 0.0 64
1727304698919 0.0 65
1727304698955 0.0 66
1727304698991 0.0 67
1727304699027 0.0 68
1727304699062 0.0 69
1727304699098 0.0 70
1727304699133 0.0 71
1727304699168 0.0 72
1727304699203 0.0 73
1727304699239 0.0 74
1727304699273 0.0 75
1727304699309 0.0 76
1727304699344 0.0 77
1727304699379 0.0 78
1727304699414 0.0 79
1727304699450 0.0 80
1727304699484 0.0 81
1727304699519 0.0 82
1727304699553 0.0 83
1727304699588 0.0 84
1727304699623 0.0 85
1727304699657 0.0 86
1727304699692 0.0 87
1727304699728 0.0 88
1727304699764 0.0 89
1727304699801 0.0 90
1727304699836 0.0 91
1727304699872 0.0 92
1727304699908 0.0 93
1727304699944 0.0 94
1727304699981 0.0 95
1727304700018 0.0 96
1727304700053 0.0 97
1727304700089 0.0 98
1727304700125 0.0 99
1727304700160 0.0 100
1727304700195 0.0 101
1727304700231 0.0 102
1727304700267 0.0 103
1727304700302 0.0 104
1727304700339 0.0 105
1727304700376 0.0 106
1727304700411 0.0 107
1727304700447 0.0 108
1727304700481 0.0 109
1727304700517 0.0 110
1727304700554 0.0 111
1727304700591 0.0 112
1727304700626 0.0 113
1727304700662 0.0 114
1727304700697 0.0 115
1727304700732 0.0 116
1727304700768 0.0 117
1727304700804 0.0 118
1727304700840 0.0 119
1727304700875 0.0 120
1727304700911 4.605170249938965 121
1727304700947 0.0 122
1727304700987 0.0 123
1727304701025 0.0 124
1727304701063 0.0 125
1727304701100 0.0 126
1727304701136 0.0 127
1727304701172 0.0 128
1727304701208 0.0 129
1727304701243 0.0 130
1727304701279 0.0 131
1727304701316 0.0 132
1727304701353 0.0 133
1727304701389 0.0 134
1727304701424 0.0 135
1727304701460 0.0 136
1727304701495 0.0 137
1727304701530 0.0 138
1727304701566 0.0 139
1727304701601 0.0 140
1727304701636 0.0 141
1727304701670 0.0 142
1727304701706 0.0 143
1727304701743 0.0 144
1727304701779 0.0 145
1727304701815 0.0 146
1727304701850 0.0 147
1727304701885 0.0 148
1727304701922 0.0 149
1727304701958 0.0 150
1727304701994 0.0 151
1727304702030 0.0 152
1727304702066 0.0 153
1727304702101 0.0 154
1727304702136 0.0 155
1727304702171 0.0 156
1727304702205 0.0 157
1727304702239 0.0 158
1727304702275 0.0 159
1727304702310 0.0 160
1727304702347 0.0 161
1727304702382 0.0 162
1727304702417 0.0 163
1727304702451 0.0 164
1727304702485 0.0 165
1727304702521 0.0 166
1727304702557 0.0 167
1727304702591 0.0 168
1727304702627 0.0 169
1727304702662 0.0 170
1727304702698 0.0 171
1727304702735 4.605170249938965 172
1727304702771 0.0 173
1727304702807 0.0 174
1727304702842 0.0 175
1727304702878 0.0 176
1727304702913 0.0 177
1727304702948 0.0 178
1727304702984 0.0 179
1727304703019 0.0 180
1727304703055 0.0 181
1727304703090 0.0 182
1727304703124 0.0 183
1727304703160 0.0 184
1727304703195 0.0 185
1727304703231 0.0 186
1727304703268 0.0 187
1727304703304 0.0 188
1727304703341 0.0 189
1727304703379 0.0 190
1727304703417 0.0 191
1727304703452 0.0 192
1727304703487 0.0 193
1727304703523 0.0 194
1727304703559 4.605170249938965 195
1727304703595 0.0 196
1727304703629 0.0 197
1727304703663 0.0 198
1727304703697 0.0 199
1727304703731 0.0 200
1727304703779 0.0 201
1727304703826 0.0 202
1727304703871 0.0 203
1727304703910 0.0 204
1727304703948 0.0 205
1727304703987 0.0 206
1727304704026 0.0 207
1727304704066 0.0 208
1727304704104 0.0 209
1727304704144 0.0 210
1727304704182 0.0 211
1727304704219 0.0 212
1727304704254 0.0 213
1727304704288 0.0 214
1727304704323 0.0 215
1727304704357 0.0 216
1727304704392 0.0 217
1727304704426 0.0 218
1727304704461 0.0 219
1727304704496 0.0 220
1727304704531 0.0 221
1727304704566 0.0 222
1727304704601 9.21034049987793 223
1727304704635 0.0 224
1727304704670 0.0 225
1727304704706 0.0 226
1727304704743 0.0 227
1727304704781 0.0 228
1727304704818 0.0 229
1727304704853 0.0 230
1727304704888 0.0 231
1727304704923 0.0 232
1727304704958 0.0 233
1727304704993 0.0 234
1727304705030 0.0 235
1727304705066 0.0 236
1727304705101 0.0 237
1727304705137 0.0 238
1727304705172 0.0 239
1727304705207 0.0 240
1727304705243 0.0 241
1727304705279 0.0 242
1727304705316 0.0 243
1727304705354 0.0 244
1727304705393 0.0 245
1727304705429 0.0 246
1727304705464 0.0 247
1727304705499 0.0 248
1727304705535 0.0 249
1727304705570 0.0 250
1727304705607 0.0 251
1727304705642 0.0 252
1727304705677 0.0 253
1727304705713 0.0 254
1727304705749 0.0 255
1727304705786 0.0 256
1727304705823 0.0 257
1727304705858 0.0 258
1727304705894 0.0 259
1727304705928 0.0 260
1727304705964 0.0 261
1727304705999 0.0 262
1727304706033 0.0 263
1727304706068 0.0 264
1727304706113 0.0 265
1727304706152 0.0 266
1727304706191 0.0 267
1727304706232 0.0 268
1727304706272 0.0 269
1727304706308 0.0 270
1727304706343 0.0 271
1727304706378 0.0 272
1727304706413 0.0 273
1727304706448 4.605170249938965 274
1727304706482 0.0 275
1727304706517 4.605170249938965 276
1727304706553 0.0 277
1727304706588 0.0 278
1727304706624 0.0 279
1727304706669 0.0 280
1727304706715 0.0 281
1727304706762 0.0 282
1727304706812 4.605170249938965 283
1727304706860 0.0 284
1727304706908 0.0 285
1727304706957 0.0 286
1727304707008 0.0 287
1727304707061 0.0 288
1727304707106 0.0 289
1727304707147 0.0 290
1727304707188 0.0 291
1727304707230 0.0 292
1727304707272 0.0 293
1727304707314 0.0 294
1727304707359 0.0 295
1727304707406 0.0 296
1727304707463 0.0 297
1727304707516 0.0 298
1727304707556 0.0 299
1727304707594 0.0 300
1727304707633 0.0 301
1727304707671 0.0 302
1727304707709 0.0 303
1727304707749 0.0 304
1727304707790 0.0 305
1727304707828 0.0 306
1727304707865 0.0 307
1727304707903 0.0 308
1727304707940 0.0 309
1727304707977 0.0 310
1727304708014 0.0 311
1727304708051 0.0 312
1727304708088 0.0 313
1727304708124 0.0 314
1727304708161 0.0 315
1727304708197 0.0 316
1727304708234 0.0 317
1727304708272 0.0 318
1727304708308 0.0 319
1727304708345 0.0 320
1727304708380 0.0 321
1727304708416 0.0 322
1727304708450 0.0 323
1727304708486 0.0 324
1727304708524 0.0 325
1727304708562 9.21034049987793 326
1727304708599 0.0 327
1727304708635 0.0 328
1727304708672 0.0 329
1727304708707 0.0 330
1727304708743 4.605170249938965 331
1727304708781 0.0 332
1727304708817 0.0 333
1727304708853 0.0 334
1727304708889 0.0 335
1727304708925 0.0 336
1727304708960 0.0 337
1727304708995 4.605170249938965 338
1727304709031 0.0 339
1727304709065 0.0 340
1727304709101 0.0 341
1727304709136 0.0 342
1727304709174 0.0 343
1727304709210 0.0 344
1727304709246 0.0 345
1727304709282 0.0 346
1727304709318 0.0 347
1727304709354 0.0 348
1727304709390 0.0 349
1727304709425 0.0 350
1727304709461 0.0 351
1727304709497 0.0 352
1727304709534 0.0 353
1727304709570 0.0 354
1727304709606 0.0 355
1727304709641 0.0 356
1727304709676 0.0 357
1727304709712 0.0 358
1727304709748 0.0 359
1727304709784 0.0 360
1727304709821 0.0 361
1727304709857 0.0 362
1727304709892 0.0 363
1727304709927 0.0 364
1727304709962 0.0 365
1727304709996 0.0 366
1727304710032 0.0 367
1727304710067 0.0 368
1727304710102 0.0 369
1727304710137 0.0 370
1727304710174 0.0 371
1727304710209 0.0 372
1727304710246 0.0 373
1727304710283 0.0 374
1727304710319 0.0 375
1727304710356 4.605170249938965 376
1727304710399 0.0 377
1727304710444 0.0 378
1727304710494 0.0 379
1727304710538 0.0 380
1727304710581 0.0 381
1727304710631 0.0 382
1727304710678 0.0 383
1727304710722 4.605170249938965 384
1727304710767 0.0 385
1727304710813 4.605170249938965 386
1727304710859 0.0 387
1727304710913 0.0 388
1727304710958 0.0 389
1727304711003 4.605170249938965 390
1727304711049 13.815510749816895 391
1727304711098 0.0 392
1727304711141 0.0 393
1727304711186 0.0 394
