1726236883682 0.060765743255615234 0
1726236883723 0.05289900302886963 1
1726236883782 0.007905960083007812 2
1726236883832 0.04632711410522461 3
1726236883874 0.05835449695587158 4
1726236883925 0.009692072868347168 5
1726236883963 0.08091151714324951 6
1726236884004 0.006843924522399902 7
1726236884041 0.05587267875671387 8
1726236884079 0.007905960083007812 9
1726236884117 0.04160261154174805 10
1726236884155 0.06247818470001221 11
1726236884193 -0.01804351806640625 12
1726236884230 0.014159917831420898 13
1726236884268 0.056572675704956055 14
1726236884306 0.02756500244140625 15
1726236884344 0.023117661476135254 16
1726236884381 0.04135417938232422 17
1726236884419 0.08278417587280273 18
1726236884458 0.04585909843444824 19
1726236884495 0.012966752052307129 20
1726236884533 0.007905960083007812 21
1726236884572 -0.0180436372756958 22
1726236884610 0.05790591239929199 23
1726236884649 0.05521416664123535 24
1726236884687 0.01990687847137451 25
1726236884726 0.028682708740234375 26
1726236884764 0.007905960083007812 27
1726236884802 0.01231527328491211 28
1726236884841 0.048822879791259766 29
1726236884880 0.03904306888580322 30
1726236884919 0.0332869291305542 31
1726236884958 0.05613696575164795 32
1726236884997 0.013902425765991211 33
1726236885036 0.07116937637329102 34
1726236885074 0.040865421295166016 35
1726236885113 0.0796583890914917 36
1726236885151 0.052260518074035645 37
1726236885191 0.0507657527923584 38
1726236885229 0.0649099349975586 39
1726236885269 0.007905960083007812 40
1726236885307 0.05757129192352295 41
1726236885345 0.04676163196563721 42
1726236885384 0.018486976623535156 43
1726236885423 0.06952488422393799 44
1726236885463 0.034018635749816895 45
1726236885502 0.051527976989746094 46
1726236885540 0.049796104431152344 47
1726236885578 0.0015746355056762695 48
1726236885617 0.007905960083007812 49
1726236885656 0.05790591239929199 50
1726236885694 0.044101595878601074 51
1726236885733 0.03495907783508301 52
1726236885772 0.020613670349121094 53
1726236885811 -0.002899765968322754 54
1726236885860 0.012478232383728027 55
1726236885912 0.05790591239929199 56
1726236885959 0.05082869529724121 57
1726236885998 0.007905960083007812 58
1726236886038 0.007905960083007812 59
1726236886078 0.06247818470001221 60
1726236886117 0.007905960083007812 61
