1726236883687 2e-05 0
1726236883728 1.7833945751190186 1
1726236883788 2.228705406188965 2
1726236883837 1.643656849861145 3
1726236883878 1.0897177457809448 4
1726236883930 1.934269666671753 5
1726236883968 2.2779664993286133 6
1726236884009 2.3571064472198486 7
1726236884046 2.006486415863037 8
1726236884084 2.317605972290039 9
1726236884122 1.7991399765014648 10
1726236884159 1.5882092714309692 11
1726236884197 2.0 12
1726236884235 2.0566368103027344 13
1726236884272 2.0529754161834717 14
1726236884310 2.334724187850952 15
1726236884348 0.48311853408813477 16
1726236884386 1.6544525623321533 17
1726236884423 1.262568712234497 18
1726236884462 1.4085208177566528 19
1726236884500 2.251490592956543 20
1726236884538 2.049834966659546 21
1726236884576 1.4142135381698608 22
1726236884615 2.4494898319244385 23
1726236884653 1.6179417371749878 24
1726236884692 1.8171732425689697 25
1726236884730 2.2678287029266357 26
1726236884769 0.1760604828596115 27
1726236884806 0.5731077790260315 28
1726236884846 1.935615062713623 29
1726236884885 1.7888425588607788 30
1726236884924 2.6571619510650635 31
1726236884963 1.4060271978378296 32
1726236885002 2.157303810119629 33
1726236885040 1.902438759803772 34
1726236885078 2.071866750717163 35
1726236885117 1.1854875087738037 36
1726236885155 1.1759281158447266 37
1726236885195 0.05398457497358322 38
1726236885234 2.7975802421569824 39
1726236885273 1.419960618019104 40
1726236885312 1.7459310293197632 41
1726236885350 0.7098428606987 42
1726236885389 2.192718982696533 43
1726236885428 1.5926984548568726 44
1726236885468 2.221437454223633 45
1726236885506 2.477444648742676 46
1726236885545 2.018040418624878 47
1726236885583 2.244272470474243 48
1726236885622 2.531633138656616 49
1726236885660 2.4494898319244385 50
1726236885699 2.0049829483032227 51
1726236885738 1.999432921409607 52
1726236885777 2.0851314067840576 53
1726236885816 1.9955862760543823 54
1726236885867 2.03314471244812 55
1726236885919 1.4142135381698608 56
1726236885963 2.0 57
1726236886003 2.0 58
1726236886043 1.4142135381698608 59
1726236886082 1.9686882495880127 60
1726236886122 1.9686882495880127 61
