1726424293230 2e-05 0
1726424293299 -0.0007741451263427734 1
1726424293354 0.009430408477783203 2
1726424293412 -0.0006823539733886719 3
1726424293480 -0.007210135459899902 4
1726424293563 -0.019847393035888672 5
1726424293648 0.022837400436401367 6
1726424293728 0.01370096206665039 7
1726424293805 -0.019217252731323242 8
1726424293889 0.011005997657775879 9
1726424293963 -0.0033572912216186523 10
1726424294026 0.01258397102355957 11
1726424294086 -0.013592004776000977 12
1726424294145 -0.04370903968811035 13
1726424294214 0.001319289207458496 14
1726424294274 0.026159286499023438 15
1726424294337 0.004747986793518066 16
1726424294399 -0.003888845443725586 17
1726424294458 0.0009276866912841797 18
1726424294524 0.005703449249267578 19
1726424294587 -0.004252076148986816 20
1726424294648 -0.005695939064025879 21
1726424294704 -0.0041582584381103516 22
1726424294759 -0.01616990566253662 23
1726424294814 0.0389176607131958 24
1726424294868 -0.00036454200744628906 25
1726424294921 -0.0005991458892822266 26
1726424294974 -0.014062762260437012 27
1726424295026 0.000800013542175293 28
1726424295077 0.011228084564208984 29
1726424295130 -0.005180716514587402 30
1726424295177 0.010901927947998047 31
1726424295223 0.005020856857299805 32
1726424295268 -0.003548264503479004 33
1726424295313 -0.002619504928588867 34
1726424295355 0.0019087791442871094 35
1726424295398 0.008845686912536621 36
1726424295440 -0.0032786130905151367 37
1726424295482 -0.0021129846572875977 38
1726424295525 -0.002809882164001465 39
1726424295566 0.005238652229309082 40
1726424295606 -0.003383636474609375 41
1726424295648 -0.01766979694366455 42
1726424295688 0.004496335983276367 43
1726424295729 -0.023480772972106934 44
1726424295770 0.030300617218017578 45
1726424295810 0.009653210639953613 46
1726424295850 -0.001230001449584961 47
1726424295891 0.0002524852752685547 48
1726424295933 -0.00026535987854003906 49
1726424295975 -0.004742026329040527 50
1726424296017 -0.022353053092956543 51
1726424296060 0.0038338899612426758 52
1726424296103 0.015274763107299805 53
1726424296144 -0.004927396774291992 54
1726424296186 0.006409645080566406 55
1726424296228 -0.005002260208129883 56
1726424296268 -0.010414958000183105 57
1726424296309 -0.0058591365814208984 58
1726424296349 0.007582187652587891 59
1726424296389 -0.0037047863006591797 60
1726424296429 -0.0034923553466796875 61
1726424296470 0.008557558059692383 62
1726424296510 0.011811137199401855 63
1726424296551 -0.0027382373809814453 64
1726424296594 -0.0003368854522705078 65
1726424296633 -0.002880692481994629 66
1726424296673 0.012409210205078125 67
1726424296715 -0.01330876350402832 68
1726424296754 -0.0027388334274291992 69
1726424296794 0.002654433250427246 70
1726424296835 0.0003428459167480469 71
1726424296874 0.008459925651550293 72
1726424296914 0.002777695655822754 73
1726424296955 -0.003694295883178711 74
1726424296995 0.004961609840393066 75
1726424297035 -0.0002790689468383789 76
1726424297084 -0.020973801612854004 77
1726424297149 0.012629866600036621 78
1726424297196 0.0008285045623779297 79
1726424297236 0.002593994140625 80
1726424297278 -0.0022088289260864258 81
1726424297320 -0.004765987396240234 82
1726424297359 -0.02113819122314453 83
1726424297400 0.017902493476867676 84
1726424297440 -0.003112196922302246 85
1726424297481 -0.011121511459350586 86
1726424297522 0.019350886344909668 87
1726424297567 -0.007626533508300781 88
1726424297608 0.009752988815307617 89
1726424297650 -0.011477947235107422 90
1726424297691 -0.0004004240036010742 91
1726424297734 0.003761768341064453 92
1726424297776 0.02120792865753174 93
1726424297816 -0.0048563480377197266 94
1726424297858 -0.03399980068206787 95
1726424297900 0.010229349136352539 96
1726424297939 0.0073462724685668945 97
1726424297980 -0.016315579414367676 98
1726424298020 0.02176964282989502 99
1726424298060 0.013740301132202148 100
1726424298100 -0.023975372314453125 101
1726424298141 0.015972018241882324 102
1726424298181 0.008118271827697754 103
1726424298221 0.0005642175674438477 104
1726424298267 -0.006305336952209473 105
1726424298307 -0.0024355649948120117 106
1726424298347 -0.0006943941116333008 107
1726424298387 0.0033043622970581055 108
1726424298425 -0.0027914047241210938 109
1726424298465 0.0130692720413208 110
1726424298507 -0.018245339393615723 111
1726424298547 -0.03264009952545166 112
1726424298587 -0.019370317459106445 113
1726424298627 0.010732650756835938 114
1726424298666 0.0357208251953125 115
1726424298707 -0.004118919372558594 116
1726424298750 0.014130115509033203 117
1726424298790 0.00150299072265625 118
1726424298836 -0.005768299102783203 119
1726424298898 -0.0019192695617675781 120
1726424298954 0.0035687685012817383 121
1726424298998 -0.014180898666381836 122
1726424299039 0.0002557039260864258 123
1726424299079 -0.0005745887756347656 124
1726424299119 -0.01724064350128174 125
1726424299160 0.03116774559020996 126
1726424299200 -0.006808042526245117 127
1726424299240 0.0021609067916870117 128
1726424299281 0.004557013511657715 129
1726424299321 -0.01298379898071289 130
1726424299360 -0.006856322288513184 131
1726424299401 0.020038127899169922 132
1726424299439 0.007619619369506836 133
1726424299479 -0.017986536026000977 134
1726424299520 0.016682147979736328 135
1726424299562 0.008982419967651367 136
1726424299602 -0.011603832244873047 137
1726424299642 0.0006036758422851562 138
1726424299680 0.0020450353622436523 139
1726424299721 5.9604644775390625e-05 140
1726424299762 0.00018775463104248047 141
1726424299801 -0.0026214122772216797 142
1726424299841 0.004650712013244629 143
1726424299882 -0.009062767028808594 144
1726424299921 0.004676222801208496 145
1726424299960 -0.0061904191970825195 146
1726424300001 -0.0015645027160644531 147
1726424300040 -0.0018218755722045898 148
1726424300080 0.014469265937805176 149
1726424300120 -0.007948875427246094 150
1726424300159 -0.00804448127746582 151
1726424300199 0.008186101913452148 152
1726424300239 -0.018217921257019043 153
1726424300278 0.014827966690063477 154
1726424300318 -0.023163557052612305 155
1726424300358 0.004088640213012695 156
1726424300397 0.0037688016891479492 157
1726424300437 0.0043572187423706055 158
1726424300478 0.004090666770935059 159
1726424300517 0.017368197441101074 160
1726424300557 0.0072231292724609375 161
1726424300597 -0.003304004669189453 162
1726424300636 -0.008208394050598145 163
1726424300676 -0.03202641010284424 164
1726424300717 -0.01031506061553955 165
1726424300756 0.02606642246246338 166
1726424300796 -0.0045130252838134766 167
1726424300836 0.029346704483032227 168
1726424300875 -0.015983104705810547 169
1726424300915 -0.022450804710388184 170
1726424300956 0.02830958366394043 171
1726424300995 0.002980947494506836 172
1726424301037 0.00746607780456543 173
1726424301077 -0.012860655784606934 174
1726424301117 0.006390094757080078 175
1726424301157 0.003243684768676758 176
1726424301198 -0.012116670608520508 177
1726424301237 0.0019106864929199219 178
1726424301278 -0.007744312286376953 179
1726424301318 0.014307022094726562 180
1726424301357 -0.0077702999114990234 181
1726424301397 -0.001140594482421875 182
1726424301438 -0.02375340461730957 183
1726424301476 0.009904026985168457 184
1726424301517 0.015876293182373047 185
1726424301559 0.009255170822143555 186
1726424301597 -0.011619925498962402 187
1726424301637 -0.023239612579345703 188
1726424301681 -1.0013580322265625e-05 189
1726424301722 0.00848531723022461 190
1726424301767 0.008303999900817871 191
1726424301810 0.005779147148132324 192
1726424301851 -0.01361227035522461 193
1726424301893 -0.015357255935668945 194
1726424301934 0.044820308685302734 195
1726424301983 -0.007463574409484863 196
1726424302032 -0.010912299156188965 197
1726424302078 0.017733335494995117 198
1726424302122 -0.0009465217590332031 199
1726424302160 -0.0002129077911376953 200
1726424302201 -0.010705709457397461 201
1726424302244 -0.02047896385192871 202
1726424302301 0.006463289260864258 203
1726424302359 0.00199127197265625 204
1726424302407 0.004809021949768066 205
1726424302474 -0.0004526376724243164 206
1726424302525 0.016101837158203125 207
1726424302564 -0.0021533966064453125 208
1726424302607 0.002804994583129883 209
1726424302651 0.0038366317749023438 210
1726424302703 -0.014361739158630371 211
1726424302742 -0.02235233783721924 212
1726424302789 0.010930418968200684 213
1726424302826 2.872943878173828e-05 214
1726424302863 0.008794546127319336 215
1726424302900 0.007670283317565918 216
1726424302938 0.005159854888916016 217
1726424302979 0.008347868919372559 218
1726424303019 -0.004634499549865723 219
1726424303062 0.001300811767578125 220
1726424303110 -0.002057313919067383 221
1726424303151 -0.02500450611114502 222
1726424303193 0.011861324310302734 223
1726424303238 -0.014017462730407715 224
1726424303289 0.029803037643432617 225
1726424303334 -0.020801424980163574 226
1726424303378 -0.008705377578735352 227
1726424303419 0.020131826400756836 228
1726424303459 -0.0129777193069458 229
1726424303514 -0.02904057502746582 230
1726424303565 -0.0023463964462280273 231
1726424303612 0.01573324203491211 232
1726424303660 0.02320420742034912 233
1726424303702 -0.017165303230285645 234
1726424303745 -0.005488038063049316 235
1726424303788 0.023683905601501465 236
1726424303830 -0.009361743927001953 237
1726424303872 -0.010489463806152344 238
1726424303917 -0.0235215425491333 239
1726424303965 -0.008513569831848145 240
1726424304008 0.029262423515319824 241
1726424304050 -0.00828087329864502 242
1726424304090 0.025534987449645996 243
1726424304129 0.005267739295959473 244
1726424304169 -0.019474029541015625 245
1726424304207 0.014894247055053711 246
1726424304245 -0.0052814483642578125 247
1726424304283 -0.011786460876464844 248
1726424304321 0.008145809173583984 249
1726424304359 0.016195058822631836 250
1726424304397 0.00515294075012207 251
1726424304435 0.006515145301818848 252
1726424304473 -0.0009701251983642578 253
1726424304512 -0.01745474338531494 254
1726424304551 0.004812002182006836 255
1726424304589 0.007271170616149902 256
1726424304628 -9.09566879272461e-05 257
1726424304667 -0.004395723342895508 258
1726424304705 -0.024278640747070312 259
1726424304744 0.013716340065002441 260
1726424304783 0.011220335960388184 261
1726424304821 -0.005367398262023926 262
1726424304860 -0.0064574480056762695 263
1726424304899 0.005031585693359375 264
1726424304938 0.004151344299316406 265
1726424304977 0.0018270015716552734 266
1726424305015 -9.131431579589844e-05 267
1726424305054 0.0018460750579833984 268
1726424305093 0.0014705657958984375 269
1726424305133 -0.003995418548583984 270
1726424305172 0.0035123825073242188 271
1726424305211 -0.00916433334350586 272
1726424305251 0.009477615356445312 273
1726424305290 -0.0022919178009033203 274
1726424305330 -0.02036595344543457 275
1726424305370 0.013141870498657227 276
1726424305408 -0.004571676254272461 277
1726424305448 -0.020400524139404297 278
1726424305489 -0.01092064380645752 279
1726424305529 0.025612711906433105 280
1726424305569 0.002215862274169922 281
1726424305609 0.002742767333984375 282
1726424305650 -0.005263566970825195 283
1726424305700 0.012045621871948242 284
1726424305742 0.011356830596923828 285
1726424305786 0.0067288875579833984 286
1726424305831 -0.01332712173461914 287
1726424305877 -0.00790715217590332 288
1726424305923 0.006267189979553223 289
1726424305970 -0.008466005325317383 290
1726424306018 -0.008449792861938477 291
1726424306066 -0.012195944786071777 292
1726424306114 0.027491450309753418 293
1726424306172 0.013432502746582031 294
1726424306222 -0.010819077491760254 295
1726424306272 -0.003935098648071289 296
1726424306320 0.0062160491943359375 297
1726424306370 0.0009167194366455078 298
1726424306421 -0.0003516674041748047 299
1726424306472 -0.012828946113586426 300
1726424306525 -0.005465149879455566 301
1726424306575 -0.009572267532348633 302
1726424306623 0.013052940368652344 303
1726424306674 0.025476574897766113 304
1726424306726 -0.013758182525634766 305
1726424306781 0.002063751220703125 306
1726424306830 0.008526921272277832 307
1726424306877 -0.013477444648742676 308
1726424306927 0.0016491413116455078 309
1726424306975 -0.009539365768432617 310
1726424307025 -0.020475149154663086 311
1726424307073 0.02217578887939453 312
1726424307122 0.006433010101318359 313
1726424307170 -0.012323260307312012 314
1726424307219 -0.003952383995056152 315
1726424307271 0.006886839866638184 316
1726424307320 -0.015597939491271973 317
1726424307367 0.011213183403015137 318
1726424307417 0.0021201372146606445 319
1726424307465 0.021359920501708984 320
1726424307516 -0.004015326499938965 321
1726424307565 0.0030546188354492188 322
1726424307615 0.0033659934997558594 323
1726424307662 -0.016192078590393066 324
1726424307711 0.004904270172119141 325
1726424307770 -0.0036982297897338867 326
1726424307818 -0.008054494857788086 327
1726424307865 0.005589604377746582 328
1726424307914 -0.0006864070892333984 329
1726424307962 0.006573081016540527 330
1726424308010 0.005710005760192871 331
1726424308059 -0.011517643928527832 332
1726424308108 0.0009708404541015625 333
1726424308158 -0.02127659320831299 334
1726424308207 0.021770358085632324 335
1726424308254 -0.0032842159271240234 336
1726424308302 0.01403963565826416 337
1726424308362 -0.005706071853637695 338
1726424308424 0.015062689781188965 339
1726424308482 -0.002756476402282715 340
1726424308541 -0.00280153751373291 341
1726424308608 -0.006386995315551758 342
1726424308675 -0.0010067224502563477 343
1726424308737 0.005236983299255371 344
1726424308803 -0.015949010848999023 345
1726424308851 0.007028102874755859 346
1726424308908 0.009886741638183594 347
1726424308955 -0.002774834632873535 348
1726424309001 -0.01115274429321289 349
1726424309048 0.0167008638381958 350
1726424309095 -0.00028526782989501953 351
1726424309144 -0.02211737632751465 352
1726424309196 0.0027512311935424805 353
1726424309246 0.0022851228713989258 354
1726424309294 0.010866045951843262 355
1726424309355 0.010212302207946777 356
1726424309406 -0.000905156135559082 357
1726424309454 0.0023480653762817383 358
1726424309502 -0.018305063247680664 359
1726424309550 -0.0036787986755371094 360
1726424309600 -0.012953042984008789 361
1726424309647 0.0017472505569458008 362
1726424309695 0.011422514915466309 363
1726424309744 -0.004238724708557129 364
1726424309793 -0.014034748077392578 365
1726424309840 0.014145255088806152 366
1726424309890 0.00570368766784668 367
1726424309939 -0.0024515390396118164 368
1726424309986 0.007203102111816406 369
1726424310031 0.003126859664916992 370
1726424310075 -0.018587112426757812 371
1726424310118 0.009227991104125977 372
1726424310161 -0.003015279769897461 373
1726424310203 0.011749744415283203 374
1726424310244 -0.00735163688659668 375
1726424310285 -0.014017820358276367 376
1726424310327 0.020105838775634766 377
1726424310368 -0.0066356658935546875 378
1726424310408 0.011961936950683594 379
1726424310449 0.0005826950073242188 380
1726424310489 -0.005547761917114258 381
1726424310530 -0.024858951568603516 382
1726424310570 0.017524361610412598 383
1726424310609 0.012498617172241211 384
1726424310649 -0.004328608512878418 385
1726424310690 0.005604386329650879 386
1726424310729 -0.004962563514709473 387
1726424310769 -0.0029900074005126953 388
1726424310810 -0.019063472747802734 389
1726424310849 0.014826774597167969 390
1726424310889 -0.006054878234863281 391
1726424310929 0.012281298637390137 392
1726424310968 -0.018518805503845215 393
1726424311008 0.0020900964736938477 394
1726424311051 0.009887337684631348 395
1726424311090 -0.0029141902923583984 396
1726424311130 -0.006113886833190918 397
1726424311170 -0.007744193077087402 398
1726424311208 0.018253564834594727 399
1726424311248 -0.027942538261413574 400
1726424311289 0.015134692192077637 401
1726424311328 0.011934280395507812 402
1726424311368 -0.01609349250793457 403
1726424311407 0.0069124698638916016 404
1726424311446 -0.0072890520095825195 405
1726424311486 0.012198805809020996 406
1726424311527 -0.010945558547973633 407
1726424311566 -0.017517805099487305 408
1726424311606 0.023502111434936523 409
1726424311647 0.006196022033691406 410
1726424311686 0.0014852285385131836 411
1726424311727 -0.005002140998840332 412
1726424311767 0.0035207271575927734 413
1726424311807 -0.0006532669067382812 414
1726424311849 0.0144195556640625 415
1726424311890 -0.008469462394714355 416
1726424311928 0.0037621259689331055 417
1726424311968 -0.0015560388565063477 418
1726424312008 -0.0045424699783325195 419
1726424312048 0.004911899566650391 420
1726424312089 -0.009700894355773926 421
1726424312134 0.009879469871520996 422
1726424312173 -0.009738922119140625 423
1726424312212 0.005236148834228516 424
1726424312252 0.005366325378417969 425
1726424312290 -0.022139310836791992 426
1726424312330 0.004662752151489258 427
1726424312369 -0.005366086959838867 428
1726424312408 0.013948440551757812 429
1726424312448 -0.007843971252441406 430
1726424312487 0.010590910911560059 431
1726424312527 -0.0011507272720336914 432
1726424312567 -0.007318615913391113 433
1726424312606 -0.0018374919891357422 434
1726424312646 0.009597420692443848 435
1726424312684 -0.008713960647583008 436
1726424312725 0.018605470657348633 437
1726424312767 -0.0035238265991210938 438
1726424312809 -0.014657378196716309 439
1726424312850 -0.003936409950256348 440
1726424312890 0.023076891899108887 441
1726424312929 -0.0046155452728271484 442
1726424312973 -0.00375521183013916 443
1726424313014 -0.00867772102355957 444
1726424313067 -0.028564453125 445
1726424313118 0.01956319808959961 446
1726424313164 0.019039511680603027 447
1726424313202 -0.007761955261230469 448
1726424313239 0.008410811424255371 449
1726424313278 -0.02830815315246582 450
1726424313323 0.007160186767578125 451
1726424313364 0.031321048736572266 452
1726424313418 -0.017092227935791016 453
1726424313459 -0.03148055076599121 454
1726424313513 0.0081787109375 455
1726424313573 0.01724076271057129 456
1726424313615 -0.013509988784790039 457
1726424313656 -0.007695198059082031 458
1726424313705 -0.008011698722839355 459
1726424313749 0.02190983295440674 460
1726424313795 0.004878520965576172 461
1726424313845 -0.010114789009094238 462
1726424313889 0.01830148696899414 463
1726424313932 -0.02637612819671631 464
1726424313973 0.020653486251831055 465
1726424314022 0.014655828475952148 466
1726424314079 -0.0067337751388549805 467
1726424314138 0.008968234062194824 468
1726424314181 0.001797795295715332 469
1726424314219 -0.009399771690368652 470
1726424314257 -0.004167795181274414 471
1726424314296 0.003899693489074707 472
1726424314344 -0.017415881156921387 473
1726424314388 0.01784837245941162 474
1726424314433 -0.01188206672668457 475
1726424314474 0.006459236145019531 476
1726424314516 0.008519768714904785 477
1726424314562 0.0022835731506347656 478
1726424314604 -0.0024967193603515625 479
1726424314645 0.010294556617736816 480
1726424314686 0.0019627809524536133 481
1726424314733 -0.0030275583267211914 482
1726424314782 0.004280209541320801 483
1726424314828 -0.01039433479309082 484
1726424314868 -0.0055054426193237305 485
1726424314908 0.00860607624053955 486
1726424314958 0.004299283027648926 487
1726424315010 0.0035212039947509766 488
1726424315052 -0.020116567611694336 489
1726424315090 -0.0022585391998291016 490
1726424315128 -0.006858468055725098 491
1726424315167 -0.0003966093063354492 492
1726424315205 0.024042129516601562 493
1726424315244 -0.007064700126647949 494
1726424315281 -0.010469675064086914 495
1726424315321 0.00030171871185302734 496
1726424315359 -0.004782199859619141 497
1726424315397 0.0023964643478393555 498
1726424315435 0.017235517501831055 499
1726424315474 0.005959510803222656 500
1726424315513 -0.01616358757019043 501
1726424315552 -0.0020352602005004883 502
1726424315590 0.012054681777954102 503
1726424315628 -0.03088986873626709 504
1726424315667 0.014044046401977539 505
1726424315706 -0.0006529092788696289 506
1726424315744 -0.01271820068359375 507
1726424315783 -0.007418513298034668 508
1726424315824 0.006384015083312988 509
1726424315862 -0.022736549377441406 510
1726424315901 0.013287186622619629 511
1726424315942 0.00900578498840332 512
1726424315980 -0.0266340970993042 513
1726424316020 0.04230904579162598 514
1726424316060 0.010425448417663574 515
1726424316099 -0.00624239444732666 516
1726424316137 0.010628104209899902 517
1726424316176 0.004939436912536621 518
1726424316216 -0.017680764198303223 519
1726424316254 -0.00368499755859375 520
1726424316294 -0.004103183746337891 521
1726424316335 0.0003979206085205078 522
1726424316373 7.915496826171875e-05 523
1726424316412 0.006268024444580078 524
1726424316452 -0.003913283348083496 525
1726424316491 0.019370555877685547 526
1726424316534 -0.00624847412109375 527
1726424316583 -0.006437182426452637 528
1726424316622 0.0015423297882080078 529
1726424316662 0.010522961616516113 530
1726424316704 -0.01675736904144287 531
1726424316746 0.008513689041137695 532
1726424316790 0.01268470287322998 533
1726424316835 -0.014725446701049805 534
1726424316875 -0.014661192893981934 535
1726424316918 0.0006678104400634766 536
1726424316957 -0.004667520523071289 537
1726424316999 0.023003101348876953 538
1726424317040 -0.005928993225097656 539
1726424317081 -0.003858804702758789 540
1726424317124 -0.004873156547546387 541
1726424317176 -0.0025168657302856445 542
1726424317228 0.006645560264587402 543
1726424317266 0.01869642734527588 544
1726424317308 -0.006394386291503906 545
1726424317349 -0.002825140953063965 546
1726424317394 -0.013267159461975098 547
1726424317443 0.02256321907043457 548
1726424317506 -0.004284858703613281 549
1726424317557 -0.004166960716247559 550
1726424317610 -0.008657693862915039 551
1726424317654 0.011565327644348145 552
1726424317699 -0.0019031763076782227 553
1726424317749 -0.01644301414489746 554
1726424317796 0.020024776458740234 555
1726424317843 -0.010181188583374023 556
1726424317883 0.01326608657836914 557
1726424317927 -0.002912759780883789 558
1726424317967 0.004658818244934082 559
1726424318006 -0.005350351333618164 560
1726424318046 -0.012810468673706055 561
1726424318085 0.01892375946044922 562
1726424318125 -0.036444664001464844 563
1726424318164 0.00022494792938232422 564
1726424318203 0.007210850715637207 565
1726424318242 0.02182316780090332 566
1726424318280 -0.00888371467590332 567
1726424318320 0.01188206672668457 568
1726424318359 0.0019301176071166992 569
1726424318398 -0.007494807243347168 570
1726424318438 -0.013602375984191895 571
1726424318477 0.006677865982055664 572
1726424318516 0.008075594902038574 573
1726424318555 -0.010786056518554688 574
1726424318595 0.005325198173522949 575
1726424318633 -0.012752532958984375 576
1726424318672 0.024598240852355957 577
1726424318711 0.004161357879638672 578
1726424318751 -0.018864870071411133 579
1726424318789 -0.007678627967834473 580
1726424318829 0.00820016860961914 581
1726424318869 -0.007503151893615723 582
1726424318908 0.0012797117233276367 583
1726424318948 0.01746666431427002 584
1726424318988 0.003334522247314453 585
1726424319026 0.0001766681671142578 586
1726424319072 -0.02099156379699707 587
1726424319131 0.006197929382324219 588
1726424319189 -0.0006396770477294922 589
1726424319244 -0.026229381561279297 590
1726424319287 0.016889572143554688 591
1726424319335 0.016829252243041992 592
1726424319376 -0.010970830917358398 593
1726424319415 -0.018844962120056152 594
1726424319457 0.008525490760803223 595
1726424319503 -0.0008904933929443359 596
1726424319549 -0.032248735427856445 597
1726424319591 -0.00023818016052246094 598
1726424319641 0.027525663375854492 599
1726424319680 -0.004836082458496094 600
1726424319733 0.019847989082336426 601
1726424319775 -0.01736164093017578 602
1726424319824 0.03959691524505615 603
1726424319863 -0.0006003379821777344 604
1726424319908 -0.016825199127197266 605
1726424319947 -0.007863521575927734 606
1726424319985 -0.00524139404296875 607
1726424320024 0.013409972190856934 608
1726424320064 0.011105656623840332 609
1726424320105 0.006211519241333008 610
1726424320153 -0.028578996658325195 611
1726424320203 -0.031356096267700195 612
1726424320249 -0.00400090217590332 613
1726424320295 0.01739954948425293 614
1726424320355 0.014935731887817383 615
1726424320392 -0.028572797775268555 616
1726424320431 0.03481173515319824 617
1726424320468 0.022382497787475586 618
1726424320507 -0.0005178451538085938 619
1726424320546 -0.0072824954986572266 620
1726424320585 0.010346651077270508 621
1726424320624 0.00454401969909668 622
1726424320663 -0.0074231624603271484 623
1726424320703 0.0008466243743896484 624
1726424320742 0.003222227096557617 625
1726424320781 -0.008438944816589355 626
1726424320822 -0.0031461715698242188 627
1726424320870 -0.0010854005813598633 628
1726424320926 -0.014518499374389648 629
1726424320985 0.010070323944091797 630
1726424321036 0.00019872188568115234 631
1726424321094 -0.028494834899902344 632
1726424321153 0.003383040428161621 633
1726424321215 0.029568791389465332 634
1726424321269 0.0035010576248168945 635
1726424321326 -0.006667733192443848 636
1726424321381 -0.003157377243041992 637
1726424321437 0.00011479854583740234 638
1726424321494 -0.011835098266601562 639
1726424321560 0.0071353912353515625 640
1726424321625 -0.04206490516662598 641
1726424321690 0.04366278648376465 642
1726424321748 -0.012507915496826172 643
1726424321813 -0.004782199859619141 644
1726424321881 -0.0053359270095825195 645
1726424321947 -0.005148410797119141 646
1726424322013 -0.0056874752044677734 647
1726424322083 0.010771512985229492 648
1726424322138 -0.0194169282913208 649
1726424322194 0.0333714485168457 650
1726424322239 -0.002968311309814453 651
1726424322286 -0.009302258491516113 652
1726424322333 0.0402146577835083 653
1726424322380 -0.008126974105834961 654
1726424322428 0.0033750534057617188 655
1726424322476 -0.0008051395416259766 656
1726424322524 0.009754538536071777 657
1726424322572 -0.007044196128845215 658
1726424322620 -0.0179288387298584 659
1726424322669 -0.0048372745513916016 660
1726424322717 0.0021175146102905273 661
1726424322765 -0.01024007797241211 662
1726424322815 0.011835932731628418 663
1726424322865 0.011345744132995605 664
1726424322913 0.011506795883178711 665
1726424322963 -0.010938644409179688 666
1726424323028 0.002470254898071289 667
1726424323088 -0.006753444671630859 668
1726424323142 0.017975211143493652 669
1726424323200 -0.016018152236938477 670
1726424323257 0.0035837888717651367 671
1726424323314 -0.009463787078857422 672
1726424323382 0.0017325878143310547 673
1726424323449 0.007413148880004883 674
1726424323516 -0.004216790199279785 675
1726424323572 -0.0061855316162109375 676
1726424323633 0.009361028671264648 677
1726424323691 0.016154885292053223 678
1726424323748 -0.006777167320251465 679
1726424323803 0.008519411087036133 680
1726424323861 -0.012515902519226074 681
1726424323917 0.001801609992980957 682
1726424323973 0.0010068416595458984 683
1726424324018 -0.0037581920623779297 684
1726424324065 -0.018013954162597656 685
1726424324116 -0.0044182538986206055 686
1726424324174 0.020778298377990723 687
1726424324243 -0.033657073974609375 688
1726424324292 0.02556133270263672 689
1726424324340 0.010717630386352539 690
1726424324387 -0.007257580757141113 691
1726424324435 -0.0012472867965698242 692
1726424324483 0.006384611129760742 693
1726424324531 0.0015521049499511719 694
1726424324587 0.0034856796264648438 695
1726424324645 -0.012596845626831055 696
1726424324706 -0.0006763935089111328 697
1726424324793 0.001430511474609375 698
1726424324874 0.013264775276184082 699
1726424324953 -0.001903533935546875 700
1726424325035 0.001851797103881836 701
1726424325119 -0.000611424446105957 702
1726424325183 0.0024803876876831055 703
1726424325240 -0.004184603691101074 704
1726424325300 -0.010904669761657715 705
1726424325360 0.0011930465698242188 706
1726424325419 0.010447144508361816 707
1726424325481 -0.024380803108215332 708
1726424325540 0.017905831336975098 709
1726424325598 0.011576414108276367 710
1726424325654 -0.0029761791229248047 711
1726424325710 0.0015090703964233398 712
1726424325763 0.0005868673324584961 713
1726424325817 -0.003032207489013672 714
1726424325870 0.002482771873474121 715
1726424325921 -0.02283012866973877 716
1726424325973 -0.0012869834899902344 717
1726424326028 -0.006322622299194336 718
1726424326084 0.008150577545166016 719
1726424326138 -0.011643648147583008 720
1726424326189 -0.008841753005981445 721
1726424326235 0.008974432945251465 722
1726424326281 -0.0062760114669799805 723
1726424326325 -0.02176690101623535 724
1726424326369 -0.0025478601455688477 725
1726424326411 0.022174715995788574 726
1726424326453 -0.0030128955841064453 727
1726424326495 0.026367664337158203 728
1726424326537 -0.004350900650024414 729
1726424326579 -0.042092084884643555 730
1726424326621 -0.0024574995040893555 731
1726424326662 -0.00342404842376709 732
1726424326703 0.005631208419799805 733
1726424326744 0.041684508323669434 734
1726424326784 0.017853975296020508 735
1726424326825 0.005597710609436035 736
1726424326865 -0.0038847923278808594 737
1726424326905 -0.01839470863342285 738
1726424326944 -0.017058730125427246 739
1726424326985 0.04409492015838623 740
1726424327024 -0.0012458562850952148 741
1726424327063 -0.006437897682189941 742
1726424327104 0.0004372596740722656 743
1726424327144 0.005166530609130859 744
1726424327185 -0.015764594078063965 745
1726424327225 0.0019165277481079102 746
1726424327264 -0.011275768280029297 747
1726424327304 -0.009675741195678711 748
1726424327346 0.01243281364440918 749
1726424327386 0.0012472867965698242 750
1726424327426 0.009501099586486816 751
1726424327465 0.004087924957275391 752
1726424327504 0.0032526254653930664 753
1726424327545 -0.002207517623901367 754
1726424327585 -0.003311634063720703 755
1726424327624 -0.004893779754638672 756
1726424327664 -0.006453156471252441 757
1726424327705 -0.003962516784667969 758
1726424327744 -0.0156785249710083 759
1726424327784 -0.007974386215209961 760
1726424327824 -0.00827324390411377 761
1726424327864 -0.003310680389404297 762
1726424327905 0.014954805374145508 763
1726424327945 -0.006748557090759277 764
1726424327985 0.007007122039794922 765
1726424328025 0.00292813777923584 766
1726424328066 0.017005443572998047 767
1726424328106 -0.005599260330200195 768
1726424328147 0.012145519256591797 769
1726424328187 0.00020194053649902344 770
1726424328227 -0.001938939094543457 771
1726424328267 -0.006575465202331543 772
1726424328308 0.02305305004119873 773
1726424328348 0.001384139060974121 774
1726424328388 0.0009709596633911133 775
1726424328429 -0.011225223541259766 776
1726424328467 -0.0111466646194458 777
1726424328508 -0.0017114877700805664 778
1726424328549 -0.0011180639266967773 779
1726424328588 -0.004074692726135254 780
1726424328628 0.01656639575958252 781
1726424328668 -0.0018945932388305664 782
1726424328707 -0.009495139122009277 783
1726424328747 0.0034596920013427734 784
1726424328787 0.010228991508483887 785
1726424328827 -0.011870384216308594 786
1726424328866 -0.004590153694152832 787
1726424328909 0.01814413070678711 788
1726424328952 -0.00413203239440918 789
1726424329003 -0.00013637542724609375 790
1726424329046 -0.0002808570861816406 791
1726424329087 -0.0032854080200195312 792
1726424329128 0.004706621170043945 793
1726424329167 0.0014990568161010742 794
1726424329206 -0.005076408386230469 795
1726424329246 0.004656672477722168 796
1726424329285 -0.01627492904663086 797
1726424329324 -0.02970719337463379 798
1726424329364 0.00710451602935791 799
1726424329405 -0.0016446113586425781 800
1726424329444 0.01719534397125244 801
1726424329484 -0.0033899545669555664 802
1726424329524 0.017930150032043457 803
1726424329563 0.0059070587158203125 804
1726424329604 -0.0006804466247558594 805
1726424329645 0.01416325569152832 806
1726424329684 0.0010323524475097656 807
1726424329728 -0.004891633987426758 808
1726424329771 -0.013700008392333984 809
1726424329811 0.00214993953704834 810
1726424329854 0.0023186206817626953 811
1726424329896 -0.0012151002883911133 812
1726424329942 -5.519390106201172e-05 813
1726424329983 -0.016274094581604004 814
1726424330027 0.008936047554016113 815
1726424330084 0.0019284486770629883 816
1726424330140 0.0009902715682983398 817
1726424330193 -0.000400543212890625 818
1726424330239 -0.006592869758605957 819
1726424330283 -0.002206563949584961 820
1726424330324 0.00675201416015625 821
1726424330365 -0.02076399326324463 822
1726424330405 0.004305124282836914 823
1726424330445 -0.0019704103469848633 824
1726424330486 -0.0022788047790527344 825
1726424330526 -0.002716660499572754 826
1726424330565 -0.007100462913513184 827
1726424330606 0.006545066833496094 828
1726424330646 -0.0035387277603149414 829
1726424330685 -0.012056112289428711 830
1726424330726 0.023671269416809082 831
1726424330766 -0.0011425018310546875 832
1726424330806 0.016616225242614746 833
1726424330847 -0.004510402679443359 834
1726424330887 -0.0016140937805175781 835
1726424330928 -0.002530694007873535 836
1726424330968 -0.01329803466796875 837
1726424331008 -0.0055577754974365234 838
1726424331052 -0.0055081844329833984 839
1726424331102 -0.0033004283905029297 840
1726424331143 -0.002402067184448242 841
1726424331184 0.007966995239257812 842
1726424331224 -0.004589200019836426 843
1726424331263 0.0013352632522583008 844
1726424331303 -0.0031375885009765625 845
1726424331343 -0.004450559616088867 846
1726424331383 0.0121992826461792 847
1726424331423 -0.0031276941299438477 848
1726424331462 -0.0038176774978637695 849
1726424331502 -0.0031625032424926758 850
1726424331543 0.006013631820678711 851
1726424331583 -0.0009412765502929688 852
1726424331623 -0.0009970664978027344 853
1726424331664 0.019501924514770508 854
1726424331703 -0.0010755062103271484 855
1726424331743 0.01130819320678711 856
1726424331783 -0.0016524791717529297 857
1726424331824 -0.0018149614334106445 858
1726424331866 -0.0020172595977783203 859
1726424331907 -0.0052492618560791016 860
1726424331946 0.031749606132507324 861
1726424331986 0.0031633377075195312 862
1726424332027 -0.01738274097442627 863
1726424332067 -0.0001785755157470703 864
1726424332107 -0.00018489360809326172 865
1726424332151 0.012768030166625977 866
1726424332190 0.001210927963256836 867
1726424332230 -0.02192974090576172 868
1726424332269 0.0011188983917236328 869
1726424332309 -0.0049811601638793945 870
1726424332349 0.00778651237487793 871
1726424332389 0.01251077651977539 872
1726424332429 -0.003953337669372559 873
1726424332468 -0.010052204132080078 874
1726424332510 -0.0013481378555297852 875
1726424332550 -0.0008279085159301758 876
1726424332590 -0.009324312210083008 877
1726424332631 -0.0013118982315063477 878
1726424332670 0.012273073196411133 879
1726424332710 0.01332235336303711 880
1726424332750 -0.0024220943450927734 881
1726424332790 -0.0012084245681762695 882
1726424332831 -0.0021800994873046875 883
1726424332871 -0.011728286743164062 884
1726424332911 -0.0020818710327148438 885
1726424332952 0.009563803672790527 886
1726424332993 -0.008472084999084473 887
1726424333032 -0.004959702491760254 888
1726424333075 -0.0009186267852783203 889
1726424333119 -0.02115166187286377 890
1726424333162 -0.005286693572998047 891
1726424333217 1.1920928955078125e-07 892
1726424333275 -2.384185791015625e-07 893
1726424333317 0.01827371120452881 894
1726424333357 -0.0026769638061523438 895
1726424333395 -0.0023186206817626953 896
1726424333434 0.0021238327026367188 897
1726424333473 -0.004111766815185547 898
1726424333512 -0.0024498701095581055 899
1726424333550 -0.002965092658996582 900
1726424333589 -0.0040171146392822266 901
1726424333628 0.03580331802368164 902
1726424333667 0.0023183822631835938 903
1726424333706 -0.0066318511962890625 904
1726424333746 -0.0007257461547851562 905
1726424333788 0.017955422401428223 906
1726424333827 0.012285590171813965 907
1726424333867 -0.016521215438842773 908
1726424333907 0.004295825958251953 909
1726424333946 -0.007916688919067383 910
1726424333986 -0.009590983390808105 911
1726424334026 0.0024873018264770508 912
1726424334065 0.007609367370605469 913
1726424334106 0.0035109519958496094 914
1726424334146 -0.005056858062744141 915
1726424334186 0.003737926483154297 916
1726424334226 -0.005870342254638672 917
1726424334266 0.004093289375305176 918
1726424334305 -0.0031194686889648438 919
1726424334346 -0.0008828639984130859 920
1726424334386 -0.0013921260833740234 921
1726424334425 -0.0009641647338867188 922
1726424334465 0.0031065940856933594 923
1726424334505 0.0024347305297851562 924
1726424334545 -0.05170762538909912 925
1726424334585 0.0007932186126708984 926
1726424334626 0.008712053298950195 927
1726424334665 -0.0024269819259643555 928
1726424334706 -0.0029948949813842773 929
1726424334751 0.01124882698059082 930
1726424334798 -0.00948643684387207 931
1726424334844 -0.0030405521392822266 932
1726424334886 -0.00020575523376464844 933
1726424334927 -0.00021398067474365234 934
1726424334970 -0.0002231597900390625 935
1726424335010 -0.00023257732391357422 936
1726424335052 -0.0002428293228149414 937
1726424335093 -0.0002535581588745117 938
1726424335134 -0.0002651214599609375 939
1726424335175 -0.0002772808074951172 940
1726424335215 0.05297422409057617 941
1726424335255 -0.0028760433197021484 942
1726424335296 -0.00367891788482666 943
1726424335336 -0.0020592212677001953 944
1726424335376 -0.0026165246963500977 945
1726424335416 -0.022018909454345703 946
1726424335456 -0.003174304962158203 947
1726424335495 -0.0045166015625 948
1726424335536 -0.004438877105712891 949
1726424335576 -1.1205673217773438e-05 950
1726424335616 -1.1444091796875e-05 951
1726424335661 -1.1920928955078125e-05 952
1726424335713 -1.2159347534179688e-05 953
1726424335768 -1.2636184692382812e-05 954
1726424335822 0.00038743019104003906 955
1726424335871 -2.384185791015625e-06 956
1726424335917 -2.1457672119140625e-06 957
1726424335963 -2.384185791015625e-06 958
1726424336015 -2.384185791015625e-06 959
1726424336070 -2.384185791015625e-06 960
1726424336140 -2.5033950805664062e-06 961
1726424336208 -2.6226043701171875e-06 962
1726424336259 -6.42538070678711e-05 963
1726424336321 -2.6226043701171875e-06 964
1726424336371 -4.291534423828125e-06 965
1726424336419 -4.649162292480469e-06 966
1726424336468 -4.649162292480469e-06 967
1726424336517 -5.0067901611328125e-06 968
1726424336568 -5.0067901611328125e-06 969
1726424336619 -5.0067901611328125e-06 970
1726424336671 -5.245208740234375e-06 971
1726424336721 -5.4836273193359375e-06 972
1726424336771 -5.4836273193359375e-06 973
1726424336820 -5.9604644775390625e-06 974
1726424336872 -5.7220458984375e-06 975
1726424336924 -6.198883056640625e-06 976
1726424336973 -6.318092346191406e-06 977
1726424337021 -6.556510925292969e-06 978
1726424337071 -6.556510925292969e-06 979
1726424337119 -6.794929504394531e-06 980
1726424337169 0.011087894439697266 981
1726424337218 -0.003663301467895508 982
1726424337267 -0.006091594696044922 983
1726424337316 -0.0010074377059936523 984
1726424337367 -5.5670738220214844e-05 985
1726424337416 -5.710124969482422e-05 986
1726424337466 -5.888938903808594e-05 987
1726424337516 -6.091594696044922e-05 988
1726424337566 -6.282329559326172e-05 989
1726424337615 -6.4849853515625e-05 990
1726424337666 -6.687641143798828e-05 991
1726424337715 -6.914138793945312e-05 992
1726424337764 -7.128715515136719e-05 993
1726424337813 -3.3855438232421875e-05 994
1726424337866 -1.4543533325195312e-05 995
1726424337915 -1.4901161193847656e-05 996
1726424337963 -1.5616416931152344e-05 997
1726424338013 -1.5974044799804688e-05 998
1726424338062 -1.621246337890625e-05 999
