1726424293241 1.0340369939804077 0
1726424293311 1.1231167316436768 1
1726424293367 1.2403209209442139 2
1726424293426 1.2186657190322876 3
1726424293500 1.0065999031066895 4
1726424293582 0.8307762145996094 5
1726424293666 0.8874000310897827 6
1726424293748 1.2486478090286255 7
1726424293825 0.967771053314209 8
1726424293908 0.8227276802062988 9
1726424293977 0.8961886167526245 10
1726424294040 1.2816364765167236 11
1726424294099 1.2012232542037964 12
1726424294159 0.6078505516052246 13
1726424294227 0.5239928364753723 14
1726424294288 0.5911531448364258 15
1726424294351 0.5597295761108398 16
1726424294411 0.5544145703315735 17
1726424294477 0.7557977437973022 18
1726424294538 0.701973557472229 19
1726424294601 0.6178749799728394 20
1726424294660 0.7241134643554688 21
1726424294716 0.6629641056060791 22
1726424294770 0.8559783101081848 23
1726424294827 1.056983470916748 24
1726424294879 0.9797543287277222 25
1726424294932 0.778548538684845 26
1726424294986 0.5474687814712524 27
1726424295038 0.5281683206558228 28
1726424295091 0.5910046100616455 29
1726424295140 0.590046226978302 30
1726424295187 0.6894412636756897 31
1726424295233 0.9431444406509399 32
1726424295278 0.5453439354896545 33
1726424295322 0.45814836025238037 34
1726424295365 0.7066462635993958 35
1726424295408 0.6973686218261719 36
1726424295449 0.5825424194335938 37
1726424295492 0.7593334317207336 38
1726424295534 0.49072617292404175 39
1726424295574 0.7272913455963135 40
1726424295616 0.8996421694755554 41
1726424295656 0.5523866415023804 42
1726424295696 0.8991913795471191 43
1726424295738 0.9952492713928223 44
1726424295778 1.065497636795044 45
1726424295818 1.158585548400879 46
1726424295859 1.3278696537017822 47
1726424295901 1.0689878463745117 48
1726424295942 1.4051952362060547 49
1726424295984 1.3107702732086182 50
1726424296026 0.9148597717285156 51
1726424296069 0.6380136013031006 52
1726424296111 1.0833436250686646 53
1726424296152 0.7805626392364502 54
1726424296195 0.7556294798851013 55
1726424296237 0.8121906518936157 56
1726424296277 0.4753856956958771 57
1726424296318 0.8780284523963928 58
1726424296358 0.8753582239151001 59
1726424296398 0.865810751914978 60
1726424296439 0.637950599193573 61
1726424296479 1.0125536918640137 62
1726424296519 1.0381146669387817 63
1726424296561 0.9789236187934875 64
1726424296602 1.0174779891967773 65
1726424296642 1.0480854511260986 66
1726424296683 1.2779858112335205 67
1726424296723 0.7757105827331543 68
1726424296763 0.8967350125312805 69
1726424296803 0.6009026169776917 70
1726424296843 0.44122833013534546 71
1726424296883 0.9668227434158325 72
1726424296923 1.0763652324676514 73
1726424296964 1.2572977542877197 74
1726424297004 1.0710667371749878 75
1726424297044 1.1379244327545166 76
1726424297098 1.093883752822876 77
1726424297162 1.234875202178955 78
1726424297205 1.084571123123169 79
1726424297246 0.9207757115364075 80
1726424297288 0.5965769290924072 81
1726424297329 0.9710139036178589 82
1726424297368 0.7504208087921143 83
1726424297409 1.0639692544937134 84
1726424297449 0.7902610301971436 85
1726424297490 0.8092712759971619 86
1726424297533 1.175330638885498 87
1726424297576 1.110690712928772 88
1726424297616 1.2921123504638672 89
1726424297660 1.0016059875488281 90
1726424297700 0.9936628937721252 91
1726424297743 0.9878369569778442 92
1726424297785 1.1792089939117432 93
1726424297825 1.2116917371749878 94
1726424297868 0.8136887550354004 95
1726424297908 0.9002152681350708 96
1726424297948 1.028350830078125 97
1726424297989 1.0365562438964844 98
1726424298029 0.9953722953796387 99
1726424298069 1.484917163848877 100
1726424298110 1.0055242776870728 101
1726424298150 1.1134672164916992 102
1726424298189 1.078721284866333 103
1726424298231 0.9624595642089844 104
1726424298275 0.7764376997947693 105
1726424298315 0.5837686061859131 106
1726424298356 0.3321887254714966 107
1726424298395 0.6767975091934204 108
1726424298434 0.6140279173851013 109
1726424298475 0.29055216908454895 110
1726424298515 0.5597580671310425 111
1726424298556 0.5958667993545532 112
1726424298596 0.29075273871421814 113
1726424298636 0.6625739336013794 114
1726424298675 0.7227399349212646 115
1726424298716 0.8581573963165283 116
1726424298759 0.8875724673271179 117
1726424298799 0.8762474656105042 118
1726424298850 0.8104616403579712 119
1726424298915 0.7638798952102661 120
1726424298963 0.7993993759155273 121
1726424299008 0.6844052076339722 122
1726424299048 0.8052036166191101 123
1726424299087 0.906374990940094 124
1726424299128 0.792803168296814 125
1726424299168 1.064591646194458 126
1726424299208 0.9376181960105896 127
1726424299249 0.7740347981452942 128
1726424299289 0.8580037355422974 129
1726424299329 0.9062581062316895 130
1726424299370 0.744661271572113 131
1726424299409 0.9257267713546753 132
1726424299448 0.5799339413642883 133
1726424299488 0.6399731636047363 134
1726424299529 1.1602790355682373 135
1726424299571 1.2383488416671753 136
1726424299611 0.9751601815223694 137
1726424299650 0.7765637040138245 138
1726424299689 0.8451246619224548 139
1726424299731 0.7452317476272583 140
1726424299771 1.122578740119934 141
1726424299810 1.144162654876709 142
1726424299850 1.2228853702545166 143
1726424299890 0.9928915500640869 144
1726424299929 1.0816175937652588 145
1726424299969 1.026810884475708 146
1726424300009 1.1695685386657715 147
1726424300049 1.1091763973236084 148
1726424300089 1.0972621440887451 149
1726424300129 1.0797278881072998 150
1726424300168 0.8512494564056396 151
1726424300208 0.8418043851852417 152
1726424300248 0.7521382570266724 153
1726424300287 0.9398655295372009 154
1726424300327 0.8810901641845703 155
1726424300367 0.8164366483688354 156
1726424300406 0.7594702243804932 157
1726424300446 0.9802635908126831 158
1726424300486 0.7202906608581543 159
1726424300526 0.731956958770752 160
1726424300566 0.8981971740722656 161
1726424300606 1.1004252433776855 162
1726424300645 0.9680615663528442 163
1726424300685 0.8076204061508179 164
1726424300725 0.6845099925994873 165
1726424300765 0.9936898350715637 166
1726424300805 0.767634391784668 167
1726424300845 1.1201956272125244 168
1726424300884 1.1360785961151123 169
1726424300924 0.8790369033813477 170
1726424300964 1.099212646484375 171
1726424301004 1.1578062772750854 172
1726424301046 1.2233073711395264 173
1726424301086 1.0229039192199707 174
1726424301126 1.1775221824645996 175
1726424301166 0.9508517980575562 176
1726424301206 0.9437524676322937 177
1726424301246 0.7199101448059082 178
1726424301287 0.4536129832267761 179
1726424301327 0.17826515436172485 180
1726424301366 0.3127734661102295 181
1726424301406 0.7198606729507446 182
1726424301446 0.6805902719497681 183
1726424301486 0.6609196662902832 184
1726424301527 0.9334026575088501 185
1726424301567 1.0720523595809937 186
1726424301606 0.8776347637176514 187
1726424301646 0.6198083162307739 188
1726424301690 0.3756787180900574 189
1726424301732 0.7394270300865173 190
1726424301776 1.0698755979537964 191
1726424301820 1.2976739406585693 192
1726424301861 1.1869385242462158 193
1726424301902 0.8521366119384766 194
1726424301944 1.2279448509216309 195
1726424301993 1.4208686351776123 196
1726424302044 1.0132756233215332 197
1726424302088 1.0779865980148315 198
1726424302130 1.0045710802078247 199
1726424302169 1.184138536453247 200
1726424302210 1.0718291997909546 201
1726424302255 0.7779397368431091 202
1726424302314 0.9510323405265808 203
1726424302370 0.9874827861785889 204
1726424302424 0.87313312292099 205
1726424302486 0.8653973340988159 206
1726424302534 1.0530203580856323 207
1726424302572 0.8498797416687012 208
1726424302617 1.027207374572754 209
1726424302663 1.178723692893982 210
1726424302711 1.2958037853240967 211
1726424302753 1.0533208847045898 212
1726424302797 0.7694141268730164 213
1726424302834 0.4411622881889343 214
1726424302871 0.745010495185852 215
1726424302908 0.9228333234786987 216
1726424302948 0.8032479882240295 217
1726424302988 1.0333590507507324 218
1726424303030 0.2291867434978485 219
1726424303074 0.7197213172912598 220
1726424303120 0.8859738707542419 221
1726424303161 0.8042628169059753 222
1726424303203 0.9439464807510376 223
1726424303248 0.7889283895492554 224
1726424303301 1.1904900074005127 225
1726424303343 0.9331092834472656 226
1726424303388 1.11849045753479 227
1726424303427 0.9981573224067688 228
1726424303468 0.798149824142456 229
1726424303524 0.4337412118911743 230
1726424303575 0.7183643579483032 231
1726424303623 0.8857030868530273 232
1726424303668 1.2063777446746826 233
1726424303712 1.0169123411178589 234
1726424303755 0.9125499725341797 235
1726424303798 1.1161248683929443 236
1726424303840 0.9732652306556702 237
1726424303882 1.0355439186096191 238
1726424303927 0.8266586065292358 239
1726424303974 0.5261305570602417 240
1726424304020 0.8527548909187317 241
1726424304059 0.5206441283226013 242
1726424304099 0.9379029870033264 243
1726424304138 1.0666131973266602 244
1726424304178 0.5972977876663208 245
1726424304215 0.45431891083717346 246
1726424304253 0.6746610999107361 247
1726424304291 1.012113332748413 248
1726424304330 0.8107674717903137 249
1726424304368 1.0520477294921875 250
1726424304405 1.4013572931289673 251
1726424304443 1.247029185295105 252
1726424304481 1.0007859468460083 253
1726424304521 0.8324069976806641 254
1726424304559 0.9263157844543457 255
1726424304598 1.2563703060150146 256
1726424304636 1.225626826286316 257
1726424304675 1.1659026145935059 258
1726424304713 0.7156248092651367 259
1726424304752 0.7381198406219482 260
1726424304791 0.6456302404403687 261
1726424304830 1.022626280784607 262
1726424304868 0.734390139579773 263
1726424304907 1.0028318166732788 264
1726424304947 1.038007378578186 265
1726424304985 1.0766273736953735 266
1726424305024 1.0344429016113281 267
1726424305063 1.1543692350387573 268
1726424305102 1.1168042421340942 269
1726424305141 0.9451469779014587 270
1726424305180 1.1273126602172852 271
1726424305220 0.8835350275039673 272
1726424305260 0.8289819955825806 273
1726424305299 0.8789447546005249 274
1726424305339 0.6688632965087891 275
1726424305378 0.9627678990364075 276
1726424305417 0.7861113548278809 277
1726424305457 0.6507641673088074 278
1726424305498 0.6092860698699951 279
1726424305538 0.6893351674079895 280
1726424305577 0.4507569670677185 281
1726424305617 0.4249867796897888 282
1726424305660 0.24847571551799774 283
1726424305709 0.3274270296096802 284
1726424305752 0.6265777349472046 285
1726424305796 1.1618719100952148 286
1726424305841 1.0289820432662964 287
1726424305887 0.7116627097129822 288
1726424305933 0.600848913192749 289
1726424305981 0.6525622606277466 290
1726424306028 0.5759637355804443 291
1726424306077 0.6007834672927856 292
1726424306124 0.8211027383804321 293
1726424306185 1.2937383651733398 294
1726424306233 0.9721400737762451 295
1726424306283 0.8636522889137268 296
1726424306330 0.9112038016319275 297
1726424306381 0.9750440716743469 298
1726424306432 0.857048511505127 299
1726424306483 0.6948744058609009 300
1726424306536 0.7311763763427734 301
1726424306585 0.5866889953613281 302
1726424306635 0.946745753288269 303
1726424306685 1.3304145336151123 304
1726424306742 1.2332801818847656 305
1726424306792 0.8042950630187988 306
1726424306840 1.1987404823303223 307
1726424306888 0.9513347744941711 308
1726424306937 0.9456722140312195 309
1726424306986 0.7464529275894165 310
1726424307036 0.6572268009185791 311
1726424307084 0.9302772879600525 312
1726424307133 1.0609887838363647 313
1726424307181 0.6592322587966919 314
1726424307230 0.6898783445358276 315
1726424307282 0.9431619048118591 316
1726424307331 0.8780907988548279 317
1726424307378 0.9589179158210754 318
1726424307427 0.921216607093811 319
1726424307476 1.029858112335205 320
1726424307527 0.8767409324645996 321
1726424307576 0.8928927183151245 322
1726424307626 0.8606724739074707 323
1726424307673 0.44671252369880676 324
1726424307725 0.7315988540649414 325
1726424307780 0.5109899640083313 326
1726424307828 0.7224390506744385 327
1726424307875 0.6217890381813049 328
1726424307924 0.8750451803207397 329
1726424307972 1.139087438583374 330
1726424308021 1.2664557695388794 331
1726424308069 1.1672617197036743 332
1726424308118 1.2348713874816895 333
1726424308169 0.7829090356826782 334
1726424308217 0.9804063439369202 335
1726424308264 0.7139924764633179 336
1726424308313 1.1159018278121948 337
1726424308378 1.0446549654006958 338
1726424308437 1.2158608436584473 339
1726424308495 0.9346128702163696 340
1726424308557 1.2296028137207031 341
1726424308624 1.0566449165344238 342
1726424308688 1.3129156827926636 343
1726424308752 1.2673863172531128 344
1726424308814 1.111817717552185 345
1726424308860 0.9751088619232178 346
1726424308918 1.101778268814087 347
1726424308965 1.1045434474945068 348
1726424309012 0.9966442584991455 349
1726424309059 1.2250910997390747 350
1726424309106 0.8430088758468628 351
1726424309156 0.8927921056747437 352
1726424309207 0.9062017798423767 353
1726424309256 0.8354148864746094 354
1726424309307 1.212702989578247 355
1726424309368 1.3844122886657715 356
1726424309417 1.4530625343322754 357
1726424309464 1.4319329261779785 358
1726424309512 1.2128052711486816 359
1726424309561 0.767942488193512 360
1726424309610 0.5345004200935364 361
1726424309657 0.8487544059753418 362
1726424309706 0.8938647508621216 363
1726424309754 1.1156432628631592 364
1726424309803 0.9790793657302856 365
1726424309851 1.1227320432662964 366
1726424309900 1.1796975135803223 367
1726424309949 0.6312597393989563 368
1726424309996 0.7300784587860107 369
1726424310041 1.0638954639434814 370
1726424310085 0.543787956237793 371
1726424310128 0.5350790023803711 372
1726424310171 0.3880111575126648 373
1726424310212 0.5632222890853882 374
1726424310253 0.7272224426269531 375
1726424310295 0.6562587022781372 376
1726424310336 0.8240312337875366 377
1726424310376 0.6661521196365356 378
1726424310417 0.6716130971908569 379
1726424310457 0.4923207759857178 380
1726424310497 0.9408527612686157 381
1726424310539 1.0316603183746338 382
1726424310579 1.1118146181106567 383
1726424310618 1.0936700105667114 384
1726424310658 1.0378704071044922 385
1726424310698 1.3396432399749756 386
1726424310738 1.1668293476104736 387
1726424310778 0.7358851432800293 388
1726424310818 0.821549654006958 389
1726424310858 1.081763505935669 390
1726424310897 1.0162279605865479 391
1726424310938 1.1486858129501343 392
1726424310977 0.8866093754768372 393
1726424311017 0.6737768650054932 394
1726424311059 0.9506256580352783 395
1726424311099 1.037842035293579 396
1726424311139 0.9592048525810242 397
1726424311178 0.8633750677108765 398
1726424311217 1.0059494972229004 399
1726424311256 0.681529700756073 400
1726424311297 0.8234090805053711 401
1726424311337 0.697085976600647 402
1726424311377 0.736519455909729 403
1726424311416 0.5067050457000732 404
1726424311455 0.46561962366104126 405
1726424311495 0.7960710525512695 406
1726424311536 0.7152207493782043 407
1726424311575 0.4565962553024292 408
1726424311615 1.046651840209961 409
1726424311656 1.0820326805114746 410
1726424311695 0.8702381253242493 411
1726424311736 0.9418679475784302 412
1726424311776 1.0814197063446045 413
1726424311817 1.213543176651001 414
1726424311858 1.166074514389038 415
1726424311898 1.1891748905181885 416
1726424311937 1.0405611991882324 417
1726424311977 0.9611415266990662 418
1726424312017 0.9785074591636658 419
1726424312057 0.8154090642929077 420
1726424312099 0.8642300963401794 421
1726424312142 0.9335243105888367 422
1726424312181 0.5895302891731262 423
1726424312221 0.6956652998924255 424
1726424312260 0.9392675161361694 425
1726424312299 0.8037399053573608 426
1726424312339 0.8882207274436951 427
1726424312378 0.8446370363235474 428
1726424312417 1.142033338546753 429
1726424312456 0.8805014491081238 430
1726424312496 0.8803646564483643 431
1726424312535 0.7234556078910828 432
1726424312575 0.9827892780303955 433
1726424312615 0.9654836058616638 434
1726424312654 1.188302993774414 435
1726424312693 1.1252648830413818 436
1726424312734 1.1133737564086914 437
1726424312777 1.070391058921814 438
1726424312818 0.8216469287872314 439
1726424312859 0.7368921041488647 440
1726424312898 0.9432815313339233 441
1726424312939 0.9290262460708618 442
1726424312982 0.9326016306877136 443
1726424313024 0.9152123928070068 444
1726424313081 0.6484598517417908 445
1726424313130 0.8403478860855103 446
1726424313172 0.8518458604812622 447
1726424313210 1.0377473831176758 448
1726424313247 1.074669361114502 449
1726424313290 0.7741774320602417 450
1726424313332 0.8673164248466492 451
1726424313375 1.1259489059448242 452
1726424313429 1.1817471981048584 453
1726424313469 0.597389817237854 454
1726424313525 0.5600048303604126 455
1726424313583 0.8384175896644592 456
1726424313625 0.7287425994873047 457
1726424313667 0.8831945657730103 458
1726424313716 0.7615584135055542 459
1726424313757 0.7837480902671814 460
1726424313805 0.9095886945724487 461
1726424313855 0.9805324077606201 462
1726424313900 1.0867319107055664 463
1726424313941 0.6795240640640259 464
1726424313982 0.8254563808441162 465
1726424314034 1.1080758571624756 466
1726424314091 1.078739881515503 467
1726424314148 0.9340866208076477 468
1726424314189 1.0632522106170654 469
1726424314226 0.9234172105789185 470
1726424314264 0.8665556907653809 471
1726424314306 0.7402792572975159 472
1726424314353 0.5516322255134583 473
1726424314400 1.0190491676330566 474
1726424314442 0.7550863027572632 475
1726424314484 0.8978228569030762 476
1726424314527 0.9817960262298584 477
1726424314572 0.9443073868751526 478
1726424314614 0.9933563470840454 479
1726424314654 1.3329774141311646 480
1726424314694 1.1608636379241943 481
1726424314742 1.1313016414642334 482
1726424314793 0.9294540882110596 483
1726424314838 0.8075712323188782 484
1726424314876 0.6543854475021362 485
1726424314917 0.8313580751419067 486
1726424314968 0.68349689245224 487
1726424315022 0.7577322125434875 488
1726424315061 0.795706033706665 489
1726424315098 0.8733426928520203 490
1726424315136 0.9601216316223145 491
1726424315175 0.8189178705215454 492
1726424315214 0.9165875911712646 493
1726424315252 0.9143023490905762 494
1726424315290 0.8207411766052246 495
1726424315329 1.1384193897247314 496
1726424315367 1.1390659809112549 497
1726424315406 1.054232120513916 498
1726424315444 1.0022714138031006 499
1726424315482 0.9749172925949097 500
1726424315521 0.921100378036499 501
1726424315560 0.8728346824645996 502
1726424315598 0.9492203593254089 503
1726424315637 0.6273148655891418 504
1726424315675 0.7729895114898682 505
1726424315714 0.5795117616653442 506
1726424315752 0.7508629560470581 507
1726424315792 0.37107419967651367 508
1726424315832 0.6472097635269165 509
1726424315871 0.2879070043563843 510
1726424315910 0.37040436267852783 511
1726424315951 0.3849014937877655 512
1726424315989 0.45306411385536194 513
1726424316028 0.6134504079818726 514
1726424316068 1.1443614959716797 515
1726424316107 1.023861050605774 516
1726424316146 1.1525497436523438 517
1726424316185 0.8373762369155884 518
1726424316224 0.6140278577804565 519
1726424316263 0.9690840244293213 520
1726424316303 0.3679914176464081 521
1726424316343 0.5495541095733643 522
1726424316382 0.4743325114250183 523
1726424316421 0.8603101372718811 524
1726424316461 0.7961039543151855 525
1726424316499 1.1786900758743286 526
1726424316546 1.2519614696502686 527
1726424316591 1.047544002532959 528
1726424316630 1.0256915092468262 529
1726424316672 1.2293627262115479 530
1726424316713 0.8343865871429443 531
1726424316756 0.7706189155578613 532
1726424316800 0.853681206703186 533
1726424316844 0.7232781648635864 534
1726424316885 0.3609447181224823 535
1726424316927 0.6247653365135193 536
1726424316966 0.7364399433135986 537
1726424317008 0.8280366063117981 538
1726424317048 0.5290864706039429 539
1726424317091 0.556290328502655 540
1726424317134 0.4904068112373352 541
1726424317186 0.31783485412597656 542
1726424317237 0.20537348091602325 543
1726424317275 0.658889651298523 544
1726424317318 0.5194569826126099 545
1726424317358 0.6011543273925781 546
1726424317403 0.5194836258888245 547
1726424317455 1.079899549484253 548
1726424317519 0.7767698764801025 549
1726424317568 1.0262701511383057 550
1726424317620 1.0787739753723145 551
1726424317663 1.1246838569641113 552
1726424317709 1.2307705879211426 553
1726424317761 1.158910870552063 554
1726424317806 1.24320387840271 555
1726424317852 1.0037827491760254 556
1726424317892 0.7919967174530029 557
1726424317936 0.9860312938690186 558
1726424317975 0.9740928411483765 559
1726424318016 1.0225989818572998 560
1726424318055 0.9253077507019043 561
1726424318094 1.2039580345153809 562
1726424318133 0.48942476511001587 563
1726424318173 0.46994200348854065 564
1726424318211 0.5308160781860352 565
1726424318250 0.8628116846084595 566
1726424318289 0.9040384292602539 567
1726424318329 0.9573165774345398 568
1726424318368 0.9388422966003418 569
1726424318407 0.8668925762176514 570
1726424318446 0.7122527956962585 571
1726424318485 0.7265211343765259 572
1726424318524 1.0188943147659302 573
1726424318564 0.7049759030342102 574
1726424318603 0.881020188331604 575
1726424318642 0.9592916369438171 576
1726424318681 1.370924472808838 577
1726424318720 1.3254679441452026 578
1726424318759 1.1018407344818115 579
1726424318798 0.7987989783287048 580
1726424318838 0.66545569896698 581
1726424318877 0.6322724223136902 582
1726424318917 0.6540725231170654 583
1726424318957 0.9005635380744934 584
1726424318996 0.8681799173355103 585
1726424319035 0.7786152958869934 586
1726424319086 0.773535966873169 587
1726424319144 0.9309387803077698 588
1726424319201 0.9889854192733765 589
1726424319255 0.7082026600837708 590
1726424319297 0.8921604752540588 591
1726424319344 0.954148530960083 592
1726424319384 0.8807864189147949 593
1726424319425 0.6414967179298401 594
1726424319466 0.5692906379699707 595
1726424319513 0.5956803560256958 596
1726424319559 0.18499507009983063 597
1726424319603 0.3959479331970215 598
1726424319649 0.8614306449890137 599
1726424319690 0.9964596033096313 600
1726424319743 1.1575442552566528 601
1726424319784 0.65828537940979 602
1726424319832 1.342687726020813 603
1726424319872 1.2383646965026855 604
1726424319917 0.6658385396003723 605
1726424319955 0.34558969736099243 606
1726424319993 0.5361522436141968 607
1726424320032 0.582278311252594 608
1726424320073 0.7747774124145508 609
1726424320117 1.060625433921814 610
1726424320164 0.7865892648696899 611
1726424320216 0.6370617747306824 612
1726424320260 0.5591145753860474 613
1726424320306 0.6191973090171814 614
1726424320363 0.9250404238700867 615
1726424320400 0.3716086745262146 616
1726424320439 0.8912931084632874 617
1726424320477 1.2381396293640137 618
1726424320516 1.0646684169769287 619
1726424320555 1.0011301040649414 620
1726424320593 1.2182365655899048 621
1726424320632 1.1750608682632446 622
1726424320672 1.39137864112854 623
1726424320712 1.134333610534668 624
1726424320751 1.3573813438415527 625
1726424320790 1.1449365615844727 626
1726424320831 0.9825087785720825 627
1726424320884 0.9800245761871338 628
1726424320937 0.7460843324661255 629
1726424320995 0.7935690879821777 630
1726424321047 0.8360989093780518 631
1726424321108 0.6049923896789551 632
1726424321167 0.3505086302757263 633
1726424321226 0.6847124695777893 634
1726424321281 0.7742045521736145 635
1726424321337 0.8290950059890747 636
1726424321393 0.7722067832946777 637
1726424321450 1.0016380548477173 638
1726424321509 0.8687602281570435 639
1726424321575 0.7085561752319336 640
1726424321641 0.5760836601257324 641
1726424321705 0.947096586227417 642
1726424321761 0.7734479904174805 643
1726424321830 0.902068018913269 644
1726424321896 0.8608165979385376 645
1726424321962 0.7021693587303162 646
1726424322029 0.6655821204185486 647
1726424322094 0.8740851283073425 648
1726424322150 0.6566405892372131 649
1726424322204 0.7356782555580139 650
1726424322249 0.7060033082962036 651
1726424322296 0.8126328587532043 652
1726424322343 1.2555994987487793 653
1726424322391 1.0917859077453613 654
1726424322438 1.198647379875183 655
1726424322486 0.86046302318573 656
1726424322534 1.287933111190796 657
1726424322583 1.059637427330017 658
1726424322630 0.7020726799964905 659
1726424322679 0.9062706232070923 660
1726424322727 1.0423839092254639 661
1726424322776 0.7826330661773682 662
1726424322826 0.8242661356925964 663
1726424322876 1.1727360486984253 664
1726424322924 1.213484287261963 665
1726424322973 0.9204910397529602 666
1726424323044 1.0172202587127686 667
1726424323098 0.954791784286499 668
1726424323154 1.3069919347763062 669
1726424323212 1.048304796218872 670
1726424323268 0.8717797994613647 671
1726424323330 0.5468798279762268 672
1726424323398 0.39629584550857544 673
1726424323464 0.8839045763015747 674
1726424323527 0.29507696628570557 675
1726424323585 0.7531075477600098 676
1726424323645 1.0512068271636963 677
1726424323702 1.2050312757492065 678
1726424323759 0.748712420463562 679
1726424323816 0.5101848840713501 680
1726424323873 0.9443121552467346 681
1726424323929 1.1639070510864258 682
1726424323982 1.1835434436798096 683
1726424324028 1.0053189992904663 684
1726424324075 0.5523009896278381 685
1726424324126 0.32546186447143555 686
1726424324190 0.8416751623153687 687
1726424324256 0.8210035562515259 688
1726424324303 1.0384244918823242 689
1726424324350 1.2174043655395508 690
1726424324397 1.066528558731079 691
1726424324445 1.029900074005127 692
1726424324493 1.2433688640594482 693
1726424324541 1.130419373512268 694
1726424324599 1.0872561931610107 695
1726424324658 0.9279270172119141 696
1726424324725 1.226089358329773 697
1726424324811 0.641564130783081 698
1726424324893 0.9122065305709839 699
1726424324971 1.0179743766784668 700
1726424325055 0.8260653018951416 701
1726424325138 0.927655816078186 702
1726424325196 0.7965960502624512 703
1726424325254 0.8874726295471191 704
1726424325314 0.8887733221054077 705
1726424325373 0.8344200253486633 706
1726424325432 0.9833890199661255 707
1726424325494 0.6446338295936584 708
1726424325553 0.9887914657592773 709
1726424325610 1.1869128942489624 710
1726424325666 1.231325626373291 711
1726424325721 1.209169626235962 712
1726424325774 1.079567313194275 713
1726424325828 1.0073792934417725 714
1726424325881 1.0662859678268433 715
1726424325933 0.8328248858451843 716
1726424325985 0.29686304926872253 717
1726424326040 0.40553662180900574 718
1726424326096 0.5011364221572876 719
1726424326150 0.3815292716026306 720
1726424326199 0.42540401220321655 721
1726424326246 1.0019288063049316 722
1726424326291 0.937298059463501 723
1726424326335 0.7229372262954712 724
1726424326378 0.6905275583267212 725
1726424326420 0.8431897163391113 726
1726424326463 0.8377525806427002 727
1726424326504 1.0548105239868164 728
1726424326545 1.0236694812774658 729
1726424326588 0.4400562047958374 730
1726424326629 0.40476030111312866 731
1726424326670 0.35439521074295044 732
1726424326712 0.5896595120429993 733
1726424326752 1.0320069789886475 734
1726424326792 1.1246087551116943 735
1726424326834 1.4809396266937256 736
1726424326874 1.3186063766479492 737
1726424326913 0.8634077310562134 738
1726424326954 0.5823646187782288 739
1726424326993 1.0909725427627563 740
1726424327033 1.0395044088363647 741
1726424327072 1.115748405456543 742
1726424327114 1.1942672729492188 743
1726424327154 1.133628487586975 744
1726424327194 0.8554339408874512 745
1726424327234 0.6952841877937317 746
1726424327273 0.6597382426261902 747
1726424327314 0.6225602030754089 748
1726424327355 0.7809929847717285 749
1726424327395 0.8168935179710388 750
1726424327435 1.0677082538604736 751
1726424327474 0.9670298099517822 752
1726424327514 1.142244577407837 753
1726424327554 1.1468656063079834 754
1726424327594 0.9199531674385071 755
1726424327633 1.0861437320709229 756
1726424327673 0.9380069971084595 757
1726424327714 0.9471281170845032 758
1726424327753 0.5729985237121582 759
1726424327793 0.5593046545982361 760
1726424327833 0.8483389616012573 761
1726424327874 0.6667693257331848 762
1726424327914 0.29489487409591675 763
1726424327954 0.15075810253620148 764
1726424327994 0.1296960413455963 765
1726424328035 0.4027242958545685 766
1726424328075 0.5300330519676208 767
1726424328115 0.7469659447669983 768
1726424328156 0.7769337892532349 769
1726424328196 0.9827635884284973 770
1726424328236 1.094133973121643 771
1726424328277 1.0093791484832764 772
1726424328317 1.2406139373779297 773
1726424328357 1.2571393251419067 774
1726424328397 0.9465520977973938 775
1726424328437 0.9605738520622253 776
1726424328476 0.9071097373962402 777
1726424328517 0.5774497985839844 778
1726424328557 0.35601598024368286 779
1726424328597 0.31008490920066833 780
1726424328637 0.7411789894104004 781
1726424328677 0.8341897130012512 782
1726424328716 0.8493269085884094 783
1726424328756 0.847404420375824 784
1726424328796 0.992389976978302 785
1726424328836 0.6919609904289246 786
1726424328876 0.8407660722732544 787
1726424328919 0.8128791451454163 788
1726424328961 0.7134192585945129 789
1726424329014 0.7899819612503052 790
1726424329055 0.7761515378952026 791
1726424329097 0.7121263742446899 792
1726424329136 0.8810411691665649 793
1726424329176 1.1576766967773438 794
1726424329215 1.1408374309539795 795
1726424329254 1.0685069561004639 796
1726424329293 0.8710935115814209 797
1726424329333 0.4335731863975525 798
1726424329374 0.32239818572998047 799
1726424329413 0.3177962005138397 800
1726424329452 0.6716985702514648 801
1726424329493 0.6524078845977783 802
1726424329532 0.8410220742225647 803
1726424329572 0.9302635192871094 804
1726424329613 0.9281726479530334 805
1726424329653 0.9562170505523682 806
1726424329694 0.8580321073532104 807
1726424329738 0.45130211114883423 808
1726424329779 0.34102028608322144 809
1726424329819 0.6641131639480591 810
1726424329863 0.868571400642395 811
1726424329906 0.6662343740463257 812
1726424329952 0.8007397055625916 813
1726424329993 0.7112923264503479 814
1726424330039 0.5565130710601807 815
1726424330096 0.6649922728538513 816
1726424330152 0.5669998526573181 817
1726424330204 0.6682612299919128 818
1726424330249 0.6716351509094238 819
1726424330292 0.6350071430206299 820
1726424330333 0.7424887418746948 821
1726424330374 0.6918621063232422 822
1726424330414 0.7750214338302612 823
1726424330454 0.7694314122200012 824
1726424330495 0.76063072681427 825
1726424330535 0.7483696341514587 826
1726424330574 0.7182849645614624 827
1726424330615 0.6268351078033447 828
1726424330655 0.6009443998336792 829
1726424330694 0.4581737816333771 830
1726424330735 0.6859041452407837 831
1726424330775 0.6796121001243591 832
1726424330815 0.9356849193572998 833
1726424330856 1.0749568939208984 834
1726424330896 0.9616292715072632 835
1726424330937 0.9427068829536438 836
1726424330977 1.014546513557434 837
1726424331017 0.9083796739578247 838
1726424331061 0.8665627837181091 839
1726424331113 0.8362762928009033 840
1726424331153 0.8090214729309082 841
1726424331193 0.784572184085846 842
1726424331232 0.7254809141159058 843
1726424331272 0.3244231045246124 844
1726424331312 0.28849753737449646 845
1726424331352 0.40997427701950073 846
1726424331392 0.6326932311058044 847
1726424331432 0.6015720963478088 848
1726424331471 0.5640764236450195 849
1726424331511 0.4330923557281494 850
1726424331552 0.42981135845184326 851
1726424331592 0.41061097383499146 852
1726424331632 0.3878105878829956 853
1726424331672 0.5084505081176758 854
1726424331712 0.4939754009246826 855
1726424331752 0.5687907934188843 856
1726424331792 0.5313593149185181 857
1726424331833 0.48804548382759094 858
1726424331876 0.4360816180706024 859
1726424331916 0.3584336042404175 860
1726424331955 1.0749406814575195 861
1726424331995 1.148916482925415 862
1726424332036 0.6613785624504089 863
1726424332075 0.6708527207374573 864
1726424332116 0.6790562868118286 865
1726424332159 0.8756517767906189 866
1726424332199 0.8652077913284302 867
1726424332238 0.6800984144210815 868
1726424332278 0.6113418340682983 869
1726424332318 0.5847549438476562 870
1726424332358 0.6474440693855286 871
1726424332398 1.2888997793197632 872
1726424332437 0.8464773893356323 873
1726424332477 0.9192466735839844 874
1726424332519 0.8995292782783508 875
1726424332558 0.847632884979248 876
1726424332599 0.7057801485061646 877
1726424332639 0.7015281915664673 878
1726424332679 0.7598430514335632 879
1726424332719 1.079917311668396 880
1726424332759 1.2819404602050781 881
1726424332799 1.2724136114120483 882
1726424332840 1.0172464847564697 883
1726424332880 0.7621731758117676 884
1726424332920 0.7337459921836853 885
1726424332962 1.0658715963363647 886
1726424333002 1.0281896591186523 887
1726424333042 1.0293645858764648 888
1726424333085 1.0217506885528564 889
1726424333128 0.6278895735740662 890
1726424333174 0.6059369444847107 891
1726424333226 0.6059403419494629 892
1726424333284 0.6059437990188599 893
1726424333327 0.5830511450767517 894
1726424333366 0.558508574962616 895
1726424333404 0.5355179309844971 896
1726424333443 0.4658943712711334 897
1726424333481 0.4181446135044098 898
1726424333520 0.3944702744483948 899
1726424333558 0.37025174498558044 900
1726424333598 0.34169942140579224 901
1726424333637 0.8717163801193237 902
1726424333676 0.3567967712879181 903
1726424333715 0.3903173804283142 904
1726424333756 0.39486992359161377 905
1726424333796 1.0585418939590454 906
1726424333836 1.1800715923309326 907
1726424333876 0.9734864234924316 908
1726424333916 0.7871253490447998 909
1726424333955 0.6117900013923645 910
1726424333995 0.5756158828735352 911
1726424334035 0.5196160674095154 912
1726424334074 0.6597797870635986 913
1726424334115 0.6459892392158508 914
1726424334154 0.6032419204711914 915
1726424334195 0.7025257349014282 916
1726424334235 0.4541010856628418 917
1726424334274 0.6245530843734741 918
1726424334314 0.5821846127510071 919
1726424334355 0.5554763078689575 920
1726424334395 0.666271448135376 921
1726424334434 0.6507086753845215 922
1726424334474 0.7085151672363281 923
1726424334514 1.0001647472381592 924
1726424334554 0.36012306809425354 925
1726424334594 0.43462955951690674 926
1726424334634 0.3058894872665405 927
1726424334674 0.29202359914779663 928
1726424334715 0.2751954197883606 929
1726424334762 0.4915536642074585 930
1726424334809 0.3883779048919678 931
1726424334854 0.339130163192749 932
1726424334895 0.3369559049606323 933
1726424334937 0.33466577529907227 934
1726424334978 0.33225348591804504 935
1726424335019 0.3297121822834015 936
1726424335061 0.32703453302383423 937
1726424335102 0.3242124915122986 938
1726424335143 0.32123735547065735 939
1726424335184 0.3180996775627136 940
1726424335224 0.9751021862030029 941
1726424335264 0.9669722318649292 942
1726424335305 0.9487883448600769 943
1726424335345 1.0274336338043213 944
1726424335385 1.0041325092315674 945
1726424335425 0.7071975469589233 946
1726424335465 0.6786274909973145 947
1726424335504 0.6357733011245728 948
1726424335545 0.5919597148895264 949
1726424335585 0.5915677547454834 950
1726424335625 0.5911657810211182 951
1726424335672 0.5907534956932068 952
1726424335725 0.5903307199478149 953
1726424335778 0.5898969769477844 954
1726424335835 0.5473343133926392 955
1726424335881 0.5473335385322571 956
1726424335927 0.547331690788269 957
1726424335975 0.5473288297653198 958
1726424336026 0.5473247766494751 959
1726424336086 0.5473196506500244 960
1726424336156 0.5473132729530334 961
1726424336219 0.5473055839538574 962
1726424336274 0.4305751621723175 963
1726424336332 0.5990090370178223 964
1726424336381 0.5988412499427795 965
1726424336429 0.598669171333313 966
1726424336478 0.5984926819801331 967
1726424336528 0.5983117818832397 968
1726424336579 0.598126232624054 969
1726424336630 0.5979360342025757 970
1726424336682 0.597740888595581 971
1726424336731 0.5975407361984253 972
1726424336782 0.5973354578018188 973
1726424336831 0.5971249341964722 974
1726424336884 0.5969089865684509 975
1726424336935 0.5966874361038208 976
1726424336983 0.5964601635932922 977
1726424337031 0.5962270498275757 978
1726424337081 0.5959879159927368 979
1726424337130 0.5957425236701965 980
1726424337180 0.7493559122085571 981
1726424337228 0.7195442914962769 982
1726424337278 0.6661298274993896 983
1726424337327 0.6534541845321655 984
1726424337377 0.6494988203048706 985
1726424337427 0.6453084945678711 986
1726424337477 0.6408519744873047 987
1726424337527 0.6360881328582764 988
1726424337577 0.6309616565704346 989
1726424337626 0.6253923177719116 990
1726424337676 0.6192521452903748 991
1726424337726 0.6123000383377075 992
1726424337775 0.6038500666618347 993
1726424337825 0.599699079990387 994
1726424337877 0.5992412567138672 995
1726424337926 0.5987712144851685 996
1726424337974 0.5982885360717773 997
1726424338024 0.5977929830551147 998
1726424338072 0.597284197807312 999
