1726422808801 0.07942056655883789 0
1726422808851 0.061948180198669434 1
1726422808899 0.06770384311676025 2
1726422808948 0.08014917373657227 3
1726422808995 0.07837390899658203 4
1726422809043 0.08071911334991455 5
1726422809095 0.07759177684783936 6
1726422809145 0.07406651973724365 7
1726422809194 0.07114124298095703 8
1726422809244 0.058934926986694336 9
1726422809292 0.06890678405761719 10
1726422809342 0.07126438617706299 11
1726422809392 0.06879019737243652 12
1726422809440 0.06569194793701172 13
1726422809486 0.06177926063537598 14
1726422809531 0.07112514972686768 15
1726422809575 0.0677405595779419 16
1726422809618 0.05802202224731445 17
1726422809661 0.05359220504760742 18
1726422809703 0.0557553768157959 19
1726422809744 0.05202043056488037 20
1726422809785 0.04589438438415527 21
1726422809826 0.0359952449798584 22
1726422809867 0.0567317008972168 23
1726422809907 0.0589902400970459 24
1726422809948 0.07802176475524902 25
1726422809988 0.06756651401519775 26
1726422810027 0.0774846076965332 27
1726422810066 0.060616254806518555 28
1726422810107 0.060632944107055664 29
1726422810146 0.057257652282714844 30
1726422810185 0.07222557067871094 31
1726422810225 0.05380845069885254 32
1726422810264 0.02875232696533203 33
1726422810303 0.0253603458404541 34
1726422810344 0.03672623634338379 35
1726422810383 0.03521430492401123 36
1726422810423 0.04057884216308594 37
1726422810466 0.05247914791107178 38
1726422810505 0.06243479251861572 39
1726422810545 0.059203147888183594 40
1726422810585 0.05951333045959473 41
1726422810625 0.04158210754394531 42
1726422810664 0.04703640937805176 43
1726422810704 0.049871087074279785 44
1726422810743 0.05878639221191406 45
1726422810782 0.07336664199829102 46
1726422810822 0.06535601615905762 47
1726422810862 0.061248183250427246 48
1726422810903 0.07813560962677002 49
1726422810942 0.07395768165588379 50
1726422810982 0.07023882865905762 51
1726422811038 0.06651949882507324 52
1726422811089 0.04812002182006836 53
1726422811131 0.05178189277648926 54
1726422811173 0.05985879898071289 55
1726422811213 0.0764162540435791 56
1726422811253 0.053613901138305664 57
1726422811293 0.050554752349853516 58
1726422811334 0.03837597370147705 59
1726422811373 0.050356149673461914 60
1726422811413 0.06194329261779785 61
1726422811452 0.03574538230895996 62
1726422811492 0.0373842716217041 63
1726422811532 0.04783368110656738 64
1726422811571 0.03963303565979004 65
1726422811612 0.04907214641571045 66
1726422811652 0.06602048873901367 67
1726422811691 0.05674004554748535 68
1726422811730 0.07344937324523926 69
1726422811772 0.07429778575897217 70
1726422811811 0.05577898025512695 71
1726422811851 0.07183551788330078 72
1726422811892 0.06084418296813965 73
1726422811930 0.05468881130218506 74
1726422811970 0.04976820945739746 75
1726422812014 0.03987884521484375 76
1726422812054 0.05446314811706543 77
1726422812094 0.04471635818481445 78
1726422812133 0.058499813079833984 79
1726422812172 0.055806636810302734 80
1726422812212 0.046437621116638184 81
1726422812251 0.03517007827758789 82
1726422812290 0.045766592025756836 83
1726422812329 0.03496837615966797 84
1726422812370 0.06573295593261719 85
1726422812411 0.05141758918762207 86
1726422812453 0.03742635250091553 87
1726422812499 0.012018918991088867 88
1726422812540 0.04948544502258301 89
1726422812580 0.02655935287475586 90
1726422812619 0.04735851287841797 91
1726422812659 0.07232701778411865 92
1726422812699 0.06211745738983154 93
1726422812740 0.05613827705383301 94
1726422812781 0.05628669261932373 95
1726422812823 0.048046112060546875 96
1726422812870 0.07437741756439209 97
1726422812913 0.06204700469970703 98
1726422812953 0.064353346824646 99
1726422812992 0.06437981128692627 100
1726422813032 0.05835294723510742 101
1726422813070 0.07658267021179199 102
1726422813110 0.07190251350402832 103
1726422813149 0.0817418098449707 104
1726422813188 0.06361103057861328 105
1726422813227 0.06112194061279297 106
1726422813267 0.06727290153503418 107
1726422813306 0.06603431701660156 108
1726422813346 0.06967639923095703 109
1726422813385 0.05143284797668457 110
1726422813425 0.05607783794403076 111
1726422813465 0.056958913803100586 112
1726422813504 0.04967999458312988 113
1726422813546 0.06138300895690918 114
1726422813585 0.07590925693511963 115
1726422813625 0.07501840591430664 116
1726422813665 0.06693756580352783 117
1726422813705 0.07767140865325928 118
1726422813745 0.07433009147644043 119
1726422813784 0.06668949127197266 120
1726422813823 0.04608154296875 121
1726422813863 0.04968142509460449 122
1726422813904 0.05450701713562012 123
1726422813943 0.07074093818664551 124
1726422813982 0.06788063049316406 125
1726422814022 0.06008291244506836 126
1726422814062 0.056845903396606445 127
1726422814102 0.06264197826385498 128
1726422814141 0.05118060111999512 129
1726422814182 0.05912649631500244 130
1726422814223 0.06271493434906006 131
1726422814263 0.05390810966491699 132
1726422814304 0.0649573802947998 133
1726422814350 0.05345511436462402 134
1726422814398 0.0571674108505249 135
1726422814452 0.0597844123840332 136
1726422814496 0.04977595806121826 137
1726422814536 0.02495396137237549 138
1726422814586 0.03439640998840332 139
1726422814631 0.0381779670715332 140
1726422814671 0.047524213790893555 141
1726422814719 0.030474305152893066 142
1726422814764 0.05733203887939453 143
1726422814805 0.05729556083679199 144
1726422814849 0.04600489139556885 145
1726422814888 0.029756546020507812 146
1726422814927 0.036034345626831055 147
1726422814976 0.05197632312774658 148
1726422815020 0.06024980545043945 149
1726422815059 0.06791245937347412 150
1726422815101 0.07526838779449463 151
1726422815145 0.06862092018127441 152
1726422815185 0.0751798152923584 153
1726422815230 0.07749795913696289 154
1726422815271 0.07880735397338867 155
1726422815317 0.07617855072021484 156
1726422815357 0.07084023952484131 157
1726422815400 0.05349576473236084 158
1726422815441 0.07418525218963623 159
1726422815481 0.047202229499816895 160
1726422815529 0.07649683952331543 161
1726422815578 0.0688246488571167 162
1726422815630 0.06831717491149902 163
1726422815688 0.05324363708496094 164
1726422815753 0.06927978992462158 165
1726422815804 0.07743322849273682 166
1726422815860 0.0679636001586914 167
1726422815901 0.06700444221496582 168
1726422815940 0.06547009944915771 169
1726422815979 0.0724477767944336 170
1726422816018 0.07317256927490234 171
1726422816056 0.06193280220031738 172
1726422816095 0.068442702293396 173
1726422816134 0.059322357177734375 174
1726422816172 0.06542706489562988 175
1726422816210 0.06412363052368164 176
1726422816248 0.06942605972290039 177
1726422816287 0.08178603649139404 178
1726422816325 0.07413756847381592 179
1726422816363 0.04445028305053711 180
1726422816402 0.06101703643798828 181
1726422816440 0.06416881084442139 182
1726422816479 0.051946043968200684 183
1726422816517 0.05998802185058594 184
1726422816557 0.06829261779785156 185
1726422816596 0.06419384479522705 186
1726422816634 0.0529932975769043 187
1726422816672 0.05872941017150879 188
1726422816711 0.059603214263916016 189
1726422816749 0.07306075096130371 190
1726422816788 0.0714792013168335 191
1726422816826 0.07467019557952881 192
1726422816866 0.07062196731567383 193
1726422816905 0.08009600639343262 194
1726422816944 0.07497596740722656 195
1726422816988 0.08085918426513672 196
1726422817030 0.07783353328704834 197
1726422817068 0.06325006484985352 198
1726422817107 0.06782066822052002 199
1726422817147 0.06654024124145508 200
1726422817186 0.072121262550354 201
1726422817225 0.05316472053527832 202
1726422817264 0.046602487564086914 203
1726422817302 0.04371035099029541 204
1726422817340 0.06048715114593506 205
1726422817379 0.06198906898498535 206
1726422817418 0.05481135845184326 207
1726422817457 0.06497550010681152 208
1726422817495 0.05206298828125 209
1726422817534 0.04807913303375244 210
1726422817573 0.06386125087738037 211
1726422817612 0.05254828929901123 212
1726422817651 0.07343816757202148 213
1726422817690 0.08204030990600586 214
1726422817728 0.07152986526489258 215
1726422817767 0.05333888530731201 216
1726422817806 0.07433223724365234 217
1726422817845 0.0745234489440918 218
1726422817884 0.08234810829162598 219
1726422817923 0.07716202735900879 220
1726422817962 0.07417058944702148 221
1726422818001 0.0827169418334961 222
1726422818040 0.07513713836669922 223
1726422818078 0.0720604658126831 224
1726422818117 0.06479477882385254 225
1726422818156 0.06721663475036621 226
1726422818195 0.06526589393615723 227
1726422818233 0.06239664554595947 228
1726422818272 0.06781196594238281 229
1726422818311 0.054186344146728516 230
1726422818350 0.052439332008361816 231
1726422818390 0.07602906227111816 232
1726422818428 0.07273352146148682 233
1726422818467 0.06776094436645508 234
1726422818506 0.0516970157623291 235
1726422818545 0.023908376693725586 236
1726422818583 0.026206374168395996 237
1726422818623 0.06766164302825928 238
1726422818662 0.07282114028930664 239
1726422818700 0.05511283874511719 240
1726422818739 0.05808663368225098 241
1726422818778 0.039835214614868164 242
1726422818817 0.023757457733154297 243
1726422818856 0.06516027450561523 244
1726422818895 0.06220591068267822 245
1726422818938 0.058081865310668945 246
1726422818976 0.06463229656219482 247
1726422819015 0.0579371452331543 248
1726422819054 0.0665290355682373 249
1726422819093 0.07259559631347656 250
1726422819132 0.06124591827392578 251
1726422819171 0.048242926597595215 252
1726422819209 0.041803956031799316 253
1726422819248 0.042395830154418945 254
1726422819287 0.05441641807556152 255
1726422819329 0.07869839668273926 256
1726422819375 0.07879185676574707 257
1726422819418 0.06859254837036133 258
1726422819460 0.07119894027709961 259
1726422819502 0.07004165649414062 260
1726422819549 0.062465548515319824 261
1726422819589 0.056398868560791016 262
1726422819629 0.06734108924865723 263
1726422819669 0.07824790477752686 264
1726422819708 0.04580891132354736 265
1726422819747 0.054828763008117676 266
1726422819786 0.05650746822357178 267
1726422819826 0.05954241752624512 268
1726422819866 0.05700087547302246 269
1726422819906 0.02580094337463379 270
1726422819945 0.04842829704284668 271
1726422819985 0.016167402267456055 272
1726422820024 0.03172791004180908 273
1726422820064 0.07348215579986572 274
1726422820103 0.06222963333129883 275
1726422820143 0.06409168243408203 276
1726422820183 0.03908872604370117 277
1726422820222 0.03773307800292969 278
1726422820261 0.05043816566467285 279
1726422820301 0.055799245834350586 280
1726422820341 0.05922067165374756 281
1726422820380 0.07252776622772217 282
1726422820420 0.06480801105499268 283
1726422820462 0.06548261642456055 284
1726422820505 0.04542553424835205 285
1726422820553 0.06069636344909668 286
1726422820597 0.07966327667236328 287
1726422820639 0.05285942554473877 288
1726422820693 0.06961548328399658 289
1726422820735 0.07357656955718994 290
1726422820776 0.0643308162689209 291
1726422820831 0.07001721858978271 292
1726422820895 0.06910097599029541 293
1726422820960 0.07567989826202393 294
1726422821024 0.07358050346374512 295
1726422821088 0.05701136589050293 296
1726422821150 0.0635838508605957 297
1726422821206 0.057440996170043945 298
1726422821261 0.06240987777709961 299
1726422821321 0.07185506820678711 300
1726422821377 0.07955694198608398 301
1726422821433 0.07215476036071777 302
1726422821489 0.07802140712738037 303
1726422821544 0.07864272594451904 304
1726422821600 0.07760322093963623 305
1726422821655 0.06354641914367676 306
1726422821706 0.06237900257110596 307
1726422821753 0.03415071964263916 308
1726422821799 0.03280436992645264 309
1726422821848 0.06094014644622803 310
1726422821897 0.02535843849182129 311
1726422821945 0.02451956272125244 312
1726422821994 0.042750000953674316 313
1726422822043 0.03690481185913086 314
1726422822092 0.06749534606933594 315
1726422822148 0.0803452730178833 316
1726422822218 0.06431722640991211 317
1726422822285 0.06283867359161377 318
1726422822352 0.048207640647888184 319
1726422822422 0.037497878074645996 320
1726422822479 0.057721853256225586 321
1726422822527 0.06879830360412598 322
1726422822576 0.06062018871307373 323
1726422822625 0.05936622619628906 324
1726422822672 0.03708624839782715 325
1726422822720 0.04279375076293945 326
1726422822767 0.013372182846069336 327
1726422822816 0.029510498046875 328
1726422822865 0.04553842544555664 329
1726422822928 0.05255329608917236 330
1726422822977 0.043996453285217285 331
1726422823024 0.04749405384063721 332
1726422823072 0.058670639991760254 333
1726422823119 0.07212519645690918 334
1726422823167 0.04887259006500244 335
1726422823215 0.06983470916748047 336
1726422823262 0.07060515880584717 337
1726422823310 0.07673048973083496 338
1726422823357 0.0509105920791626 339
1726422823409 0.05866575241088867 340
1726422823457 0.06533944606781006 341
1726422823504 0.0781935453414917 342
1726422823553 0.07312822341918945 343
1726422823600 0.07633519172668457 344
1726422823648 0.07246255874633789 345
1726422823696 0.05916404724121094 346
1726422823744 0.054433226585388184 347
1726422823792 0.02877795696258545 348
1726422823841 0.027605175971984863 349
1726422823889 0.04528176784515381 350
1726422823938 0.06038069725036621 351
1726422823985 0.05594742298126221 352
1726422824033 0.053484201431274414 353
1726422824081 0.06293678283691406 354
1726422824129 0.06476080417633057 355
1726422824177 0.04284214973449707 356
1726422824226 0.055796146392822266 357
1726422824274 0.03860616683959961 358
1726422824322 0.03981626033782959 359
1726422824370 0.01307368278503418 360
1726422824421 0.0484236478805542 361
1726422824473 0.06219804286956787 362
1726422824523 0.060491085052490234 363
1726422824571 0.07325005531311035 364
1726422824621 0.07006955146789551 365
1726422824667 0.048403024673461914 366
1726422824712 0.044634222984313965 367
1726422824755 0.0511469841003418 368
1726422824799 0.07180345058441162 369
1726422824841 0.07518362998962402 370
1726422824883 0.07907605171203613 371
1726422824924 0.06868767738342285 372
1726422824966 0.03257322311401367 373
1726422825007 0.059929847717285156 374
1726422825047 0.051871299743652344 375
1726422825087 0.06351268291473389 376
1726422825128 0.05840611457824707 377
1726422825169 0.05953013896942139 378
1726422825208 0.06730031967163086 379
1726422825248 0.0651172399520874 380
1726422825287 0.0700979232788086 381
1726422825326 0.0691673755645752 382
1726422825366 0.06654775142669678 383
1726422825405 0.06557083129882812 384
1726422825444 0.06499934196472168 385
1726422825484 0.07378649711608887 386
1726422825523 0.06675207614898682 387
1726422825563 0.07515013217926025 388
1726422825603 0.06634044647216797 389
1726422825642 0.07533848285675049 390
1726422825682 0.05970430374145508 391
1726422825721 0.06825745105743408 392
1726422825761 0.07235848903656006 393
1726422825800 0.07599174976348877 394
1726422825839 0.06384050846099854 395
1726422825878 0.045803070068359375 396
1726422825918 0.050817131996154785 397
1726422825956 0.06678390502929688 398
1726422825996 0.07101106643676758 399
1726422826035 0.07506072521209717 400
1726422826074 0.0705726146697998 401
1726422826115 0.0655355453491211 402
1726422826155 0.06916463375091553 403
1726422826194 0.06468653678894043 404
1726422826233 0.04287540912628174 405
1726422826272 0.04934966564178467 406
1726422826312 0.05537843704223633 407
1726422826351 0.0597529411315918 408
1726422826390 0.07602214813232422 409
1726422826429 0.07428538799285889 410
1726422826469 0.061107754707336426 411
1726422826508 0.04513382911682129 412
1726422826547 0.05086779594421387 413
1726422826586 0.07191526889801025 414
1726422826626 0.07420921325683594 415
1726422826665 0.07995080947875977 416
1726422826704 0.07200706005096436 417
1726422826745 0.06719136238098145 418
1726422826784 0.06772327423095703 419
1726422826823 0.08001518249511719 420
1726422826863 0.06821191310882568 421
1726422826903 0.05254566669464111 422
1726422826941 0.04446876049041748 423
1726422826981 0.06116437911987305 424
1726422827020 0.06938815116882324 425
1726422827059 0.06084644794464111 426
1726422827099 0.0711967945098877 427
1726422827138 0.06492304801940918 428
1726422827177 0.05918622016906738 429
1726422827217 0.06303489208221436 430
1726422827256 0.07109105587005615 431
1726422827295 0.050832509994506836 432
1726422827334 0.0748143196105957 433
1726422827374 0.05887484550476074 434
1726422827415 0.053426146507263184 435
1726422827454 0.07910418510437012 436
1726422827494 0.07750451564788818 437
1726422827535 0.06962311267852783 438
1726422827574 0.05718588829040527 439
1726422827614 0.04452812671661377 440
1726422827653 0.05086398124694824 441
1726422827693 0.040395498275756836 442
1726422827733 0.032861948013305664 443
1726422827772 0.05302464962005615 444
1726422827811 0.030194759368896484 445
1726422827850 0.04199719429016113 446
1726422827890 0.044770121574401855 447
1726422827929 0.0726158618927002 448
1726422827970 0.05884718894958496 449
1726422828009 0.08127665519714355 450
1726422828049 0.06704163551330566 451
1726422828090 0.07058215141296387 452
1726422828130 0.05221414566040039 453
1726422828173 0.06654977798461914 454
1726422828221 0.07187747955322266 455
1726422828261 0.0510859489440918 456
1726422828299 0.07901716232299805 457
1726422828338 0.07504844665527344 458
1726422828376 0.046321868896484375 459
1726422828415 0.05898487567901611 460
1726422828453 0.0692603588104248 461
1726422828492 0.07169973850250244 462
1726422828531 0.06424403190612793 463
1726422828571 0.0775766372680664 464
1726422828610 0.07112836837768555 465
1726422828649 0.0750119686126709 466
1726422828688 0.06542158126831055 467
1726422828727 0.05754256248474121 468
1726422828766 0.07943511009216309 469
1726422828805 0.08047878742218018 470
1726422828844 0.08122897148132324 471
1726422828883 0.07436800003051758 472
1726422828923 0.07634615898132324 473
1726422828961 0.05952346324920654 474
1726422829001 0.07680678367614746 475
1726422829040 0.07077348232269287 476
1726422829079 0.07644391059875488 477
1726422829118 0.07289910316467285 478
1726422829158 0.06258654594421387 479
1726422829197 0.0616757869720459 480
1726422829236 0.0678938627243042 481
1726422829276 0.06601762771606445 482
1726422829314 0.06957089900970459 483
1726422829353 0.06241810321807861 484
1726422829393 0.06866395473480225 485
1726422829432 0.03891646862030029 486
1726422829471 0.051085472106933594 487
1726422829509 0.05858731269836426 488
1726422829551 0.06089329719543457 489
1726422829592 0.06003284454345703 490
1726422829631 0.07473886013031006 491
1726422829672 0.06743645668029785 492
1726422829712 0.06955611705780029 493
1726422829751 0.05734145641326904 494
1726422829790 0.06271529197692871 495
1726422829829 0.0749126672744751 496
1726422829869 0.0795750617980957 497
1726422829908 0.07308852672576904 498
1726422829947 0.06863391399383545 499
1726422829986 0.05673062801361084 500
1726422830025 0.06839513778686523 501
1726422830064 0.05685710906982422 502
1726422830103 0.07247841358184814 503
1726422830142 0.06844723224639893 504
1726422830181 0.05697000026702881 505
1726422830220 0.05767059326171875 506
1726422830259 0.04236626625061035 507
1726422830298 0.033804893493652344 508
1726422830338 0.06781244277954102 509
1726422830377 0.07385039329528809 510
1726422830416 0.07877159118652344 511
1726422830457 0.041588544845581055 512
1726422830497 0.031177163124084473 513
1726422830536 0.04401969909667969 514
1726422830576 0.0570375919342041 515
1726422830615 0.042119383811950684 516
1726422830654 0.06835126876831055 517
1726422830694 0.06894385814666748 518
1726422830733 0.0621640682220459 519
1726422830772 0.06962740421295166 520
1726422830811 0.08030343055725098 521
1726422830850 0.07553613185882568 522
1726422830891 0.08015286922454834 523
1726422830931 0.05835592746734619 524
1726422830971 0.058335304260253906 525
1726422831010 0.07605612277984619 526
1726422831049 0.08044576644897461 527
1726422831089 0.056540727615356445 528
1726422831128 0.05324709415435791 529
1726422831167 0.056145429611206055 530
1726422831206 0.07282423973083496 531
1726422831246 0.0788261890411377 532
1726422831285 0.05984807014465332 533
1726422831324 0.06183469295501709 534
1726422831363 0.059011101722717285 535
1726422831403 0.0663597583770752 536
1726422831442 0.06886005401611328 537
1726422831480 0.05833601951599121 538
1726422831520 0.04817330837249756 539
1726422831559 0.05054748058319092 540
1726422831599 0.05865335464477539 541
1726422831638 0.05945563316345215 542
1726422831678 0.05797231197357178 543
1726422831718 0.0546422004699707 544
1726422831757 0.050698041915893555 545
1726422831796 0.05368971824645996 546
1726422831835 0.03480029106140137 547
1726422831874 0.03451704978942871 548
1726422831914 0.021455049514770508 549
1726422831954 0.031336307525634766 550
1726422831993 0.024319052696228027 551
1726422832033 0.044824957847595215 552
1726422832071 0.05502033233642578 553
1726422832111 0.04156231880187988 554
1726422832151 0.05999422073364258 555
1726422832191 0.07219719886779785 556
1726422832230 0.08080399036407471 557
1726422832270 0.07837808132171631 558
1726422832309 0.08218574523925781 559
1726422832348 0.07329189777374268 560
1726422832389 0.0776832103729248 561
1726422832429 0.07495927810668945 562
1726422832471 0.07158088684082031 563
1726422832512 0.07045698165893555 564
1726422832551 0.05389201641082764 565
1726422832590 0.07661783695220947 566
1726422832630 0.07013106346130371 567
1726422832671 0.07077336311340332 568
1726422832710 0.0708305835723877 569
1726422832750 0.06667637825012207 570
1726422832790 0.0421910285949707 571
1726422832829 0.042053818702697754 572
1726422832869 0.053591132164001465 573
1726422832908 0.07502913475036621 574
1726422832948 0.08030068874359131 575
1726422832988 0.07095003128051758 576
1726422833027 0.06374049186706543 577
1726422833067 0.06902420520782471 578
1726422833106 0.08133363723754883 579
1726422833145 0.05096733570098877 580
1726422833185 0.06588971614837646 581
1726422833224 0.07110416889190674 582
1726422833263 0.06908965110778809 583
1726422833302 0.06870138645172119 584
1726422833342 0.06742286682128906 585
1726422833382 0.0746762752532959 586
1726422833422 0.07231879234313965 587
1726422833461 0.06538331508636475 588
1726422833500 0.07627987861633301 589
1726422833540 0.08122944831848145 590
1726422833579 0.06384420394897461 591
1726422833619 0.07577502727508545 592
1726422833658 0.055451154708862305 593
1726422833698 0.05193150043487549 594
1726422833737 0.06336498260498047 595
1726422833777 0.06387472152709961 596
1726422833816 0.07055413722991943 597
1726422833855 0.05292332172393799 598
1726422833895 0.05071687698364258 599
1726422833934 0.06020188331604004 600
1726422833974 0.06319308280944824 601
1726422834013 0.07016801834106445 602
1726422834054 0.077797532081604 603
1726422834097 0.0693122148513794 604
1726422834136 0.06984472274780273 605
1726422834177 0.08019566535949707 606
1726422834217 0.07597541809082031 607
1726422834256 0.06111788749694824 608
1726422834296 0.019086360931396484 609
1726422834335 0.01012277603149414 610
1726422834375 0.059970736503601074 611
1726422834415 0.07917237281799316 612
1726422834454 0.06555986404418945 613
1726422834493 0.06765186786651611 614
1726422834532 0.06923079490661621 615
1726422834572 0.08093619346618652 616
1726422834611 0.07355189323425293 617
1726422834652 0.07079863548278809 618
1726422834694 0.06094479560852051 619
1726422834734 0.05129289627075195 620
1726422834775 0.0324559211730957 621
1726422834815 0.06267499923706055 622
1726422834855 0.04980802536010742 623
1726422834895 0.044440507888793945 624
1726422834935 0.04675865173339844 625
1726422834975 0.05693316459655762 626
1726422835015 0.05625951290130615 627
1726422835055 0.052603840827941895 628
1726422835095 0.044988155364990234 629
1726422835134 0.0707252025604248 630
1726422835174 0.06961417198181152 631
1726422835213 0.07745146751403809 632
1726422835252 0.07035422325134277 633
1726422835292 0.043688058853149414 634
1726422835331 0.04578089714050293 635
1726422835370 0.04201221466064453 636
1726422835410 0.04237723350524902 637
1726422835449 0.04412674903869629 638
1726422835488 0.05928683280944824 639
1726422835528 0.03864431381225586 640
1726422835567 0.05887007713317871 641
1726422835605 0.05955767631530762 642
1726422835646 0.0551447868347168 643
1726422835698 0.03898024559020996 644
1726422835753 0.026949763298034668 645
1726422835807 0.037053704261779785 646
1726422835860 0.02395343780517578 647
1726422835916 0.025817394256591797 648
1726422835978 0.05171942710876465 649
1726422836033 0.03720998764038086 650
1726422836108 0.0620349645614624 651
1726422836183 0.04137861728668213 652
1726422836261 0.044823646545410156 653
1726422836338 0.05272483825683594 654
1726422836405 0.023727893829345703 655
1726422836466 0.04421722888946533 656
1726422836523 0.056273460388183594 657
1726422836580 0.053963661193847656 658
1726422836637 0.05286729335784912 659
1726422836695 0.05962860584259033 660
1726422836765 0.057816505432128906 661
1726422836850 0.04309248924255371 662
1726422836931 0.05321919918060303 663
1726422836990 0.05269956588745117 664
1726422837048 0.06354200839996338 665
1726422837106 0.06179535388946533 666
1726422837171 0.06033790111541748 667
1726422837234 0.056058526039123535 668
1726422837293 0.07126295566558838 669
1726422837353 0.07246160507202148 670
1726422837424 0.0648810863494873 671
1726422837495 0.04761958122253418 672
1726422837552 0.05419588088989258 673
1726422837604 0.041074514389038086 674
1726422837655 0.02546215057373047 675
1726422837706 0.029006004333496094 676
1726422837755 0.029649972915649414 677
1726422837809 0.035920143127441406 678
1726422837874 0.023703932762145996 679
1726422837922 0.022202253341674805 680
1726422837970 0.0204775333404541 681
1726422838025 0.05466341972351074 682
1726422838074 0.024595260620117188 683
1726422838122 0.02527451515197754 684
1726422838172 0.022201061248779297 685
1726422838222 0.023938775062561035 686
1726422838272 0.06864392757415771 687
1726422838320 0.04224133491516113 688
1726422838370 0.0483241081237793 689
1726422838419 0.07323789596557617 690
1726422838470 0.06788015365600586 691
1726422838519 0.06669843196868896 692
1726422838592 0.07853436470031738 693
1726422838647 0.06554436683654785 694
1726422838695 0.05381202697753906 695
1726422838745 0.05262792110443115 696
1726422838812 0.050496459007263184 697
1726422838879 0.06236100196838379 698
1726422838942 0.04022097587585449 699
1726422838989 0.03899669647216797 700
1726422839036 0.04196333885192871 701
1726422839083 0.04928290843963623 702
1726422839130 0.039806246757507324 703
1726422839178 0.06973505020141602 704
1726422839225 0.07083463668823242 705
1726422839273 0.07186555862426758 706
1726422839320 0.06979823112487793 707
1726422839369 0.06529402732849121 708
1726422839417 0.07077693939208984 709
1726422839467 0.07896053791046143 710
1726422839515 0.07970643043518066 711
1726422839564 0.06977152824401855 712
1726422839612 0.04498457908630371 713
1726422839660 0.06283140182495117 714
1726422839712 0.06112492084503174 715
1726422839761 0.05041182041168213 716
1726422839812 0.05987954139709473 717
1726422839870 0.05764496326446533 718
1726422839919 0.06751322746276855 719
1726422839967 0.07799434661865234 720
1726422840020 0.07726550102233887 721
1726422840064 0.04622983932495117 722
1726422840112 0.0377122163772583 723
1726422840157 0.031722307205200195 724
1726422840201 0.042961716651916504 725
1726422840247 0.04039812088012695 726
1726422840294 0.039798736572265625 727
1726422840336 0.03443491458892822 728
1726422840379 0.038628339767456055 729
1726422840424 0.05623221397399902 730
1726422840468 0.07429838180541992 731
1726422840517 0.07765889167785645 732
1726422840565 0.060372114181518555 733
1726422840623 0.0357966423034668 734
1726422840667 0.014218807220458984 735
1726422840712 0.014209508895874023 736
1726422840757 0.062488555908203125 737
1726422840801 0.0615236759185791 738
1726422840845 0.05854082107543945 739
1726422840889 0.0705186128616333 740
1726422840933 0.07916140556335449 741
1726422840976 0.061244964599609375 742
1726422841025 0.04888033866882324 743
1726422841072 0.06900370121002197 744
1726422841123 0.07760930061340332 745
1726422841174 0.06723356246948242 746
1726422841229 0.03878450393676758 747
1726422841270 0.06829142570495605 748
1726422841316 0.0650014877319336 749
1726422841359 0.054656982421875 750
1726422841404 0.06209075450897217 751
1726422841455 0.07568609714508057 752
1726422841500 0.07438397407531738 753
1726422841541 0.0744706392288208 754
1726422841579 0.07567465305328369 755
1726422841619 0.07213854789733887 756
1726422841665 0.07256758213043213 757
1726422841712 0.07280051708221436 758
1726422841753 0.06427395343780518 759
1726422841796 0.05511283874511719 760
1726422841836 0.04826235771179199 761
1726422841884 0.04507565498352051 762
1726422841934 0.05641651153564453 763
1726422841978 0.06349444389343262 764
1726422842023 0.0671088695526123 765
1726422842067 0.05357062816619873 766
1726422842109 0.06792616844177246 767
1726422842148 0.05953645706176758 768
1726422842187 0.06369912624359131 769
1726422842234 0.07045924663543701 770
1726422842279 0.07548081874847412 771
1726422842320 0.06754982471466064 772
1726422842375 0.06703805923461914 773
1726422842417 0.0734870433807373 774
1726422842467 0.08271265029907227 775
1726422842516 0.08186626434326172 776
1726422842568 0.06655478477478027 777
1726422842613 0.060379743576049805 778
1726422842650 0.05884969234466553 779
1726422842689 0.06337273120880127 780
1726422842728 0.053797125816345215 781
1726422842767 0.06263351440429688 782
1726422842804 0.06556320190429688 783
1726422842844 0.05244243144989014 784
1726422842882 0.05176889896392822 785
1726422842920 0.05089998245239258 786
1726422842960 0.06405043601989746 787
1726422842999 0.06769216060638428 788
1726422843037 0.06047821044921875 789
1726422843076 0.05579090118408203 790
1726422843114 0.06506633758544922 791
1726422843152 0.06874263286590576 792
1726422843191 0.059546709060668945 793
1726422843230 0.053214311599731445 794
1726422843268 0.06567585468292236 795
1726422843306 0.07990658283233643 796
1726422843344 0.07806801795959473 797
1726422843382 0.06978213787078857 798
1726422843420 0.0445559024810791 799
1726422843458 0.02928793430328369 800
1726422843497 0.05793464183807373 801
1726422843535 0.05884552001953125 802
1726422843574 0.06381595134735107 803
1726422843612 0.07371294498443604 804
1726422843650 0.07469737529754639 805
1726422843689 0.07115089893341064 806
1726422843729 0.06344521045684814 807
1726422843768 0.053150057792663574 808
1726422843806 0.07691848278045654 809
1726422843852 0.06247818470001221 810
1726422843902 0.06541967391967773 811
1726422843940 0.06499505043029785 812
1726422843978 0.055521249771118164 813
1726422844017 0.05581808090209961 814
1726422844055 0.04546308517456055 815
1726422844094 0.03652298450469971 816
1726422844133 0.030260920524597168 817
1726422844172 0.05249476432800293 818
1726422844211 0.06410872936248779 819
1726422844250 0.0745309591293335 820
1726422844289 0.06588172912597656 821
1726422844328 0.06786012649536133 822
1726422844366 0.061110615730285645 823
1726422844405 0.06815505027770996 824
1726422844444 0.06497311592102051 825
1726422844483 0.046705007553100586 826
1726422844521 0.06964969635009766 827
1726422844560 0.0719681978225708 828
1726422844598 0.0710524320602417 829
1726422844636 0.07330381870269775 830
1726422844675 0.07359278202056885 831
1726422844714 0.06739795207977295 832
1726422844753 0.06384634971618652 833
1726422844791 0.060741543769836426 834
1726422844830 0.04816436767578125 835
1726422844868 0.055907368659973145 836
1726422844909 0.06198549270629883 837
1726422844952 0.058078646659851074 838
1726422844999 0.06975257396697998 839
1726422845040 0.0737534761428833 840
1726422845088 0.07031512260437012 841
1726422845129 0.05954408645629883 842
1726422845167 0.07142269611358643 843
1726422845205 0.06260168552398682 844
1726422845244 0.0692676305770874 845
1726422845283 0.05703270435333252 846
1726422845322 0.06583678722381592 847
1726422845362 0.07478797435760498 848
1726422845400 0.06695866584777832 849
1726422845439 0.0768890380859375 850
1726422845478 0.06641924381256104 851
1726422845517 0.06838226318359375 852
1726422845556 0.06961393356323242 853
1726422845594 0.07786154747009277 854
1726422845633 0.07640385627746582 855
1726422845672 0.07009315490722656 856
1726422845711 0.06820964813232422 857
1726422845749 0.05438637733459473 858
1726422845788 0.0719062089920044 859
1726422845827 0.06188857555389404 860
1726422845865 0.0701589584350586 861
1726422845904 0.06661248207092285 862
1726422845943 0.06480026245117188 863
1726422845983 0.06427812576293945 864
1726422846021 0.07095348834991455 865
1726422846060 0.07522916793823242 866
1726422846099 0.07496333122253418 867
1726422846138 0.07458198070526123 868
1726422846177 0.0644536018371582 869
1726422846216 0.0653756856918335 870
1726422846255 0.07465827465057373 871
1726422846293 0.071419358253479 872
1726422846332 0.06914424896240234 873
1726422846371 0.06673455238342285 874
1726422846409 0.06903815269470215 875
1726422846449 0.06801283359527588 876
1726422846488 0.05871438980102539 877
1726422846527 0.07146561145782471 878
1726422846567 0.07953023910522461 879
1726422846606 0.06316840648651123 880
1726422846645 0.06272435188293457 881
1726422846684 0.06227147579193115 882
1726422846724 0.05918002128601074 883
1726422846763 0.06240701675415039 884
1726422846802 0.07168912887573242 885
1726422846841 0.07534527778625488 886
1726422846881 0.07606101036071777 887
1726422846920 0.06999325752258301 888
1726422846959 0.0734938383102417 889
1726422846999 0.06755590438842773 890
1726422847038 0.05308544635772705 891
1726422847077 0.05577671527862549 892
1726422847116 0.05576515197753906 893
1726422847157 0.058792829513549805 894
1726422847196 0.058259010314941406 895
1726422847236 0.053650498390197754 896
1726422847276 0.057672739028930664 897
1726422847316 0.053545236587524414 898
1726422847354 0.05392575263977051 899
1726422847394 0.05908513069152832 900
1726422847433 0.059586524963378906 901
1726422847473 0.05723381042480469 902
1726422847513 0.054000258445739746 903
1726422847551 0.03900909423828125 904
1726422847590 0.05062603950500488 905
1726422847630 0.04828596115112305 906
1726422847669 0.04574894905090332 907
1726422847708 0.05382680892944336 908
1726422847748 0.05397748947143555 909
1726422847787 0.05457746982574463 910
1726422847827 0.054033517837524414 911
1726422847866 0.05346798896789551 912
1726422847906 0.05231118202209473 913
1726422847945 0.04554414749145508 914
1726422847985 0.030876636505126953 915
1726422848024 0.030367374420166016 916
1726422848064 0.029829978942871094 917
1726422848104 0.029261350631713867 918
1726422848143 0.028658151626586914 919
1726422848182 0.0280153751373291 920
1726422848222 0.027328014373779297 921
1726422848261 0.02722489833831787 922
1726422848301 0.01918470859527588 923
1726422848341 0.009243011474609375 924
1726422848381 0.008084535598754883 925
1726422848420 0.007985115051269531 926
1726422848459 0.007905960083007812 927
1726422848499 0.0171051025390625 928
1726422848539 0.010308623313903809 929
1726422848578 0.010217428207397461 930
1726422848617 0.010529756546020508 931
1726422848657 0.010494589805603027 932
1726422848696 0.010458588600158691 933
1726422848736 0.0104217529296875 934
1726422848776 0.010384082794189453 935
1726422848815 0.01034557819366455 936
1726422848855 0.010306119918823242 937
1726422848894 0.010265827178955078 938
1726422848934 0.010224580764770508 939
1726422848984 0.01018226146697998 940
1726422849042 0.021779894828796387 941
1726422849085 0.018248796463012695 942
1726422849125 0.013369560241699219 943
1726422849163 0.007905960083007812 944
1726422849204 0.007905960083007812 945
