1726437166325 2e-05 0
1726437166354 0.07651513814926147 1
1726437166379 -0.15516628324985504 2
1726437166404 0.08682417869567871 3
1726437166429 0.2773989289999008 4
1726437166455 -0.14712399244308472 5
1726437166481 -0.1828998476266861 6
1726437166507 0.33966846764087677 7
1726437166534 -0.21105346083641052 8
1726437166564 0.07624849677085876 9
1726437166590 -0.1660597026348114 10
1726437166615 0.003116518259048462 11
1726437166645 0.05551996827125549 12
1726437166674 0.09417092800140381 13
1726437166703 -0.09723630547523499 14
1726437166731 -0.11814060807228088 15
1726437166757 0.002893194556236267 16
1726437166785 0.2888632267713547 17
1726437166816 0.18649893999099731 18
1726437166843 -0.16627776622772217 19
1726437166873 -0.20755507051944733 20
1726437166900 -0.06135523319244385 21
1726437166927 0.05920535326004028 22
1726437166956 -0.07504396140575409 23
1726437166987 -0.013740986585617065 24
1726437167015 0.04977129399776459 25
1726437167042 -0.05951686203479767 26
1726437167070 0.017780333757400513 27
1726437167098 0.3899606168270111 28
1726437167128 -0.10259836912155151 29
1726437167156 -0.07404768466949463 30
1726437167183 0.2880827784538269 31
1726437167211 0.01611405611038208 32
1726437167239 -0.05768841505050659 33
1726437167264 -0.36580798029899597 34
1726437167291 0.11562967300415039 35
1726437167322 -0.004923135042190552 36
1726437167351 0.09391525387763977 37
1726437167379 0.08306929469108582 38
1726437167405 0.8035939931869507 39
1726437167434 -0.7787485718727112 40
1726437167463 -0.3071921765804291 41
1726437167489 0.004581451416015625 42
1726437167515 -0.11863884329795837 43
1726437167541 0.06279529631137848 44
1726437167569 0.10930122435092926 45
1726437167596 -0.014088660478591919 46
1726437167624 0.010805904865264893 47
1726437167653 -0.10701420903205872 48
1726437167679 -0.022790059447288513 49
1726437167706 0.023729026317596436 50
1726437167735 -0.030959412455558777 51
1726437167762 0.005830198526382446 52
1726437167788 -0.006056055426597595 53
1726437167815 -0.0012248307466506958 54
1726437167842 0.1401977837085724 55
1726437167869 -0.16385450959205627 56
1726437167901 0.15088248252868652 57
1726437167929 -0.11601823568344116 58
1726437167955 -0.01680859923362732 59
1726437167981 0.0016960352659225464 60
1726437168006 -0.023491159081459045 61
1726437168036 0.04828926920890808 62
1726437168070 0.09961891174316406 63
1726437168104 -0.17264693975448608 64
1726437168140 0.019089996814727783 65
1726437168173 0.32631880044937134 66
1726437168200 0.018410593271255493 67
1726437168232 -0.2194969356060028 68
1726437168261 -0.08050791919231415 69
1726437168289 0.11812649667263031 70
1726437168319 -0.14537739753723145 71
1726437168348 0.043649375438690186 72
1726437168377 -0.03194880485534668 73
1726437168405 0.1869800090789795 74
1726437168432 -0.19797782599925995 75
1726437168458 0.02360643446445465 76
1726437168485 0.13554978370666504 77
1726437168511 -0.0704197883605957 78
1726437168537 -0.10350213944911957 79
1726437168566 0.19555498659610748 80
1726437168595 -0.08764989674091339 81
1726437168634 0.13912464678287506 82
1726437168668 0.08389094471931458 83
1726437168704 -0.3643278032541275 84
1726437168739 0.06261453032493591 85
1726437168770 0.25914399325847626 86
1726437168802 0.07893899083137512 87
1726437168835 -0.06300723552703857 88
1726437168870 -0.020132720470428467 89
1726437168907 -0.3128112852573395 90
1726437168940 0.20924320816993713 91
1726437168974 -0.056878894567489624 92
1726437169008 -0.11670519411563873 93
1726437169042 -0.029493190348148346 94
1726437169074 0.0720553919672966 95
1726437169107 0.015782535076141357 96
1726437169138 0.005308598279953003 97
1726437169168 -0.05885019898414612 98
1726437169200 -0.04854689538478851 99
1726437169228 0.18856419622898102 100
1726437169260 0.6451623439788818 101
1726437169289 -0.5912519097328186 102
1726437169317 0.0655108094215393 103
1726437169347 -0.18475517630577087 104
1726437169377 -0.06333616375923157 105
1726437169408 -0.019952476024627686 106
1726437169436 -0.006563290953636169 107
1726437169470 0.036808937788009644 108
1726437169501 0.1829153448343277 109
1726437169530 -0.18880420923233032 110
1726437169559 -0.02372787892818451 111
1726437169588 -0.005117878317832947 112
1726437169618 0.05672377347946167 113
1726437169649 -0.04025515913963318 114
1726437169676 0.34967654943466187 115
1726437169707 -0.20860260725021362 116
1726437169734 0.07379758358001709 117
1726437169770 -0.20049208402633667 118
1726437169804 0.04317659139633179 119
1726437169840 -0.032923564314842224 120
1726437169881 0.021043434739112854 121
1726437169926 -0.016408726572990417 122
1726437169960 0.06584592163562775 123
1726437169999 -0.005324244499206543 124
1726437170038 -0.005306154489517212 125
1726437170074 0.11405158042907715 126
1726437170114 -0.08369991183280945 127
1726437170164 -0.10956241190433502 128
1726437170202 0.09371952712535858 129
1726437170238 0.11358460783958435 130
1726437170278 0.0715247392654419 131
1726437170322 -0.2674899250268936 132
1726437170364 0.030159860849380493 133
1726437170404 0.0723935216665268 134
1726437170440 0.24977117776870728 135
1726437170483 0.18683212995529175 136
1726437170523 0.8337306976318359 137
1726437170559 -1.4002882242202759 138
1726437170599 0.01677095890045166 139
1726437170640 -0.07587391883134842 140
1726437170676 0.07376379519701004 141
1726437170717 0.03607657551765442 142
1726437170758 0.002227306365966797 143
1726437170793 0.15604344010353088 144
1726437170833 -0.024067461490631104 145
1726437170881 0.09063997864723206 146
1726437170928 -0.2126820683479309 147
1726437170964 0.04810240864753723 148
1726437170997 -0.09480439126491547 149
1726437171047 0.03929126262664795 150
1726437171095 0.06456468999385834 151
1726437171143 0.12340384721755981 152
1726437171190 -0.16298601031303406 153
1726437171235 -0.021693304181098938 154
1726437171281 -0.0397973507642746 155
1726437171319 -0.00622972846031189 156
1726437171357 -0.014166608452796936 157
1726437171390 0.16617055237293243 158
1726437171424 0.03206560015678406 159
1726437171467 -0.18111908435821533 160
1726437171507 -0.022700265049934387 161
1726437171548 0.11954696476459503 162
1726437171580 0.04427504539489746 163
1726437171613 -0.046341508626937866 164
1726437171643 -0.011110186576843262 165
1726437171675 -0.024931669235229492 166
1726437171705 -0.05758287012577057 167
1726437171732 0.12369780242443085 168
1726437171771 0.3045428693294525 169
1726437171803 -0.23336336016654968 170
1726437171832 0.2182333767414093 171
1726437171865 -0.31229591369628906 172
1726437171896 0.1484813094139099 173
1726437171924 -0.02827751636505127 174
1726437171951 0.19043725728988647 175
1726437171978 -0.00033283233642578125 176
1726437172008 -0.020996689796447754 177
1726437172037 0.01994502544403076 178
1726437172067 -0.26562660932540894 179
1726437172096 -0.13506077229976654 180
1726437172125 -0.010418206453323364 181
1726437172153 0.01275414228439331 182
1726437172185 -0.0006122589111328125 183
1726437172213 0.017510011792182922 184
1726437172241 -0.008825138211250305 185
1726437172268 -0.02144111692905426 186
1726437172296 0.035510897636413574 187
1726437172326 6.711483001708984e-05 188
1726437172353 0.3079947531223297 189
1726437172380 -0.07471790909767151 190
1726437172407 -0.036886781454086304 191
1726437172439 -0.20340454578399658 192
1726437172469 -0.041411593556404114 193
1726437172497 0.00981321930885315 194
1726437172525 0.004737481474876404 195
1726437172557 0.09731084108352661 196
1726437172586 -0.07554236054420471 197
1726437172613 0.08710673451423645 198
1726437172641 0.23030006885528564 199
1726437172669 -0.2203776240348816 200
1726437172700 -0.16656969487667084 201
1726437172737 0.04141966998577118 202
1726437172765 0.09562581777572632 203
1726437172796 -0.15666736662387848 204
1726437172826 0.05849546194076538 205
1726437172861 -0.03662902116775513 206
1726437172895 0.12339873611927032 207
1726437172929 0.03953030705451965 208
1726437172968 -0.0027996599674224854 209
1726437173007 -0.19386186450719833 210
1726437173046 0.07754529267549515 211
1726437173080 0.10274632275104523 212
1726437173111 0.07184332609176636 213
1726437173142 0.0018907785415649414 214
1726437173172 -0.08957836031913757 215
1726437173204 -0.046695515513420105 216
1726437173235 0.1872679740190506 217
1726437173262 0.005805492401123047 218
1726437173292 -0.13036170601844788 219
1726437173320 -0.11945556104183197 220
1726437173355 -0.03720960021018982 221
1726437173385 0.07535530626773834 222
1726437173419 -0.04079347848892212 223
1726437173448 -0.005104660987854004 224
1726437173476 0.09824502468109131 225
1726437173506 0.17917406558990479 226
1726437173537 0.03962692618370056 227
1726437173573 -0.19353896379470825 228
1726437173605 0.16190177202224731 229
1726437173636 -0.007027029991149902 230
1726437173674 0.02021464705467224 231
1726437173708 -0.10375067591667175 232
1726437173741 -0.023433327674865723 233
1726437173776 0.1045268177986145 234
1726437173808 0.03423929214477539 235
1726437173842 0.13321250677108765 236
1726437173877 -0.25374001264572144 237
1726437173914 -0.013119220733642578 238
1726437173952 0.052032262086868286 239
1726437173985 0.2159750759601593 240
1726437174021 -0.4229774922132492 241
1726437174059 0.03210581839084625 242
1726437174096 0.1834501326084137 243
1726437174135 -0.05470842123031616 244
1726437174177 0.041844069957733154 245
1726437174218 -0.16157829761505127 246
1726437174254 -0.031868502497673035 247
1726437174290 0.01594732701778412 248
1726437174325 -0.050550833344459534 249
1726437174361 -0.02738337218761444 250
1726437174399 -0.020823143422603607 251
1726437174434 0.07012077420949936 252
1726437174469 -0.06694339215755463 253
1726437174502 0.03977899253368378 254
1726437174532 0.05109125375747681 255
1726437174562 -0.012481540441513062 256
1726437174597 0.014945566654205322 257
1726437174632 0.026728853583335876 258
1726437174668 -0.03506253659725189 259
1726437174705 0.09784555435180664 260
1726437174740 -0.020850807428359985 261
1726437174774 0.09916728734970093 262
1726437174808 -0.037366777658462524 263
1726437174842 -0.16637037694454193 264
1726437174876 -0.0030619651079177856 265
1726437174910 0.03796455264091492 266
1726437174945 -0.005899697542190552 267
1726437174981 -0.07275741547346115 268
1726437175017 0.053660474717617035 269
1726437175052 0.04706168174743652 270
1726437175087 0.04172714054584503 271
1726437175122 0.0267859548330307 272
1726437175156 -0.1456764042377472 273
1726437175192 0.3161029517650604 274
1726437175225 -0.24052171409130096 275
1726437175259 0.18602977693080902 276
1726437175299 0.03857600688934326 277
1726437175339 -0.11915957927703857 278
1726437175376 -0.0764356255531311 279
1726437175416 -0.0875689685344696 280
1726437175453 -0.04659847170114517 281
1726437175488 0.09135829657316208 282
1726437175525 0.20081909000873566 283
1726437175561 -0.17805370688438416 284
1726437175599 0.12404480576515198 285
1726437175640 -0.09225571155548096 286
1726437175677 0.04044237732887268 287
1726437175714 -0.06875669956207275 288
1726437175746 -0.020971059799194336 289
1726437175782 0.12073397636413574 290
1726437175818 -0.043279796838760376 291
1726437175852 0.15619322657585144 292
1726437175888 -0.0596049427986145 293
1726437175923 -0.06313234567642212 294
1726437175954 -0.09042873978614807 295
1726437175987 0.030793458223342896 296
1726437176021 -0.05331526696681976 297
1726437176050 0.082090362906456 298
1726437176079 0.09710627794265747 299
1726437176107 -0.07685527205467224 300
1726437176135 -0.1446458101272583 301
1726437176166 0.06164166331291199 302
1726437176195 -0.02289547026157379 303
1726437176227 -0.02884376049041748 304
1726437176262 0.06521175801753998 305
1726437176295 0.038855940103530884 306
1726437176329 -0.06722480058670044 307
1726437176362 0.027834013104438782 308
1726437176398 0.11288155615329742 309
1726437176431 -0.17351333796977997 310
1726437176464 -0.01896403729915619 311
1726437176496 -0.016298525035381317 312
1726437176537 -0.014440588653087616 313
1726437176573 0.10130731761455536 314
1726437176605 0.1304464340209961 315
1726437176634 -0.20885726809501648 316
1726437176662 0.0031498372554779053 317
1726437176691 0.20030704140663147 318
1726437176725 0.060546934604644775 319
1726437176759 -0.1381271779537201 320
1726437176787 -0.12070386111736298 321
1726437176814 0.017867937684059143 322
1726437176841 0.08403581380844116 323
1726437176869 -0.034561529755592346 324
1726437176895 0.1727861911058426 325
1726437176923 0.1899815797805786 326
1726437176952 -0.3510501980781555 327
1726437176980 -0.07293422520160675 328
1726437177008 0.07654076814651489 329
1726437177036 0.06330607831478119 330
1726437177062 -0.06599737703800201 331
1726437177088 0.10469762980937958 332
1726437177116 0.05984210968017578 333
1726437177144 -0.016504764556884766 334
1726437177172 -0.09139546751976013 335
1726437177199 -0.17610004544258118 336
1726437177224 -0.010136552155017853 337
1726437177250 0.05476775020360947 338
1726437177275 0.02043958008289337 339
1726437177301 -0.060877181589603424 340
1726437177326 0.13096679002046585 341
1726437177351 -0.034918904304504395 342
1726437177376 0.0894080400466919 343
1726437177402 -0.11484941840171814 344
1726437177428 -0.025306448340415955 345
1726437177457 -0.003546983003616333 346
1726437177488 0.01869310438632965 347
1726437177516 -0.0016275644302368164 348
1726437177544 0.06375852227210999 349
1726437177569 -0.08982576429843903 350
1726437177595 -0.028034359216690063 351
1726437177622 0.04332442581653595 352
1726437177648 -0.029926925897598267 353
1726437177675 0.0863383412361145 354
1726437177702 0.0009589046239852905 355
1726437177728 -0.023850783705711365 356
1726437177755 -0.0011345893144607544 357
1726437177782 0.030989572405815125 358
1726437177810 -0.07115764915943146 359
1726437177841 0.034164294600486755 360
1726437177868 -0.027012452483177185 361
1726437177894 0.15612207353115082 362
1726437177927 0.05334293842315674 363
1726437177959 -0.23851750791072845 364
1726437177990 0.05182579159736633 365
1726437178021 0.08003123104572296 366
1726437178051 -0.02426043152809143 367
1726437178085 -0.12573974579572678 368
1726437178117 0.029438622295856476 369
1726437178148 0.09543485939502716 370
1726437178177 -0.0795089602470398 371
1726437178205 0.09465111792087555 372
1726437178237 -0.07402680814266205 373
1726437178267 0.09123650193214417 374
1726437178294 0.04720813035964966 375
1726437178320 -0.13733293116092682 376
1726437178351 0.11715571582317352 377
1726437178379 -0.07044285535812378 378
1726437178405 0.05276396870613098 379
1726437178431 -0.02889731526374817 380
1726437178459 0.09081318974494934 381
1726437178484 0.033394813537597656 382
1726437178510 -0.11782845854759216 383
1726437178535 0.1541626751422882 384
1726437178561 0.22967690229415894 385
1726437178587 -0.1275186538696289 386
1726437178615 -0.33213913440704346 387
1726437178641 -0.048241183161735535 388
1726437178666 0.018981099128723145 389
1726437178692 0.0909586101770401 390
1726437178717 -0.08248886466026306 391
1726437178742 0.3117411434650421 392
1726437178768 -0.23061266541481018 393
1726437178794 -0.01578044891357422 394
1726437178819 0.0211503803730011 395
1726437178846 0.3949443995952606 396
1726437178874 -0.19555020332336426 397
1726437178901 -0.024705320596694946 398
1726437178928 0.22052070498466492 399
1726437178955 -0.460224449634552 400
1726437178981 0.1030651330947876 401
1726437179005 -0.09992177784442902 402
1726437179030 0.10553331673145294 403
1726437179054 -0.17423085868358612 404
1726437179080 0.11994728446006775 405
1726437179105 0.09870375692844391 406
1726437179130 -0.05021277070045471 407
1726437179155 -0.11754606664180756 408
1726437179184 -0.07285093516111374 409
1726437179208 -0.007694944739341736 410
1726437179233 -0.003921955823898315 411
1726437179258 0.07934661954641342 412
1726437179281 -0.030399642884731293 413
1726437179317 0.2558239623904228 414
1726437179343 0.030228346586227417 415
1726437179370 -0.10364484786987305 416
1726437179395 -0.13658839464187622 417
1726437179421 0.007778912782669067 418
1726437179445 0.055165112018585205 419
1726437179472 -0.15240346640348434 420
1726437179498 0.04450669139623642 421
1726437179523 -0.023768216371536255 422
1726437179549 0.1261933147907257 423
1726437179576 -0.050871849060058594 424
1726437179601 -0.06272070109844208 425
1726437179626 0.013315320014953613 426
1726437179655 0.05413132905960083 427
1726437179689 0.007575869560241699 428
1726437179719 -0.0781003087759018 429
1726437179751 0.060122281312942505 430
1726437179782 -0.05259662866592407 431
1726437179809 0.10198265314102173 432
1726437179835 -0.04896208643913269 433
1726437179863 -0.0194779634475708 434
1726437179892 -0.002977430820465088 435
1726437179926 0.04628375172615051 436
1726437179960 -0.0027967989444732666 437
1726437179994 -0.03143224120140076 438
1726437180022 -0.044866688549518585 439
1726437180048 0.048464007675647736 440
1726437180076 -0.060799553990364075 441
1726437180104 -0.02513694018125534 442
1726437180131 0.03855779021978378 443
1726437180160 -0.019741274416446686 444
1726437180191 -0.021732069551944733 445
1726437180223 -0.0022623762488365173 446
1726437180254 -0.0013937652111053467 447
1726437180288 0.06516649574041367 448
1726437180320 -0.02282862365245819 449
1726437180349 -0.0015107542276382446 450
1726437180377 0.08912812173366547 451
1726437180406 -0.09767107665538788 452
1726437180438 0.13295191526412964 453
1726437180468 -0.10334740579128265 454
1726437180497 0.045564115047454834 455
1726437180528 -0.09502977877855301 456
1726437180559 0.03924193233251572 457
1726437180585 0.10062907636165619 458
1726437180611 -0.1205277293920517 459
1726437180637 -0.01551005244255066 460
1726437180662 0.14567312598228455 461
1726437180690 -0.12491557002067566 462
1726437180731 0.21748819947242737 463
1726437180770 -0.08982327580451965 464
1726437180798 0.026424556970596313 465
1726437180824 -0.0084458589553833 466
1726437180850 -0.07818745076656342 467
1726437180877 0.0839042216539383 468
1726437180903 -0.0509328693151474 469
1726437180929 0.015250429511070251 470
1726437180955 0.15673330426216125 471
1726437180984 -0.27197664976119995 472
1726437181010 -0.027064770460128784 473
1726437181037 0.08006557822227478 474
1726437181065 0.02312365174293518 475
1726437181094 0.0907202661037445 476
1726437181122 -0.09611794352531433 477
1726437181148 -0.003062620759010315 478
1726437181175 0.027410224080085754 479
1726437181204 0.1272602081298828 480
1726437181229 -0.18785668909549713 481
1726437181255 0.0454033762216568 482
1726437181281 -0.01492270827293396 483
1726437181309 -0.0350106805562973 484
1726437181335 0.0004652440547943115 485
1726437181361 0.08941446244716644 486
1726437181386 0.07188794016838074 487
1726437181413 -0.13172075152397156 488
1726437181439 0.04160085320472717 489
1726437181466 -0.03353621065616608 490
1726437181491 0.013678833842277527 491
1726437181516 -0.07230664044618607 492
1726437181542 0.0031426921486854553 493
1726437181568 -0.02016415446996689 494
1726437181594 -0.0105985626578331 495
1726437181621 -0.013511613011360168 496
1726437181647 -0.002866193652153015 497
1726437181673 -0.0017738118767738342 498
1726437181699 -0.001180790364742279 499
1726437181724 0.05103214085102081 500
1726437181751 0.03984527289867401 501
1726437181776 -0.02788509428501129 502
1726437181802 0.04812885820865631 503
1726437181830 -0.016568243503570557 504
1726437181857 -0.03315611183643341 505
1726437181883 0.06320302188396454 506
1726437181910 0.08803735673427582 507
1726437181937 -0.05914264917373657 508
1726437181964 0.09710720181465149 509
1726437181989 -0.0825086236000061 510
1726437182016 -0.15387053787708282 511
1726437182041 0.04077313840389252 512
1726437182067 -0.03019443154335022 513
1726437182094 -0.01442234218120575 514
1726437182122 -0.005453154444694519 515
1726437182149 -0.0030281096696853638 516
1726437182177 0.062258005142211914 517
1726437182203 -0.04498138278722763 518
1726437182230 0.0947151705622673 519
1726437182256 -0.06187644600868225 520
1726437182283 -0.042296916246414185 521
1726437182308 0.04966920614242554 522
1726437182335 -0.006246164441108704 523
1726437182362 0.06398284435272217 524
1726437182388 -0.026392221450805664 525
1726437182414 -0.019559532403945923 526
1726437182441 -0.01366068422794342 527
1726437182468 0.06966046988964081 528
1726437182494 -0.02416551113128662 529
1726437182520 -0.05196266621351242 530
1726437182546 0.03222476691007614 531
1726437182571 0.025021672248840332 532
1726437182597 -0.022440984845161438 533
1726437182622 -0.03231078386306763 534
1726437182647 0.20212025940418243 535
1726437182676 -0.09059149026870728 536
1726437182702 -0.022655844688415527 537
1726437182727 -0.09098102897405624 538
1726437182753 0.019282527267932892 539
1726437182779 -0.06894928961992264 540
1726437182804 -0.0012791603803634644 541
1726437182829 -0.0009047910571098328 542
1726437182857 -0.000658966600894928 543
1726437182885 -0.000490240752696991 544
1726437182912 -0.00037126243114471436 545
1726437182941 -0.0002850070595741272 546
1726437182969 -0.00022125244140625 547
1726437182995 -0.00017368793487548828 548
1726437183054 -0.00013709068298339844 549
1726437183083 -0.00010933727025985718 550
1726437183110 -8.749961853027344e-05 551
1726437183140 -7.049739360809326e-05 552
1726437183168 -5.6721270084381104e-05 553
1726437183198 -4.6372413635253906e-05 554
1726437183227 -3.7647783756256104e-05 555
1726437183255 0.016028262674808502 556
1726437183282 -0.006128817796707153 557
1726437183311 -0.003543160855770111 558
1726437183341 -0.0021808892488479614 559
1726437183371 0.0480528250336647 560
1726437183411 0.12307260185480118 561
1726437183445 -0.07943165302276611 562
1726437183479 -0.03338336944580078 563
1726437183511 -0.0005253851413726807 564
1726437183545 0.027746647596359253 565
1726437183580 -0.07910330593585968 566
1726437183616 -0.004102177917957306 567
1726437183647 0.02516942471265793 568
1726437183676 0.028138473629951477 569
1726437183705 0.013038083910942078 570
1726437183733 -0.06608274579048157 571
1726437183762 -0.0021527260541915894 572
1726437183788 -0.0014135390520095825 573
1726437183815 -0.000952593982219696 574
1726437183842 -0.000654757022857666 575
1726437183868 -0.00045797228813171387 576
1726437183894 -0.00032570958137512207 577
1726437183924 -0.0002353563904762268 578
1726437183951 -0.00017239898443222046 579
1726437183978 -0.00012827664613723755 580
1726437184004 -9.672343730926514e-05 581
1726437184031 -7.362663745880127e-05 582
1726437184058 -5.678832530975342e-05 583
1726437184088 -4.4345855712890625e-05 584
1726437184117 -3.4809112548828125e-05 585
1726437184144 -2.7514994144439697e-05 586
1726437184171 -2.1673738956451416e-05 587
1726437184200 -1.745671033859253e-05 588
1726437184226 -1.3917684555053711e-05 589
1726437184252 -1.11311674118042e-05 590
1726437184278 -8.963048458099365e-06 591
1726437184306 -7.256865501403809e-06 592
1726437184332 -5.811452865600586e-06 593
1726437184360 -4.7460198402404785e-06 594
1726437184386 -3.844499588012695e-06 595
1726437184412 -3.0174851417541504e-06 596
1726437184439 -2.3692846298217773e-06 597
1726437184467 -2.2873282432556152e-06 598
1726437184494 -1.5273690223693848e-06 599
1726437184522 -1.3336539268493652e-06 600
1726437184549 -1.1473894119262695e-06 601
1726437184575 -8.493661880493164e-07 602
1726437184602 -6.92903995513916e-07 603
1726437184631 -5.066394805908203e-07 604
1726437184658 -4.6938657760620117e-07 605
1726437184688 0.05234430730342865 606
1726437184718 0.03371693938970566 607
1726437184746 -0.06175871938467026 608
1726437184774 -0.010682746767997742 609
1726437184803 -0.005210526287555695 610
1726437184833 -0.003003068268299103 611
1726437184862 -0.0018479302525520325 612
1726437184891 0.03419134020805359 613
1726437184921 -0.01110568642616272 614
1726437184953 0.00866919755935669 615
1726437184983 -0.011577658355236053 616
1726437185013 0.016315579414367676 617
1726437185044 0.20215167850255966 618
1726437185075 -0.0706247091293335 619
1726437185106 -0.09126439690589905 620
1726437185137 0.005273371934890747 621
1726437185168 -0.04149939864873886 622
1726437185197 -0.013632245361804962 623
1726437185224 -0.00505538284778595 624
1726437185251 -0.01018843799829483 625
1726437185278 -0.005299761891365051 626
1726437185306 -0.0031407326459884644 627
1726437185333 -0.001981213688850403 628
1726437185358 -0.001300022006034851 629
1726437185385 -0.0008800774812698364 630
1726437185410 -0.000612996518611908 631
1726437185435 -0.0004388764500617981 632
1726437185461 -0.0003223717212677002 633
1726437185486 -0.00024280697107315063 634
1726437185511 -0.00018696486949920654 635
1726437185536 -0.00014647841453552246 636
1726437185561 0.02940039336681366 637
1726437185586 -0.024191096425056458 638
1726437185611 -0.002362750470638275 639
1726437185636 -0.0013216286897659302 640
1726437185661 -0.0007855594158172607 641
1726437185685 -0.00048451870679855347 642
1726437185712 -0.0003062710165977478 643
1726437185739 -0.0001971721649169922 644
1726437185766 -0.00012912601232528687 645
1726437185792 -8.585304021835327e-05 646
1726437185816 -5.7794153690338135e-05 647
1726437185842 -3.941357135772705e-05 648
1726437185869 -2.7321279048919678e-05 649
1726437185894 -1.9073486328125e-05 650
1726437185919 -1.3731420040130615e-05 651
1726437185944 -9.901821613311768e-06 652
1726437185970 -7.212162017822266e-06 653
1726437185995 -5.200505256652832e-06 654
1726437186020 -4.105269908905029e-06 655
1726437186045 -3.0472874641418457e-06 656
1726437186070 -2.2426247596740723e-06 657
1726437186096 -1.8104910850524902e-06 658
1726437186122 -1.341104507446289e-06 659
1726437186147 -1.1846423149108887e-06 660
1726437186173 -9.08970832824707e-07 661
1726437186198 -6.407499313354492e-07 662
1726437186223 -5.513429641723633e-07 663
1726437186247 -3.0547380447387695e-07 664
1726437186273 -4.172325134277344e-07 665
1726437186298 -2.3096799850463867e-07 666
1726437186324 -2.905726432800293e-07 667
1726437186350 -1.862645149230957e-07 668
1726437186375 -1.1920928955078125e-07 669
1726437186400 -2.2351741790771484e-08 670
1726437186425 -1.9371509552001953e-07 671
1726437186451 -6.705522537231445e-08 672
1726437186476 3.725290298461914e-08 673
1726437186501 -8.940696716308594e-08 674
1726437186526 -7.450580596923828e-08 675
1726437186552 -1.1175870895385742e-07 676
1726437186578 -5.21540641784668e-08 677
1726437186603 4.470348358154297e-08 678
1726437186628 7.450580596923828e-08 679
1726437186652 -2.2351741790771484e-08 680
1726437186677 -9.685754776000977e-08 681
1726437186703 -2.9802322387695312e-08 682
1726437186728 1.9371509552001953e-07 683
1726437186753 -2.1606683731079102e-07 684
1726437186779 7.450580596923828e-08 685
1726437186803 1.1920928955078125e-07 686
1726437186828 -1.1920928955078125e-07 687
1726437186853 2.2351741790771484e-08 688
1726437186879 7.450580596923828e-08 689
1726437186904 -7.450580596923828e-08 690
1726437186931 7.450580596923828e-08 691
1726437186958 -9.685754776000977e-08 692
1726437186984 0.0 693
1726437187010 9.685754776000977e-08 694
1726437187035 -7.450580596923828e-08 695
1726437187060 -2.2351741790771484e-08 696
1726437187088 -2.2351741790771484e-08 697
1726437187114 -5.21540641784668e-08 698
1726437187140 -2.2351741790771484e-08 699
1726437187168 9.685754776000977e-08 700
1726437187195 -9.685754776000977e-08 701
1726437187223 9.685754776000977e-08 702
1726437187253 2.2351741790771484e-08 703
1726437187286 -1.1920928955078125e-07 704
1726437187318 0.0 705
1726437187347 0.0 706
