1726424096554 2e-05 0
1726424096603 0.002694368362426758 1
1726424096654 -0.008579254150390625 2
1726424096706 0.00011706352233886719 3
1726424096758 0.00491178035736084 4
1726424096820 -0.011883854866027832 5
1726424096873 0.01694631576538086 6
1726424096926 0.0009131431579589844 7
1726424096977 -0.005917787551879883 8
1726424097038 0.0017056465148925781 9
1726424097099 -0.01138460636138916 10
1726424097153 -0.0015147924423217773 11
1726424097201 0.0004330873489379883 12
1726424097247 -0.0012372732162475586 13
1726424097295 0.005098462104797363 14
1726424097347 -0.0022202730178833008 15
1726424097400 -0.020260334014892578 16
1726424097457 0.034580349922180176 17
1726424097525 -0.00928795337677002 18
1726424097582 -0.0016063451766967773 19
1726424097649 -0.0004507303237915039 20
1726424097705 -0.0005816221237182617 21
1726424097764 -0.0003066062927246094 22
1726424097846 -0.006630420684814453 23
1726424097911 0.021945476531982422 24
1726424097978 -0.01851344108581543 25
1726424098043 -0.03478038311004639 26
1726424098099 -0.007706165313720703 27
1726424098156 0.029027819633483887 28
1726424098212 0.0034481287002563477 29
1726424098266 0.023890972137451172 30
1726424098331 -0.030956506729125977 31
1726424098392 0.0065119266510009766 32
1726424098454 -0.005002498626708984 33
1726424098514 0.009630680084228516 34
1726424098568 0.008717179298400879 35
1726424098621 -0.0010524988174438477 36
1726424098674 0.012297511100769043 37
1726424098730 -0.0038406848907470703 38
1726424098788 0.0007289648056030273 39
1726424098845 0.0007116794586181641 40
1726424098902 -0.0028132200241088867 41
1726424098959 -0.008599638938903809 42
1726424099015 0.004118084907531738 43
1726424099078 -0.0009037256240844727 44
1726424099142 0.004211783409118652 45
1726424099209 0.010069012641906738 46
1726424099273 0.0023077726364135742 47
1726424099332 -0.004868626594543457 48
1726424099389 -0.0033044815063476562 49
1726424099447 -0.011790990829467773 50
1726424099511 -0.004560947418212891 51
1726424099570 0.006182432174682617 52
1726424099626 -0.0066634416580200195 53
1726424099686 -0.004545331001281738 54
1726424099742 0.0081557035446167 55
1726424099804 0.006388664245605469 56
1726424099864 0.002183079719543457 57
1726424099924 -0.014719128608703613 58
1726424099980 0.007559776306152344 59
1726424100044 -0.014257073402404785 60
1726424100107 0.0015538930892944336 61
1726424100169 0.024164557456970215 62
1726424100239 -0.03824293613433838 63
1726424100293 0.02330601215362549 64
1726424100345 -0.0018582344055175781 65
1726424100410 0.011391162872314453 66
1726424100460 0.009245157241821289 67
1726424100511 -0.024284958839416504 68
1726424100560 0.007877945899963379 69
1726424100604 -0.004120469093322754 70
1726424100651 0.018166422843933105 71
1726424100703 -0.0052117109298706055 72
1726424100752 0.0021992921829223633 73
1726424100805 0.0027060508728027344 74
1726424100855 -0.0032758712768554688 75
1726424100905 0.0039016008377075195 76
1726424100954 -0.016812443733215332 77
1726424100999 0.01324307918548584 78
1726424101054 0.0036684274673461914 79
1726424101101 -0.0012089014053344727 80
1726424101148 -0.01162111759185791 81
1726424101197 0.001356363296508789 82
1726424101246 -0.001932978630065918 83
1726424101293 0.0031342506408691406 84
1726424101343 0.011389374732971191 85
1726424101397 -0.01570582389831543 86
1726424101449 -0.013975858688354492 87
1726424101503 0.023940324783325195 88
1726424101556 -0.02652299404144287 89
1726424101612 -0.020221471786499023 90
1726424101664 0.029645800590515137 91
1726424101717 -0.04013264179229736 92
1726424101770 0.0403672456741333 93
1726424101819 -0.0026448965072631836 94
1726424101863 0.013213157653808594 95
1726424101912 0.012716412544250488 96
1726424101962 -0.01603090763092041 97
1726424102018 0.014516472816467285 98
1726424102068 -0.0037497282028198242 99
1726424102117 0.010418415069580078 100
1726424102164 -0.011479735374450684 101
1726424102205 -0.00262606143951416 102
1726424102246 0.010640978813171387 103
1726424102294 -0.010350465774536133 104
1726424102344 0.004185795783996582 105
1726424102406 0.006667137145996094 106
1726424102466 -0.0022357702255249023 107
1726424102527 -0.01254415512084961 108
1726424102587 -0.03478419780731201 109
1726424102638 0.03399217128753662 110
1726424102691 -0.0216367244720459 111
1726424102744 0.005749225616455078 112
1726424102799 0.008284807205200195 113
1726424102848 -0.011048316955566406 114
1726424102895 0.015272378921508789 115
1726424102938 0.00023365020751953125 116
1726424102982 0.00971531867980957 117
1726424103031 0.005342245101928711 118
1726424103079 -0.033197879791259766 119
1726424103124 0.015259981155395508 120
1726424103170 0.019653797149658203 121
1726424103216 -0.0008952617645263672 122
1726424103259 -0.011814594268798828 123
1726424103303 -0.009026765823364258 124
1726424103347 -0.002301931381225586 125
1726424103395 -0.03944110870361328 126
1726424103445 0.022219181060791016 127
1726424103495 0.011589527130126953 128
1726424103547 0.027083158493041992 129
1726424103601 0.00614774227142334 130
1726424103651 -0.0011283159255981445 131
1726424103707 -0.009398341178894043 132
1726424103761 -0.01197659969329834 133
1726424103814 0.009992122650146484 134
1726424103868 0.0035833120346069336 135
1726424103922 -0.0076291561126708984 136
1726424103976 -0.009751558303833008 137
1726424104032 0.013919353485107422 138
1726424104085 -0.008805274963378906 139
1726424104142 -0.02094137668609619 140
1726424104199 0.01007235050201416 141
1726424104252 0.010864734649658203 142
1726424104306 0.009142279624938965 143
1726424104362 -0.001239776611328125 144
1726424104414 0.0006766319274902344 145
1726424104461 -0.006006479263305664 146
1726424104510 0.0008549690246582031 147
1726424104559 0.008537054061889648 148
1726424104603 -0.01623368263244629 149
1726424104650 0.007879257202148438 150
1726424104692 0.004638552665710449 151
1726424104738 0.0033026933670043945 152
1726424104784 0.0054215192794799805 153
1726424104834 -0.019080519676208496 154
1726424104882 0.020993471145629883 155
1726424104931 0.0007216930389404297 156
1726424104977 -0.021258115768432617 157
1726424105023 0.025161147117614746 158
1726424105073 -0.01276695728302002 159
1726424105127 0.002713799476623535 160
1726424105177 -0.0009529590606689453 161
1726424105223 0.00501096248626709 162
1726424105267 -0.0004533529281616211 163
1726424105310 -0.01657092571258545 164
1726424105355 -0.0006759166717529297 165
1726424105399 -0.007504463195800781 166
1726424105440 0.002727508544921875 167
1726424105487 0.007225990295410156 168
1726424105529 0.00061798095703125 169
1726424105573 -0.006362438201904297 170
1726424105614 0.0005049705505371094 171
1726424105655 -0.015583276748657227 172
1726424105711 0.026296138763427734 173
1726424105760 0.0023708343505859375 174
1726424105808 -0.013125896453857422 175
1726424105855 0.01220858097076416 176
1726424105903 -0.01581549644470215 177
1726424105951 0.0019037723541259766 178
1726424105997 -0.009227871894836426 179
1726424106045 0.011062145233154297 180
1726424106091 0.009927034378051758 181
1726424106133 -0.0027271509170532227 182
1726424106173 0.0044252872467041016 183
1726424106214 -0.011487007141113281 184
1726424106253 0.020305991172790527 185
1726424106291 -0.00439143180847168 186
1726424106332 0.0023916959762573242 187
1726424106371 -0.02033555507659912 188
1726424106409 0.0040988922119140625 189
1726424106448 0.0181119441986084 190
1726424106486 0.00013506412506103516 191
1726424106532 0.0017151832580566406 192
1726424106576 -0.014295578002929688 193
1726424106617 0.006200551986694336 194
1726424106657 -0.00807201862335205 195
1726424106703 -0.01623213291168213 196
1726424106749 0.012469887733459473 197
1726424106796 0.002254486083984375 198
1726424106850 0.008374452590942383 199
1726424106902 -0.004118561744689941 200
1726424106953 0.008827805519104004 201
1726424107003 -0.0023347139358520508 202
1726424107053 -0.0014431476593017578 203
1726424107102 -0.00465238094329834 204
1726424107149 -0.021927595138549805 205
1726424107197 0.016497373580932617 206
1726424107241 0.005864143371582031 207
1726424107283 0.008123397827148438 208
1726424107325 -0.013247251510620117 209
1726424107368 -0.020724892616271973 210
1726424107415 0.015441417694091797 211
1726424107464 -0.003424406051635742 212
1726424107513 0.012251853942871094 213
1726424107565 -0.014016032218933105 214
1726424107610 -0.0025690793991088867 215
1726424107656 -0.009312987327575684 216
1726424107709 0.013253211975097656 217
1726424107758 -0.002003192901611328 218
1726424107801 5.245208740234375e-05 219
1726424107849 0.008205413818359375 220
1726424107907 0.017398357391357422 221
1726424107956 -0.004256606101989746 222
1726424108005 -0.0046176910400390625 223
1726424108051 -0.006829619407653809 224
1726424108098 -0.00603485107421875 225
1726424108143 -0.008927702903747559 226
1726424108187 -0.009271383285522461 227
1726424108231 0.021157503128051758 228
1726424108274 8.45193862915039e-05 229
1726424108321 0.010171055793762207 230
1726424108363 0.013084888458251953 231
1726424108406 -2.956390380859375e-05 232
1726424108449 0.0022253990173339844 233
1726424108490 -0.022724390029907227 234
1726424108531 -0.034497857093811035 235
1726424108572 0.044437289237976074 236
1726424108613 0.0030974149703979492 237
1726424108654 -0.012880325317382812 238
1726424108695 0.017081737518310547 239
1726424108736 -0.020741939544677734 240
1726424108776 -0.010950803756713867 241
1726424108817 0.024273395538330078 242
1726424108859 0.010176658630371094 243
1726424108903 -0.02221822738647461 244
1726424108949 0.006334900856018066 245
1726424108992 -0.011512398719787598 246
1726424109035 0.013323426246643066 247
1726424109078 0.0006712675094604492 248
1726424109120 -0.0013617277145385742 249
1726424109160 -0.003171563148498535 250
1726424109201 0.016158103942871094 251
1726424109241 0.0026116371154785156 252
1726424109283 -0.009404420852661133 253
1726424109325 -0.00908970832824707 254
1726424109366 -0.017645716667175293 255
1726424109408 -0.010534167289733887 256
1726424109448 0.017291784286499023 257
1726424109488 -0.01391756534576416 258
1726424109529 -0.001085519790649414 259
1726424109569 0.024058818817138672 260
1726424109609 0.013113617897033691 261
1726424109650 -0.003596782684326172 262
1726424109690 -0.008669614791870117 263
1726424109730 0.008481383323669434 264
1726424109771 0.005393862724304199 265
1726424109811 -0.017523646354675293 266
1726424109852 0.0059282779693603516 267
1726424109893 -0.009517312049865723 268
1726424109932 0.022305965423583984 269
1726424109973 -0.023717403411865234 270
1726424110014 0.010252594947814941 271
1726424110057 -0.007248044013977051 272
1726424110098 -0.0039948225021362305 273
1726424110139 0.017522215843200684 274
1726424110180 0.0065271854400634766 275
1726424110222 -0.0034786462783813477 276
1726424110264 -0.011312723159790039 277
1726424110305 0.0022475719451904297 278
1726424110350 -0.00233304500579834 279
1726424110393 -0.0023832321166992188 280
1726424110434 0.003138422966003418 281
1726424110477 0.008281350135803223 282
1726424110518 0.008207559585571289 283
1726424110563 -0.0021576881408691406 284
1726424110605 0.0010929107666015625 285
1726424110649 -0.0078095197677612305 286
1726424110717 0.012040138244628906 287
1726424110775 -0.006180405616760254 288
1726424110821 0.005310773849487305 289
1726424110867 -0.002961874008178711 290
1726424110915 -0.0018084049224853516 291
1726424110964 0.0020890235900878906 292
1726424111015 -0.014470577239990234 293
1726424111070 -0.0037817955017089844 294
1726424111121 -0.003129124641418457 295
1726424111173 0.008455395698547363 296
1726424111234 -0.0020236968994140625 297
1726424111306 -0.006201386451721191 298
1726424111374 -0.004303097724914551 299
1726424111428 0.014652013778686523 300
1726424111476 -0.008786678314208984 301
1726424111523 0.0020599365234375 302
1726424111572 -0.010472774505615234 303
1726424111622 -0.0037605762481689453 304
1726424111676 -0.010460138320922852 305
1726424111726 -0.018741607666015625 306
1726424111778 0.026233196258544922 307
1726424111838 -0.0009456872940063477 308
1726424111897 0.01827704906463623 309
1726424111953 -0.02613210678100586 310
1726424112005 0.009828567504882812 311
1726424112055 0.000691533088684082 312
1726424112106 0.020347237586975098 313
1726424112157 0.002408623695373535 314
1726424112209 0.007427334785461426 315
1726424112259 -0.004225730895996094 316
1726424112311 -0.029468536376953125 317
1726424112362 0.02084934711456299 318
1726424112416 -0.02286505699157715 319
1726424112471 0.023868322372436523 320
1726424112528 -0.014194130897521973 321
1726424112578 -0.0005954504013061523 322
1726424112636 -0.006631016731262207 323
1726424112700 -0.0010885000228881836 324
1726424112750 0.01910412311553955 325
1726424112798 -0.01596546173095703 326
1726424112848 0.01776862144470215 327
1726424112897 -0.01511240005493164 328
1726424112947 0.017541885375976562 329
1726424112995 -0.010047554969787598 330
1726424113044 0.011940360069274902 331
1726424113092 -0.01691889762878418 332
1726424113143 0.022063612937927246 333
1726424113195 -0.003936886787414551 334
1726424113245 0.004215717315673828 335
1726424113293 0.003823995590209961 336
1726424113345 0.0013523101806640625 337
1726424113393 0.00429081916809082 338
1726424113442 -0.005221843719482422 339
1726424113490 -0.013906478881835938 340
1726424113540 0.007698178291320801 341
1726424113590 -0.006944775581359863 342
1726424113659 0.009342193603515625 343
1726424113708 -0.016117334365844727 344
1726424113778 0.023908257484436035 345
1726424113852 -0.008151888847351074 346
1726424113919 -0.007635831832885742 347
1726424113979 -0.009368658065795898 348
1726424114039 0.011113643646240234 349
1726424114098 0.007248997688293457 350
1726424114148 -0.010096192359924316 351
1726424114204 0.011419057846069336 352
1726424114252 -0.011908292770385742 353
1726424114304 0.0039598941802978516 354
1726424114370 -0.010576844215393066 355
1726424114432 0.005218386650085449 356
1726424114496 -0.012058019638061523 357
1726424114554 -0.013712525367736816 358
1726424114613 0.031671881675720215 359
1726424114676 -0.0022786855697631836 360
1726424114738 -0.008028388023376465 361
1726424114807 -0.0018596649169921875 362
1726424114876 -0.0187985897064209 363
1726424114940 0.0037398338317871094 364
1726424114992 0.012405872344970703 365
1726424115040 0.025009632110595703 366
1726424115089 -0.004375338554382324 367
1726424115137 -0.0014666318893432617 368
1726424115186 0.005955696105957031 369
1726424115232 -0.01876974105834961 370
1726424115276 0.005190849304199219 371
1726424115320 0.010570883750915527 372
1726424115363 -0.0014771223068237305 373
1726424115406 -0.008601665496826172 374
1726424115449 0.014739394187927246 375
1726424115491 -0.019466161727905273 376
1726424115531 0.014167547225952148 377
1726424115575 -0.003940105438232422 378
1726424115616 -0.005338072776794434 379
1726424115661 -0.004588007926940918 380
1726424115710 -0.0032415390014648438 381
1726424115758 0.01878535747528076 382
1726424115801 -0.010863065719604492 383
1726424115843 0.016968488693237305 384
1726424115884 -2.5033950805664062e-05 385
1726424115924 -0.023061037063598633 386
1726424115966 -0.011832714080810547 387
1726424116009 0.024064064025878906 388
1726424116049 0.007142066955566406 389
1726424116089 -0.004639863967895508 390
1726424116130 -0.024661660194396973 391
1726424116170 0.011969923973083496 392
1726424116210 0.004170894622802734 393
1726424116250 -0.016383647918701172 394
1726424116289 0.011715054512023926 395
1726424116329 0.010973811149597168 396
1726424116369 0.0044329166412353516 397
1726424116408 -0.0021477937698364258 398
1726424116448 -0.015879273414611816 399
1726424116488 -0.01167452335357666 400
1726424116529 -0.0014880895614624023 401
1726424116571 -0.010610342025756836 402
1726424116617 0.019284605979919434 403
1726424116667 0.004882931709289551 404
1726424116714 0.011416077613830566 405
1726424116757 -0.012708663940429688 406
1726424116796 -0.00883781909942627 407
1726424116833 0.0017606019973754883 408
1726424116873 -0.006906390190124512 409
1726424116913 -0.006336808204650879 410
1726424116952 0.00739133358001709 411
1726424116992 0.016052722930908203 412
1726424117032 -0.019150495529174805 413
1726424117071 -0.026161789894104004 414
1726424117111 0.027051448822021484 415
1726424117150 0.039725661277770996 416
1726424117192 -0.04262220859527588 417
1726424117231 -0.013353228569030762 418
1726424117271 -0.002918720245361328 419
1726424117311 -0.009463310241699219 420
1726424117351 0.008213043212890625 421
1726424117391 -0.0016336441040039062 422
1726424117431 -0.0012869834899902344 423
1726424117472 0.03555655479431152 424
1726424117512 0.02428114414215088 425
1726424117553 -0.0002993345260620117 426
1726424117592 -0.0125962495803833 427
1726424117632 0.00557100772857666 428
1726424117672 -0.01655256748199463 429
1726424117711 -0.010059833526611328 430
1726424117752 0.0179290771484375 431
1726424117793 0.004304409027099609 432
1726424117831 0.0057419538497924805 433
1726424117873 0.005787372589111328 434
1726424117913 -0.004415988922119141 435
1726424117953 0.005135178565979004 436
1726424117995 -0.019497036933898926 437
1726424118037 0.013311266899108887 438
1726424118077 -8.690357208251953e-05 439
1726424118119 -0.0002568960189819336 440
1726424118160 -0.01834690570831299 441
1726424118200 -0.0026475191116333008 442
1726424118239 -0.015964269638061523 443
1726424118278 0.010186076164245605 444
1726424118321 0.007186174392700195 445
1726424118369 -0.0030663013458251953 446
1726424118411 0.010037660598754883 447
1726424118451 0.023617863655090332 448
1726424118494 -0.019568800926208496 449
1726424118533 0.012343883514404297 450
1726424118573 -0.0071839094161987305 451
1726424118613 -0.010753273963928223 452
1726424118651 0.01080024242401123 453
1726424118691 0.00011432170867919922 454
1726424118731 -0.014279603958129883 455
1726424118770 0.004546046257019043 456
1726424118809 0.017839908599853516 457
1726424118853 -0.010750651359558105 458
1726424118894 -0.004545450210571289 459
1726424118949 -0.004418492317199707 460
1726424118990 0.017808079719543457 461
1726424119032 -0.003503084182739258 462
1726424119073 -0.0031280517578125 463
1726424119112 0.0058214664459228516 464
1726424119151 -0.0227816104888916 465
1726424119190 -0.007809162139892578 466
1726424119230 0.013065218925476074 467
1726424119272 -2.467632293701172e-05 468
1726424119311 0.015671730041503906 469
1726424119352 -0.008068084716796875 470
1726424119396 -0.0008835792541503906 471
1726424119437 -0.004904031753540039 472
1726424119477 -0.005282282829284668 473
1726424119519 -0.004566192626953125 474
1726424119561 -0.0007439851760864258 475
1726424119604 -0.014048337936401367 476
1726424119647 0.011648893356323242 477
1726424119689 -0.004017353057861328 478
1726424119740 -0.0011684894561767578 479
1726424119783 0.00957787036895752 480
1726424119827 0.002463221549987793 481
1726424119870 -0.0012655258178710938 482
1726424119916 -0.029816269874572754 483
1726424119957 0.019734978675842285 484
1726424119999 0.008626699447631836 485
1726424120038 -0.005995631217956543 486
1726424120078 0.0068171024322509766 487
1726424120121 0.00999605655670166 488
1726424120163 0.009530782699584961 489
1726424120204 0.010030627250671387 490
1726424120250 -0.021307706832885742 491
1726424120294 -0.001941680908203125 492
1726424120337 0.009642601013183594 493
1726424120383 0.00043141841888427734 494
1726424120427 -0.00429844856262207 495
1726424120468 0.016467571258544922 496
1726424120509 -0.0010486841201782227 497
1726424120553 -0.007488250732421875 498
1726424120593 -0.014493346214294434 499
1726424120635 -0.0218045711517334 500
1726424120679 0.025493264198303223 501
1726424120718 -0.011739969253540039 502
1726424120761 -0.005480766296386719 503
1726424120805 0.03568542003631592 504
1726424120846 -0.01158905029296875 505
1726424120886 -0.023038864135742188 506
1726424120928 0.033233642578125 507
1726424120971 -0.009076595306396484 508
1726424121014 0.00491786003112793 509
1726424121069 -0.006845951080322266 510
1726424121120 0.00211489200592041 511
1726424121159 -0.0028682947158813477 512
1726424121202 -0.004233956336975098 513
1726424121244 0.0056732892990112305 514
1726424121294 -0.00039887428283691406 515
1726424121339 0.003813505172729492 516
1726424121378 -0.0207669734954834 517
1726424121419 0.009306907653808594 518
1726424121460 -0.03856050968170166 519
1726424121499 0.0016847848892211914 520
1726424121541 0.011628270149230957 521
1726424121579 0.008739352226257324 522
1726424121620 0.01806783676147461 523
1726424121661 -0.0026894807815551758 524
1726424121707 0.011409640312194824 525
1726424121755 0.0012462139129638672 526
1726424121798 -0.013630986213684082 527
1726424121841 -0.0021218061447143555 528
1726424121889 -0.02201247215270996 529
1726424121928 0.007155179977416992 530
1726424121973 0.027364611625671387 531
1726424122034 0.00044524669647216797 532
1726424122086 -0.002794623374938965 533
1726424122126 -0.006566643714904785 534
1726424122165 0.010133504867553711 535
1726424122205 -0.007511138916015625 536
1726424122247 -0.0008172988891601562 537
1726424122288 -0.0006097555160522461 538
1726424122328 -0.000858306884765625 539
1726424122367 0.007341742515563965 540
1726424122410 -0.0055092573165893555 541
1726424122451 -0.015411019325256348 542
1726424122492 0.016779303550720215 543
1726424122533 0.0018682479858398438 544
1726424122574 0.005353808403015137 545
1726424122615 -0.005923151969909668 546
1726424122660 -0.005032658576965332 547
1726424122700 0.00493621826171875 548
1726424122747 0.013627767562866211 549
1726424122790 -0.02272021770477295 550
1726424122829 0.006999373435974121 551
1726424122875 -0.013199090957641602 552
1726424122920 -0.0004050731658935547 553
1726424122968 0.01710367202758789 554
1726424123012 -0.0032007694244384766 555
1726424123052 0.008881926536560059 556
1726424123095 -0.023615121841430664 557
1726424123142 0.023209214210510254 558
1726424123195 -0.018132925033569336 559
1726424123232 0.015066385269165039 560
1726424123279 -0.022073030471801758 561
1726424123334 0.017984628677368164 562
1726424123397 0.017827153205871582 563
1726424123459 -0.0032280683517456055 564
1726424123516 -0.004429817199707031 565
1726424123566 0.003412485122680664 566
1726424123611 0.002199411392211914 567
1726424123651 -0.003948688507080078 568
1726424123691 -0.0014045238494873047 569
1726424123731 0.0019277334213256836 570
1726424123778 -0.005460143089294434 571
1726424123824 0.009773731231689453 572
1726424123871 -0.0010182857513427734 573
1726424123918 0.002688765525817871 574
1726424123960 -0.005967378616333008 575
1726424123999 -0.0013545751571655273 576
1726424124038 -0.0051468610763549805 577
1726424124077 0.008309006690979004 578
1726424124120 -0.000797271728515625 579
1726424124170 -0.013643503189086914 580
1726424124216 0.013326883316040039 581
1726424124255 0.0004868507385253906 582
1726424124297 -0.014832735061645508 583
1726424124337 -0.012926697731018066 584
1726424124376 0.017035841941833496 585
1726424124417 -0.02678513526916504 586
1726424124462 -0.013589859008789062 587
1726424124503 0.029291152954101562 588
1726424124548 0.004398345947265625 589
1726424124597 0.010009050369262695 590
1726424124658 -0.031263113021850586 591
1726424124698 -0.007357120513916016 592
1726424124737 0.020227551460266113 593
1726424124777 0.028937935829162598 594
1726424124816 -0.008854508399963379 595
1726424124858 -0.0019840002059936523 596
1726424124896 0.015582919120788574 597
1726424124937 -0.0037719011306762695 598
1726424124977 0.0017268657684326172 599
1726424125016 -0.006804943084716797 600
1726424125056 -0.013439059257507324 601
1726424125095 0.01279914379119873 602
1726424125135 -0.0003330707550048828 603
1726424125177 -0.0003510713577270508 604
1726424125217 0.001494765281677246 605
1726424125256 0.009288787841796875 606
1726424125297 -0.009406805038452148 607
1726424125338 -0.00860130786895752 608
1726424125378 -0.015461564064025879 609
1726424125422 0.009145498275756836 610
1726424125463 -0.017017483711242676 611
1726424125504 0.031352877616882324 612
1726424125546 0.005742907524108887 613
1726424125602 -0.004625678062438965 614
1726424125645 -0.0008945465087890625 615
1726424125700 -0.009530425071716309 616
1726424125754 0.010535836219787598 617
1726424125811 0.0024614334106445312 618
1726424125863 -0.003523707389831543 619
1726424125912 0.004151463508605957 620
1726424125957 0.0053550004959106445 621
1726424126009 -0.0048906803131103516 622
1726424126055 -0.00030934810638427734 623
1726424126103 -0.00981295108795166 624
1726424126150 -0.0064220428466796875 625
1726424126199 -0.0038819313049316406 626
1726424126250 0.008768439292907715 627
1726424126299 -0.0013080835342407227 628
1726424126350 0.0011082887649536133 629
1726424126402 -0.008689641952514648 630
1726424126453 -0.0013483762741088867 631
1726424126510 -0.010987997055053711 632
1726424126562 -0.009940624237060547 633
1726424126613 0.019076943397521973 634
1726424126663 0.016510486602783203 635
1726424126730 -0.001610398292541504 636
1726424126800 -0.01350855827331543 637
1726424126868 0.001692056655883789 638
1726424126921 0.009071707725524902 639
1726424126972 -0.002424478530883789 640
1726424127021 -0.008224725723266602 641
1726424127071 0.017247676849365234 642
1726424127122 -0.003872513771057129 643
1726424127171 0.011878013610839844 644
1726424127221 -0.008823752403259277 645
1726424127273 -0.002373218536376953 646
1726424127323 -0.005698680877685547 647
1726424127376 0.0028183460235595703 648
1726424127426 0.002091646194458008 649
1726424127479 -0.011383533477783203 650
1726424127528 -0.007601499557495117 651
1726424127581 -0.000596165657043457 652
1726424127633 0.020187020301818848 653
1726424127683 0.0098494291305542 654
1726424127736 0.0024739503860473633 655
1726424127789 -0.0021011829376220703 656
1726424127840 -0.01199328899383545 657
1726424127895 0.006035327911376953 658
1726424127947 0.004755377769470215 659
1726424127997 -0.004758596420288086 660
1726424128049 -0.021815776824951172 661
1726424128098 0.008973240852355957 662
1726424128150 -0.003233194351196289 663
1726424128200 -0.012503504753112793 664
1726424128251 0.011014580726623535 665
1726424128322 -0.0034145116806030273 666
1726424128380 -0.0150376558303833 667
1726424128431 0.012108683586120605 668
1726424128480 -0.01632094383239746 669
1726424128535 0.012309789657592773 670
1726424128599 -0.0009976625442504883 671
1726424128650 -0.012786388397216797 672
1726424128710 0.03294825553894043 673
1726424128761 0.006288886070251465 674
1726424128812 0.002138495445251465 675
1726424128878 0.0009194612503051758 676
1726424128939 0.005087852478027344 677
1726424128989 0.0005748271942138672 678
1726424129037 -0.01188969612121582 679
1726424129104 0.0006458759307861328 680
1726424129159 0.005844473838806152 681
1726424129209 -0.0006635189056396484 682
1726424129260 0.008041739463806152 683
1726424129314 -0.017014265060424805 684
1726424129365 0.005198955535888672 685
1726424129418 0.007673978805541992 686
1726424129471 -0.008468985557556152 687
1726424129522 -0.0017554759979248047 688
1726424129574 -0.003784775733947754 689
1726424129627 -0.004437804222106934 690
1726424129678 0.006974697113037109 691
1726424129732 0.003310680389404297 692
1726424129786 -0.0038794279098510742 693
1726424129840 0.0046045780181884766 694
1726424129898 0.0008244514465332031 695
1726424129962 0.0018165111541748047 696
1726424130028 0.0032935142517089844 697
1726424130101 0.001621246337890625 698
1726424130148 -0.004037141799926758 699
1726424130191 0.0045053958892822266 700
1726424130232 -0.004490375518798828 701
1726424130279 0.002263784408569336 702
1726424130321 -0.005077362060546875 703
1726424130363 -0.0008456707000732422 704
1726424130406 -0.005991339683532715 705
1726424130447 0.00307464599609375 706
1726424130488 -0.0029889345169067383 707
1726424130529 0.003542184829711914 708
1726424130569 0.011049151420593262 709
1726424130610 -0.0064629316329956055 710
1726424130650 0.004723787307739258 711
1726424130690 -0.00873422622680664 712
1726424130731 -0.009254813194274902 713
1726424130778 -0.021877646446228027 714
1726424130820 0.027768850326538086 715
1726424130861 0.017081022262573242 716
1726424130903 -0.009385108947753906 717
1726424130947 0.0009870529174804688 718
1726424130992 -0.0001678466796875 719
1726424131040 -0.004607558250427246 720
1726424131090 0.0021914243698120117 721
1726424131133 -0.008491158485412598 722
1726424131176 -0.008305907249450684 723
1726424131228 0.006887912750244141 724
1726424131283 -0.004249691963195801 725
1726424131331 0.00439000129699707 726
1726424131373 0.00555729866027832 727
1726424131419 0.004966616630554199 728
1726424131462 0.0031332969665527344 729
1726424131504 0.008105993270874023 730
1726424131548 -0.007689476013183594 731
1726424131594 -0.007960915565490723 732
1726424131638 0.004286646842956543 733
1726424131687 0.0034543275833129883 734
1726424131731 0.004325270652770996 735
1726424131778 -0.009831547737121582 736
1726424131820 -0.007009387016296387 737
1726424131863 0.01565563678741455 738
1726424131903 -0.0041855573654174805 739
1726424131944 -0.021095752716064453 740
1726424131984 -0.004687309265136719 741
1726424132023 0.02169978618621826 742
1726424132063 0.00871288776397705 743
1726424132102 -0.027724385261535645 744
1726424132143 0.0017746686935424805 745
1726424132183 -0.0018353462219238281 746
1726424132223 0.018949151039123535 747
1726424132262 -0.0033103227615356445 748
1726424132303 0.00907742977142334 749
1726424132342 -0.00903010368347168 750
1726424132381 0.0035396814346313477 751
1726424132430 -0.00024366378784179688 752
1726424132471 0.0031223297119140625 753
1726424132516 0.003588557243347168 754
1726424132560 0.0012716054916381836 755
1726424132604 -0.002754688262939453 756
1726424132646 -4.220008850097656e-05 757
1726424132695 -0.0021331310272216797 758
1726424132735 -0.02715611457824707 759
1726424132776 0.013196349143981934 760
1726424132816 0.00900876522064209 761
1726424132856 -0.002855539321899414 762
1726424132897 0.0011484622955322266 763
1726424132943 -0.006833791732788086 764
1726424132984 -0.008159637451171875 765
1726424133026 0.016111135482788086 766
1726424133067 -0.004750370979309082 767
1726424133111 0.009613871574401855 768
1726424133152 -0.001356363296508789 769
1726424133195 -0.014299869537353516 770
1726424133234 -0.003688335418701172 771
1726424133275 0.006106853485107422 772
1726424133316 -0.002321958541870117 773
1726424133361 -0.01636815071105957 774
1726424133405 -0.012961745262145996 775
1726424133449 -0.0031429529190063477 776
1726424133497 0.002391338348388672 777
1726424133548 -0.0007166862487792969 778
1726424133592 0.021834969520568848 779
1726424133640 -0.01644277572631836 780
1726424133686 -0.0013036727905273438 781
1726424133726 0.0011196136474609375 782
1726424133772 -0.0002447366714477539 783
1726424133816 -0.009847879409790039 784
1726424133855 -0.008736133575439453 785
1726424133903 -3.3020973205566406e-05 786
1726424133946 0.019857168197631836 787
1726424133987 0.01841259002685547 788
1726424134027 -0.023311734199523926 789
1726424134066 0.026053309440612793 790
1726424134105 0.0019203424453735352 791
1726424134144 -0.013463854789733887 792
1726424134183 0.0054808855056762695 793
1726424134222 0.009252548217773438 794
1726424134261 -0.006635785102844238 795
1726424134301 -0.0027505159378051758 796
1726424134342 0.021183013916015625 797
1726424134383 -0.02700185775756836 798
1726424134425 -0.0015459060668945312 799
1726424134466 -0.0011078119277954102 800
1726424134507 -0.012452960014343262 801
1726424134548 -0.0035657882690429688 802
1726424134587 -0.005625247955322266 803
1726424134627 -0.001989603042602539 804
1726424134669 -7.152557373046875e-06 805
1726424134709 0.0002837181091308594 806
1726424134751 -0.0017582178115844727 807
1726424134793 0.01643669605255127 808
1726424134837 -0.002449512481689453 809
1726424134883 0.0028568506240844727 810
1726424134928 -0.009766697883605957 811
1726424134977 -0.0067882537841796875 812
1726424135023 -4.0411949157714844e-05 813
1726424135067 -4.1604042053222656e-05 814
1726424135113 0.030979394912719727 815
1726424135157 0.02740919589996338 816
1726424135200 0.007901310920715332 817
1726424135247 -0.00018930435180664062 818
1726424135288 -0.012125849723815918 819
1726424135330 -0.017673850059509277 820
1726424135372 0.00579679012298584 821
1726424135415 -0.004022717475891113 822
1726424135459 -0.002737879753112793 823
1726424135501 -0.0022982358932495117 824
1726424135543 0.015863656997680664 825
1726424135585 -0.0011833906173706055 826
1726424135628 -0.01711869239807129 827
1726424135672 -0.0009881258010864258 828
1726424135713 0.016042709350585938 829
1726424135757 0.0011816024780273438 830
1726424135798 -0.004018545150756836 831
1726424135838 0.0053871870040893555 832
1726424135890 0.0001494884490966797 833
1726424135931 -0.02513253688812256 834
1726424135972 0.00015974044799804688 835
1726424136013 0.020093917846679688 836
1726424136052 -0.015449285507202148 837
1726424136092 -0.0034717321395874023 838
1726424136134 0.02325570583343506 839
1726424136175 -0.014641046524047852 840
1726424136215 0.0006861686706542969 841
1726424136255 -0.004259228706359863 842
1726424136299 -0.0071642398834228516 843
1726424136342 -0.0014443397521972656 844
1726424136387 -0.0009981393814086914 845
1726424136429 -0.021413564682006836 846
1726424136470 -9.059906005859375e-06 847
1726424136518 0.0012736320495605469 848
1726424136562 -5.245208740234375e-05 849
1726424136606 0.016455531120300293 850
1726424136646 -0.0018159151077270508 851
1726424136688 0.02429342269897461 852
1726424136728 0.017783284187316895 853
1726424136769 0.0034787654876708984 854
1726424136810 0.002633810043334961 855
1726424136854 0.0024682283401489258 856
1726424136894 -0.006671428680419922 857
1726424136936 -0.024614810943603516 858
1726424136975 0.000500798225402832 859
1726424137020 -0.0032176971435546875 860
1726424137061 0.01748371124267578 861
1726424137100 0.002204298973083496 862
1726424137140 -0.019475221633911133 863
1726424137181 -0.003307819366455078 864
1726424137220 -0.0021469593048095703 865
1726424137261 0.0025589466094970703 866
1726424137302 -0.006626605987548828 867
1726424137342 0.00319516658782959 868
1726424137382 -0.0005425214767456055 869
1726424137422 -0.0005555152893066406 870
1726424137461 -0.0005692243576049805 871
1726424137502 -0.0029610395431518555 872
1726424137544 0.021352052688598633 873
1726424137586 0.0015712976455688477 874
1726424137637 -0.004348635673522949 875
1726424137686 -0.008721351623535156 876
1726424137730 0.015058040618896484 877
1726424137771 0.0015861988067626953 878
1726424137813 0.0031720399856567383 879
1726424137854 -0.00045228004455566406 880
1726424137894 0.008265256881713867 881
1726424137935 -0.0008881092071533203 882
1726424137975 0.0004572868347167969 883
1726424138017 -0.021359562873840332 884
1726424138063 -0.0026879310607910156 885
1726424138109 0.007967233657836914 886
1726424138157 -0.0009844303131103516 887
1726424138198 -0.012421131134033203 888
1726424138236 -0.004102468490600586 889
1726424138275 -0.0006543397903442383 890
1726424138314 -0.002095341682434082 891
1726424138353 -0.0024340152740478516 892
1726424138393 -0.0008409023284912109 893
1726424138435 0.0029726028442382812 894
1726424138475 -0.002586841583251953 895
1726424138515 -0.0027043819427490234 896
1726424138555 -0.002897500991821289 897
1726424138595 0.0012146234512329102 898
1726424138636 -0.016567349433898926 899
1726424138677 -7.963180541992188e-05 900
1726424138729 -8.14199447631836e-05 901
1726424138782 -8.308887481689453e-05 902
1726424138827 0.004994869232177734 903
1726424138870 -0.006507158279418945 904
1726424138916 -0.0024628639221191406 905
1726424138963 -0.00020372867584228516 906
1726424139006 -0.0002104043960571289 907
1726424139051 -0.00021660327911376953 908
1726424139093 -0.00022399425506591797 909
1726424139139 0.02400672435760498 910
1726424139190 -0.0025714635848999023 911
1726424139235 -0.0009568929672241211 912
1726424139278 0.007347226142883301 913
1726424139318 -0.0018553733825683594 914
1726424139363 -0.0020761489868164062 915
1726424139404 -0.0043408870697021484 916
1726424139448 0.0019392967224121094 917
1726424139491 0.012470722198486328 918
1726424139531 -0.012275218963623047 919
1726424139571 -0.0076868534088134766 920
1726424139610 -0.0037658214569091797 921
1726424139649 -0.004997611045837402 922
1726424139690 -0.005439639091491699 923
1726424139729 -0.0004923343658447266 924
1726424139769 -0.0005791187286376953 925
1726424139837 -0.0006988048553466797 926
1726424139882 -0.0008745193481445312 927
1726424139923 -0.0008461475372314453 928
1726424139965 0.0018339157104492188 929
1726424140008 -0.0005835294723510742 930
1726424140048 -0.0007612705230712891 931
1726424140089 -0.001091599464416504 932
1726424140129 -0.002087116241455078 933
1726424140168 -0.0005362033843994141 934
1726424140209 -0.0001430511474609375 935
1726424140250 -0.0001443624496459961 936
1726424140294 -0.00014531612396240234 937
1726424140335 -0.00014662742614746094 938
1726424140378 -0.00014781951904296875 939
1726424140420 -0.00014901161193847656 940
1726424140462 -0.00015032291412353516 941
1726424140503 -0.0001513957977294922 942
1726424140544 -0.00015270709991455078 943
1726424140585 -0.00015413761138916016 944
1726424140626 -0.00015544891357421875 945
1726424140674 -0.00015664100646972656 946
1726424140727 -0.00015795230865478516 947
1726424140780 -0.00015974044799804688 948
1726424140834 -0.00016069412231445312 949
1726424140898 -0.00016236305236816406 950
1726424140967 -0.00016379356384277344 951
1726424141037 -0.0001653432846069336 952
1726424141102 -0.00016677379608154297 953
1726424141163 -0.00016832351684570312 954
1726424141210 -0.00016999244689941406 955
1726424141256 -0.000171661376953125 956
1726424141305 -0.00017309188842773438 957
1726424141352 -0.0001747608184814453 958
1726424141400 -0.0001766681671142578 959
1726424141448 -0.00017821788787841797 960
1726424141515 -0.0001800060272216797 961
1726424141584 0.025394797325134277 962
1726424141651 -0.0006880760192871094 963
1726424141699 -0.010692119598388672 964
1726424141748 -4.76837158203125e-07 965
1726424141798 -2.384185791015625e-07 966
1726424141847 -4.76837158203125e-07 967
1726424141897 -4.76837158203125e-07 968
1726424141946 -3.5762786865234375e-07 969
1726424141993 -4.76837158203125e-07 970
1726424142041 -5.960464477539062e-07 971
1726424142088 -0.0007898807525634766 972
1726424142138 -0.003631114959716797 973
1726424142186 -0.00029778480529785156 974
1726424142235 0.011718034744262695 975
1726424142283 -0.00696253776550293 976
1726424142332 -0.0001316070556640625 977
1726424142381 -0.00010192394256591797 978
1726424142431 -0.00010657310485839844 979
1726424142479 -0.00011181831359863281 980
1726424142529 -0.00011706352233886719 981
1726424142577 -0.0001226663589477539 982
1726424142627 -0.0001289844512939453 983
1726424142675 -0.00013518333435058594 984
1726424142724 -0.0001423358917236328 985
1726424142772 -0.0001499652862548828 986
1726424142820 0.022936582565307617 987
1726424142872 -0.012375950813293457 988
1726424142922 -0.0027059316635131836 989
1726424142969 -0.0034613609313964844 990
1726424143019 -0.005289196968078613 991
1726424143067 -0.002503514289855957 992
1726424143118 -0.00029587745666503906 993
1726424143166 -0.0003088712692260742 994
1726424143218 -0.0003224611282348633 995
1726424143267 -0.0003370046615600586 996
1726424143316 -0.00035250186920166016 997
1726424143364 -0.00021982192993164062 998
1726424143412 -0.0001857280731201172 999
