1726431919204 2e-05 0
1726431919261 -0.008228540420532227 1
1726431919316 0.1105985939502716 2
1726431919373 -0.09478524327278137 3
1726431919432 0.10453870892524719 4
1726431919489 0.09643658995628357 5
1726431919543 -0.21751487255096436 6
1726431919603 0.02265472710132599 7
1726431919664 0.3454149216413498 8
1726431919735 0.08864450454711914 9
1726431919815 -0.140630841255188 10
1726431919876 -0.1586412936449051 11
1726431919940 -0.14372830092906952 12
1726431920008 0.008820414543151855 13
1726431920079 -0.007196903228759766 14
1726431920148 -0.019136905670166016 15
1726431920204 0.006437182426452637 16
1726431920259 0.05080564320087433 17
1726431920314 -0.010581716895103455 18
1726431920381 -0.0006873160600662231 19
1726431920450 0.04035826027393341 20
1726431920526 0.03448578715324402 21
1726431920575 -0.03323891758918762 22
1726431920626 -0.008251845836639404 23
1726431920677 -0.08042570948600769 24
1726431920729 0.1677178293466568 25
1726431920769 0.23617003858089447 26
1726431920809 0.0797429084777832 27
1726431920852 -0.3210284262895584 28
1726431920893 -0.05004487931728363 29
1726431920937 0.03940372169017792 30
1726431920978 -0.0725376158952713 31
1726431921018 -0.03076593577861786 32
1726431921060 -0.042324766516685486 33
1726431921104 0.1393572837114334 34
1726431921144 -0.14576399326324463 35
1726431921187 0.07279519736766815 36
1726431921228 -0.045783475041389465 37
1726431921268 -0.0051077380776405334 38
1726431921316 -0.010774917900562286 39
1726431921357 0.0047304630279541016 40
1726431921398 -0.005539417266845703 41
1726431921439 -0.0005664825439453125 42
1726431921481 0.008762001991271973 43
1726431921533 0.10047835111618042 44
1726431921596 0.4392749071121216 45
1726431921650 -0.1632119119167328 46
1726431921711 -0.17584434151649475 47
1726431921762 0.023080289363861084 48
1726431921826 -0.08508269488811493 49
1726431921869 -0.03652764856815338 50
1726431921919 -0.10460633039474487 51
1726431921963 0.019013017416000366 52
1726431922005 -0.048859208822250366 53
1726431922050 -0.00831305980682373 54
1726431922102 -0.001450657844543457 55
1726431922160 -0.009329915046691895 56
1726431922209 0.054716527462005615 57
1726431922248 0.1025489866733551 58
1726431922288 0.06287291646003723 59
1726431922331 -0.05542868375778198 60
1726431922372 -0.07666875422000885 61
1726431922413 -0.01937699317932129 62
1726431922465 -0.01452164351940155 63
1726431922512 -0.001863241195678711 64
1726431922554 0.005387172102928162 65
1726431922593 0.1300627887248993 66
1726431922632 -0.057589128613471985 67
1726431922671 -0.10972821712493896 68
1726431922710 0.09073840081691742 69
1726431922749 -0.06518498063087463 70
1726431922789 -0.003967985510826111 71
1726431922829 0.0030596479773521423 72
1726431922869 -0.017839185893535614 73
1726431922909 0.3400455117225647 74
1726431922948 0.3274296522140503 75
1726431922987 0.2078697681427002 76
1726431923026 -0.4874027371406555 77
1726431923066 -0.195625901222229 78
1726431923111 -0.18833684921264648 79
1726431923153 0.23629862070083618 80
1726431923214 0.41171854734420776 81
1726431923284 0.007066011428833008 82
1726431923327 -0.40481138229370117 83
1726431923366 -0.23238599300384521 84
1726431923405 -0.018888235092163086 85
1726431923445 0.04023858904838562 86
1726431923484 0.019061215221881866 87
1726431923523 -0.0448978915810585 88
1726431923564 -0.014183521270751953 89
1726431923604 0.1100206971168518 90
1726431923645 0.15291890501976013 91
1726431923685 0.060478389263153076 92
1726431923728 0.11493685841560364 93
1726431923767 -0.10682299733161926 94
1726431923808 0.07315331697463989 95
1726431923848 -0.35141681134700775 96
1726431923887 0.044432833790779114 97
1726431923927 0.021606802940368652 98
1726431923967 0.2194029986858368 99
1726431924007 -0.020607292652130127 100
1726431924047 0.23061034083366394 101
1726431924087 -0.3465818762779236 102
1726431924127 0.11042746901512146 103
1726431924166 -0.18285220861434937 104
1726431924206 0.02387462556362152 105
1726431924246 -0.04625360667705536 106
1726431924287 -0.09238222241401672 107
1726431924343 0.13029725849628448 108
1726431924394 -0.058360353112220764 109
1726431924445 0.1820463240146637 110
1726431924496 -0.05422613024711609 111
1726431924544 0.010407745838165283 112
1726431924590 -0.0345611572265625 113
1726431924640 -0.10609588027000427 114
1726431924691 -0.09247061610221863 115
1726431924738 0.13629910349845886 116
1726431924793 -0.1073298454284668 117
1726431924850 0.1581631600856781 118
1726431924891 -0.046044930815696716 119
1726431924934 -0.08829407393932343 120
1726431924973 0.2238844335079193 121
1726431925011 0.3386591672897339 122
1726431925051 -0.36324799060821533 123
1726431925090 -0.07199560105800629 124
1726431925129 -0.1677260547876358 125
1726431925168 -0.004758402705192566 126
1726431925207 -0.002301052212715149 127
1726431925247 0.010775923728942871 128
1726431925287 0.04711146652698517 129
1726431925326 -0.05496402084827423 130
1726431925365 0.010318636894226074 131
1726431925404 0.01040494441986084 132
1726431925443 -0.007870793342590332 133
1726431925482 -0.008213996887207031 134
1726431925524 0.0005347728729248047 135
1726431925564 -0.018078971654176712 136
1726431925604 0.010546348989009857 137
1726431925644 0.06199122592806816 138
1726431925684 0.36342813074588776 139
1726431925724 -0.11290255188941956 140
1726431925764 0.01819312572479248 141
1726431925805 -0.27411436289548874 142
1726431925846 0.20458366721868515 143
1726431925885 -0.24173708260059357 144
1726431925925 0.23843006789684296 145
1726431925965 0.10640949010848999 146
1726431926005 0.3801124393939972 147
1726431926045 -0.49963462352752686 148
1726431926086 -0.1424763798713684 149
1726431926129 0.15384989976882935 150
1726431926169 0.035979658365249634 151
1726431926209 0.03523319959640503 152
1726431926249 -0.279516763985157 153
1726431926290 -0.05026546120643616 154
1726431926332 0.053861312568187714 155
1726431926373 0.01972697675228119 156
1726431926413 -0.06089732050895691 157
1726431926454 0.10844811797142029 158
1726431926495 -0.11332497000694275 159
1726431926535 0.10272273421287537 160
1726431926576 -0.08790406584739685 161
1726431926618 -0.013350129127502441 162
1726431926659 -0.000954747200012207 163
1726431926700 -0.0036623477935791016 164
1726431926749 0.15343059599399567 165
1726431926801 -0.03531162440776825 166
1726431926856 -0.11883565783500671 167
1726431926899 0.08337767422199249 168
1726431926954 0.3709382265806198 169
1726431926996 -0.39573104679584503 170
1726431927037 0.12291285395622253 171
1726431927083 -0.07722131907939911 172
1726431927122 0.13518407940864563 173
1726431927162 -0.06503826379776001 174
1726431927202 -0.15592046082019806 175
1726431927241 -0.020884737372398376 176
1726431927284 0.0033467821776866913 177
1726431927332 0.04019586369395256 178
1726431927375 0.14218630641698837 179
1726431927419 -0.1799582690000534 180
1726431927473 0.04409384727478027 181
1726431927519 -0.050745368003845215 182
1726431927558 0.04994480311870575 183
1726431927597 -0.02920430898666382 184
1726431927639 -0.004123792052268982 185
1726431927683 0.07341703772544861 186
1726431927723 0.23528525233268738 187
1726431927764 -0.28967008739709854 188
1726431927804 0.05053076893091202 189
1726431927845 0.2775530219078064 190
1726431927885 -0.31283511221408844 191
1726431927925 -0.025601036846637726 192
1726431927966 -0.026611782610416412 193
1726431928010 -0.01111149787902832 194
1726431928051 0.10133984684944153 195
1726431928098 0.08365592360496521 196
1726431928142 0.3147308826446533 197
1726431928186 -0.24967259168624878 198
1726431928236 -0.10124638676643372 199
1726431928284 0.007820665836334229 200
1726431928328 0.13766902685165405 201
1726431928372 -0.10864610970020294 202
1726431928443 -0.17787452042102814 203
1726431928490 0.03451932966709137 204
1726431928551 0.06746141612529755 205
1726431928617 0.12121391296386719 206
1726431928688 -0.12275683879852295 207
1726431928741 -0.09178382158279419 208
1726431928799 0.0024062395095825195 209
1726431928848 0.08189660310745239 210
1726431928889 -0.11602705717086792 211
1726431928931 0.0046503543853759766 212
1726431928984 0.03972180187702179 213
1726431929028 -0.03973861038684845 214
1726431929070 0.027421291917562485 215
1726431929118 -0.023901280015707016 216
1726431929162 0.32928919792175293 217
1726431929202 -0.07817834615707397 218
1726431929241 -0.13190671801567078 219
1726431929284 -0.031930819153785706 220
1726431929325 0.25372157990932465 221
1726431929366 -0.12286871671676636 222
1726431929405 -0.015545189380645752 223
1726431929451 -0.16752570867538452 224
1726431929491 0.00941479206085205 225
1726431929530 0.13501881062984467 226
1726431929571 0.16668309271335602 227
1726431929611 0.0771995484828949 228
1726431929650 -0.20215556025505066 229
1726431929690 -0.045070841908454895 230
1726431929729 -0.13335828483104706 231
1726431929769 -0.033292174339294434 232
1726431929808 0.006587449461221695 233
1726431929855 0.025648634880781174 234
1726431929895 -0.05237482488155365 235
1726431929934 0.038964398205280304 236
1726431929973 0.07108423858880997 237
1726431930012 -0.06598060578107834 238
1726431930055 0.18867243081331253 239
1726431930096 -0.1871744990348816 240
1726431930135 -0.005776748061180115 241
1726431930174 0.006495818495750427 242
1726431930213 0.030897095799446106 243
1726431930252 -0.03257174789905548 244
1726431930291 0.0633576363325119 245
1726431930331 0.28869839012622833 246
1726431930375 -0.17157132923603058 247
1726431930416 -0.022441565990447998 248
1726431930461 0.17294396460056305 249
1726431930501 -0.13525062799453735 250
1726431930542 -0.1028936505317688 251
1726431930584 -0.011052504181861877 252
1726431930625 -0.031250253319740295 253
1726431930670 0.022598683834075928 254
1726431930719 0.19389814138412476 255
1726431930779 -0.05808636546134949 256
1726431930821 0.2374657392501831 257
1726431930883 -0.31803250312805176 258
1726431930945 0.12819397449493408 259
1726431930990 0.054158419370651245 260
1726431931033 0.08531695604324341 261
1726431931102 -0.21916042268276215 262
1726431931158 -0.16222231090068817 263
1726431931203 0.16989433765411377 264
1726431931272 0.23308470845222473 265
1726431931331 -0.2893355041742325 266
1726431931380 -0.032204046845436096 267
1726431931421 -0.019170492887496948 268
1726431931463 -0.08340290188789368 269
1726431931518 0.027857109904289246 270
1726431931581 -0.004874080419540405 271
1726431931627 0.029307253658771515 272
1726431931680 -0.06105002015829086 273
1726431931725 0.0007892400026321411 274
1726431931765 -0.022831276059150696 275
1726431931805 0.010088682174682617 276
1726431931851 0.04367813467979431 277
1726431931900 -0.009209364652633667 278
1726431931947 0.07604214549064636 279
1726431931989 0.04161277413368225 280
1726431932032 0.19952401518821716 281
1726431932078 -0.1319560706615448 282
1726431932127 -0.08314383029937744 283
1726431932170 -0.11413693428039551 284
1726431932213 -0.013347744941711426 285
1726431932259 0.06456772983074188 286
1726431932303 0.257687047123909 287
1726431932345 -0.07911396026611328 288
1726431932383 0.23446893692016602 289
1726431932422 -0.12776386737823486 290
1726431932461 0.46075528860092163 291
1726431932499 0.049212634563446045 292
1726431932538 -0.5876239538192749 293
1726431932585 -0.16005998849868774 294
1726431932625 -0.08077949285507202 295
1726431932666 0.07414717972278595 296
1726431932706 -0.08952970802783966 297
1726431932748 0.07586219906806946 298
1726431932789 -0.06621113419532776 299
1726431932835 0.07984223961830139 300
1726431932884 0.01254245638847351 301
1726431932935 -0.0870741605758667 302
1726431932982 -0.00084686279296875 303
1726431933026 0.1899709701538086 304
1726431933075 -0.188884936273098 305
1726431933120 0.042225271463394165 306
1726431933166 0.06470780819654465 307
1726431933208 0.10124802589416504 308
1726431933249 -0.06651414930820465 309
1726431933288 -0.12759917974472046 310
1726431933329 0.02146921306848526 311
1726431933369 -0.07012369483709335 312
1726431933408 0.08327582478523254 313
1726431933447 -0.0806378573179245 314
1726431933495 -0.012900218367576599 315
1726431933544 0.02032291889190674 316
1726431933588 0.14970873296260834 317
1726431933646 -0.13021384179592133 318
1726431933705 -0.001505136489868164 319
1726431933771 0.004193544387817383 320
1726431933813 -0.0004680156707763672 321
1726431933866 0.08342653512954712 322
1726431933919 -0.08975058794021606 323
1726431933962 0.002213716506958008 324
1726431934001 -0.00441586971282959 325
1726431934049 -0.000347137451171875 326
1726431934089 -0.0038377046585083008 327
1726431934136 0.0009073019027709961 328
1726431934185 0.03195160627365112 329
1726431934229 -0.039177000522613525 330
1726431934269 0.15636910498142242 331
1726431934314 -0.12133925408124924 332
1726431934360 0.08415903896093369 333
1726431934404 -0.05313371866941452 334
1726431934445 -0.07071518152952194 335
1726431934491 0.007550477981567383 336
1726431934531 0.08817964792251587 337
1726431934571 0.009526580572128296 338
1726431934619 0.011810094118118286 339
1726431934663 0.06611280143260956 340
1726431934710 -0.1582803577184677 341
1726431934779 -0.009072303771972656 342
1726431934839 -0.0024656057357788086 343
1726431934919 0.019393712282180786 344
1726431934978 0.015878617763519287 345
1726431935016 -0.017972946166992188 346
1726431935054 -0.04638049006462097 347
1726431935093 0.035369873046875 348
1726431935132 0.014555364847183228 349
1726431935170 -0.03212564438581467 350
1726431935210 0.019232772290706635 351
1726431935251 -0.01759958267211914 352
1726431935289 -0.006171822547912598 353
1726431935328 0.01086115837097168 354
1726431935369 0.03293122351169586 355
1726431935422 0.16811995208263397 356
1726431935479 -0.16407503187656403 357
1726431935538 0.1342800259590149 358
1726431935576 -0.16418185085058212 359
1726431935635 -0.000756584107875824 360
1726431935683 -0.003701925277709961 361
1726431935724 0.01682373881340027 362
1726431935762 0.08114153146743774 363
1726431935802 -0.025827765464782715 364
1726431935844 0.044148653745651245 365
1726431935883 -0.09982573986053467 366
1726431935922 -0.015824079513549805 367
1726431935961 0.06655851006507874 368
1726431935999 -0.09772148728370667 369
1726431936038 0.00498652458190918 370
1726431936077 0.03519999980926514 371
1726431936116 0.06656044721603394 372
1726431936156 -0.06106831133365631 373
1726431936195 0.15617887675762177 374
1726431936234 0.013408079743385315 375
1726431936273 -0.13313980400562286 376
1726431936313 0.04589459300041199 377
1726431936360 -0.10058987140655518 378
1726431936406 -0.004952646791934967 379
1726431936448 -0.04326965659856796 380
1726431936487 -0.0021598339080810547 381
1726431936526 0.03963196277618408 382
1726431936570 -0.02575814723968506 383
1726431936612 0.021882295608520508 384
1726431936659 0.0011407136917114258 385
1726431936710 -0.02281320095062256 386
1726431936755 0.07650025188922882 387
1726431936794 -0.07206638157367706 388
1726431936842 0.0489635169506073 389
1726431936885 -0.0414101779460907 390
1726431936939 0.008029699325561523 391
1726431936983 0.010782480239868164 392
1726431937026 -0.0018396377563476562 393
1726431937069 -0.010128974914550781 394
1726431937125 0.029183030128479004 395
1726431937169 -0.017612047493457794 396
1726431937217 0.08140108734369278 397
1726431937268 0.004259243607521057 398
1726431937309 -0.06677453219890594 399
1726431937353 -0.018516063690185547 400
1726431937406 0.011695235967636108 401
1726431937466 0.05050493776798248 402
1726431937509 -0.052339181303977966 403
1726431937549 -0.032500121742486954 404
1726431937593 -0.009862806648015976 405
1726431937635 -0.010075094178318977 406
1726431937680 -0.0033588390797376633 407
1726431937742 0.06989538669586182 408
1726431937793 0.11946216225624084 409
1726431937852 0.022143974900245667 410
1726431937903 -0.12358276546001434 411
1726431937942 -0.027819596230983734 412
1726431937983 -0.008891738951206207 413
1726431938033 0.04189634323120117 414
1726431938074 -0.054653286933898926 415
1726431938119 0.0077817440032958984 416
1726431938164 -0.001113295555114746 417
1726431938205 -0.0012296438217163086 418
1726431938249 -0.001380324363708496 419
1726431938294 -0.0015839338302612305 420
1726431938334 -0.0018749237060546875 421
1726431938379 0.030298292636871338 422
1726431938425 -0.018868964165449142 423
1726431938476 -0.0028679557144641876 424
1726431938516 0.008815504610538483 425
1726431938555 0.0014091134071350098 426
1726431938594 0.017219074070453644 427
1726431938637 -0.029611989855766296 428
1726431938677 0.006239533424377441 429
1726431938718 0.07214042544364929 430
1726431938759 0.029920309782028198 431
1726431938804 -0.08578847348690033 432
1726431938848 -0.020197346806526184 433
1726431938891 -0.004381656646728516 434
1726431938931 -0.010690689086914062 435
1726431938973 0.027340173721313477 436
1726431939017 0.050220146775245667 437
1726431939057 -0.0567716509103775 438
1726431939104 0.00010025501251220703 439
1726431939143 -0.0026754140853881836 440
1726431939183 0.006930351257324219 441
1726431939222 0.015600062906742096 442
1726431939262 0.06572621315717697 443
1726431939308 -0.07841726392507553 444
1726431939350 0.031262822449207306 445
1726431939392 -0.052756085991859436 446
1726431939433 -0.0004475116729736328 447
1726431939487 0.019405528903007507 448
1726431939530 -0.009520933032035828 449
1726431939583 -0.006509900093078613 450
1726431939630 -0.004435896873474121 451
1726431939669 -0.0030426979064941406 452
1726431939709 -0.005465865135192871 453
1726431939749 -0.02429676055908203 454
1726431939789 -0.002659320831298828 455
1726431939828 0.015321612358093262 456
1726431939871 0.04321189969778061 457
1726431939914 0.006381787359714508 458
1726431939953 -0.000592350959777832 459
1726431939992 -0.0006897449493408203 460
1726431940031 0.10013309121131897 461
1726431940074 -0.014566808938980103 462
1726431940121 -0.1042117290198803 463
1726431940161 -0.0008723326027393341 464
1726431940206 0.0055522918701171875 465
1726431940246 0.00978630781173706 466
1726431940286 -0.008061230182647705 467
1726431940327 -0.0033452510833740234 468
1726431940368 -0.005656599998474121 469
1726431940408 0.0026865005493164062 470
1726431940448 -0.0030660629272460938 471
1726431940487 0.030753381550312042 472
1726431940527 -0.025945790112018585 473
1726431940566 -0.00157928466796875 474
1726431940607 0.017293721437454224 475
1726431940647 -0.023537665605545044 476
1726431940687 0.023215889930725098 477
1726431940728 -0.02619194984436035 478
1726431940767 -0.015059947967529297 479
1726431940808 0.01094663143157959 480
1726431940849 -0.009409785270690918 481
1726431940889 0.0026090145111083984 482
1726431940928 0.011583089828491211 483
1726431940967 -0.006842374801635742 484
1726431941007 -0.0075681209564208984 485
1726431941046 -0.0032951831817626953 486
1726431941085 0.11890050768852234 487
1726431941125 -0.0075997114181518555 488
1726431941165 -0.10894786193966866 489
1726431941205 0.01260097324848175 490
1726431941245 0.0013459362089633942 491
1726431941284 0.020888924598693848 492
1726431941324 -0.0027190446853637695 493
1726431941364 -0.006622631102800369 494
1726431941406 -0.021562974900007248 495
1726431941445 0.01684725657105446 496
1726431941485 -0.007470924407243729 497
1726431941528 -0.006426975131034851 498
1726431941568 -0.0048416852951049805 499
1726431941609 -0.00648653507232666 500
1726431941648 -0.008558034896850586 501
1726431941688 0.007458806037902832 502
1726431941728 0.02027273178100586 503
1726431941767 -0.020177483558654785 504
1726431941806 0.0055741071701049805 505
1726431941845 0.016077637672424316 506
1726431941884 -0.0046536922454833984 507
1726431941924 0.041296377778053284 508
1726431941963 -0.028773441910743713 509
1726431942006 0.011935710906982422 510
1726431942049 0.0008390322327613831 511
1726431942090 0.09744631499052048 512
1726431942134 -0.039274513721466064 513
1726431942176 -0.06143149733543396 514
1726431942228 -0.003255486488342285 515
1726431942270 -0.00039637088775634766 516
1726431942322 -0.00042724609375 517
1726431942372 0.00016951560974121094 518
1726431942411 0.006794452667236328 519
1726431942450 0.07013839483261108 520
1726431942489 0.040490299463272095 521
1726431942528 -0.13053366541862488 522
1726431942568 0.055184200406074524 523
1726431942612 -0.0483715794980526 524
1726431942651 0.007264208048582077 525
1726431942690 -0.002723313868045807 526
1726431942730 -0.027938030660152435 527
1726431942769 0.0037622861564159393 528
1726431942810 -0.012981455773115158 529
1726431942860 -0.0005257129669189453 530
1726431942904 0.04216407239437103 531
1726431942943 0.057311125099658966 532
1726431942984 -0.06657438725233078 533
1726431943022 0.006842613220214844 534
1726431943061 0.03147662431001663 535
1726431943099 -0.033883221447467804 536
1726431943140 -0.0014667510986328125 537
1726431943180 -0.0008628368377685547 538
1726431943219 -0.0009477138519287109 539
1726431943257 0.04787255823612213 540
1726431943296 -0.043262019753456116 541
1726431943335 -0.0014406442642211914 542
1726431943375 -0.0017995834350585938 543
1726431943414 -0.00848400592803955 544
1726431943453 -0.005630016326904297 545
1726431943492 -0.0013676881790161133 546
1726431943532 -0.0016851425170898438 547
1726431943570 0.07021908462047577 548
1726431943610 -0.06628195941448212 549
1726431943649 -0.0125809907913208 550
1726431943689 -0.0026770830154418945 551
1726431943728 -0.003927707672119141 552
1726431943767 0.008615758270025253 553
1726431943806 0.0010000206530094147 554
1726431943847 -0.0004698038101196289 555
1726431943901 -0.00047469139099121094 556
1726431943942 -0.00048041343688964844 557
1726431943983 -0.00048613548278808594 558
1726431944024 -0.0004925727844238281 559
1726431944065 -0.0004994869232177734 560
1726431944107 -0.0005068778991699219 561
1726431944157 0.0036568641662597656 562
1726431944209 -0.003772735595703125 563
1726431944258 -0.00032401084899902344 564
1726431944305 -0.0003287792205810547 565
1726431944350 -0.0003342628479003906 566
1726431944394 -0.0003399848937988281 567
1726431944439 -0.0003457069396972656 568
1726431944482 0.07060693204402924 569
1726431944525 -0.06287024915218353 570
1726431944568 -0.002927422523498535 571
1726431944610 -0.0005289316177368164 572
1726431944653 -0.0038535594940185547 573
1726431944696 -0.0007448196411132812 574
1726431944740 0.03770521283149719 575
1726431944783 -0.044054657220840454 576
1726431944825 -0.002312779426574707 577
1726431944868 0.002538442611694336 578
1726431944909 -0.001826167106628418 579
1726431944950 0.037282127887010574 580
1726431944991 -0.03389110043644905 581
1726431945031 0.007489442825317383 582
1726431945071 0.06634880602359772 583
1726431945112 -0.039728693664073944 584
1726431945158 0.0701841190457344 585
1726431945204 -0.04423077404499054 586
1726431945247 -0.02357422560453415 587
1726431945298 0.02850499004125595 588
1726431945344 -0.04949633777141571 589
1726431945392 0.005262851715087891 590
1726431945434 -0.002814769744873047 591
1726431945484 -0.003943443298339844 592
1726431945523 -0.005133152008056641 593
1726431945562 -0.0004184246063232422 594
1726431945601 -0.00042235851287841797 595
1726431945641 -0.00042641162872314453 596
1726431945681 -0.00043082237243652344 597
1726431945721 0.00716090202331543 598
1726431945762 -0.0035096406936645508 599
1726431945805 -0.0047827959060668945 600
1726431945845 -0.006329536437988281 601
1726431945887 0.01654636859893799 602
1726431945927 -0.006338715553283691 603
1726431945967 -0.004096269607543945 604
1726431946007 0.026720404624938965 605
1726431946047 -0.004538774490356445 606
1726431946087 -0.0011347532272338867 607
1726431946128 -0.014932394027709961 608
1726431946170 0.0014799833297729492 609
1726431946211 -0.002261519432067871 610
1726431946251 -0.012429237365722656 611
1726431946292 -0.011507153511047363 612
1726431946333 -0.0019954442977905273 613
1726431946375 -0.002415895462036133 614
1726431946417 -0.0016203941777348518 615
1726431946460 0.07482750434428453 616
1726431946508 -0.06116182170808315 617
1726431946548 0.024964189156889915 618
1726431946589 -0.014135003089904785 619
1726431946631 -0.000735163688659668 620
1726431946672 -0.0007648468017578125 621
1726431946713 -0.01275622844696045 622
1726431946755 -0.005449891090393066 623
1726431946795 -5.245208740234375e-05 624
1726431946838 -5.3882598876953125e-05 625
1726431946887 -5.5670738220214844e-05 626
1726431946937 -5.733966827392578e-05 627
1726431946997 -5.9485435485839844e-05 628
1726431947063 -6.151199340820312e-05 629
1726431947108 -0.00041484832763671875 630
1726431947169 -0.007146000862121582 631
1726431947234 -0.0001977682113647461 632
1726431947293 0.004855155944824219 633
1726431947341 -7.081031799316406e-05 634
1726431947388 -7.224082946777344e-05 635
1726431947445 -7.414817810058594e-05 636
1726431947495 -7.593631744384766e-05 637
1726431947543 -7.784366607666016e-05 638
1726431947595 -7.963180541992188e-05 639
1726431947644 -8.153915405273438e-05 640
1726431947694 0.05817866325378418 641
1726431947744 -0.0024181604385375977 642
1726431947794 -0.003018975257873535 643
1726431947844 -0.004105210304260254 644
1726431947894 -0.00586700439453125 645
1726431947944 -0.029354333877563477 646
1726431947993 -0.0025169849395751953 647
1726431948044 -0.003118753433227539 648
1726431948093 -0.004327297210693359 649
1726431948143 -0.0037097930908203125 650
1726431948193 -0.00010144710540771484 651
1726431948242 -0.00010454654693603516 652
1726431948293 -0.00010752677917480469 653
1726431948343 -0.000110626220703125 654
1726431948393 -0.0001138448715209961 655
1726431948442 -0.00011718273162841797 656
1726431948493 -0.00012063980102539062 657
1726431948549 -7.677078247070312e-05 658
1726431948608 -0.00017321109771728516 659
1726431948660 -0.00017774105072021484 660
1726431948704 -0.00018262863159179688 661
1726431948766 -0.00017571449279785156 662
1726431948825 -0.00015163421630859375 663
1726431948884 -0.000156402587890625 664
1726431948943 -7.462501525878906e-05 665
1726431949006 -4.374980926513672e-05 666
1726431949047 -4.4345855712890625e-05 667
1726431949088 -4.506111145019531e-05 668
1726431949137 -4.565715789794922e-05 669
1726431949179 -4.6253204345703125e-05 670
1726431949229 -4.7087669372558594e-05 671
1726431949287 0.02025318145751953 672
1726431949335 0.010879158973693848 673
1726431949396 -0.0022516250610351562 674
1726431949440 -0.002672910690307617 675
1726431949478 -0.003306865692138672 676
1726431949517 -0.0043942928314208984 677
1726431949556 -0.004653573036193848 678
1726431949595 0.01021873950958252 679
1726431949635 -0.0017194747924804688 680
1726431949674 0.0006102323532104492 681
1726431949713 -0.002829909324645996 682
1726431949753 -0.0029952526092529297 683
1726431949792 -0.004118919372558594 684
1726431949831 -0.0056105852127075195 685
1726431949871 -1.6570091247558594e-05 686
1726431949912 -1.71661376953125e-05 687
1726431949951 -1.7404556274414062e-05 688
1726431949990 -1.8358230590820312e-05 689
1726431950029 -1.8596649169921875e-05 690
1726431950068 -1.9073486328125e-05 691
1726431950108 -2.002716064453125e-05 692
1726431950147 -2.0265579223632812e-05 693
1726431950187 -2.09808349609375e-05 694
1726431950227 -2.1576881408691406e-05 695
1726431950266 -2.2292137145996094e-05 696
1726431950318 -2.288818359375e-05 697
1726431950372 -2.3603439331054688e-05 698
1726431950427 -2.4318695068359375e-05 699
1726431950477 -2.5033950805664062e-05 700
1726431950529 -2.586841583251953e-05 701
1726431950595 -2.658367156982422e-05 702
1726431950663 -2.765655517578125e-05 703
1726431950731 -2.8252601623535156e-05 704
1726431950802 -2.9087066650390625e-05 705
1726431950872 -3.0159950256347656e-05 706
1726431950925 -3.1113624572753906e-05 707
1726431950975 0.006977558135986328 708
1726431951025 -0.0047408342361450195 709
1726431951075 -0.0036693811416625977 710
1726431951126 -1.4781951904296875e-05 711
1726431951179 -1.5020370483398438e-05 712
1726431951234 -1.5497207641601562e-05 713
1726431951288 -1.5974044799804688e-05 714
1726431951344 -1.621246337890625e-05 715
1726431951399 -1.6808509826660156e-05 716
1726431951453 -1.728534698486328e-05 717
1726431951522 -1.7881393432617188e-05 718
1726431951578 -1.823902130126953e-05 719
1726431951626 -1.895427703857422e-05 720
1726431951673 -1.9311904907226562e-05 721
1726431951719 -1.9788742065429688e-05 722
1726431951764 -2.0503997802734375e-05 723
1726431951808 0.0017021894454956055 724
1726431951868 -2.6226043701171875e-05 725
1726431951918 -2.6702880859375e-05 726
1726431951962 -2.7418136596679688e-05 727
1726431952007 -2.8014183044433594e-05 728
1726431952050 -2.872943878173828e-05 729
1726431952092 -2.9325485229492188e-05 730
1726431952135 -3.0159950256347656e-05 731
1726431952178 -0.004072785377502441 732
1726431952220 -9.47713851928711e-05 733
1726431952261 -9.775161743164062e-05 734
1726431952303 -0.00010061264038085938 735
1726431952344 -0.00010347366333007812 736
1726431952386 -0.00010669231414794922 737
1726431952427 -0.00010979175567626953 738
1726431952468 -0.00011324882507324219 739
1726431952509 -0.0001163482666015625 740
1726431952550 -0.00012004375457763672 741
1726431952592 -0.00012362003326416016 742
1726431952633 -0.00012731552124023438 743
1726431952675 -0.00013136863708496094 744
1726431952716 -0.00013494491577148438 745
1726431952758 -0.0001392364501953125 746
1726431952799 -0.00014352798461914062 747
1726431952840 -0.00014793872833251953 748
1726431952882 -0.00015246868133544922 749
1726431952925 -0.00015723705291748047 750
1726431952966 -0.00016188621520996094 751
1726431953008 -0.0001671314239501953 752
1726431953050 -0.0001722574234008789 753
1726431953091 -0.00017786026000976562 754
1726431953132 -0.00018310546875 755
1726431953174 -0.00018918514251708984 756
1726431953215 -0.0001951456069946289 757
1726431953256 -0.00020134449005126953 758
1726431953296 -0.0002079010009765625 759
1726431953337 -0.00021445751190185547 760
1726431953378 -0.00022161006927490234 761
1726431953419 -0.0002086162567138672 762
1726431953460 -0.00019049644470214844 763
1726431953536 -0.0001952648162841797 764
1726431953584 -0.0002002716064453125 765
1726431953622 -9.071826934814453e-05 766
1726431953662 -4.8995018005371094e-05 767
1726431953706 -4.9591064453125e-05 768
1726431953750 -5.042552947998047e-05 769
1726431953789 -5.1021575927734375e-05 770
1726431953829 -5.161762237548828e-05 771
1726431953870 -5.245208740234375e-05 772
1726431953911 -5.3048133850097656e-05 773
1726431953952 -5.3882598876953125e-05 774
1726431953993 -5.459785461425781e-05 775
1726431954033 -5.543231964111328e-05 776
1726431954072 -5.614757537841797e-05 777
1726431954112 -5.698204040527344e-05 778
1726431954152 -0.0002715587615966797 779
1726431954192 -6.210803985595703e-05 780
1726431954233 -6.29425048828125e-05 781
1726431954276 -6.413459777832031e-05 782
1726431954325 -6.496906280517578e-05 783
1726431954365 -6.628036499023438e-05 784
1726431954405 0.0024285316467285156 785
1726431954445 -0.00024688243865966797 786
1726431954485 -0.00025343894958496094 787
1726431954525 -0.0002599954605102539 788
1726431954564 -0.00026702880859375 789
1726431954604 -0.0002740621566772461 790
1726431954644 -0.0002816915512084961 791
1726431954684 -0.00028908252716064453 792
1726431954726 -0.0002684593200683594 793
1726431954767 -0.00023543834686279297 794
1726431954814 -0.00024271011352539062 795
1726431954864 -0.00025081634521484375 796
1726431954908 -0.0002589225769042969 797
1726431954950 -0.00026738643646240234 798
1726431954992 -0.00027632713317871094 799
1726431955032 -0.0002180337905883789 800
1726431955073 -9.59634780883789e-05 801
1726431955114 -9.810924530029297e-05 802
1726431955157 -0.00010013580322265625 803
1726431955199 -0.00010287761688232422 804
1726431955239 -0.00010514259338378906 805
1726431955280 -0.00010788440704345703 806
1726431955321 -0.00011038780212402344 807
1726431955360 -0.00011324882507324219 808
1726431955400 -0.0001163482666015625 809
1726431955445 0.004426360130310059 810
1726431955486 -0.00011324882507324219 811
1726431955527 -4.088878631591797e-05 812
1726431955569 -4.124641418457031e-05 813
1726431955625 -4.184246063232422e-05 814
1726431955671 -4.208087921142578e-05 815
1726431955718 -4.267692565917969e-05 816
1726431955762 -4.3392181396484375e-05 817
1726431955806 -4.363059997558594e-05 818
1726431955861 -4.4345855712890625e-05 819
1726431955918 -4.482269287109375e-05 820
1726431955964 -4.5299530029296875e-05 821
1726431956015 -4.57763671875e-05 822
1726431956057 -4.649162292480469e-05 823
1726431956099 -4.696846008300781e-05 824
1726431956146 -4.780292510986328e-05 825
1726431956205 -4.8279762268066406e-05 826
1726431956251 -4.875659942626953e-05 827
1726431956293 -4.947185516357422e-05 828
1726431956341 -5.030632019042969e-05 829
1726431956384 -5.078315734863281e-05 830
1726431956428 -5.14984130859375e-05 831
1726431956479 -5.233287811279297e-05 832
1726431956525 -5.3048133850097656e-05 833
1726431956568 -5.364418029785156e-05 834
1726431956617 -5.435943603515625e-05 835
1726431956667 -5.53131103515625e-05 836
1726431956734 -5.602836608886719e-05 837
1726431956786 -5.698204040527344e-05 838
1726431956835 -5.7697296142578125e-05 839
1726431956882 -5.841255187988281e-05 840
1726431956932 -5.9485435485839844e-05 841
1726431956971 -6.031990051269531e-05 842
1726431957012 -6.139278411865234e-05 843
1726431957054 -6.222724914550781e-05 844
1726431957096 -6.318092346191406e-05 845
1726431957141 -6.437301635742188e-05 846
1726431957189 -6.520748138427734e-05 847
1726431957234 -6.651878356933594e-05 848
1726431957289 -6.747245788574219e-05 849
1726431957333 -6.866455078125e-05 850
1726431957377 -6.985664367675781e-05 851
1726431957420 -7.104873657226562e-05 852
1726431957466 -7.236003875732422e-05 853
1726431957519 -7.367134094238281e-05 854
1726431957567 0.003405928611755371 855
1726431957625 -3.0159950256347656e-05 856
1726431957670 -3.0279159545898438e-05 857
1726431957709 -3.063678741455078e-05 858
1726431957752 -3.0994415283203125e-05 859
1726431957795 -3.1113624572753906e-05 860
1726431957836 0.00013935565948486328 861
1726431957876 -0.00016319751739501953 862
1726431957918 -9.620189666748047e-05 863
1726431957961 -3.266334533691406e-05 864
1726431958003 -3.2901763916015625e-05 865
1726431958044 -3.325939178466797e-05 866
1726431958083 -3.361701965332031e-05 867
1726431958122 -3.3855438232421875e-05 868
1726431958162 -3.421306610107422e-05 869
1726431958202 -3.457069396972656e-05 870
1726431958246 -3.4809112548828125e-05 871
1726431958298 -3.540515899658203e-05 872
1726431958339 -3.552436828613281e-05 873
1726431958379 -3.5881996154785156e-05 874
1726431958421 -3.635883331298828e-05 875
1726431958465 -3.6716461181640625e-05 876
1726431958509 -3.707408905029297e-05 877
1726431958551 -3.7550926208496094e-05 878
1726431958612 -3.790855407714844e-05 879
1726431958662 -3.814697265625e-05 880
1726431958706 -3.8743019104003906e-05 881
1726431958746 -3.910064697265625e-05 882
1726431958786 -3.9577484130859375e-05 883
1726431958826 -3.993511199951172e-05 884
1726431958869 -4.0531158447265625e-05 885
1726431958912 -4.076957702636719e-05 886
1726431958954 -4.1365623474121094e-05 887
1726431959011 -4.184246063232422e-05 888
1726431959061 -4.220008850097656e-05 889
1726431959117 -4.279613494873047e-05 890
1726431959167 -4.3392181396484375e-05 891
1726431959209 -4.374980926513672e-05 892
1726431959252 -4.4345855712890625e-05 893
1726431959311 -4.482269287109375e-05 894
1726431959370 -4.553794860839844e-05 895
1726431959411 -4.589557647705078e-05 896
1726431959466 -4.649162292480469e-05 897
1726431959528 -4.7087669372558594e-05 898
1726431959575 -4.76837158203125e-05 899
1726431959619 -4.839897155761719e-05 900
1726431959659 -4.8995018005371094e-05 901
1726431959700 -4.971027374267578e-05 902
1726431959740 -5.0187110900878906e-05 903
1726431959780 -5.0902366638183594e-05 904
1726431959819 -5.173683166503906e-05 905
1726431959859 -5.233287811279297e-05 906
1726431959898 -5.2928924560546875e-05 907
1726431959939 -5.3882598876953125e-05 908
1726431959980 -5.459785461425781e-05 909
1726431960020 -5.543231964111328e-05 910
1726431960063 -5.602836608886719e-05 911
1726431960103 -5.698204040527344e-05 912
1726431960149 -5.7697296142578125e-05 913
1726431960195 -5.888938903808594e-05 914
1726431960238 -5.9485435485839844e-05 915
1726431960277 -6.0439109802246094e-05 916
1726431960324 -6.139278411865234e-05 917
1726431960368 -6.246566772460938e-05 918
1726431960416 -6.330013275146484e-05 919
1726431960457 -6.449222564697266e-05 920
1726431960502 -6.54458999633789e-05 921
1726431960551 -6.651878356933594e-05 922
1726431960600 -6.771087646484375e-05 923
1726431960650 -6.890296936035156e-05 924
1726431960714 -6.99758529663086e-05 925
1726431960777 -7.11679458618164e-05 926
1726431960818 -7.259845733642578e-05 927
1726431960857 -7.37905502319336e-05 928
1726431960909 -7.510185241699219e-05 929
1726431960954 -7.665157318115234e-05 930
1726431960997 -7.808208465576172e-05 931
1726431961057 -7.939338684082031e-05 932
1726431961107 -8.106231689453125e-05 933
1726431961165 -8.273124694824219e-05 934
1726431961217 -8.428096771240234e-05 935
1726431961259 -8.606910705566406e-05 936
1726431961299 -8.785724639892578e-05 937
1726431961342 -8.96453857421875e-05 938
1726431961383 -9.167194366455078e-05 939
1726431961425 -9.357929229736328e-05 940
1726431961465 -9.572505950927734e-05 941
1726431961510 -9.78708267211914e-05 942
1726431961555 -0.00010025501251220703 943
1726431961597 -0.00010251998901367188 944
1726431961638 -0.00010478496551513672 945
1726431961679 -0.00010764598846435547 946
1726431961719 -0.00011038780212402344 947
1726431961767 0.00026595592498779297 948
1726431961809 -0.00010633468627929688 949
1726431961851 -0.00010919570922851562 950
1726431961892 -0.00011157989501953125 951
1726431961936 -0.00011479854583740234 952
1726431961981 -0.0001176595687866211 953
1726431962023 -0.00012099742889404297 954
1726431962070 -0.00012421607971191406 955
1726431962115 -0.0001277923583984375 956
1726431962161 -0.00013148784637451172 957
1726431962215 -0.0001354217529296875 958
1726431962264 -0.00013947486877441406 959
1726431962312 -0.00014388561248779297 960
1726431962365 -0.00014853477478027344 961
1726431962426 -0.00015342235565185547 962
1726431962480 -0.00015854835510253906 963
1726431962535 -0.00016427040100097656 964
1726431962580 -0.00016999244689941406 965
1726431962625 -0.00017642974853515625 966
1726431962668 -0.00018322467803955078 967
1726431962715 -0.00019061565399169922 968
1726431962757 -0.0001983642578125 969
1726431962798 -0.0002067089080810547 970
1726431962840 -0.00021600723266601562 971
1726431962881 -0.00022602081298828125 972
1726431962922 -0.00023674964904785156 973
1726431962963 -0.0002485513687133789 974
1726431963003 -0.00026166439056396484 975
1726431963045 -0.0002760887145996094 976
1726431963090 -0.0002919435501098633 977
1726431963148 -0.00030982494354248047 978
1726431963219 -0.0003298521041870117 979
1726431963268 -0.0003523826599121094 980
1726431963316 -0.0003781318664550781 981
1726431963363 -0.0004076957702636719 982
1726431963408 -0.00044214725494384766 983
1726431963454 -0.00048279762268066406 984
1726431963503 -0.000531315803527832 985
1726431963547 -0.0005905628204345703 986
1726431963594 -0.0006644725799560547 987
1726431963637 -0.0007597208023071289 988
1726431963683 -0.0008871555328369141 989
1726431963726 -0.0010682344436645508 990
1726431963769 -0.0013505220413208008 991
1726431963811 -0.0018714666366577148 992
1726431963853 -0.0034651756286621094 993
1726431963895 0.0 994
