1727307614450 1.5585745573043823 0
1727307614489 -0.0 1
1727307614528 -0.0 2
1727307614563 -0.0 3
1727307614601 -0.0 4
1727307614641 -0.0 5
1727307614680 -0.0 6
1727307614716 -0.0 7
1727307614753 -0.0 8
1727307614792 -0.0 9
1727307614831 -0.0 10
1727307614867 -0.0 11
1727307614904 -0.0 12
1727307614941 -0.0 13
1727307614978 -0.0 14
1727307615015 -0.0 15
1727307615051 -0.0 16
1727307615087 -0.0 17
1727307615124 -0.0 18
1727307615161 -0.0 19
1727307615197 -0.0 20
1727307615233 -0.0 21
1727307615269 -0.0 22
1727307615305 -0.0 23
1727307615346 -0.0 24
1727307615385 -0.0 25
1727307615423 -0.0 26
1727307615463 -0.0 27
1727307615500 -0.0 28
1727307615536 -0.0 29
1727307615572 -0.0 30
1727307615608 -0.0 31
1727307615645 -0.0 32
1727307615681 -0.0 33
1727307615717 -0.0 34
1727307615753 -0.0 35
1727307615789 -0.0 36
1727307615825 -0.0 37
1727307615860 -0.0 38
1727307615897 -0.0 39
1727307615934 -0.0 40
1727307615971 -0.0 41
1727307616007 -0.0 42
1727307616053 -0.0 43
1727307616093 -0.0 44
1727307616132 -0.0 45
1727307616170 -0.0 46
1727307616207 -0.0 47
1727307616245 -0.0 48
1727307616281 -0.0 49
1727307616318 -0.0 50
1727307616360 -0.0 51
1727307616403 -0.0 52
1727307616447 -0.0 53
1727307616487 -0.0 54
1727307616527 -0.0 55
1727307616569 -0.0 56
1727307616614 -0.0 57
1727307616663 -0.0 58
1727307616719 -0.0 59
1727307616773 -0.0 60
1727307616821 -0.0 61
1727307616870 -0.0 62
1727307616926 -0.0 63
1727307616987 -0.0 64
1727307617047 -0.0 65
1727307617108 -0.0 66
1727307617167 -0.0 67
