1726484966240 2.1643285751342773 0
1726484966266 2.182405471801758 1
1726484966293 2.10579514503479 2
1726484966322 2.148390054702759 3
1726484966349 2.1606364250183105 4
1726484966374 2.1287057399749756 5
1726484966401 2.1861071586608887 6
1726484966428 2.2193117141723633 7
1726484966456 2.227141857147217 8
1726484966482 2.251296281814575 9
1726484966509 2.1746597290039062 10
1726484966535 2.218660831451416 11
1726484966562 2.2222511768341064 12
1726484966590 2.1910948753356934 13
1726484966620 2.229733467102051 14
1726484966647 2.273235559463501 15
1726484966673 2.2599751949310303 16
1726484966700 2.092888832092285 17
1726484966727 2.0516273975372314 18
1726484966754 2.1390485763549805 19
1726484966781 2.1878662109375 20
1726484966806 2.0903677940368652 21
1726484966835 2.1639342308044434 22
1726484966861 2.1887941360473633 23
1726484966888 2.137180805206299 24
1726484966915 2.183426856994629 25
1726484966942 2.159330368041992 26
1726484966969 2.179626941680908 27
1726484966995 2.1590576171875 28
1726484967022 2.078798770904541 29
1726484967048 2.159414529800415 30
1726484967077 2.1553385257720947 31
1726484967105 2.2034173011779785 32
1726484967132 2.0934338569641113 33
1726484967159 2.1241447925567627 34
1726484967183 1.925447940826416 35
1726484967210 2.1231679916381836 36
1726484967237 2.183104991912842 37
1726484967264 2.175649404525757 38
1726484967290 2.086426019668579 39
1726484967317 2.0892152786254883 40
1726484967344 2.0602221488952637 41
1726484967370 1.937096118927002 42
1726484967397 2.1193490028381348 43
1726484967423 2.0612592697143555 44
1726484967450 2.1051881313323975 45
1726484967477 2.0852651596069336 46
1726484967503 2.0377137660980225 47
1726484967530 2.1514999866485596 48
1726484967555 2.106417417526245 49
1726484967582 2.0761303901672363 50
1726484967609 2.116727828979492 51
1726484967636 2.100515604019165 52
1726484967662 2.1934032440185547 53
1726484967689 2.2363176345825195 54
1726484967714 2.2171835899353027 55
1726484967741 2.2205872535705566 56
1726484967768 2.1536812782287598 57
1726484967794 2.253098964691162 58
1726484967823 2.142751693725586 59
1726484967850 2.0618581771850586 60
1726484967878 2.094130516052246 61
1726484967904 2.1868703365325928 62
1726484967929 2.155681848526001 63
1726484967959 2.186678886413574 64
1726484967989 2.2406275272369385 65
1726484968020 2.2550549507141113 66
1726484968047 2.2218635082244873 67
1726484968076 2.208214044570923 68
1726484968103 2.1436362266540527 69
1726484968129 2.188687562942505 70
1726484968156 2.081270456314087 71
1726484968184 2.1208295822143555 72
1726484968211 2.074265956878662 73
1726484968240 2.091970443725586 74
1726484968267 2.1893091201782227 75
1726484968293 2.1646878719329834 76
1726484968321 2.2097413539886475 77
1726484968349 2.2526988983154297 78
1726484968377 2.2467727661132812 79
1726484968405 2.2540085315704346 80
1726484968435 2.2310943603515625 81
1726484968464 2.27760910987854 82
1726484968493 2.211930274963379 83
1726484968521 2.2117652893066406 84
1726484968549 2.181993007659912 85
1726484968579 2.2378082275390625 86
1726484968608 2.1733133792877197 87
1726484968636 2.096095323562622 88
1726484968664 2.2361464500427246 89
1726484968694 2.246525287628174 90
1726484968735 2.2635438442230225 91
1726484968778 2.285039186477661 92
1726484968810 2.2491581439971924 93
1726484968841 2.2349677085876465 94
1726484968868 2.2494874000549316 95
1726484968895 2.2220165729522705 96
1726484968921 2.271435022354126 97
1726484968948 2.2748260498046875 98
1726484968974 2.287968635559082 99
1726484969001 2.276588201522827 100
1726484969030 2.232663154602051 101
1726484969057 2.28806471824646 102
1726484969085 2.2757163047790527 103
1726484969110 2.2195992469787598 104
1726484969137 2.092844009399414 105
1726484969164 2.1299304962158203 106
1726484969190 2.139871120452881 107
1726484969217 2.214576482772827 108
1726484969244 2.22391414642334 109
1726484969271 2.139739990234375 110
1726484969296 2.181053400039673 111
1726484969325 2.121443510055542 112
1726484969352 2.1531786918640137 113
1726484969379 2.0831077098846436 114
1726484969406 2.058105707168579 115
1726484969433 2.1053271293640137 116
1726484969460 2.0067949295043945 117
1726484969487 2.007603645324707 118
1726484969511 2.105306625366211 119
1726484969538 2.124253749847412 120
1726484969565 2.0340092182159424 121
1726484969593 2.0115365982055664 122
1726484969621 2.045569896697998 123
1726484969648 2.062966823577881 124
1726484969674 2.1547062397003174 125
1726484969699 2.080610752105713 126
1726484969727 2.1632802486419678 127
1726484969753 2.2299273014068604 128
1726484969779 2.170409679412842 129
1726484969806 2.1062891483306885 130
1726484969835 2.094014883041382 131
1726484969863 2.1020379066467285 132
1726484969887 2.200643539428711 133
1726484969914 2.2592947483062744 134
1726484969941 2.1955811977386475 135
1726484969968 2.239949941635132 136
1726484969995 2.16951322555542 137
1726484970024 2.20530104637146 138
1726484970051 2.221956253051758 139
1726484970079 2.2113256454467773 140
1726484970108 2.2210888862609863 141
1726484970134 2.232159376144409 142
1726484970160 2.2598419189453125 143
1726484970187 2.186668634414673 144
1726484970214 2.182075023651123 145
1726484970241 2.212015390396118 146
1726484970267 2.1931982040405273 147
1726484970292 2.0961432456970215 148
1726484970319 1.981452465057373 149
1726484970347 2.0210416316986084 150
1726484970373 2.1761891841888428 151
1726484970400 2.2351908683776855 152
1726484970428 2.1593103408813477 153
1726484970455 2.189324378967285 154
1726484970482 2.2307868003845215 155
1726484970507 2.2188892364501953 156
1726484970533 2.1535580158233643 157
1726484970560 2.0542430877685547 158
1726484970589 2.045215368270874 159
1726484970616 2.192065954208374 160
1726484970643 2.2039642333984375 161
1726484970667 2.242551565170288 162
1726484970694 2.259287118911743 163
1726484970721 2.231703519821167 164
1726484970747 2.2032387256622314 165
1726484970774 2.2172415256500244 166
1726484970801 2.2180588245391846 167
1726484970829 2.1853113174438477 168
1726484970857 2.1758604049682617 169
1726484970883 2.2129592895507812 170
1726484970909 2.2212584018707275 171
1726484970936 2.234591484069824 172
1726484970963 2.1796460151672363 173
1726484970990 2.186002731323242 174
1726484971016 2.204023599624634 175
1726484971042 2.170736789703369 176
1726484971070 2.152313232421875 177
1726484971098 2.16921329498291 178
1726484971125 2.1694836616516113 179
1726484971152 2.1288251876831055 180
1726484971180 2.1361336708068848 181
1726484971207 2.115194320678711 182
1726484971235 2.0965445041656494 183
1726484971264 2.0635159015655518 184
1726484971289 2.161008834838867 185
1726484971320 2.2476322650909424 186
1726484971349 2.152332305908203 187
1726484971378 2.1492719650268555 188
1726484971406 2.1905579566955566 189
1726484971434 2.1586520671844482 190
1726484971460 1.981131911277771 191
1726484971488 2.126201868057251 192
1726484971516 2.206181049346924 193
1726484971544 2.1224732398986816 194
1726484971570 2.162447929382324 195
1726484971601 2.1155548095703125 196
1726484971630 2.104142189025879 197
1726484971658 2.139310836791992 198
1726484971686 2.165372848510742 199
1726484971713 2.098957061767578 200
1726484971743 2.163536548614502 201
1726484971770 2.2407174110412598 202
1726484971798 2.1894850730895996 203
1726484971826 2.1849050521850586 204
1726484971853 2.05134654045105 205
1726484971881 2.2036330699920654 206
1726484971909 2.0833494663238525 207
1726484971935 2.0494070053100586 208
1726484971963 2.0739448070526123 209
1726484971991 2.119363307952881 210
1726484972020 2.214320421218872 211
1726484972052 2.2490663528442383 212
1726484972081 2.2891852855682373 213
1726484972109 2.2968156337738037 214
1726484972133 2.2794196605682373 215
1726484972160 2.226820707321167 216
1726484972187 2.2804946899414062 217
1726484972215 2.2337629795074463 218
1726484972243 2.265723705291748 219
1726484972271 2.227353572845459 220
1726484972300 2.2422475814819336 221
1726484972329 2.2280921936035156 222
1726484972358 2.2464160919189453 223
1726484972383 2.1028642654418945 224
1726484972409 2.1020021438598633 225
1726484972436 2.1183061599731445 226
1726484972464 2.1639480590820312 227
1726484972492 2.1700971126556396 228
1726484972520 2.1739587783813477 229
1726484972548 2.1568264961242676 230
1726484972577 2.101674795150757 231
1726484972603 2.0314674377441406 232
1726484972631 2.158074378967285 233
1726484972660 2.2719080448150635 234
1726484972688 2.134885787963867 235
1726484972715 2.0694687366485596 236
1726484972743 2.2278311252593994 237
1726484972770 2.2192628383636475 238
1726484972797 2.2800540924072266 239
1726484972824 2.234724760055542 240
1726484972852 2.225172758102417 241
1726484972879 2.249175548553467 242
1726484972905 2.205077648162842 243
1726484972931 2.248429536819458 244
1726484972958 2.2343950271606445 245
1726484972984 2.239208221435547 246
1726484973008 2.263659954071045 247
1726484973035 2.276421070098877 248
1726484973061 2.235816478729248 249
1726484973088 2.2944343090057373 250
1726484973116 2.247905969619751 251
1726484973143 2.163215398788452 252
1726484973170 2.2668490409851074 253
1726484973195 2.2151038646698 254
1726484973222 2.164735794067383 255
1726484973250 2.1303634643554688 256
1726484973277 2.1675865650177 257
1726484973304 2.258476495742798 258
1726484973330 2.154477596282959 259
1726484973359 2.085191011428833 260
1726484973384 2.142207145690918 261
1726484973412 2.1684834957122803 262
1726484973441 2.2025468349456787 263
1726484973468 2.2567830085754395 264
1726484973497 2.1968929767608643 265
1726484973525 2.1569035053253174 266
1726484973553 2.131862163543701 267
1726484973581 2.117643356323242 268
1726484973612 2.2595419883728027 269
1726484973640 2.18656587600708 270
1726484973665 2.2351553440093994 271
1726484973693 2.2635459899902344 272
1726484973720 2.2449827194213867 273
1726484973746 2.119163751602173 274
1726484973773 2.1612958908081055 275
1726484973799 2.1074166297912598 276
1726484973826 2.114286184310913 277
1726484973855 2.1062614917755127 278
1726484973880 2.1763687133789062 279
1726484973907 2.1350209712982178 280
1726484973933 2.105741024017334 281
1726484973959 2.139779567718506 282
1726484973986 2.191263198852539 283
1726484974012 2.1469216346740723 284
1726484974036 2.0134685039520264 285
1726484974062 2.161120891571045 286
1726484974089 2.0647106170654297 287
1726484974117 2.1030755043029785 288
1726484974144 2.1446895599365234 289
1726484974171 2.143994092941284 290
1726484974197 2.1241507530212402 291
1726484974222 2.0015757083892822 292
1726484974249 2.149648666381836 293
1726484974275 2.2216796875 294
1726484974302 2.1982693672180176 295
1726484974328 2.2471539974212646 296
1726484974357 2.2617006301879883 297
1726484974382 2.2601351737976074 298
1726484974408 2.2229504585266113 299
1726484974435 2.1223678588867188 300
1726484974461 2.2610793113708496 301
1726484974488 2.271956443786621 302
1726484974516 2.278242588043213 303
1726484974546 2.1520402431488037 304
1726484974574 2.096717119216919 305
1726484974602 2.0930325984954834 306
1726484974629 2.094395637512207 307
1726484974658 1.9639225006103516 308
1726484974686 2.0808486938476562 309
1726484974713 2.05796480178833 310
1726484974741 2.1609489917755127 311
1726484974769 2.11514949798584 312
1726484974796 2.2332029342651367 313
1726484974823 2.224299192428589 314
1726484974852 2.2233963012695312 315
1726484974879 2.2594995498657227 316
1726484974907 2.2564008235931396 317
1726484974934 2.181759834289551 318
1726484974960 1.985844612121582 319
1726484974988 2.047898530960083 320
1726484975015 2.0400702953338623 321
1726484975044 2.218309164047241 322
1726484975072 2.1344492435455322 323
1726484975099 2.1635375022888184 324
1726484975128 2.239687442779541 325
1726484975157 2.239147901535034 326
1726484975184 2.2335116863250732 327
1726484975211 2.169239044189453 328
1726484975238 2.1999926567077637 329
1726484975265 2.203141689300537 330
1726484975291 2.218731164932251 331
1726484975316 2.216266632080078 332
1726484975345 1.989988088607788 333
1726484975372 2.067685127258301 334
1726484975398 2.1409358978271484 335
1726484975425 2.0622785091400146 336
1726484975453 1.9813790321350098 337
1726484975481 2.002007484436035 338
1726484975507 1.8870885372161865 339
1726484975532 1.8817682266235352 340
1726484975559 1.8463956117630005 341
1726484975586 1.8299319744110107 342
1726484975617 1.8249645233154297 343
1726484975644 1.826617956161499 344
1726484975671 2.1178102493286133 345
1726484975698 1.9783904552459717 346
1726484975722 2.05355167388916 347
1726484975749 2.0204615592956543 348
1726484975776 2.11434268951416 349
1726484975803 1.9573761224746704 350
1726484975830 1.9886977672576904 351
1726484975859 2.055626153945923 352
1726484975887 2.0352542400360107 353
1726484975913 2.0336897373199463 354
1726484975938 2.1165404319763184 355
1726484975965 1.990931510925293 356
1726484975991 2.096282482147217 357
1726484976018 2.052581310272217 358
1726484976044 2.165806531906128 359
1726484976071 2.2748775482177734 360
1726484976102 2.2536544799804688 361
1726484976129 2.2758991718292236 362
1726484976157 2.264932155609131 363
1726484976185 2.2087173461914062 364
1726484976211 2.2140088081359863 365
1726484976238 2.14208984375 366
1726484976264 2.164860725402832 367
1726484976291 2.2298107147216797 368
1726484976318 2.2044363021850586 369
1726484976344 2.1072845458984375 370
1726484976373 2.1294007301330566 371
1726484976400 2.13370418548584 372
1726484976427 2.203151226043701 373
1726484976454 2.1765058040618896 374
1726484976478 2.0794143676757812 375
1726484976506 2.096470594406128 376
1726484976533 2.0784757137298584 377
1726484976560 2.0646767616271973 378
1726484976587 2.0458602905273438 379
1726484976616 2.2366366386413574 380
1726484976643 2.228189468383789 381
1726484976668 2.160947322845459 382
1726484976695 2.186424970626831 383
1726484976722 2.104292631149292 384
1726484976748 2.1844139099121094 385
1726484976777 2.038003444671631 386
1726484976806 2.0413269996643066 387
1726484976835 2.2254583835601807 388
1726484976864 2.2160117626190186 389
1726484976889 2.1320090293884277 390
1726484976915 2.242502450942993 391
1726484976941 2.2531168460845947 392
1726484976968 2.2727010250091553 393
1726484976994 2.2307207584381104 394
1726484977021 2.181475877761841 395
1726484977047 2.205122947692871 396
1726484977072 2.19352650642395 397
1726484977100 2.2317018508911133 398
1726484977129 2.1744484901428223 399
1726484977157 2.1867339611053467 400
1726484977186 2.180732250213623 401
1726484977215 2.207892417907715 402
1726484977242 2.1518304347991943 403
1726484977269 2.1428802013397217 404
1726484977293 2.1680192947387695 405
1726484977320 2.1062088012695312 406
1726484977348 2.052527904510498 407
1726484977375 2.0922658443450928 408
1726484977402 2.189068078994751 409
1726484977430 2.214945077896118 410
1726484977457 2.257127046585083 411
1726484977484 2.2540645599365234 412
1726484977509 2.2493605613708496 413
1726484977535 2.2420449256896973 414
1726484977561 2.2109429836273193 415
1726484977587 2.148228406906128 416
1726484977617 2.1959238052368164 417
1726484977644 2.0416228771209717 418
1726484977670 2.1102919578552246 419
1726484977694 2.108644962310791 420
1726484977721 2.24130916595459 421
1726484977746 2.226458787918091 422
1726484977773 2.2072553634643555 423
1726484977800 2.2167484760284424 424
1726484977827 2.2577662467956543 425
1726484977854 2.1642613410949707 426
1726484977881 2.25978946685791 427
1726484977907 2.1362264156341553 428
1726484977934 2.124875783920288 429
1726484977960 2.0308749675750732 430
1726484977987 2.034546136856079 431
1726484978014 2.0197970867156982 432
1726484978041 2.011040687561035 433
1726484978066 2.0010323524475098 434
1726484978093 1.989147424697876 435
1726484978121 2.0056591033935547 436
1726484978149 2.0436410903930664 437
1726484978176 2.047142744064331 438
1726484978202 2.0929837226867676 439
1726484978228 2.1514291763305664 440
1726484978253 2.1665947437286377 441
1726484978280 2.1412994861602783 442
1726484978306 2.0811941623687744 443
1726484978333 2.097188949584961 444
1726484978362 2.2526042461395264 445
1726484978391 2.237560987472534 446
1726484978418 2.23926043510437 447
1726484978442 2.2362873554229736 448
1726484978469 2.2198433876037598 449
1726484978495 2.2297818660736084 450
1726484978522 2.2425708770751953 451
1726484978548 2.2045416831970215 452
1726484978576 2.2256054878234863 453
1726484978603 2.2171621322631836 454
1726484978634 2.190967559814453 455
1726484978659 2.1823923587799072 456
1726484978686 2.1779632568359375 457
1726484978712 2.186737537384033 458
1726484978739 2.108138084411621 459
1726484978766 2.129694700241089 460
1726484978793 2.1511330604553223 461
1726484978819 2.157893657684326 462
1726484978844 2.0319178104400635 463
1726484978871 2.070556163787842 464
1726484978898 2.0497522354125977 465
1726484978926 2.072922706604004 466
1726484978953 2.1610476970672607 467
1726484978980 2.2059788703918457 468
1726484979006 2.2353334426879883 469
1726484979031 2.2371582984924316 470
1726484979058 2.2263946533203125 471
1726484979085 2.208583354949951 472
1726484979113 2.1803722381591797 473
1726484979141 2.1357386112213135 474
1726484979168 2.109288215637207 475
1726484979195 2.1546406745910645 476
1726484979220 2.139132261276245 477
1726484979247 2.1187806129455566 478
1726484979273 2.023857593536377 479
1726484979300 2.020695924758911 480
1726484979327 2.0174782276153564 481
1726484979355 2.0141990184783936 482
1726484979382 2.0108509063720703 483
1726484979407 2.007424831390381 484
1726484979434 2.0039098262786865 485
1726484979460 2.0002918243408203 486
1726484979486 1.9351892471313477 487
1726484979513 1.9875293970108032 488
1726484979540 1.9843032360076904 489
1726484979566 1.9807071685791016 490
1726484979591 1.937440037727356 491
1726484979620 1.8387547731399536 492
1726484979647 1.8623583316802979 493
1726484979673 1.9641766548156738 494
1726484979701 2.041503429412842 495
1726484979728 2.0367918014526367 496
1726484979756 1.977501392364502 497
1726484979782 1.9367878437042236 498
1726484979808 1.9631767272949219 499
1726484979835 1.949950933456421 500
1726484979865 2.103945016860962 501
1726484979892 2.0274624824523926 502
1726484979920 1.9591522216796875 503
1726484979948 2.0404558181762695 504
1726484979975 2.0366361141204834 505
1726484980002 2.087047815322876 506
1726484980027 2.1411895751953125 507
1726484980053 2.0202817916870117 508
1726484980080 2.0527524948120117 509
1726484980107 2.07258939743042 510
1726484980135 2.190373420715332 511
1726484980161 2.0940093994140625 512
1726484980186 2.069706678390503 513
1726484980213 2.068281650543213 514
1726484980239 2.066333770751953 515
1726484980268 2.0640738010406494 516
1726484980299 2.0615952014923096 517
1726484980330 2.0589489936828613 518
1726484980359 2.056166410446167 519
1726484980389 2.0777266025543213 520
1726484980418 2.0907444953918457 521
1726484980446 2.087254047393799 522
1726484980474 2.0837111473083496 523
1726484980502 2.080110788345337 524
1726484980529 2.0163745880126953 525
1726484980555 2.031284809112549 526
1726484980585 2.041407585144043 527
1726484980617 2.03902268409729 528
1726484980646 2.036468982696533 529
1726484980674 1.9783523082733154 530
1726484980702 1.9798907041549683 531
1726484980729 2.007373809814453 532
1726484980756 1.9977803230285645 533
1726484980782 1.9860291481018066 534
1726484980808 1.9709227085113525 535
1726484980834 1.9480316638946533 536
1726484980864 1.941503643989563 537
1726484980891 1.941475749015808 538
1726484980917 1.9413981437683105 539
1726484980944 1.9412802457809448 540
1726484980972 1.941129207611084 541
1726484980998 1.9409505128860474 542
1726484981024 2.2040576934814453 543
1726484981050 2.238215684890747 544
1726484981076 2.276571035385132 545
1726484981103 2.2599196434020996 546
1726484981134 2.263526201248169 547
1726484981160 2.2620716094970703 548
1726484981187 2.185885429382324 549
1726484981212 2.2072532176971436 550
1726484981238 2.2024097442626953 551
1726484981265 2.196964740753174 552
1726484981292 2.19081974029541 553
1726484981320 2.0987420082092285 554
1726484981347 2.1625797748565674 555
1726484981377 2.154038429260254 556
1726484981404 2.12170672416687 557
1726484981429 2.0724666118621826 558
1726484981456 2.0678679943084717 559
1726484981482 2.0630452632904053 560
1726484981509 2.0692968368530273 561
1726484981536 1.956021785736084 562
1726484981563 1.942177414894104 563
1726484981590 1.9419841766357422 564
1726484981620 1.9417822360992432 565
1726484981645 1.9415295124053955 566
1726484981673 1.9417917728424072 567
1726484981702 1.94197678565979 568
1726484981729 1.9421031475067139 569
1726484981757 1.9421831369400024 570
1726484981786 1.942225456237793 571
1726484981814 1.9422359466552734 572
1726484981843 1.9335038661956787 573
1726484981872 2.0125155448913574 574
1726484981903 1.9460322856903076 575
1726484981931 1.9461514949798584 576
1726484981957 1.946271300315857 577
1726484981985 1.9742351770401 578
1726484982014 1.9661974906921387 579
1726484982041 2.036057949066162 580
1726484982070 2.005103588104248 581
1726484982098 1.9556554555892944 582
1726484982125 1.938360333442688 583
1726484982155 1.9389432668685913 584
1726484982182 1.9394944906234741 585
1726484982209 1.9400179386138916 586
1726484982235 1.9405152797698975 587
1726484982262 1.9409887790679932 588
1726484982289 1.9414398670196533 589
1726484982316 1.9418694972991943 590
1726484982342 1.9422794580459595 591
1726484982370 1.9426703453063965 592
1726484982398 1.9430432319641113 593
1726484982423 1.9433987140655518 594
1726484982450 1.943737506866455 595
1726484982476 1.9440597295761108 596
1726484982504 1.944366693496704 597
1726484982531 1.9914804697036743 598
1726484982558 2.0516483783721924 599
1726484982585 2.0654947757720947 600
1726484982610 2.044485330581665 601
1726484982638 2.0366315841674805 602
1726484982665 2.027953624725342 603
1726484982692 2.0181949138641357 604
1726484982719 1.946054458618164 605
1726484982746 1.9422070980072021 606
1726484982773 1.9426376819610596 607
1726484982798 1.9430409669876099 608
1726484982825 1.943420171737671 609
1726484982851 1.9437772035598755 610
1726484982878 1.9441144466400146 611
1726484982904 1.9444332122802734 612
1726484982930 1.944735050201416 613
1726484982956 1.9488954544067383 614
1726484982983 1.950815200805664 615
1726484983010 1.9506006240844727 616
1726484983036 1.950373649597168 617
1726484983063 1.9501347541809082 618
1726484983088 1.9498844146728516 619
1726484983117 1.9496231079101562 620
1726484983145 1.94935142993927 621
1726484983171 1.9490697383880615 622
1726484983198 1.9487783908843994 623
1726484983225 1.948478102684021 624
1726484983251 1.9481695890426636 625
1726484983276 1.9478529691696167 626
1726484983303 1.9475290775299072 627
1726484983330 1.9471982717514038 628
1726484983357 1.9468612670898438 629
1726484983385 1.9465185403823853 630
1726484983413 1.9461703300476074 631
1726484983441 1.9458177089691162 632
1726484983468 1.9454610347747803 633
1726484983494 1.9451005458831787 634
1726484983520 1.944737434387207 635
1726484983547 1.9443719387054443 636
1726484983574 1.9440045356750488 637
1726484983601 1.9436359405517578 638
1726484983630 1.9432666301727295 639
1726484983657 1.942896842956543 640
1726484983684 1.9425277709960938 641
1726484983709 1.9421595335006714 642
1726484983736 1.9417927265167236 643
1726484983762 1.94142746925354 644
1726484983790 1.9410650730133057 645
1726484983816 1.9407050609588623 646
1726484983843 1.9403486251831055 647
1726484983870 1.939995527267456 648
1726484983896 1.93964684009552 649
1726484983923 2.008896589279175 650
1726484983949 2.002265691757202 651
1726484983976 2.0007123947143555 652
1726484984003 1.9892827272415161 653
1726484984030 1.974944829940796 654
1726484984055 1.953843355178833 655
1726484984081 1.9456915855407715 656
1726484984108 1.9453880786895752 657
1726484984137 1.9450809955596924 658
1726484984164 1.944770336151123 659
1726484984193 1.9444562196731567 660
1726484984221 1.9441391229629517 661
1726484984247 1.943819284439087 662
1726484984272 2.011559009552002 663
1726484984299 2.007542133331299 664
1726484984325 1.9902178049087524 665
1726484984351 2.03131103515625 666
1726484984380 2.014592170715332 667
1726484984408 2.165142059326172 668
1726484984435 2.171281337738037 669
1726484984460 2.1641526222229004 670
1726484984487 2.1560733318328857 671
1726484984514 2.1467466354370117 672
1726484984541 2.135637044906616 673
1726484984567 2.1216561794281006 674
1726484984594 2.055105447769165 675
1726484984621 2.0374231338500977 676
1726484984646 2.0204005241394043 677
1726484984674 2.017594337463379 678
1726484984701 2.0144782066345215 679
1726484984728 2.011068820953369 680
1726484984755 2.007359027862549 681
1726484984783 2.003324508666992 682
1726484984810 1.9989266395568848 683
1726484984838 2.0215277671813965 684
1726484984865 2.018089771270752 685
1726484984894 2.014232873916626 686
1726484984922 2.009944438934326 687
1726484984949 2.0051767826080322 688
1726484984976 1.9998526573181152 689
1726484985004 1.9938722848892212 690
1726484985032 1.9871612787246704 691
1726484985059 1.9800915718078613 692
1726484985085 2.019967555999756 693
1726484985111 2.0010509490966797 694
1726484985139 1.99845552444458 695
1726484985168 1.994753122329712 696
1726484985197 1.990147352218628 697
1726484985225 1.9845499992370605 698
1726484985253 2.0078940391540527 699
1726484985280 2.0041823387145996 700
1726484985307 1.9995934963226318 701
1726484985332 1.994110345840454 702
1726484985358 1.9875574111938477 703
1726484985391 1.9795981645584106 704
1726484985420 1.969726800918579 705
1726484985448 1.9958696365356445 706
1726484985477 1.9754843711853027 707
1726484985506 1.9699056148529053 708
1726484985535 1.9943432807922363 709
1726484985564 1.9777958393096924 710
1726484985592 1.977156400680542 711
1726484985622 2.000793933868408 712
1726484985652 1.9986371994018555 713
1726484985681 1.9946779012680054 714
1726484985708 1.9128985404968262 715
1726484985736 1.9350135326385498 716
1726484985765 1.9354286193847656 717
1726484985793 1.9358302354812622 718
1726484985820 1.9362194538116455 719
1726484985849 1.936597228050232 720
1726484985878 1.936964511871338 721
1726484985909 1.937321424484253 722
1726484985938 1.937669277191162 723
1726484985968 1.9380080699920654 724
1726484985996 1.938338279724121 725
1726484986024 1.9386606216430664 726
1726484986051 1.9389748573303223 727
1726484986080 1.939281702041626 728
1726484986108 1.9395813941955566 729
1726484986136 1.938441514968872 730
1726484986165 1.9388980865478516 731
1726484986194 1.9393377304077148 732
1726484986223 1.9397614002227783 733
1726484986251 1.9401695728302002 734
1726484986279 1.9405627250671387 735
1726484986307 1.940941333770752 736
1726484986333 1.9413057565689087 737
1726484986361 1.941656470298767 738
1726484986390 1.9419937133789062 739
1726484986418 1.9423178434371948 740
1726484986446 1.9426288604736328 741
1726484986476 1.9429271221160889 742
1726484986505 1.9432129859924316 743
1726484986533 1.943486213684082 744
1726484986562 1.94374680519104 745
1726484986591 1.9439952373504639 746
1726484986616 1.9442312717437744 747
1726484986646 1.9444552659988403 748
1726484986674 1.944666862487793 749
1726484986702 1.9448662996292114 750
1726484986730 1.9450534582138062 751
1726484986758 1.9452283382415771 752
1726484986787 1.9453907012939453 753
1726484986816 1.9455406665802002 754
1726484986843 1.945678472518921 755
1726484986873 1.945803165435791 756
1726484986904 1.9459154605865479 757
1726484986933 1.9460148811340332 758
1726484986957 1.9461016654968262 759
1726484986985 1.9461753368377686 760
1726484987014 1.9462361335754395 761
1726484987042 1.9462834596633911 762
1726484987070 1.9463177919387817 763
1726484987099 1.9463388919830322 764
1726484987127 1.9463462829589844 765
1726484987158 1.9463404417037964 766
1726484987187 1.94632089138031 767
1726484987215 1.9462878704071045 768
1726484987244 1.9462411403656006 769
1726484987270 1.9461560249328613 770
1726484987298 1.9462559223175049 771
1726484987326 1.9463332891464233 772
1726484987354 1.9463889598846436 773
1726484987383 1.9464240074157715 774
1726484987412 1.9464390277862549 775
1726484987439 1.9464352130889893 776
1726484987467 1.9464125633239746 777
1726484987493 1.9463725090026855 778
1726484987518 1.9463154077529907 779
1726484987545 1.9462416172027588 780
1726484987571 1.9461514949798584 781
1726484987598 1.946046233177185 782
1726484987625 1.9412665367126465 783
1726484987654 1.937415361404419 784
1726484987678 1.9379160404205322 785
1726484987704 1.9382116794586182 786
1726484987731 1.9383764266967773 787
1726484987757 1.9384493827819824 788
1726484987785 1.938454508781433 789
1726484987811 1.9384071826934814 790
1726484987838 1.9383189678192139 791
1726484987863 1.9381978511810303 792
1726484987892 1.9380502700805664 793
1726484987918 1.9378809928894043 794
1726484987945 1.9376945495605469 795
1726484987973 1.9374938011169434 796
1726484987999 1.9372820854187012 797
1726484988026 1.9370611906051636 798
1726484988051 1.9368338584899902 799
1726484988077 1.9366015195846558 800
1726484988103 1.9363656044006348 801
1726484988130 1.9361276626586914 802
1726484988158 1.9358893632888794 803
1726484988185 1.9356510639190674 804
1726484988212 1.9354143142700195 805
1726484988237 1.9351792335510254 806
1726484988264 1.9349473714828491 807
1726484988290 1.9347187280654907 808
1726484988316 1.9344942569732666 809
1726484988343 1.9342741966247559 810
1726484988370 1.9340589046478271 811
1726484988398 1.9338487386703491 812
1726484988425 1.9336440563201904 813
1726484988453 1.933444857597351 814
1726484988481 1.9332517385482788 815
1726484988509 1.933064341545105 816
1726484988536 1.9328830242156982 817
1726484988564 1.9327075481414795 818
1726484988593 1.9325382709503174 819
1726484988620 1.9323749542236328 820
1726484988649 1.9322175979614258 821
1726484988676 1.9320662021636963 822
1726484988701 1.9319205284118652 823
1726484988728 1.9317808151245117 824
1726484988754 1.9316463470458984 825
1726484988780 1.931517481803894 826
1726484988807 1.931394100189209 827
1726484988834 1.9312758445739746 828
1726484988858 1.9311625957489014 829
1726484988887 1.9310545921325684 830
1726484988915 1.9309511184692383 831
1726484988942 1.930851936340332 832
1726484988969 1.9307576417922974 833
1726484988995 1.9306676387786865 834
1726484989022 1.93058180809021 835
1726484989047 1.930499792098999 836
1726484989074 1.9304217100143433 837
1726484989100 1.9303474426269531 838
1726484989126 1.93027663230896 839
1726484989154 1.9302093982696533 840
1726484989181 1.9301451444625854 841
1726484989208 1.930083990097046 842
1726484989232 1.9300264120101929 843
1726484989259 1.9299709796905518 844
1726484989285 1.9299187660217285 845
1726484989312 1.9298688173294067 846
1726484989339 1.9298217296600342 847
1726484989365 1.929776906967163 848
1726484989392 1.929734230041504 849
1726484989419 1.9296939373016357 850
1726484989446 1.9296555519104004 851
1726484989472 1.9296191930770874 852
1726484989499 1.9295847415924072 853
1726484989526 1.9295520782470703 854
1726484989552 1.9295209646224976 855
1726484989577 1.9294917583465576 856
1726484989603 1.9294638633728027 857
1726484989630 1.9294373989105225 858
1726484989659 1.9294123649597168 859
1726484989686 1.9293886423110962 860
1726484989713 1.929366111755371 861
1726484989740 1.9293451309204102 862
1726484989767 1.929324984550476 863
1726484989795 1.9293057918548584 864
1726484989823 1.9292879104614258 865
1726484989852 1.9292707443237305 866
1726484989879 1.9292545318603516 867
1726484989907 1.9292393922805786 868
1726484989934 1.929224967956543 869
1726484989960 1.9292112588882446 870
1726484989987 1.9291982650756836 871
1726484990013 1.9291859865188599 872
1726484990040 1.9291744232177734 873
1726484990066 1.9291634559631348 874
1726484990093 1.9291530847549438 875
1726484990120 1.9291434288024902 876
1726484990148 1.9291341304779053 877
1726484990181 1.9291253089904785 878
1726484990212 1.92911696434021 879
1726484990241 1.9291090965270996 880
1726484990270 1.929101824760437 881
1726484990299 1.929094672203064 882
1726484990325 1.9290881156921387 883
1726484990353 1.929081916809082 884
1726484990381 1.9290759563446045 885
1726484990410 1.929070234298706 886
1726484990437 1.9290649890899658 887
1726484990467 1.9290599822998047 888
1726484990499 1.9290553331375122 889
1726484990529 1.9290508031845093 890
1726484990559 1.929046630859375 891
1726484990588 1.9290425777435303 892
1726484990617 1.9290388822555542 893
1726484990647 1.9290351867675781 894
1726484990675 1.9290318489074707 895
1726484990703 1.9290285110473633 896
1726484990730 1.929025650024414 897
1726484990758 1.9290227890014648 898
1726484990786 1.9290204048156738 899
1726484990814 1.9290175437927246 900
1726484990841 1.9290151596069336 901
1726484990870 1.9290127754211426 902
1726484990899 1.9290107488632202 903
1726484990931 1.9290087223052979 904
1726484990958 1.929006814956665 905
1726484990984 1.9290049076080322 906
1726484991009 1.9290032386779785 907
1726484991036 1.9290015697479248 908
1726484991063 1.9290001392364502 909
1726484991089 1.9289987087249756 910
1726484991116 1.928997278213501 911
1726484991143 1.9289960861206055 912
1726484991173 1.92899489402771 913
1726484991197 1.928993582725525 914
1726484991224 1.9289926290512085 915
1726484991251 1.9289915561676025 916
1726484991278 1.9289906024932861 917
1726484991306 1.9289896488189697 918
1726484991334 1.9289886951446533 919
1726484991362 1.928987979888916 920
1726484991391 1.9289872646331787 921
1726484991420 1.9289864301681519 922
1726484991447 1.928985834121704 923
1726484991476 1.9289851188659668 924
1726484991504 1.928984522819519 925
1726484991530 1.9289839267730713 926
1726484991556 1.928983449935913 927
1726484991582 1.9289828538894653 928
1726484991608 1.9289822578430176 929
1726484991633 1.9289817810058594 930
1726484991661 1.9289815425872803 931
1726484991688 1.928980827331543 932
1726484991714 1.9289807081222534 933
1726484991741 1.9289802312850952 934
1726484991768 1.9289798736572266 935
1726484991794 1.9289796352386475 936
1726484991819 1.9289793968200684 937
1726484991846 1.9289790391921997 938
1726484991873 1.928978681564331 939
1726484991901 1.928978443145752 940
1726484991930 1.9289782047271729 941
1726484991960 1.9289782047271729 942
1726484991988 1.9289777278900146 943
1726484992015 1.928977608680725 944
1726484992042 1.9289772510528564 945
1726484992070 1.9289772510528564 946
1726484992098 1.9289768934249878 947
1726484992126 1.9289767742156982 948
1726484992155 1.9289767742156982 949
1726484992185 1.9289765357971191 950
1726484992213 1.9289764165878296 951
1726484992241 1.928976058959961 952
1726484992270 1.928976058959961 953
1726484992299 1.9289759397506714 954
1726484992329 1.9289758205413818 955
1726484992356 1.9289755821228027 956
1726484992382 1.9289755821228027 957
1726484992413 1.9289755821228027 958
1726484992442 1.9289755821228027 959
1726484992472 1.9289753437042236 960
1726484992500 1.9289753437042236 961
1726484992528 1.9289753437042236 962
