1726484966237 2.0550365447998047 0
1726484966264 2.0550365447998047 1
1726484966291 2.0550365447998047 2
1726484966319 2.0550365447998047 3
1726484966344 2.0550365447998047 4
1726484966371 2.0550365447998047 5
1726484966399 2.0550365447998047 6
1726484966426 2.0550365447998047 7
1726484966453 2.0550365447998047 8
1726484966480 2.0550365447998047 9
1726484966506 2.0550365447998047 10
1726484966533 2.0550365447998047 11
1726484966559 2.0550365447998047 12
1726484966587 2.0550365447998047 13
1726484966618 2.0550365447998047 14
1726484966645 2.0550365447998047 15
1726484966671 2.0550365447998047 16
1726484966698 2.0550365447998047 17
1726484966725 2.0550365447998047 18
1726484966752 2.0550365447998047 19
1726484966777 2.0550365447998047 20
1726484966804 2.0550365447998047 21
1726484966832 2.0550365447998047 22
1726484966859 2.0550365447998047 23
1726484966886 2.0550365447998047 24
1726484966913 2.0550365447998047 25
1726484966940 2.0550365447998047 26
1726484966965 2.0550365447998047 27
1726484966992 2.0550365447998047 28
1726484967019 2.0550365447998047 29
1726484967046 2.0550365447998047 30
1726484967075 2.0550365447998047 31
1726484967102 2.0550365447998047 32
1726484967129 2.0550365447998047 33
1726484967155 2.0550365447998047 34
1726484967181 2.0550365447998047 35
1726484967207 2.0550365447998047 36
1726484967235 2.0550365447998047 37
1726484967261 2.0550365447998047 38
1726484967288 2.0550365447998047 39
1726484967315 2.0550365447998047 40
1726484967340 2.0550365447998047 41
1726484967368 2.0550365447998047 42
1726484967395 2.0550365447998047 43
1726484967421 2.0550365447998047 44
1726484967448 2.0550365447998047 45
1726484967474 2.0550365447998047 46
1726484967501 2.0550365447998047 47
1726484967525 2.0550365447998047 48
1726484967553 2.0550365447998047 49
1726484967580 2.0550365447998047 50
1726484967606 2.0550365447998047 51
1726484967633 2.0550365447998047 52
1726484967660 2.0550365447998047 53
1726484967686 2.0550365447998047 54
1726484967712 2.0550365447998047 55
1726484967739 2.0550365447998047 56
1726484967765 2.0550365447998047 57
1726484967792 2.0550365447998047 58
1726484967820 2.0550365447998047 59
1726484967848 2.0550365447998047 60
1726484967875 2.0550365447998047 61
1726484967900 2.0550365447998047 62
1726484967927 2.0550365447998047 63
1726484967957 2.0550365447998047 64
1726484967985 2.0550365447998047 65
1726484968017 2.0550365447998047 66
1726484968045 2.0550365447998047 67
1726484968074 2.0550365447998047 68
1726484968101 2.0550365447998047 69
1726484968126 2.0550365447998047 70
1726484968154 2.0550365447998047 71
1726484968182 2.0550365447998047 72
1726484968209 2.0550365447998047 73
1726484968237 2.0550365447998047 74
1726484968263 2.0550365447998047 75
1726484968290 2.0550365447998047 76
1726484968319 2.0550365447998047 77
1726484968347 2.0550365447998047 78
1726484968374 2.0550365447998047 79
1726484968403 2.0550365447998047 80
1726484968432 2.0550365447998047 81
1726484968461 2.0550365447998047 82
1726484968490 2.0550365447998047 83
1726484968518 2.0550365447998047 84
1726484968545 2.0550365447998047 85
1726484968576 2.0550365447998047 86
1726484968605 2.0550365447998047 87
1726484968634 2.0550365447998047 88
1726484968661 2.0550365447998047 89
1726484968691 2.0550365447998047 90
1726484968731 2.0550365447998047 91
1726484968775 2.0550365447998047 92
1726484968808 2.0550365447998047 93
1726484968838 2.0550365447998047 94
1726484968866 2.0550365447998047 95
1726484968891 2.0550365447998047 96
1726484968918 2.0550365447998047 97
1726484968945 2.0550365447998047 98
1726484968971 2.0550365447998047 99
1726484968999 2.0550365447998047 100
1726484969027 2.0550365447998047 101
1726484969054 2.0550365447998047 102
1726484969081 2.0550365447998047 103
1726484969107 2.0550365447998047 104
1726484969134 2.0550365447998047 105
1726484969161 2.0550365447998047 106
1726484969187 2.0550365447998047 107
1726484969214 2.0550365447998047 108
1726484969242 2.0550365447998047 109
1726484969268 2.0550365447998047 110
1726484969293 2.0550365447998047 111
1726484969322 2.0550365447998047 112
1726484969350 2.0550365447998047 113
1726484969377 2.0550365447998047 114
1726484969404 2.0550365447998047 115
1726484969431 2.0550365447998047 116
1726484969458 2.0550365447998047 117
1726484969482 2.0550365447998047 118
1726484969509 2.0550365447998047 119
1726484969536 2.0550365447998047 120
1726484969562 2.0550365447998047 121
1726484969591 2.0550365447998047 122
1726484969618 2.0550365447998047 123
1726484969645 2.0550365447998047 124
1726484969670 2.0550365447998047 125
1726484969697 2.0550365447998047 126
1726484969724 2.0550365447998047 127
1726484969751 2.0550365447998047 128
1726484969777 2.0550365447998047 129
1726484969804 2.0550365447998047 130
1726484969831 2.0550365447998047 131
1726484969860 2.0550365447998047 132
1726484969885 2.0550365447998047 133
1726484969912 2.0550365447998047 134
1726484969939 2.0550365447998047 135
1726484969965 2.0550365447998047 136
1726484969992 2.0550365447998047 137
1726484970021 2.0550365447998047 138
1726484970049 2.0550365447998047 139
1726484970076 2.0550365447998047 140
1726484970104 2.0550365447998047 141
1726484970131 2.0550365447998047 142
1726484970158 2.0550365447998047 143
1726484970185 2.0550365447998047 144
1726484970212 2.0550365447998047 145
1726484970238 2.0550365447998047 146
1726484970264 2.0550365447998047 147
1726484970289 2.0550365447998047 148
1726484970316 2.0550365447998047 149
1726484970344 2.0550365447998047 150
1726484970371 2.0550365447998047 151
1726484970398 2.0550365447998047 152
1726484970425 2.0550365447998047 153
1726484970452 2.0550365447998047 154
1726484970477 2.0550365447998047 155
1726484970504 2.0550365447998047 156
1726484970531 2.0550365447998047 157
1726484970557 2.0550365447998047 158
1726484970585 2.0550365447998047 159
1726484970614 2.0550365447998047 160
1726484970640 2.0550365447998047 161
1726484970665 2.0550365447998047 162
1726484970692 2.0550365447998047 163
1726484970718 2.0550365447998047 164
1726484970745 2.0550365447998047 165
1726484970772 2.0550365447998047 166
1726484970799 2.0550365447998047 167
1726484970826 2.0550365447998047 168
1726484970854 2.0550365447998047 169
1726484970881 2.0550365447998047 170
1726484970907 2.0550365447998047 171
1726484970933 2.0550365447998047 172
1726484970960 2.0550365447998047 173
1726484970987 2.0550365447998047 174
1726484971012 2.0550365447998047 175
1726484971040 2.0550365447998047 176
1726484971067 2.0550365447998047 177
1726484971096 2.0550365447998047 178
1726484971123 2.0550365447998047 179
1726484971150 2.0550365447998047 180
1726484971177 2.0550365447998047 181
1726484971204 2.0550365447998047 182
1726484971233 2.0550365447998047 183
1726484971260 2.0550365447998047 184
1726484971287 2.0550365447998047 185
1726484971317 2.0550365447998047 186
1726484971347 2.0550365447998047 187
1726484971376 2.0550365447998047 188
1726484971403 2.0550365447998047 189
1726484971431 2.0550365447998047 190
1726484971458 2.0550365447998047 191
1726484971485 2.0550365447998047 192
1726484971514 2.0550365447998047 193
1726484971539 2.0550365447998047 194
1726484971568 2.0550365447998047 195
1726484971598 2.0550365447998047 196
1726484971627 2.0550365447998047 197
1726484971656 2.0550365447998047 198
1726484971683 2.0550365447998047 199
1726484971711 2.0550365447998047 200
1726484971740 2.0550365447998047 201
1726484971768 2.0550365447998047 202
1726484971795 2.0550365447998047 203
1726484971821 2.0550365447998047 204
1726484971851 2.0550365447998047 205
1726484971879 2.0550365447998047 206
1726484971907 2.0550365447998047 207
1726484971933 2.0550365447998047 208
1726484971961 2.0550365447998047 209
1726484971988 2.0550365447998047 210
1726484972017 2.0550365447998047 211
1726484972050 2.0550365447998047 212
1726484972078 2.0550365447998047 213
1726484972105 2.0550365447998047 214
1726484972131 2.0550365447998047 215
1726484972158 2.0550365447998047 216
1726484972185 2.0550365447998047 217
1726484972213 2.0550365447998047 218
1726484972241 2.0550365447998047 219
1726484972269 2.0550365447998047 220
1726484972298 2.0550365447998047 221
1726484972325 2.0550365447998047 222
1726484972353 2.0550365447998047 223
1726484972380 2.0550365447998047 224
1726484972407 2.0550365447998047 225
1726484972434 2.0550365447998047 226
1726484972461 2.0550365447998047 227
1726484972489 2.0550365447998047 228
1726484972518 2.0550365447998047 229
1726484972546 2.0550365447998047 230
1726484972572 2.0550365447998047 231
1726484972601 2.0550365447998047 232
1726484972629 2.0550365447998047 233
1726484972657 2.0550365447998047 234
1726484972685 2.0550365447998047 235
1726484972713 2.0550365447998047 236
1726484972740 2.0550365447998047 237
1726484972768 2.0550365447998047 238
1726484972793 2.0550365447998047 239
1726484972821 2.0550365447998047 240
1726484972850 2.0550365447998047 241
1726484972877 2.0550365447998047 242
1726484972903 2.0550365447998047 243
1726484972929 2.0550365447998047 244
1726484972955 2.0550365447998047 245
1726484972981 2.0550365447998047 246
1726484973006 2.0550365447998047 247
1726484973032 2.0550365447998047 248
1726484973058 2.0550365447998047 249
1726484973085 2.0550365447998047 250
1726484973113 2.0550365447998047 251
1726484973141 2.0550365447998047 252
1726484973167 2.0550365447998047 253
1726484973192 2.0550365447998047 254
1726484973220 2.0550365447998047 255
1726484973247 2.0550365447998047 256
1726484973274 2.0550365447998047 257
1726484973301 2.0550365447998047 258
1726484973328 2.0550365447998047 259
1726484973356 2.0550365447998047 260
1726484973381 2.0550365447998047 261
1726484973410 2.0550365447998047 262
1726484973438 2.0550365447998047 263
1726484973466 2.0550365447998047 264
1726484973494 2.0550365447998047 265
1726484973522 2.0550365447998047 266
1726484973551 2.0550365447998047 267
1726484973578 2.0550365447998047 268
1726484973609 2.0550365447998047 269
1726484973635 2.0550365447998047 270
1726484973663 2.0550365447998047 271
1726484973691 2.0550365447998047 272
1726484973718 2.0550365447998047 273
1726484973744 2.0550365447998047 274
1726484973771 2.0550365447998047 275
1726484973797 2.0550365447998047 276
1726484973822 2.0550365447998047 277
1726484973851 2.0550365447998047 278
1726484973878 2.0550365447998047 279
1726484973905 2.0550365447998047 280
1726484973930 2.0550365447998047 281
1726484973957 2.0550365447998047 282
1726484973984 2.0550365447998047 283
1726484974008 2.0550365447998047 284
1726484974034 2.0550365447998047 285
1726484974060 2.0550365447998047 286
1726484974086 2.0550365447998047 287
1726484974115 2.0550365447998047 288
1726484974142 2.0550365447998047 289
1726484974169 2.0550365447998047 290
1726484974193 2.0550365447998047 291
1726484974220 2.0550365447998047 292
1726484974246 2.0550365447998047 293
1726484974273 2.0550365447998047 294
1726484974300 2.0550365447998047 295
1726484974326 2.0550365447998047 296
1726484974353 2.0550365447998047 297
1726484974379 2.0550365447998047 298
1726484974406 2.0550365447998047 299
1726484974433 2.0550365447998047 300
1726484974459 2.0550365447998047 301
1726484974486 2.0550365447998047 302
1726484974513 2.0550365447998047 303
1726484974544 2.0550365447998047 304
1726484974571 2.0550365447998047 305
1726484974599 2.0550365447998047 306
1726484974627 2.0550365447998047 307
1726484974656 2.0550365447998047 308
1726484974683 2.0550365447998047 309
1726484974711 2.0550365447998047 310
1726484974739 2.0550365447998047 311
1726484974767 2.0550365447998047 312
1726484974794 2.0550365447998047 313
1726484974820 2.0550365447998047 314
1726484974849 2.0550365447998047 315
1726484974877 2.0550365447998047 316
1726484974905 2.0550365447998047 317
1726484974932 2.0550365447998047 318
1726484974958 2.0550365447998047 319
1726484974985 2.0550365447998047 320
1726484975013 2.0550365447998047 321
1726484975040 2.0550365447998047 322
1726484975067 2.0550365447998047 323
1726484975097 2.0550365447998047 324
1726484975125 2.0550365447998047 325
1726484975155 2.0550365447998047 326
1726484975182 2.0550365447998047 327
1726484975208 2.0550365447998047 328
1726484975235 2.0550365447998047 329
1726484975262 2.0550365447998047 330
1726484975288 2.0550365447998047 331
1726484975314 2.0550365447998047 332
1726484975342 2.0550365447998047 333
1726484975369 2.0550365447998047 334
1726484975396 2.0550365447998047 335
1726484975423 2.0550365447998047 336
1726484975451 2.0550365447998047 337
1726484975478 2.0550365447998047 338
1726484975503 2.0550365447998047 339
1726484975530 2.0550365447998047 340
1726484975557 2.0550365447998047 341
1726484975584 2.0550365447998047 342
1726484975614 2.0550365447998047 343
1726484975642 2.0550365447998047 344
1726484975669 2.0550365447998047 345
1726484975695 2.0550365447998047 346
1726484975720 2.0550365447998047 347
1726484975747 2.0550365447998047 348
1726484975774 2.0550365447998047 349
1726484975800 2.0550365447998047 350
1726484975827 2.0550365447998047 351
1726484975854 2.0550365447998047 352
1726484975884 2.0550365447998047 353
1726484975909 2.0550365447998047 354
1726484975936 2.0550365447998047 355
1726484975962 2.0550365447998047 356
1726484975988 2.0550365447998047 357
1726484976015 2.0550365447998047 358
1726484976042 2.0550365447998047 359
1726484976067 2.0550365447998047 360
1726484976099 2.0550365447998047 361
1726484976126 2.0550365447998047 362
1726484976155 2.0550365447998047 363
1726484976183 2.0550365447998047 364
1726484976209 2.0550365447998047 365
1726484976235 2.0550365447998047 366
1726484976262 2.0550365447998047 367
1726484976289 2.0550365447998047 368
1726484976314 2.0550365447998047 369
1726484976342 2.0550365447998047 370
1726484976370 2.0550365447998047 371
1726484976398 2.0550365447998047 372
1726484976425 2.0550365447998047 373
1726484976450 2.0550365447998047 374
1726484976476 2.0550365447998047 375
1726484976503 2.0550365447998047 376
1726484976531 2.0550365447998047 377
1726484976557 2.0550365447998047 378
1726484976584 2.0550365447998047 379
1726484976613 2.0550365447998047 380
1726484976640 2.0550365447998047 381
1726484976665 2.0550365447998047 382
1726484976693 2.0550365447998047 383
1726484976719 2.0550365447998047 384
1726484976746 2.0550365447998047 385
1726484976774 2.0550365447998047 386
1726484976803 2.0550365447998047 387
1726484976832 2.0550365447998047 388
1726484976862 2.0550365447998047 389
1726484976886 2.0550365447998047 390
1726484976913 2.0550365447998047 391
1726484976939 2.0550365447998047 392
1726484976965 2.0550365447998047 393
1726484976992 2.0550365447998047 394
1726484977019 2.0550365447998047 395
1726484977043 2.0550365447998047 396
1726484977069 2.0550365447998047 397
1726484977098 2.0550365447998047 398
1726484977127 2.0550365447998047 399
1726484977154 2.0550365447998047 400
1726484977183 2.0550365447998047 401
1726484977212 2.0550365447998047 402
1726484977240 2.0550365447998047 403
1726484977266 2.0550365447998047 404
1726484977291 2.0550365447998047 405
1726484977318 2.0550365447998047 406
1726484977345 2.0550365447998047 407
1726484977373 2.0550365447998047 408
1726484977399 2.0550365447998047 409
1726484977428 2.0550365447998047 410
1726484977455 2.0550365447998047 411
1726484977479 2.0550365447998047 412
1726484977506 2.0550365447998047 413
1726484977533 2.0550365447998047 414
1726484977559 2.0550365447998047 415
1726484977585 2.0550365447998047 416
1726484977614 2.0550365447998047 417
1726484977641 2.0550365447998047 418
1726484977667 2.0550365447998047 419
1726484977692 2.0550365447998047 420
1726484977719 2.0550365447998047 421
1726484977744 2.0550365447998047 422
1726484977771 2.0550365447998047 423
1726484977797 2.0550365447998047 424
1726484977824 2.0550365447998047 425
1726484977851 2.0550365447998047 426
1726484977879 2.0550365447998047 427
1726484977905 2.0550365447998047 428
1726484977931 2.0550365447998047 429
1726484977958 2.0550365447998047 430
1726484977985 2.0550365447998047 431
1726484978012 2.0550365447998047 432
1726484978037 2.0550365447998047 433
1726484978064 2.0550365447998047 434
1726484978090 2.0550365447998047 435
1726484978119 2.0550365447998047 436
1726484978146 2.0550365447998047 437
1726484978173 2.0550365447998047 438
1726484978200 2.0550365447998047 439
1726484978224 2.0550365447998047 440
1726484978251 2.0550365447998047 441
1726484978278 2.0550365447998047 442
1726484978304 2.0550365447998047 443
1726484978330 2.0550365447998047 444
1726484978359 2.0550365447998047 445
1726484978389 2.0550365447998047 446
1726484978415 2.0550365447998047 447
1726484978440 2.0550365447998047 448
1726484978467 2.0550365447998047 449
1726484978493 2.0550365447998047 450
1726484978519 2.0550365447998047 451
1726484978546 2.0550365447998047 452
1726484978573 2.0550365447998047 453
1726484978600 2.0550365447998047 454
1726484978630 2.0550365447998047 455
1726484978657 2.0550365447998047 456
1726484978684 2.0550365447998047 457
1726484978710 2.0550365447998047 458
1726484978736 2.0550365447998047 459
1726484978764 2.0550365447998047 460
1726484978791 2.0550365447998047 461
1726484978815 2.0550365447998047 462
1726484978841 2.0550365447998047 463
1726484978869 2.0550365447998047 464
1726484978895 2.0550365447998047 465
1726484978923 2.0550365447998047 466
1726484978950 2.0550365447998047 467
1726484978977 2.0550365447998047 468
1726484979002 2.0550365447998047 469
1726484979029 2.0550365447998047 470
1726484979056 2.0550365447998047 471
1726484979083 2.0550365447998047 472
1726484979111 2.0550365447998047 473
1726484979138 2.0550365447998047 474
1726484979165 2.0550365447998047 475
1726484979190 2.0550365447998047 476
1726484979218 2.0550365447998047 477
1726484979245 2.0550365447998047 478
1726484979271 2.0550365447998047 479
1726484979298 2.0550365447998047 480
1726484979325 2.0550365447998047 481
1726484979352 2.0550365447998047 482
1726484979379 2.0550365447998047 483
1726484979405 2.0550365447998047 484
1726484979432 2.0550365447998047 485
1726484979458 2.0550365447998047 486
1726484979484 2.0550365447998047 487
1726484979511 2.0550365447998047 488
1726484979537 2.0550365447998047 489
1726484979562 2.0550365447998047 490
1726484979589 2.0550365447998047 491
1726484979618 2.0550365447998047 492
1726484979644 2.0550365447998047 493
1726484979671 2.0550365447998047 494
1726484979698 2.0550365447998047 495
1726484979725 2.0550365447998047 496
1726484979752 2.0550365447998047 497
1726484979779 2.0550365447998047 498
1726484979805 2.0550365447998047 499
1726484979833 2.0550365447998047 500
1726484979862 2.0550365447998047 501
1726484979890 2.0550365447998047 502
1726484979918 2.0550365447998047 503
1726484979946 2.0550365447998047 504
1726484979973 2.0550365447998047 505
1726484979997 2.0550365447998047 506
1726484980024 2.0550365447998047 507
1726484980051 2.0550365447998047 508
1726484980077 2.0550365447998047 509
1726484980105 2.0550365447998047 510
1726484980133 2.0550365447998047 511
1726484980159 2.0550365447998047 512
1726484980183 2.0550365447998047 513
1726484980210 2.0550365447998047 514
1726484980237 2.0550365447998047 515
1726484980266 2.0550365447998047 516
1726484980296 2.0550365447998047 517
1726484980328 2.0550365447998047 518
1726484980357 2.0550365447998047 519
1726484980387 2.0550365447998047 520
1726484980416 2.0550365447998047 521
1726484980444 2.0550365447998047 522
1726484980471 2.0550365447998047 523
1726484980499 2.0550365447998047 524
1726484980525 2.0550365447998047 525
1726484980552 2.0550365447998047 526
1726484980582 2.0550365447998047 527
1726484980614 2.0550365447998047 528
1726484980643 2.0550365447998047 529
1726484980672 2.0550365447998047 530
1726484980699 2.0550365447998047 531
1726484980726 2.0550365447998047 532
1726484980753 2.0550365447998047 533
1726484980780 2.0550365447998047 534
1726484980805 2.0550365447998047 535
1726484980832 2.0550365447998047 536
1726484980861 2.0550365447998047 537
1726484980888 2.0550365447998047 538
1726484980915 2.0550365447998047 539
1726484980942 2.0550365447998047 540
1726484980969 2.0550365447998047 541
1726484980994 2.0550365447998047 542
1726484981021 2.0550365447998047 543
1726484981048 2.0550365447998047 544
1726484981074 2.0550365447998047 545
1726484981101 2.0550365447998047 546
1726484981131 2.0550365447998047 547
1726484981158 2.0550365447998047 548
1726484981184 2.0550365447998047 549
1726484981209 2.0550365447998047 550
1726484981236 2.0550365447998047 551
1726484981263 2.0550365447998047 552
1726484981290 2.0550365447998047 553
1726484981317 2.0550365447998047 554
1726484981345 2.0550365447998047 555
1726484981374 2.0550365447998047 556
1726484981401 2.0550365447998047 557
1726484981426 2.0550365447998047 558
1726484981453 2.0550365447998047 559
1726484981480 2.0550365447998047 560
1726484981507 2.0550365447998047 561
1726484981534 2.0550365447998047 562
1726484981561 2.0550365447998047 563
1726484981587 2.0550365447998047 564
1726484981615 2.0550365447998047 565
1726484981643 2.0550365447998047 566
1726484981670 2.0550365447998047 567
1726484981699 2.0550365447998047 568
1726484981727 2.0550365447998047 569
1726484981754 2.0550365447998047 570
1726484981783 2.0550365447998047 571
1726484981812 2.0550365447998047 572
1726484981840 2.0550365447998047 573
1726484981870 2.0550365447998047 574
1726484981900 2.0550365447998047 575
1726484981927 2.0550365447998047 576
1726484981954 2.0550365447998047 577
1726484981983 2.0550365447998047 578
1726484982011 2.0550365447998047 579
1726484982039 2.0550365447998047 580
1726484982068 2.0550365447998047 581
1726484982095 2.0550365447998047 582
1726484982123 2.0550365447998047 583
1726484982153 2.0550365447998047 584
1726484982179 2.0550365447998047 585
1726484982205 2.0550365447998047 586
1726484982233 2.0550365447998047 587
1726484982259 2.0550365447998047 588
1726484982287 2.0550365447998047 589
1726484982314 2.0550365447998047 590
1726484982340 2.0550365447998047 591
1726484982367 2.0550365447998047 592
1726484982394 2.0550365447998047 593
1726484982421 2.0550365447998047 594
1726484982448 2.0550365447998047 595
1726484982474 2.0550365447998047 596
1726484982502 2.0550365447998047 597
1726484982528 2.0550365447998047 598
1726484982556 2.0550365447998047 599
1726484982580 2.0550365447998047 600
1726484982607 2.0550365447998047 601
1726484982636 2.0550365447998047 602
1726484982662 2.0550365447998047 603
1726484982689 2.0550365447998047 604
1726484982716 2.0550365447998047 605
1726484982743 2.0550365447998047 606
1726484982769 2.0550365447998047 607
1726484982795 2.0550365447998047 608
1726484982822 2.0550365447998047 609
1726484982848 2.0550365447998047 610
1726484982876 2.0550365447998047 611
1726484982900 2.0550365447998047 612
1726484982927 2.0550365447998047 613
1726484982954 2.0550365447998047 614
1726484982981 2.0550365447998047 615
1726484983008 2.0550365447998047 616
1726484983034 2.0550365447998047 617
1726484983060 2.0550365447998047 618
1726484983086 2.0550365447998047 619
1726484983115 2.0550365447998047 620
1726484983142 2.0550365447998047 621
1726484983169 2.0550365447998047 622
1726484983196 2.0550365447998047 623
1726484983222 2.0550365447998047 624
1726484983249 2.0550365447998047 625
1726484983273 2.0550365447998047 626
1726484983300 2.0550365447998047 627
1726484983328 2.0550365447998047 628
1726484983354 2.0550365447998047 629
1726484983383 2.0550365447998047 630
1726484983411 2.0550365447998047 631
1726484983439 2.0550365447998047 632
1726484983466 2.0550365447998047 633
1726484983491 2.0550365447998047 634
1726484983518 2.0550365447998047 635
1726484983545 2.0550365447998047 636
1726484983571 2.0550365447998047 637
1726484983598 2.0550365447998047 638
1726484983626 2.0550365447998047 639
1726484983655 2.0550365447998047 640
1726484983680 2.0550365447998047 641
1726484983707 2.0550365447998047 642
1726484983734 2.0550365447998047 643
1726484983760 2.0550365447998047 644
1726484983787 2.0550365447998047 645
1726484983814 2.0550365447998047 646
1726484983840 2.0550365447998047 647
1726484983866 2.0550365447998047 648
1726484983894 2.0550365447998047 649
1726484983920 2.0550365447998047 650
1726484983947 2.0550365447998047 651
1726484983974 2.0550365447998047 652
1726484984001 2.0550365447998047 653
1726484984027 2.0550365447998047 654
1726484984052 2.0550365447998047 655
1726484984079 2.0550365447998047 656
1726484984106 2.0550365447998047 657
1726484984135 2.0550365447998047 658
1726484984162 2.0550365447998047 659
1726484984191 2.0550365447998047 660
1726484984218 2.0550365447998047 661
1726484984243 2.0550365447998047 662
1726484984270 2.0550365447998047 663
1726484984296 2.0550365447998047 664
1726484984322 2.0550365447998047 665
1726484984349 2.0550365447998047 666
1726484984377 2.0550365447998047 667
1726484984405 2.0550365447998047 668
1726484984430 2.0550365447998047 669
1726484984458 2.0550365447998047 670
1726484984485 2.0550365447998047 671
1726484984512 2.0550365447998047 672
1726484984538 2.0550365447998047 673
1726484984565 2.0550365447998047 674
1726484984592 2.0550365447998047 675
1726484984617 2.0550365447998047 676
1726484984644 2.0550365447998047 677
1726484984672 2.0550365447998047 678
1726484984699 2.0550365447998047 679
1726484984725 2.0550365447998047 680
1726484984753 2.0550365447998047 681
1726484984780 2.0550365447998047 682
1726484984807 2.0550365447998047 683
1726484984833 2.0550365447998047 684
1726484984862 2.0550365447998047 685
1726484984892 2.0550365447998047 686
1726484984919 2.0550365447998047 687
1726484984947 2.0550365447998047 688
1726484984974 2.0550365447998047 689
1726484985002 2.0550365447998047 690
1726484985029 2.0550365447998047 691
1726484985056 2.0550365447998047 692
1726484985081 2.0550365447998047 693
1726484985108 2.0550365447998047 694
1726484985136 2.0550365447998047 695
1726484985166 2.0550365447998047 696
1726484985194 2.0550365447998047 697
1726484985223 2.0550365447998047 698
1726484985250 2.0550365447998047 699
1726484985277 2.0550365447998047 700
1726484985304 2.0550365447998047 701
1726484985329 2.0550365447998047 702
1726484985356 2.0550365447998047 703
1726484985388 2.0550365447998047 704
1726484985417 2.0550365447998047 705
1726484985446 2.0550365447998047 706
1726484985475 2.0550365447998047 707
1726484985503 2.0550365447998047 708
1726484985532 2.0550365447998047 709
1726484985561 2.0550365447998047 710
1726484985590 2.0550365447998047 711
1726484985618 2.0550365447998047 712
1726484985648 2.0550365447998047 713
1726484985677 2.0550365447998047 714
1726484985705 2.0550365447998047 715
1726484985734 2.0550365447998047 716
1726484985762 2.0550365447998047 717
1726484985791 2.0550365447998047 718
1726484985818 2.0550365447998047 719
1726484985847 2.0550365447998047 720
1726484985875 2.0550365447998047 721
1726484985906 2.0550365447998047 722
1726484985936 2.0550365447998047 723
1726484985965 2.0550365447998047 724
1726484985993 2.0550365447998047 725
1726484986019 2.0550365447998047 726
1726484986048 2.0550365447998047 727
1726484986077 2.0550365447998047 728
1726484986105 2.0550365447998047 729
1726484986133 2.0550365447998047 730
1726484986163 2.0550365447998047 731
1726484986192 2.0550365447998047 732
1726484986220 2.0550365447998047 733
1726484986249 2.0550365447998047 734
1726484986277 2.0550365447998047 735
1726484986303 2.0550365447998047 736
1726484986330 2.0550365447998047 737
1726484986359 2.0550365447998047 738
1726484986388 2.0550365447998047 739
1726484986415 2.0550365447998047 740
1726484986444 2.0550365447998047 741
1726484986473 2.0550365447998047 742
1726484986502 2.0550365447998047 743
1726484986530 2.0550365447998047 744
1726484986559 2.0550365447998047 745
1726484986587 2.0550365447998047 746
1726484986613 2.0550365447998047 747
1726484986643 2.0550365447998047 748
1726484986672 2.0550365447998047 749
1726484986699 2.0550365447998047 750
1726484986727 2.0550365447998047 751
1726484986756 2.0550365447998047 752
1726484986785 2.0550365447998047 753
1726484986813 2.0550365447998047 754
1726484986841 2.0550365447998047 755
1726484986870 2.0550365447998047 756
1726484986901 2.0550365447998047 757
1726484986928 2.0550365447998047 758
1726484986955 2.0550365447998047 759
1726484986983 2.0550365447998047 760
1726484987012 2.0550365447998047 761
1726484987040 2.0550365447998047 762
1726484987067 2.0550365447998047 763
1726484987096 2.0550365447998047 764
1726484987125 2.0550365447998047 765
1726484987156 2.0550365447998047 766
1726484987184 2.0550365447998047 767
1726484987212 2.0550365447998047 768
1726484987239 2.0550365447998047 769
1726484987268 2.0550365447998047 770
1726484987295 2.0550365447998047 771
1726484987324 2.0550365447998047 772
1726484987352 2.0550365447998047 773
1726484987380 2.0550365447998047 774
1726484987409 2.0550365447998047 775
1726484987437 2.0550365447998047 776
1726484987464 2.0550365447998047 777
1726484987488 2.0550365447998047 778
1726484987516 2.0550365447998047 779
1726484987542 2.0550365447998047 780
1726484987569 2.0550365447998047 781
1726484987596 2.0550365447998047 782
1726484987623 2.0550365447998047 783
1726484987651 2.0550365447998047 784
1726484987675 2.0550365447998047 785
1726484987702 2.0550365447998047 786
1726484987729 2.0550365447998047 787
1726484987755 2.0550365447998047 788
1726484987782 2.0550365447998047 789
1726484987809 2.0550365447998047 790
1726484987833 2.0550365447998047 791
1726484987860 2.0550365447998047 792
1726484987889 2.0550365447998047 793
1726484987916 2.0550365447998047 794
1726484987943 2.0550365447998047 795
1726484987970 2.0550365447998047 796
1726484987997 2.0550365447998047 797
1726484988023 2.0550365447998047 798
1726484988048 2.0550365447998047 799
1726484988075 2.0550365447998047 800
1726484988101 2.0550365447998047 801
1726484988127 2.0550365447998047 802
1726484988156 2.0550365447998047 803
1726484988183 2.0550365447998047 804
1726484988209 2.0550365447998047 805
1726484988235 2.0550365447998047 806
1726484988262 2.0550365447998047 807
1726484988288 2.0550365447998047 808
1726484988314 2.0550365447998047 809
1726484988341 2.0550365447998047 810
1726484988368 2.0550365447998047 811
1726484988395 2.0550365447998047 812
1726484988422 2.0550365447998047 813
1726484988450 2.0550365447998047 814
1726484988479 2.0550365447998047 815
1726484988507 2.0550365447998047 816
1726484988534 2.0550365447998047 817
1726484988562 2.0550365447998047 818
1726484988590 2.0550365447998047 819
1726484988618 2.0550365447998047 820
1726484988646 2.0550365447998047 821
1726484988672 2.0550365447998047 822
1726484988699 2.0550365447998047 823
1726484988726 2.0550365447998047 824
1726484988752 2.0550365447998047 825
1726484988778 2.0550365447998047 826
1726484988805 2.0550365447998047 827
1726484988831 2.0550365447998047 828
1726484988856 2.0550365447998047 829
1726484988884 2.0550365447998047 830
1726484988913 2.0550365447998047 831
1726484988939 2.0550365447998047 832
1726484988966 2.0550365447998047 833
1726484988993 2.0550365447998047 834
1726484989019 2.0550365447998047 835
1726484989045 2.0550365447998047 836
1726484989071 2.0550365447998047 837
1726484989098 2.0550365447998047 838
1726484989124 2.0550365447998047 839
1726484989151 2.0550365447998047 840
1726484989179 2.0550365447998047 841
1726484989205 2.0550365447998047 842
1726484989230 2.0550365447998047 843
1726484989257 2.0550365447998047 844
1726484989282 2.0550365447998047 845
1726484989309 2.0550365447998047 846
1726484989336 2.0550365447998047 847
1726484989363 2.0550365447998047 848
1726484989389 2.0550365447998047 849
1726484989417 2.0550365447998047 850
1726484989444 2.0550365447998047 851
1726484989470 2.0550365447998047 852
1726484989497 2.0550365447998047 853
1726484989523 2.0550365447998047 854
1726484989550 2.0550365447998047 855
1726484989574 2.0550365447998047 856
1726484989601 2.0550365447998047 857
1726484989628 2.0550365447998047 858
1726484989656 2.0550365447998047 859
1726484989684 2.0550365447998047 860
1726484989711 2.0550365447998047 861
1726484989738 2.0550365447998047 862
1726484989763 2.0550365447998047 863
1726484989792 2.0550365447998047 864
1726484989820 2.0550365447998047 865
1726484989849 2.0550365447998047 866
1726484989877 2.0550365447998047 867
1726484989904 2.0550365447998047 868
1726484989932 2.0550365447998047 869
1726484989958 2.0550365447998047 870
1726484989982 2.0550365447998047 871
1726484990010 2.0550365447998047 872
1726484990037 2.0550365447998047 873
1726484990064 2.0550365447998047 874
1726484990091 2.0550365447998047 875
1726484990118 2.0550365447998047 876
1726484990146 2.0550365447998047 877
1726484990178 2.0550365447998047 878
1726484990209 2.0550365447998047 879
1726484990238 2.0550365447998047 880
1726484990265 2.0550365447998047 881
1726484990294 2.0550365447998047 882
1726484990323 2.0550365447998047 883
1726484990351 2.0550365447998047 884
1726484990379 2.0550365447998047 885
1726484990407 2.0550365447998047 886
1726484990435 2.0550365447998047 887
1726484990464 2.0550365447998047 888
1726484990496 2.0550365447998047 889
1726484990526 2.0550365447998047 890
1726484990556 2.0550365447998047 891
1726484990586 2.0550365447998047 892
1726484990615 2.0550365447998047 893
1726484990644 2.0550365447998047 894
1726484990672 2.0550365447998047 895
1726484990699 2.0550365447998047 896
1726484990727 2.0550365447998047 897
1726484990755 2.0550365447998047 898
1726484990784 2.0550365447998047 899
1726484990812 2.0550365447998047 900
1726484990839 2.0550365447998047 901
1726484990867 2.0550365447998047 902
1726484990896 2.0550365447998047 903
1726484990929 2.0550365447998047 904
1726484990955 2.0550365447998047 905
1726484990981 2.0550365447998047 906
1726484991006 2.0550365447998047 907
1726484991033 2.0550365447998047 908
1726484991060 2.0550365447998047 909
1726484991087 2.0550365447998047 910
1726484991114 2.0550365447998047 911
1726484991141 2.0550365447998047 912
1726484991170 2.0550365447998047 913
1726484991195 2.0550365447998047 914
1726484991222 2.0550365447998047 915
1726484991248 2.0550365447998047 916
1726484991275 2.0550365447998047 917
1726484991304 2.0550365447998047 918
1726484991332 2.0550365447998047 919
1726484991360 2.0550365447998047 920
1726484991387 2.0550365447998047 921
1726484991416 2.0550365447998047 922
1726484991445 2.0550365447998047 923
1726484991474 2.0550365447998047 924
1726484991502 2.0550365447998047 925
1726484991527 2.0550365447998047 926
1726484991553 2.0550365447998047 927
1726484991580 2.0550365447998047 928
1726484991604 2.0550365447998047 929
1726484991630 2.0550365447998047 930
1726484991659 2.0550365447998047 931
1726484991685 2.0550365447998047 932
1726484991711 2.0550365447998047 933
1726484991739 2.0550365447998047 934
1726484991765 2.0550365447998047 935
1726484991790 2.0550365447998047 936
1726484991817 2.0550365447998047 937
1726484991844 2.0550365447998047 938
1726484991870 2.0550365447998047 939
1726484991898 2.0550365447998047 940
1726484991928 2.0550365447998047 941
1726484991957 2.0550365447998047 942
1726484991986 2.0550365447998047 943
1726484992012 2.0550365447998047 944
1726484992038 2.0550365447998047 945
1726484992067 2.0550365447998047 946
1726484992095 2.0550365447998047 947
1726484992124 2.0550365447998047 948
1726484992152 2.0550365447998047 949
1726484992182 2.0550365447998047 950
1726484992210 2.0550365447998047 951
1726484992238 2.0550365447998047 952
1726484992268 2.0550365447998047 953
1726484992296 2.0550365447998047 954
1726484992326 2.0550365447998047 955
1726484992351 2.0550365447998047 956
1726484992379 2.0550365447998047 957
1726484992410 2.0550365447998047 958
1726484992439 2.0550365447998047 959
1726484992470 2.0550365447998047 960
1726484992498 2.0550365447998047 961
1726484992525 2.0550365447998047 962
