1727302118844 1.943095088005066 0
1727302118879 1.8890115022659302 1
1727302118917 1.8347182273864746 2
1727302118954 1.7581868171691895 3
1727302118990 1.9208993911743164 4
1727302119025 1.904457926750183 5
1727302119063 1.7743875980377197 6
1727302119097 1.7299904823303223 7
1727302119132 1.8003523349761963 8
1727302119167 1.8297570943832397 9
1727302119201 1.8105027675628662 10
1727302119234 1.7822790145874023 11
1727302119268 1.969449758529663 12
1727302119308 1.961340069770813 13
1727302119346 1.5040340423583984 14
1727302119386 1.85892915725708 15
1727302119423 1.7190691232681274 16
1727302119460 1.9332160949707031 17
1727302119498 1.664478063583374 18
1727302119546 1.7216074466705322 19
1727302119588 1.9896454811096191 20
1727302119629 1.9630982875823975 21
1727302119666 1.8847453594207764 22
1727302119701 1.7300043106079102 23
1727302119740 1.931365728378296 24
1727302119776 1.8198862075805664 25
1727302119816 1.6102662086486816 26
1727302119850 1.9279881715774536 27
1727302119883 1.9847149848937988 28
1727302119916 1.8653969764709473 29
1727302119951 1.549241065979004 30
1727302119986 1.8029499053955078 31
1727302120020 1.8830558061599731 32
1727302120056 1.851148009300232 33
1727302120091 1.8873811960220337 34
1727302120128 1.9521374702453613 35
1727302120161 1.6376343965530396 36
1727302120196 1.8500027656555176 37
1727302120230 1.8419023752212524 38
1727302120266 1.949176549911499 39
1727302120303 1.2846566438674927 40
1727302120338 1.8293178081512451 41
1727302120374 1.975285530090332 42
1727302120408 1.807665228843689 43
1727302120442 1.4290242195129395 44
1727302120476 1.9627282619476318 45
1727302120510 1.783077597618103 46
1727302120546 1.940880537033081 47
1727302120582 1.9504517316818237 48
1727302120617 1.7993369102478027 49
1727302120652 1.789919137954712 50
1727302120687 1.4832072257995605 51
1727302120722 1.9258615970611572 52
1727302120757 1.7943193912506104 53
1727302120793 1.9788901805877686 54
1727302120830 1.8085377216339111 55
1727302120865 1.450179100036621 56
1727302120899 1.897768259048462 57
1727302120934 1.8674707412719727 58
1727302120969 1.8939740657806396 59
1727302121004 1.8801312446594238 60
1727302121039 1.9516477584838867 61
1727302121078 1.8945353031158447 62
1727302121113 1.872277021408081 63
1727302121147 1.9385855197906494 64
1727302121182 1.5508227348327637 65
1727302121216 1.819195032119751 66
1727302121251 1.6741195917129517 67
1727302121288 1.4413331747055054 68
1727302121326 1.756906270980835 69
1727302121360 1.9389076232910156 70
1727302121394 1.5414049625396729 71
1727302121428 1.956678032875061 72
1727302121462 1.9549317359924316 73
1727302121496 1.8089725971221924 74
1727302121530 1.5753722190856934 75
1727302121566 1.5973494052886963 76
1727302121602 1.8996378183364868 77
1727302121636 1.8831089735031128 78
1727302121671 1.7579925060272217 79
1727302121705 1.8656463623046875 80
1727302121740 1.923214077949524 81
1727302121774 1.6998502016067505 82
1727302121811 1.5968530178070068 83
1727302121847 1.9273147583007812 84
1727302121882 1.623337745666504 85
1727302121917 1.6040441989898682 86
1727302121951 1.8957839012145996 87
1727302121985 1.8324984312057495 88
1727302122018 1.6655805110931396 89
1727302122053 1.9446338415145874 90
1727302122088 1.7385151386260986 91
1727302122124 1.8240749835968018 92
1727302122159 1.9046112298965454 93
1727302122193 1.8239244222640991 94
1727302122227 1.6018218994140625 95
1727302122262 1.8842980861663818 96
1727302122298 1.5208475589752197 97
1727302122334 1.8113545179367065 98
1727302122370 1.699765682220459 99
1727302122406 1.6046115159988403 100
1727302122440 1.3379247188568115 101
1727302122475 1.432581901550293 102
1727302122511 1.7663743495941162 103
1727302122545 1.967639446258545 104
1727302122582 1.963710069656372 105
1727302122616 1.9391734600067139 106
1727302122652 1.9422543048858643 107
1727302122688 1.432581901550293 108
1727302122724 1.953993797302246 109
1727302122762 1.4309132099151611 110
1727302122797 1.7166650295257568 111
1727302122846 1.7461603879928589 112
1727302122891 1.9394559860229492 113
1727302122933 1.9368829727172852 114
1727302122984 0.436470091342926 115
1727302123033 1.836948275566101 116
1727302123069 1.6350111961364746 117
1727302123108 1.8296010494232178 118
1727302123145 1.790966510772705 119
1727302123181 1.8699214458465576 120
1727302123217 1.8238472938537598 121
1727302123252 1.9532568454742432 122
1727302123287 1.9264042377471924 123
1727302123324 1.9416940212249756 124
1727302123361 1.9440745115280151 125
1727302123398 1.80251944065094 126
1727302123433 1.217229962348938 127
1727302123469 1.8800828456878662 128
1727302123503 1.7232985496520996 129
1727302123542 1.855055570602417 130
1727302123583 1.7780935764312744 131
1727302123620 1.9683808088302612 132
1727302123659 1.7161062955856323 133
1727302123695 1.9092819690704346 134
1727302123732 1.7496246099472046 135
1727302123768 1.432581901550293 136
1727302123806 1.432581901550293 137
