1727307540483 1.9403561353683472 0
1727307540525 1.8834598064422607 1
1727307540565 1.9127440452575684 2
1727307540605 1.7924138307571411 3
1727307540647 1.7574453353881836 4
1727307540686 1.5900434255599976 5
1727307540724 1.3834599256515503 6
1727307540762 1.8069241046905518 7
1727307540803 1.8236513137817383 8
1727307540846 1.7038006782531738 9
1727307540886 1.9784642457962036 10
1727307540928 1.4509119987487793 11
1727307540968 1.771303653717041 12
1727307541008 1.9520198106765747 13
1727307541052 1.884883165359497 14
1727307541092 1.8198399543762207 15
1727307541133 1.7916778326034546 16
1727307541172 1.3996753692626953 17
1727307541212 1.6063389778137207 18
1727307541253 1.7110753059387207 19
1727307541293 1.7151654958724976 20
1727307541333 1.7909371852874756 21
1727307541373 1.9132846593856812 22
1727307541414 1.3425817489624023 23
1727307541453 1.828603982925415 24
1727307541494 1.432581901550293 25
1727307541536 1.3580353260040283 26
1727307541578 1.7846922874450684 27
1727307541620 1.5557687282562256 28
1727307541662 1.669511079788208 29
1727307541705 1.6759257316589355 30
1727307541748 1.9282187223434448 31
1727307541792 1.7571430206298828 32
1727307541842 1.9824321269989014 33
1727307541902 1.961335301399231 34
1727307541965 1.775675892829895 35
1727307542023 1.872015118598938 36
1727307542083 1.5079402923583984 37
1727307542132 1.9063630104064941 38
1727307542179 1.6517860889434814 39
1727307542228 1.992729902267456 40
1727307542275 1.962181806564331 41
1727307542326 1.6984119415283203 42
1727307542373 1.8503854274749756 43
1727307542424 1.9115321636199951 44
1727307542474 1.8907115459442139 45
1727307542534 1.9420382976531982 46
1727307542582 1.7125279903411865 47
1727307542626 1.6576945781707764 48
1727307542673 1.74114990234375 49
1727307542717 1.8290114402770996 50
1727307542762 1.8987571001052856 51
1727307542806 1.6803442239761353 52
1727307542851 1.6225053071975708 53
1727307542895 1.4795736074447632 54
1727307542940 1.896019697189331 55
1727307542983 1.892331600189209 56
1727307543025 1.878467321395874 57
1727307543072 1.941585659980774 58
1727307543125 1.8954418897628784 59
1727307543168 1.4565962553024292 60
1727307543209 1.9128493070602417 61
1727307543251 1.5565907955169678 62
1727307543293 1.5970128774642944 63
1727307543334 1.8571522235870361 64
1727307543376 1.6987032890319824 65
1727307543417 1.938861608505249 66
1727307543457 1.6803401708602905 67
1727307543499 1.8318817615509033 68
1727307543541 1.5740972757339478 69
1727307543583 1.5523838996887207 70
1727307543626 1.2097513675689697 71
1727307543669 1.9845876693725586 72
1727307543712 1.8449419736862183 73
1727307543755 1.7656489610671997 74
1727307543796 1.688597559928894 75
1727307543838 1.9942651987075806 76
1727307543880 0.436470091342926 77
1727307543921 1.596852421760559 78
1727307543965 1.880897045135498 79
1727307544007 1.6346232891082764 80
1727307544048 1.507859230041504 81
1727307544091 1.5962884426116943 82
1727307544134 1.6342498064041138 83
1727307544176 1.8809019327163696 84
1727307544217 1.3425817489624023 85
1727307544258 1.6770107746124268 86
1727307544299 1.3779141902923584 87
1727307544342 1.8407492637634277 88
1727307544386 1.5778253078460693 89
1727307544429 1.93831467628479 90
1727307544469 1.891635775566101 91
1727307544510 1.8902108669281006 92
1727307544553 1.6279921531677246 93
1727307544595 1.9830926656723022 94
1727307544638 1.7375719547271729 95
1727307544680 1.920002818107605 96
1727307544721 1.8033862113952637 97
1727307544763 1.932483434677124 98
1727307544805 1.8225078582763672 99
1727307544851 1.9901760816574097 100
1727307544894 1.8621083498001099 101
1727307544937 1.7118842601776123 102
1727307544979 1.895857334136963 103
1727307545020 1.6488738059997559 104
1727307545063 1.8479937314987183 105
1727307545108 1.863761067390442 106
1727307545151 1.9657398462295532 107
1727307545191 1.78763747215271 108
1727307545232 1.8982313871383667 109
1727307545273 1.8965929746627808 110
1727307545314 1.8562440872192383 111
1727307545355 1.9939624071121216 112
1727307545398 1.9614328145980835 113
1727307545439 1.9678726196289062 114
1727307545484 1.953406572341919 115
1727307545526 1.9557709693908691 116
1727307545566 1.9698591232299805 117
1727307545607 1.8876001834869385 118
1727307545649 1.934006929397583 119
1727307545689 1.8628425598144531 120
1727307545730 1.947584867477417 121
1727307545771 1.7126412391662598 122
1727307545813 1.8498690128326416 123
1727307545855 1.8877589702606201 124
1727307545898 1.821981430053711 125
1727307545940 1.926619529724121 126
1727307545983 1.752328634262085 127
1727307546025 1.8772485256195068 128
1727307546066 1.564738392829895 129
1727307546106 1.8160758018493652 130
1727307546146 1.9927682876586914 131
1727307546186 1.4185230731964111 132
1727307546226 1.3733757734298706 133
1727307546266 1.9935321807861328 134
1727307546306 1.3425817489624023 135
1727307546347 4.2995654325750365e-07 136
1727307546388 1.9680211544036865 137
1727307546426 1.5837959051132202 138
1727307546464 1.7469372749328613 139
1727307546503 1.8621363639831543 140
1727307546542 1.6337132453918457 141
1727307546583 1.771378755569458 142
1727307546625 1.7568916082382202 143
1727307546669 1.8876785039901733 144
1727307546710 1.8994615077972412 145
1727307546751 1.9796912670135498 146
1727307546790 1.6997333765029907 147
1727307546832 1.7196745872497559 148
1727307546871 1.432581901550293 149
1727307546913 1.432581901550293 150
