1726233748668 0.0 0
1726233748718 0.0 1
1726233748760 0.0 2
1726233748802 0.0 3
1726233748849 0.0 4
1726233748890 0.0 5
1726233748936 0.0 6
1726233748988 0.0 7
1726233749030 0.0 8
1726233749072 0.0 9
1726233749114 0.0 10
1726233749168 0.0 11
1726233749207 0.0 12
1726233749250 0.0 13
1726233749296 0.0 14
1726233749350 0.0 15
1726233749393 0.0 16
1726233749434 0.0 17
1726233749480 0.0 18
1726233749521 0.0 19
1726233749561 0.0 20
1726233749604 0.0 21
1726233749646 0.0 22
1726233749689 0.0 23
1726233749727 0.0 24
1726233749767 0.0 25
1726233749806 0.0 26
1726233749842 0.0 27
1726233749878 0.0 28
1726233749915 0.0 29
1726233749952 0.0 30
1726233749989 0.0 31
1726233750025 0.0 32
1726233750062 0.0 33
1726233750099 0.0 34
1726233750135 0.0 35
1726233750172 0.0 36
1726233750209 0.0 37
1726233750246 0.0 38
1726233750284 0.0 39
1726233750321 0.0 40
1726233750357 0.0 41
1726233750394 0.0 42
1726233750431 0.0 43
1726233750468 0.0 44
1726233750505 0.0 45
1726233750543 0.0 46
1726233750580 0.0 47
1726233750617 0.0 48
1726233750655 0.0 49
1726233750692 0.0 50
1726233750729 0.0 51
1726233750767 0.0 52
1726233750804 0.0 53
1726233750840 0.0 54
1726233750880 0.0 55
1726233750918 0.0 56
1726233750955 0.0 57
1726233750992 0.0 58
1726233751029 0.0 59
1726233751067 0.0 60
1726233751104 0.0 61
1726233751141 0.0 62
1726233751178 0.0 63
1726233751216 0.0 64
1726233751255 0.0 65
1726233751292 0.0 66
1726233751329 0.0 67
1726233751367 0.0 68
1726233751405 0.0 69
1726233751442 0.0 70
1726233751480 0.0 71
1726233751517 0.0 72
1726233751555 0.0 73
1726233751592 0.0 74
1726233751630 0.0 75
1726233751668 0.0 76
1726233751707 0.0 77
1726233751745 0.0 78
1726233751783 0.0 79
1726233751820 0.0 80
1726233751858 0.0 81
1726233751896 0.0 82
1726233751934 0.0 83
1726233751973 0.0 84
1726233752012 0.0 85
1726233752050 0.0 86
1726233752088 0.0 87
1726233752126 0.0 88
1726233752163 0.0 89
1726233752201 0.0 90
1726233752239 0.0 91
1726233752277 0.0 92
1726233752315 0.0 93
1726233752353 0.0 94
1726233752391 0.0 95
1726233752428 0.0 96
1726233752466 0.0 97
1726233752504 0.0 98
1726233752543 0.0 99
1726233752580 0.0 100
1726233752617 0.0 101
1726233752655 0.0 102
1726233752693 0.0 103
1726233752731 0.0 104
1726233752769 0.0 105
1726233752807 0.0 106
1726233752844 0.0 107
1726233752882 0.0 108
1726233752920 0.0 109
1726233752958 0.0 110
1726233752996 0.0 111
1726233753034 0.0 112
1726233753072 0.0 113
1726233753109 0.0 114
1726233753147 0.0 115
1726233753185 0.0 116
1726233753222 0.0 117
1726233753260 0.0 118
1726233753298 0.0 119
1726233753336 0.0 120
1726233753375 0.0 121
1726233753417 0.0 122
1726233753455 0.0 123
1726233753494 0.0 124
1726233753532 0.0 125
1726233753570 0.0 126
1726233753609 0.0 127
1726233753647 0.0 128
1726233753684 0.0 129
1726233753722 0.0 130
1726233753761 0.0 131
1726233753799 0.0 132
1726233753836 0.0 133
1726233753874 0.0 134
1726233753912 0.0 135
1726233753950 0.0 136
1726233753987 0.0 137
1726233754025 0.0 138
1726233754063 0.0 139
1726233754101 0.0 140
1726233754138 0.0 141
1726233754175 0.0 142
1726233754213 0.0 143
1726233754251 0.0 144
1726233754288 0.0 145
1726233754325 0.0 146
1726233754363 0.0 147
1726233754401 0.0 148
1726233754438 0.0 149
1726233754476 0.0 150
1726233754514 0.0 151
1726233754552 0.0 152
1726233754589 0.0 153
1726233754627 0.0 154
1726233754664 0.0 155
1726233754702 0.0 156
1726233754740 0.0 157
1726233754778 0.0 158
1726233754816 0.0 159
1726233754854 0.0 160
1726233754891 0.0 161
1726233754928 0.0 162
1726233754966 0.0 163
1726233755004 0.0 164
1726233755042 0.0 165
1726233755080 0.0 166
1726233755118 0.0 167
1726233755156 0.0 168
1726233755193 0.0 169
1726233755231 0.0 170
1726233755269 0.0 171
1726233755307 0.0 172
1726233755344 0.0 173
1726233755382 0.0 174
1726233755420 0.0 175
1726233755457 0.0 176
1726233755495 0.0 177
1726233755532 0.0 178
1726233755569 0.0 179
1726233755607 0.0 180
1726233755644 0.0 181
1726233755682 0.0 182
1726233755720 0.0 183
1726233755759 0.0 184
1726233755796 0.0 185
1726233755833 0.0 186
1726233755870 0.0 187
1726233755909 0.0 188
1726233755946 0.0 189
1726233755984 0.0 190
1726233756022 0.0 191
1726233756060 0.0 192
1726233756098 0.0 193
1726233756137 0.0 194
1726233756179 0.0 195
1726233756225 0.0 196
1726233756272 0.0 197
1726233756314 0.0 198
1726233756357 0.0 199
1726233756400 0.0 200
1726233756440 0.0 201
1726233756476 0.0 202
1726233756513 0.0 203
1726233756549 0.0 204
1726233756585 0.0 205
1726233756623 0.0 206
1726233756661 0.0 207
1726233756699 0.0 208
1726233756737 0.0 209
1726233756774 0.0 210
1726233756813 0.0 211
1726233756851 0.0 212
1726233756888 0.0 213
1726233756925 0.0 214
1726233756964 0.0 215
1726233757002 0.0 216
1726233757040 0.0 217
1726233757078 0.0 218
1726233757116 0.0 219
1726233757153 0.0 220
1726233757191 0.0 221
1726233757229 0.0 222
1726233757267 0.0 223
1726233757305 0.0 224
1726233757342 0.0 225
1726233757379 0.0 226
1726233757417 0.0 227
1726233757455 0.0 228
1726233757493 0.0 229
1726233757530 0.0 230
1726233757568 0.0 231
1726233757606 0.0 232
1726233757644 0.0 233
1726233757681 0.0 234
1726233757719 0.0 235
1726233757758 0.0 236
1726233757796 0.0 237
1726233757833 0.0 238
1726233757871 0.0 239
1726233757909 0.0 240
1726233757947 0.0 241
1726233757984 0.0 242
1726233758022 0.0 243
1726233758061 0.0 244
1726233758098 0.0 245
1726233758136 0.0 246
1726233758173 0.0 247
1726233758211 0.0 248
1726233758249 0.0 249
1726233758286 0.0 250
1726233758324 0.0 251
1726233758363 0.0 252
1726233758400 0.0 253
1726233758437 0.0 254
1726233758475 0.0 255
1726233758514 0.0 256
1726233758552 0.0 257
1726233758590 0.0 258
1726233758628 0.0 259
1726233758666 0.0 260
1726233758703 0.0 261
1726233758741 0.0 262
1726233758779 0.0 263
1726233758817 0.0 264
1726233758854 0.0 265
1726233758891 0.0 266
1726233758930 0.0 267
1726233758968 0.0 268
1726233759006 0.0 269
1726233759044 0.0 270
1726233759082 0.0 271
1726233759120 0.0 272
1726233759157 0.0 273
1726233759194 0.0 274
1726233759233 0.0 275
1726233759271 0.0 276
1726233759309 0.0 277
1726233759347 0.0 278
1726233759385 0.0 279
1726233759423 0.0 280
1726233759460 0.0 281
1726233759498 0.0 282
1726233759538 0.0 283
1726233759577 0.0 284
1726233759615 0.0 285
1726233759652 0.0 286
1726233759690 0.0 287
1726233759728 0.0 288
1726233759766 0.0 289
1726233759803 0.0 290
1726233759842 0.0 291
1726233759880 0.0 292
1726233759917 0.0 293
1726233759956 0.0 294
1726233759995 0.0 295
1726233760032 0.0 296
1726233760071 0.0 297
1726233760109 0.0 298
1726233760148 0.0 299
1726233760185 0.0 300
1726233760223 0.0 301
1726233760261 0.0 302
1726233760300 0.0 303
1726233760337 0.0 304
1726233760375 0.0 305
1726233760413 0.0 306
1726233760450 0.0 307
1726233760488 0.0 308
1726233760527 0.0 309
1726233760564 0.0 310
1726233760602 0.0 311
1726233760640 0.0 312
1726233760677 0.0 313
1726233760716 0.0 314
1726233760754 0.0 315
1726233760793 0.0 316
1726233760831 0.0 317
1726233760868 0.0 318
1726233760906 0.0 319
1726233760947 0.0 320
1726233761001 0.0 321
1726233761042 0.0 322
1726233761081 0.0 323
1726233761125 0.0 324
1726233761173 0.0 325
1726233761223 0.0 326
1726233761277 0.0 327
1726233761332 0.0 328
1726233761396 0.0 329
1726233761450 0.0 330
1726233761489 0.0 331
1726233761526 0.0 332
1726233761566 0.0 333
1726233761614 0.0 334
1726233761669 0.0 335
1726233761720 0.0 336
1726233761765 0.0 337
1726233761816 0.0 338
1726233761851 0.0 339
1726233761887 0.0 340
1726233761923 0.0 341
1726233761960 0.0 342
1726233761997 0.0 343
1726233762033 0.0 344
1726233762070 0.0 345
1726233762106 0.0 346
1726233762143 0.0 347
1726233762179 0.0 348
1726233762216 0.0 349
1726233762252 0.0 350
1726233762291 0.0 351
1726233762337 0.0 352
1726233762388 0.0 353
1726233762435 0.0 354
1726233762480 0.0 355
1726233762526 0.0 356
1726233762581 0.0 357
1726233762628 0.0 358
1726233762671 0.0 359
1726233762715 0.0 360
1726233762760 0.0 361
1726233762806 0.0 362
1726233762852 0.0 363
1726233762898 0.0 364
1726233762955 0.0 365
1726233763003 0.0 366
1726233763050 0.0 367
1726233763098 0.0 368
1726233763146 0.0 369
1726233763195 0.0 370
1726233763245 0.0 371
1726233763297 0.0 372
1726233763347 0.0 373
1726233763396 0.0 374
1726233763444 0.0 375
1726233763495 0.0 376
1726233763541 0.0 377
1726233763585 0.0 378
1726233763627 0.0 379
1726233763668 0.0 380
1726233763711 0.0 381
1726233763758 0.0 382
1726233763799 0.0 383
1726233763839 0.0 384
1726233763878 0.0 385
1726233763918 0.0 386
1726233763956 0.0 387
1726233763994 0.0 388
1726233764038 0.0 389
1726233764082 0.0 390
1726233764121 0.0 391
1726233764161 0.0 392
1726233764200 0.0 393
1726233764239 0.0 394
1726233764278 0.0 395
1726233764317 0.0 396
1726233764355 0.0 397
1726233764393 0.0 398
1726233764431 0.0 399
1726233764469 0.0 400
1726233764507 0.0 401
1726233764545 0.0 402
1726233764583 0.0 403
1726233764620 0.0 404
1726233764658 0.0 405
1726233764696 0.0 406
1726233764733 0.0 407
1726233764771 0.0 408
1726233764809 0.0 409
1726233764846 0.0 410
1726233764883 0.0 411
1726233764920 0.0 412
1726233764958 0.0 413
1726233764995 0.0 414
1726233765033 0.0 415
1726233765070 0.0 416
1726233765108 0.0 417
1726233765145 0.0 418
1726233765183 0.0 419
1726233765221 0.0 420
1726233765258 0.0 421
1726233765297 0.0 422
1726233765335 0.0 423
1726233765372 0.0 424
1726233765410 0.0 425
1726233765447 0.0 426
1726233765485 0.0 427
1726233765523 0.0 428
1726233765563 0.0 429
1726233765601 0.0 430
1726233765640 0.0 431
1726233765678 0.0 432
1726233765716 0.0 433
1726233765753 0.0 434
1726233765792 0.0 435
1726233765831 0.0 436
1726233765871 0.0 437
1726233765911 0.0 438
1726233765950 0.0 439
1726233765992 0.0 440
1726233766035 0.0 441
1726233766073 0.0 442
1726233766110 0.0 443
1726233766147 0.0 444
1726233766184 0.0 445
1726233766222 0.0 446
1726233766260 0.0 447
1726233766297 0.0 448
1726233766334 0.0 449
1726233766378 0.0 450
1726233766420 0.0 451
1726233766462 0.0 452
1726233766504 0.0 453
1726233766547 0.0 454
1726233766588 0.0 455
1726233766631 0.0 456
1726233766674 0.0 457
1726233766716 0.0 458
1726233766759 0.0 459
1726233766804 0.0 460
1726233766853 0.0 461
1726233766900 0.0 462
1726233766938 0.0 463
1726233766976 0.0 464
1726233767017 0.0 465
1726233767059 0.0 466
1726233767101 0.0 467
1726233767153 0.0 468
1726233767201 0.0 469
1726233767240 0.0 470
1726233767276 0.0 471
1726233767312 0.0 472
1726233767349 0.0 473
1726233767386 0.0 474
1726233767422 0.0 475
1726233767459 0.0 476
1726233767496 0.0 477
1726233767534 0.0 478
1726233767571 0.0 479
1726233767607 0.0 480
1726233767644 0.0 481
1726233767681 0.0 482
1726233767718 0.0 483
1726233767755 0.0 484
1726233767791 0.0 485
1726233767829 0.0 486
1726233767865 0.0 487
1726233767902 0.0 488
1726233767939 0.0 489
1726233767975 0.0 490
1726233768012 0.0 491
1726233768050 0.0 492
1726233768086 0.0 493
1726233768123 0.0 494
1726233768160 0.0 495
1726233768197 0.0 496
1726233768234 0.0 497
1726233768271 0.0 498
1726233768308 0.0 499
1726233768344 0.0 500
1726233768382 0.0 501
1726233768419 0.0 502
1726233768456 0.0 503
1726233768492 0.0 504
1726233768539 0.0 505
1726233768586 0.0 506
1726233768630 0.0 507
1726233768669 0.0 508
1726233768708 0.0 509
1726233768747 0.0 510
1726233768786 0.0 511
1726233768824 0.0 512
1726233768861 0.0 513
1726233768899 0.0 514
1726233768937 0.0 515
1726233768975 0.0 516
1726233769013 0.0 517
1726233769051 0.0 518
1726233769088 0.0 519
1726233769126 0.0 520
1726233769164 0.0 521
1726233769201 0.0 522
1726233769238 0.0 523
1726233769276 0.0 524
1726233769314 0.0 525
1726233769353 0.0 526
1726233769391 0.0 527
1726233769429 0.0 528
1726233769466 0.0 529
1726233769503 0.0 530
1726233769542 0.0 531
1726233769580 0.0 532
1726233769618 0.0 533
1726233769655 0.0 534
1726233769693 0.0 535
1726233769731 0.0 536
1726233769769 0.0 537
1726233769807 0.0 538
1726233769845 0.0 539
1726233769882 0.0 540
1726233769919 0.0 541
1726233769957 0.0 542
1726233769995 0.0 543
1726233770032 0.0 544
1726233770070 0.0 545
1726233770108 0.0 546
1726233770146 0.0 547
1726233770184 0.0 548
1726233770221 0.0 549
1726233770257 0.0 550
1726233770296 0.0 551
1726233770334 0.0 552
1726233770371 0.0 553
1726233770408 0.0 554
1726233770446 0.0 555
1726233770483 0.0 556
1726233770520 0.0 557
1726233770558 0.0 558
1726233770597 0.0 559
1726233770634 0.0 560
1726233770671 0.0 561
1726233770709 0.0 562
1726233770747 0.0 563
1726233770785 0.0 564
1726233770823 0.0 565
1726233770860 0.0 566
1726233770897 0.0 567
1726233770935 0.0 568
1726233770972 0.0 569
1726233771010 0.0 570
1726233771048 0.0 571
1726233771087 0.0 572
1726233771124 0.0 573
1726233771161 0.0 574
1726233771199 0.0 575
1726233771237 0.0 576
1726233771274 0.0 577
1726233771312 0.0 578
1726233771350 0.0 579
1726233771388 0.0 580
1726233771425 0.0 581
1726233771463 0.0 582
1726233771504 0.0 583
1726233771542 0.0 584
1726233771581 0.0 585
1726233771618 0.0 586
1726233771657 0.0 587
1726233771694 0.0 588
1726233771732 0.0 589
1726233771769 0.0 590
1726233771811 0.0 591
1726233771852 0.0 592
1726233771894 0.0 593
1726233771940 0.0 594
1726233771978 0.0 595
1726233772016 0.0 596
1726233772057 0.0 597
1726233772100 0.0 598
1726233772141 0.0 599
1726233772195 0.0 600
1726233772246 0.0 601
1726233772292 0.0 602
1726233772332 0.0 603
1726233772371 0.0 604
1726233772417 0.0 605
1726233772463 0.0 606
1726233772509 0.0 607
1726233772555 0.0 608
1726233772593 0.0 609
1726233772631 0.0 610
1726233772673 0.0 611
1726233772718 0.0 612
1726233772756 0.0 613
1726233772798 0.0 614
1726233772840 0.0 615
1726233772877 0.0 616
1726233772917 0.0 617
1726233772959 0.0 618
1726233773007 0.0 619
1726233773059 0.0 620
1726233773114 0.0 621
1726233773153 0.0 622
1726233773193 0.0 623
1726233773236 0.0 624
1726233773281 0.0 625
1726233773326 0.0 626
1726233773371 0.0 627
1726233773420 0.0 628
1726233773471 0.0 629
1726233773525 0.0 630
1726233773575 0.0 631
1726233773616 0.0 632
1726233773653 0.0 633
1726233773693 0.0 634
1726233773738 0.0 635
1726233773789 0.0 636
1726233773835 0.0 637
1726233773882 0.0 638
1726233773928 0.0 639
1726233773969 0.0 640
1726233774014 0.0 641
1726233774059 0.0 642
1726233774097 0.0 643
1726233774136 0.0 644
1726233774177 0.0 645
1726233774218 0.0 646
1726233774259 0.0 647
1726233774300 0.0 648
1726233774345 0.0 649
1726233774390 0.0 650
1726233774426 0.0 651
1726233774463 0.0 652
1726233774499 0.0 653
1726233774535 0.0 654
1726233774572 0.0 655
1726233774609 0.0 656
1726233774646 0.0 657
1726233774682 0.0 658
1726233774718 0.0 659
1726233774755 0.0 660
1726233774792 0.0 661
1726233774829 0.0 662
1726233774865 0.0 663
1726233774902 0.0 664
1726233774938 0.0 665
1726233774975 0.0 666
1726233775012 0.0 667
1726233775049 0.0 668
1726233775085 0.0 669
1726233775121 0.0 670
1726233775158 0.0 671
1726233775195 0.0 672
1726233775232 0.0 673
1726233775269 0.0 674
1726233775307 0.0 675
1726233775344 0.0 676
1726233775380 0.0 677
1726233775417 0.0 678
1726233775453 0.0 679
1726233775490 0.0 680
1726233775527 0.0 681
1726233775564 0.0 682
1726233775600 0.0 683
1726233775637 0.0 684
1726233775674 0.0 685
1726233775711 0.0 686
1726233775748 0.0 687
1726233775784 0.0 688
1726233775821 0.0 689
1726233775858 0.0 690
1726233775895 0.0 691
1726233775931 0.0 692
1726233775968 0.0 693
1726233776004 0.0 694
1726233776042 0.0 695
1726233776080 0.0 696
1726233776116 0.0 697
1726233776153 0.0 698
1726233776189 0.0 699
1726233776227 0.0 700
1726233776264 0.0 701
1726233776300 0.0 702
1726233776337 0.0 703
1726233776373 0.0 704
1726233776411 0.0 705
1726233776448 0.0 706
1726233776484 0.0 707
1726233776521 0.0 708
1726233776558 0.0 709
1726233776598 0.0 710
1726233776639 0.0 711
1726233776686 0.0 712
1726233776732 0.0 713
1726233776773 0.0 714
1726233776819 0.0 715
1726233776868 0.0 716
1726233776918 0.0 717
1726233776971 0.0 718
1726233777029 0.0 719
1726233777090 0.0 720
1726233777147 0.0 721
1726233777190 0.0 722
1726233777228 0.0 723
1726233777264 0.0 724
1726233777301 0.0 725
1726233777338 0.0 726
1726233777375 0.0 727
1726233777412 0.0 728
1726233777448 0.0 729
1726233777485 0.0 730
1726233777522 0.0 731
1726233777559 0.0 732
1726233777597 0.0 733
1726233777633 0.0 734
1726233777670 0.0 735
1726233777707 0.0 736
1726233777744 0.0 737
1726233777781 0.0 738
1726233777819 0.0 739
1726233777856 0.0 740
1726233777894 0.0 741
1726233777931 0.0 742
1726233777968 0.0 743
1726233778005 0.0 744
1726233778041 0.0 745
1726233778080 0.0 746
1726233778117 0.0 747
1726233778154 0.0 748
1726233778190 0.0 749
1726233778228 0.0 750
1726233778265 0.0 751
1726233778302 0.0 752
1726233778339 0.0 753
1726233778376 0.0 754
1726233778413 0.0 755
1726233778451 0.0 756
1726233778488 0.0 757
1726233778525 0.0 758
1726233778562 0.0 759
1726233778600 0.0 760
1726233778638 0.0 761
1726233778675 0.0 762
1726233778712 0.0 763
1726233778750 0.0 764
1726233778787 0.0 765
1726233778824 0.0 766
1726233778861 0.0 767
1726233778899 0.0 768
1726233778936 0.0 769
1726233778973 0.0 770
1726233779010 0.0 771
1726233779050 0.0 772
1726233779089 0.0 773
1726233779126 0.0 774
1726233779163 0.0 775
1726233779200 0.0 776
1726233779237 0.0 777
1726233779274 0.0 778
1726233779312 0.0 779
1726233779348 0.0 780
1726233779389 0.0 781
1726233779444 0.0 782
1726233779499 0.0 783
1726233779545 0.0 784
1726233779595 0.0 785
1726233779641 0.0 786
1726233779686 0.0 787
1726233779725 0.0 788
1726233779760 0.0 789
1726233779797 0.0 790
1726233779833 0.0 791
1726233779869 0.0 792
1726233779905 0.0 793
1726233779941 0.0 794
1726233779977 0.0 795
1726233780014 0.0 796
1726233780051 0.0 797
1726233780088 0.0 798
1726233780124 0.0 799
1726233780160 0.0 800
1726233780196 0.0 801
1726233780233 0.0 802
1726233780269 0.0 803
1726233780305 0.0 804
1726233780342 0.0 805
1726233780379 0.0 806
1726233780415 0.0 807
1726233780451 0.0 808
1726233780487 0.0 809
1726233780523 0.0 810
1726233780560 0.0 811
1726233780597 0.0 812
1726233780634 0.0 813
1726233780670 0.0 814
1726233780706 0.0 815
1726233780743 0.0 816
1726233780780 0.0 817
1726233780817 0.0 818
1726233780853 0.0 819
1726233780890 0.0 820
1726233780927 0.0 821
1726233780963 0.0 822
1726233781001 0.0 823
1726233781037 0.0 824
