1726234378587 1.218231439590454 0
1726234378629 0.9396274089813232 1
1726234378670 0.7867603302001953 2
1726234378709 0.5553314685821533 3
1726234378749 0.5053768157958984 4
1726234378790 0.4937748312950134 5
1726234378831 0.7135180234909058 6
1726234378872 1.0690107345581055 7
1726234378912 0.8654873967170715 8
1726234378953 0.8240112066268921 9
1726234378993 0.4659304618835449 10
1726234379034 0.705498218536377 11
1726234379074 0.6319124102592468 12
1726234379115 0.45127689838409424 13
1726234379161 0.8363416194915771 14
1726234379202 0.8953264951705933 15
1726234379245 1.0455138683319092 16
1726234379284 0.9988048672676086 17
1726234379326 0.662875235080719 18
1726234379370 0.7434543371200562 19
1726234379409 0.77545166015625 20
1726234379450 0.5353657007217407 21
1726234379493 0.4607989490032196 22
1726234379547 0.9424750208854675 23
1726234379597 0.8439822196960449 24
1726234379646 0.5321581363677979 25
1726234379691 0.712212860584259 26
1726234379738 0.8473165035247803 27
1726234379783 0.7700456380844116 28
1726234379825 1.0011134147644043 29
1726234379868 0.8531646728515625 30
1726234379910 1.053116798400879 31
1726234379951 0.8234891891479492 32
1726234379994 1.3059998750686646 33
1726234380036 1.237402081489563 34
1726234380077 1.219373345375061 35
1726234380118 1.4078989028930664 36
1726234380159 1.3250049352645874 37
1726234380201 1.494849443435669 38
1726234380241 1.2177557945251465 39
1726234380282 1.1397453546524048 40
1726234380323 1.1038484573364258 41
1726234380363 1.0262986421585083 42
1726234380406 1.0647435188293457 43
1726234380450 1.080348014831543 44
1726234380494 0.884491503238678 45
1726234380538 0.64913010597229 46
1726234380581 1.209747314453125 47
1726234380624 1.2535203695297241 48
1726234380675 1.078430414199829 49
1726234380737 1.1478850841522217 50
1726234380795 0.9053453207015991 51
1726234380837 1.0128921270370483 52
1726234380881 1.0891649723052979 53
1726234380929 1.028808832168579 54
1726234380973 0.8771729469299316 55
1726234381016 0.6170223951339722 56
1726234381058 0.5594174861907959 57
1726234381102 0.7590972781181335 58
1726234381143 0.9668707847595215 59
1726234381188 1.037534475326538 60
1726234381233 0.8745383620262146 61
1726234381278 1.107333779335022 62
1726234381318 1.009843349456787 63
1726234381356 0.9175071716308594 64
1726234381396 0.49603962898254395 65
1726234381435 0.4615423381328583 66
1726234381475 0.4374462366104126 67
1726234381516 0.6487637758255005 68
1726234381558 0.7117770910263062 69
1726234381599 0.783900260925293 70
1726234381642 0.8228981494903564 71
1726234381681 1.2144806385040283 72
1726234381722 1.1510342359542847 73
1726234381766 0.9698660373687744 74
1726234381810 1.052539587020874 75
1726234381856 0.8329862952232361 76
1726234381896 0.8037843704223633 77
1726234381935 1.033047080039978 78
1726234381977 1.154953122138977 79
1726234382020 1.0721197128295898 80
1726234382062 1.3735181093215942 81
1726234382101 0.9552087783813477 82
1726234382142 0.9558874368667603 83
1726234382182 1.233365535736084 84
1726234382223 1.196877360343933 85
1726234382263 1.3350383043289185 86
1726234382303 1.3765796422958374 87
1726234382344 1.239195466041565 88
1726234382384 1.1780359745025635 89
1726234382424 0.7985575199127197 90
1726234382466 1.1664153337478638 91
1726234382506 1.4828722476959229 92
1726234382547 0.8639549016952515 93
1726234382588 0.8009753823280334 94
1726234382628 0.8232935070991516 95
1726234382668 1.0697124004364014 96
1726234382709 1.0972079038619995 97
1726234382749 0.8742907643318176 98
1726234382789 0.7974401712417603 99
1726234382829 1.0627249479293823 100
1726234382870 1.3250255584716797 101
1726234382909 1.2545976638793945 102
1726234382951 0.7871067523956299 103
1726234382992 0.701571524143219 104
1726234383035 0.7898039817810059 105
1726234383077 0.8496434688568115 106
1726234383119 0.8513520956039429 107
1726234383160 1.0129282474517822 108
1726234383203 0.8303136825561523 109
1726234383246 0.5978955626487732 110
1726234383291 0.362928569316864 111
1726234383335 0.3118310570716858 112
1726234383379 0.39468204975128174 113
1726234383423 0.4290792942047119 114
1726234383466 0.76389479637146 115
1726234383508 0.721828818321228 116
1726234383549 0.6176593899726868 117
1726234383589 0.7821719646453857 118
1726234383631 0.6850448846817017 119
1726234383672 0.9568329453468323 120
1726234383713 0.9593083262443542 121
1726234383755 1.2280595302581787 122
1726234383797 0.856969952583313 123
1726234383838 0.7559800744056702 124
1726234383881 0.687710165977478 125
1726234383930 0.563305139541626 126
1726234383972 0.4502555727958679 127
1726234384014 0.4908811151981354 128
1726234384057 0.5524331331253052 129
1726234384100 0.5437735319137573 130
1726234384142 0.7123315334320068 131
1726234384184 0.7332761287689209 132
1726234384228 0.9730961322784424 133
1726234384269 0.96660315990448 134
1726234384310 0.5874152779579163 135
1726234384355 0.5315961837768555 136
1726234384397 0.8418917655944824 137
1726234384437 0.9966369867324829 138
1726234384479 0.9044499397277832 139
1726234384524 0.9038722515106201 140
1726234384569 1.381975531578064 141
1726234384612 0.9322243928909302 142
1726234384659 1.1750829219818115 143
1726234384697 1.1782233715057373 144
1726234384739 0.9993709921836853 145
1726234384780 0.9428786039352417 146
1726234384818 0.9248360991477966 147
1726234384858 1.1798028945922852 148
1726234384899 0.8938833475112915 149
1726234384942 0.9768446683883667 150
1726234384985 0.9513367414474487 151
1726234385025 0.9431083798408508 152
1726234385065 1.0726306438446045 153
1726234385106 0.9238074421882629 154
1726234385145 0.8299493789672852 155
1726234385185 0.7685303092002869 156
1726234385226 0.8204518556594849 157
1726234385266 0.8574007749557495 158
1726234385306 1.079904556274414 159
1726234385347 1.137740969657898 160
1726234385387 1.1136443614959717 161
1726234385427 0.9363530874252319 162
1726234385468 0.6403939723968506 163
1726234385509 0.9182018041610718 164
1726234385548 0.704852819442749 165
1726234385588 1.0501729249954224 166
1726234385627 0.8943541049957275 167
1726234385669 0.895887017250061 168
1726234385713 0.8567295670509338 169
1726234385757 0.8674373626708984 170
1726234385806 1.2974376678466797 171
1726234385850 1.2483969926834106 172
1726234385893 0.9672858119010925 173
1726234385943 1.1891074180603027 174
1726234385990 0.9634934067726135 175
1726234386039 1.025668978691101 176
1726234386082 0.809177041053772 177
1726234386121 0.7431665658950806 178
1726234386163 0.672374963760376 179
1726234386203 0.7251958250999451 180
1726234386243 0.5700413584709167 181
1726234386284 0.6490287780761719 182
1726234386325 1.033517837524414 183
1726234386362 0.9685871005058289 184
1726234386403 0.8815659284591675 185
1726234386443 1.0988314151763916 186
1726234386484 1.0152027606964111 187
1726234386525 0.9636763334274292 188
1726234386566 0.9432728290557861 189
1726234386607 0.984381377696991 190
1726234386650 1.037637710571289 191
1726234386696 1.1601958274841309 192
1726234386745 0.9404444694519043 193
1726234386796 0.5003190636634827 194
1726234386840 0.7792340517044067 195
1726234386886 0.9288486242294312 196
1726234386932 0.5282946228981018 197
1726234386977 0.6532704830169678 198
1726234387018 0.5505048036575317 199
1726234387063 1.1690549850463867 200
1726234387103 1.2902345657348633 201
1726234387142 0.887798011302948 202
1726234387182 0.7594837546348572 203
1726234387221 0.8649150729179382 204
1726234387261 0.6421866416931152 205
1726234387300 0.6832230091094971 206
1726234387341 0.6234157681465149 207
1726234387380 0.7950119376182556 208
1726234387421 0.9852184057235718 209
1726234387462 0.9854460954666138 210
1726234387509 0.8078802824020386 211
1726234387558 1.0758857727050781 212
1726234387601 1.0461926460266113 213
1726234387655 0.9045096635818481 214
1726234387700 0.7892144322395325 215
1726234387748 1.0245413780212402 216
1726234387786 0.8217841982841492 217
1726234387824 0.9513761401176453 218
1726234387864 0.8413251042366028 219
1726234387905 1.1626646518707275 220
1726234387943 0.9314830303192139 221
1726234387984 1.351319670677185 222
1726234388023 1.263274073600769 223
1726234388063 1.1743425130844116 224
1726234388102 1.324599266052246 225
1726234388141 0.9754729866981506 226
1726234388180 1.0748299360275269 227
1726234388220 1.356391429901123 228
1726234388263 1.2616313695907593 229
1726234388308 1.1171005964279175 230
1726234388356 0.90431809425354 231
1726234388400 0.7766437530517578 232
1726234388438 0.7789503335952759 233
1726234388479 0.786055326461792 234
1726234388518 0.7256341576576233 235
1726234388559 0.9531246423721313 236
1726234388599 0.9976903200149536 237
1726234388638 0.942997932434082 238
1726234388679 0.966858983039856 239
1726234388718 0.8195715546607971 240
1726234388758 0.5770193338394165 241
1726234388799 1.1978600025177002 242
1726234388840 0.5807899236679077 243
1726234388879 0.6538791656494141 244
1726234388919 0.9796152114868164 245
1726234388962 0.9639419317245483 246
1726234389003 1.220051646232605 247
1726234389045 1.415450930595398 248
1726234389085 1.1021369695663452 249
1726234389125 0.9570253491401672 250
1726234389167 1.10227370262146 251
1726234389206 1.1335715055465698 252
1726234389247 1.0187695026397705 253
1726234389293 0.7498289942741394 254
1726234389336 1.0255159139633179 255
1726234389378 0.9022619724273682 256
1726234389418 0.6940892934799194 257
1726234389459 1.0403116941452026 258
1726234389500 0.9901477694511414 259
1726234389541 0.7504061460494995 260
1726234389582 0.4843437075614929 261
1726234389621 0.6942051649093628 262
1726234389661 0.49264150857925415 263
1726234389701 0.9301835298538208 264
1726234389744 0.9335088729858398 265
1726234389788 0.8602127432823181 266
1726234389836 0.6279734373092651 267
1726234389887 0.6452527642250061 268
1726234389936 0.7867001891136169 269
1726234389979 1.0357719659805298 270
1726234390024 0.9601668119430542 271
1726234390066 1.2611041069030762 272
1726234390126 0.9537492990493774 273
1726234390170 1.1023588180541992 274
1726234390208 0.8818586468696594 275
1726234390247 1.0687248706817627 276
1726234390288 1.0922319889068604 277
1726234390327 0.9757919311523438 278
1726234390365 0.7408989667892456 279
1726234390405 0.4728410542011261 280
1726234390443 0.6097389459609985 281
1726234390481 0.8602248430252075 282
1726234390521 1.0125670433044434 283
1726234390561 0.9170945882797241 284
1726234390600 0.8008235692977905 285
1726234390640 0.8891141414642334 286
1726234390681 0.6786619424819946 287
1726234390720 0.8877483606338501 288
1726234390760 0.8371660709381104 289
1726234390802 0.6582059860229492 290
1726234390845 0.8149271011352539 291
1726234390885 0.7444208860397339 292
1726234390935 0.8389853835105896 293
1726234390976 1.1259441375732422 294
1726234391018 1.242414951324463 295
1726234391066 1.2553731203079224 296
1726234391108 0.9925450682640076 297
1726234391153 0.8775447607040405 298
1726234391193 1.154292345046997 299
1726234391233 0.8066953420639038 300
1726234391275 1.124725580215454 301
1726234391314 1.2770968675613403 302
1726234391353 1.1121182441711426 303
1726234391392 0.9090375304222107 304
1726234391432 1.1823464632034302 305
1726234391471 1.0041366815567017 306
1726234391511 0.6339206695556641 307
1726234391551 0.6631267070770264 308
1726234391592 0.6855895519256592 309
1726234391633 0.7039483785629272 310
1726234391674 0.346913605928421 311
1726234391714 0.8131754398345947 312
1726234391756 0.7304804921150208 313
1726234391800 1.2438708543777466 314
1726234391841 1.030920147895813 315
1726234391884 1.3856196403503418 316
1726234391926 0.9666705131530762 317
1726234391968 1.3292653560638428 318
1726234392010 1.0851420164108276 319
1726234392052 0.6170285940170288 320
1726234392094 0.6216731667518616 321
1726234392136 0.6074322462081909 322
1726234392177 0.5459721088409424 323
1726234392218 0.31002187728881836 324
1726234392258 0.7486045360565186 325
1726234392301 0.9100600481033325 326
1726234392343 0.7274153232574463 327
1726234392386 0.41849231719970703 328
1726234392428 0.6884797811508179 329
1726234392475 0.8087983727455139 330
1726234392522 0.5348150730133057 331
1726234392574 0.8607585430145264 332
1726234392615 0.9730318784713745 333
1726234392657 0.7328317165374756 334
1726234392699 0.8081099987030029 335
1726234392744 0.8151803612709045 336
1726234392786 0.755551278591156 337
1726234392827 0.7175595760345459 338
1726234392870 0.9620048999786377 339
1726234392918 0.8569315671920776 340
1726234392959 0.6477451920509338 341
1726234393003 0.6574264764785767 342
1726234393056 0.6344558000564575 343
1726234393105 0.6350054144859314 344
1726234393146 0.39585021138191223 345
1726234393191 0.7618840932846069 346
1726234393237 0.591178834438324 347
1726234393283 0.5046133995056152 348
1726234393326 0.5709517598152161 349
1726234393373 0.8349342942237854 350
1726234393420 0.9498904347419739 351
1726234393472 1.205822467803955 352
1726234393518 0.9620843529701233 353
1726234393557 0.6994203329086304 354
1726234393596 0.5939928293228149 355
1726234393651 0.9733085632324219 356
1726234393701 0.725590169429779 357
1726234393761 0.822090208530426 358
1726234393819 0.3735598921775818 359
1726234393878 0.7463996410369873 360
1726234393933 0.7552579045295715 361
1726234393983 1.1118526458740234 362
1726234394031 0.6735796928405762 363
1726234394080 0.8282556533813477 364
1726234394130 0.9345508217811584 365
1726234394182 0.9595109820365906 366
1726234394232 1.0720248222351074 367
1726234394287 0.774789571762085 368
1726234394347 0.7823120355606079 369
1726234394412 0.6251175403594971 370
1726234394466 0.4960062503814697 371
1726234394522 0.43178170919418335 372
1726234394575 1.0915477275848389 373
1726234394626 0.9283024072647095 374
1726234394679 0.6414550542831421 375
1726234394730 0.7018746137619019 376
1726234394783 1.0321861505508423 377
1726234394834 0.7767564058303833 378
1726234394888 0.9763397574424744 379
1726234394940 0.5707073211669922 380
1726234394991 0.8059424757957458 381
1726234395040 1.053828477859497 382
1726234395086 0.6728746891021729 383
1726234395132 0.8208960890769958 384
1726234395176 0.7881419658660889 385
1726234395220 0.6669989824295044 386
1726234395263 1.0579288005828857 387
1726234395305 1.2700743675231934 388
1726234395347 1.1108698844909668 389
1726234395391 0.8864818811416626 390
1726234395434 0.8670311570167542 391
1726234395479 0.8244423270225525 392
1726234395529 0.6833760738372803 393
1726234395569 0.6302124261856079 394
1726234395616 0.4763828217983246 395
1726234395660 0.4438033401966095 396
1726234395710 0.15190500020980835 397
1726234395767 0.5143808126449585 398
1726234395820 1.1017705202102661 399
1726234395861 0.712440013885498 400
1726234395901 0.38922107219696045 401
1726234395942 0.804182767868042 402
1726234395987 1.1043957471847534 403
1726234396039 0.8946150541305542 404
1726234396087 1.0011205673217773 405
1726234396132 1.1985520124435425 406
1726234396186 1.3510103225708008 407
1726234396235 1.1063965559005737 408
1726234396283 1.0703879594802856 409
1726234396323 1.0545508861541748 410
1726234396370 0.9801607131958008 411
1726234396417 1.1047029495239258 412
1726234396456 1.2082139253616333 413
1726234396494 1.0913819074630737 414
1726234396534 0.7165365219116211 415
1726234396573 0.5880046486854553 416
1726234396612 0.8372565507888794 417
1726234396651 0.8098472356796265 418
1726234396690 1.2283587455749512 419
1726234396733 1.1350204944610596 420
1726234396783 0.9873923659324646 421
1726234396824 1.1421620845794678 422
1726234396861 1.172642469406128 423
1726234396904 0.9566969871520996 424
1726234396945 0.4778524339199066 425
1726234396983 0.47127774357795715 426
1726234397021 0.3621792793273926 427
1726234397062 0.8730760812759399 428
1726234397100 0.8957282900810242 429
1726234397143 1.107257604598999 430
1726234397188 0.9604408740997314 431
1726234397229 0.9201914072036743 432
1726234397274 1.112246036529541 433
1726234397312 0.8318538665771484 434
1726234397350 0.7533258199691772 435
1726234397387 0.7548084259033203 436
1726234397426 0.8208335638046265 437
1726234397467 0.8362613916397095 438
1726234397508 0.6520329713821411 439
1726234397552 0.8211718797683716 440
1726234397601 0.8986663818359375 441
1726234397643 1.0115896463394165 442
1726234397684 0.8070424795150757 443
1726234397724 0.5201537013053894 444
1726234397763 0.6530637741088867 445
1726234397803 0.8719167709350586 446
1726234397842 0.8946813344955444 447
1726234397882 1.2458899021148682 448
1726234397923 1.2563295364379883 449
1726234397966 1.3995673656463623 450
1726234398013 1.2657256126403809 451
1726234398057 1.1975932121276855 452
1726234398097 1.0264949798583984 453
1726234398141 1.077670693397522 454
1726234398181 0.943621814250946 455
1726234398228 0.9415870308876038 456
1726234398275 0.76593017578125 457
1726234398320 1.2192533016204834 458
1726234398362 0.953951358795166 459
1726234398404 0.7514218688011169 460
1726234398444 0.8572518825531006 461
1726234398485 0.6727962493896484 462
1726234398525 0.9009557962417603 463
1726234398565 0.4446496367454529 464
1726234398605 0.7627406120300293 465
1726234398643 1.1938430070877075 466
1726234398682 1.0490623712539673 467
1726234398721 0.9249544143676758 468
1726234398760 1.1314895153045654 469
1726234398802 0.6905592679977417 470
1726234398843 0.8389315605163574 471
1726234398882 1.1546776294708252 472
1726234398923 1.0143425464630127 473
1726234398973 0.9565387964248657 474
1726234399020 1.2240209579467773 475
1726234399063 1.0854036808013916 476
1726234399105 0.7056998014450073 477
1726234399148 1.1305586099624634 478
1726234399188 0.821617603302002 479
1726234399229 0.6641088128089905 480
1726234399272 0.848410427570343 481
1726234399314 0.8132025003433228 482
1726234399356 0.9663615226745605 483
1726234399397 1.110870361328125 484
1726234399438 0.9828044772148132 485
1726234399480 0.8562175035476685 486
1726234399521 0.7622513771057129 487
1726234399561 0.4555046260356903 488
1726234399604 0.5740751624107361 489
1726234399644 0.7874182462692261 490
1726234399683 0.8417304158210754 491
1726234399724 0.8361151218414307 492
1726234399764 0.41055500507354736 493
1726234399805 0.4079264998435974 494
1726234399848 0.5149027109146118 495
1726234399889 0.7153283953666687 496
1726234399931 0.5358761548995972 497
1726234399976 0.33090096712112427 498
1726234400019 0.703481912612915 499
1726234400066 0.810429573059082 500
1726234400111 0.7642377614974976 501
1726234400152 0.5762113928794861 502
1726234400192 1.0903122425079346 503
1726234400232 1.0786995887756348 504
1726234400273 1.041279911994934 505
1726234400312 0.9928541779518127 506
1726234400351 0.7561516761779785 507
1726234400391 0.798211395740509 508
1726234400430 0.5773298144340515 509
1726234400468 0.47476428747177124 510
1726234400507 0.694556713104248 511
1726234400548 0.6357908248901367 512
1726234400588 0.9707329869270325 513
1726234400627 0.9638369083404541 514
1726234400669 0.7713925242424011 515
1726234400713 0.7888555526733398 516
1726234400752 0.7267745733261108 517
1726234400793 1.1142462491989136 518
1726234400837 1.0045963525772095 519
1726234400886 1.1501109600067139 520
1726234400932 1.0976723432540894 521
1726234400977 0.6459653973579407 522
1726234401020 0.2912805676460266 523
1726234401066 0.548080563545227 524
1726234401105 0.17344394326210022 525
1726234401142 0.5969366431236267 526
1726234401181 0.7770392298698425 527
1726234401221 0.46396225690841675 528
1726234401261 0.6854803562164307 529
1726234401301 0.7185983657836914 530
1726234401342 0.7157796621322632 531
1726234401381 0.6803585886955261 532
1726234401421 0.6545562744140625 533
1726234401462 0.6220670938491821 534
1726234401501 0.5801054239273071 535
1726234401542 0.5921158194541931 536
1726234401583 0.9927258491516113 537
1726234401628 0.9748148322105408 538
1726234401669 0.9550502896308899 539
1726234401709 0.9979841709136963 540
1726234401748 1.14058518409729 541
1726234401789 1.0883402824401855 542
1726234401831 1.089201807975769 543
1726234401874 1.3257471323013306 544
1726234401924 1.0198301076889038 545
1726234401966 1.0356431007385254 546
1726234402009 0.9314836263656616 547
1726234402053 1.3680486679077148 548
1726234402098 1.0043151378631592 549
1726234402141 0.9751787185668945 550
1726234402186 0.8992632031440735 551
1726234402229 0.8947305083274841 552
1726234402269 0.8118374943733215 553
1726234402312 1.0253849029541016 554
1726234402355 0.9202877283096313 555
1726234402397 0.7991676330566406 556
1726234402441 0.8020377159118652 557
1726234402484 0.42086976766586304 558
1726234402529 0.3834812641143799 559
1726234402572 0.34640103578567505 560
1726234402614 0.7653505206108093 561
1726234402664 0.7505505084991455 562
1726234402715 0.8477445840835571 563
1726234402761 0.7891417145729065 564
1726234402814 0.8180928230285645 565
1726234402867 0.9393391609191895 566
1726234402914 0.7385413646697998 567
1726234402969 0.6446603536605835 568
1726234403023 0.48425108194351196 569
1726234403075 0.5804445147514343 570
1726234403136 0.5518604516983032 571
1726234403177 0.5304428339004517 572
1726234403215 0.6274772882461548 573
1726234403256 0.7294182181358337 574
1726234403294 0.45888540148735046 575
1726234403333 0.4678196310997009 576
1726234403371 0.4737776219844818 577
1726234403410 0.47839850187301636 578
1726234403450 0.4819585978984833 579
1726234403490 0.523551344871521 580
1726234403536 0.5242959260940552 581
1726234403578 0.6554180383682251 582
1726234403617 0.6222164630889893 583
1726234403656 0.7844547629356384 584
1726234403699 0.7026420831680298 585
1726234403738 0.9423837065696716 586
1726234403783 0.7894978523254395 587
1726234403825 0.8799304962158203 588
1726234403870 0.53261399269104 589
1726234403910 0.5347926616668701 590
1726234403956 0.6793326139450073 591
1726234404007 0.6282768249511719 592
1726234404052 0.5546081066131592 593
1726234404094 0.5544242858886719 594
1726234404139 1.213597297668457 595
1726234404180 0.7452914118766785 596
1726234404220 0.7476307153701782 597
1726234404258 0.6701496839523315 598
1726234404297 0.6326449513435364 599
1726234404337 0.6314781904220581 600
1726234404378 0.6282216310501099 601
1726234404417 0.5607720017433167 602
1726234404458 0.5182676315307617 603
1726234404500 0.4543766379356384 604
1726234404548 0.42833876609802246 605
1726234404587 0.49230286478996277 606
1726234404625 0.5937583446502686 607
1726234404663 0.25096195936203003 608
1726234404702 0.7679884433746338 609
1726234404751 0.8763535022735596 610
1726234404793 0.9066439867019653 611
1726234404837 1.077504277229309 612
1726234404877 0.7876253724098206 613
1726234404920 0.5655858516693115 614
1726234404961 0.5234271287918091 615
1726234405000 0.5050838589668274 616
1726234405039 0.503203272819519 617
1726234405081 0.5012312531471252 618
1726234405118 0.4991622269153595 619
1726234405156 0.4969898462295532 620
1726234405194 0.4947071671485901 621
1726234405235 0.49230635166168213 622
1726234405275 0.4897785484790802 623
1726234405318 0.4871138632297516 624
1726234405359 0.48430100083351135 625
1726234405401 0.481326699256897 626
1726234405441 0.47817566990852356 627
1726234405482 0.4748297333717346 628
1726234405520 0.47126683592796326 629
1726234405562 0.46745988726615906 630
1726234405602 0.7266898155212402 631
1726234405642 0.9039449691772461 632
1726234405682 0.9375397562980652 633
1726234405722 0.7685648798942566 634
1726234405761 0.7276471853256226 635
1726234405802 0.6961585879325867 636
1726234405843 0.669480562210083 637
1726234405883 0.6273730993270874 638
1726234405926 0.614411473274231 639
1726234405969 0.6136127710342407 640
1726234406008 0.6127666234970093 641
1726234406049 0.7005881071090698 642
1726234406089 0.7369804978370667 643
1726234406129 0.6724554896354675 644
1726234406169 0.7402818202972412 645
1726234406209 0.5665252208709717 646
1726234406249 0.5067054033279419 647
1726234406289 0.4844662845134735 648
1726234406329 0.4569530189037323 649
1726234406370 0.4174950122833252 650
1726234406413 0.49660930037498474 651
1726234406451 0.5068084001541138 652
1726234406490 0.6393418312072754 653
1726234406531 0.6971004009246826 654
1726234406574 0.4669536352157593 655
1726234406615 0.44399261474609375 656
1726234406654 0.4397997260093689 657
1726234406695 0.4353620409965515 658
1726234406736 0.28483298420906067 659
1726234406777 0.2797155976295471 660
1726234406818 0.43346405029296875 661
1726234406861 0.41399258375167847 662
1726234406902 0.4123351275920868 663
1726234406942 0.39553558826446533 664
1726234406983 0.6203998327255249 665
1726234407023 0.5560791492462158 666
1726234407063 0.5082607865333557 667
1726234407104 0.4999607801437378 668
1726234407146 0.6707273125648499 669
1726234407192 0.6539424061775208 670
1726234407235 0.7759230136871338 671
1726234407278 0.756407618522644 672
1726234407320 0.7461943626403809 673
1726234407363 0.7328536510467529 674
1726234407406 0.9031344652175903 675
1726234407453 0.8836493492126465 676
1726234407495 0.8588533401489258 677
1726234407543 0.8240053653717041 678
1726234407585 0.7739875912666321 679
1726234407624 0.7652380466461182 680
1726234407662 0.755905032157898 681
1726234407704 0.7459511756896973 682
1726234407744 0.735334038734436 683
1726234407785 0.8616451621055603 684
1726234407826 0.6728949546813965 685
1726234407867 0.6041725873947144 686
1726234407907 0.5034645199775696 687
1726234407946 0.5213910937309265 688
1726234407985 0.4916127920150757 689
1726234408025 0.4709433317184448 690
1726234408064 0.4699692726135254 691
1726234408105 0.514753520488739 692
1726234408144 0.5149696469306946 693
1726234408183 0.3952873945236206 694
1726234408224 0.3923811912536621 695
1726234408264 0.389247328042984 696
1726234408304 0.38589927554130554 697
1726234408344 0.3823188543319702 698
1726234408383 0.572403073310852 699
1726234408426 0.4136448800563812 700
1726234408467 0.4123538136482239 701
1726234408512 0.4107384979724884 702
1726234408554 0.40888139605522156 703
1726234408596 0.8499928116798401 704
1726234408640 0.7834590673446655 705
1726234408691 0.7065592408180237 706
1726234408735 0.6467230319976807 707
1726234408779 0.594488799571991 708
1726234408831 0.5947015285491943 709
1726234408875 0.5949135422706604 710
1726234408922 0.5951247215270996 711
1726234408967 0.5953349471092224 712
1726234409011 0.5955443978309631 713
1726234409061 0.595753014087677 714
1726234409100 0.5959607362747192 715
1726234409138 0.5961676836013794 716
1726234409176 0.5963736772537231 717
1726234409214 0.59657883644104 718
1726234409253 0.5967831611633301 719
1726234409294 0.5969866514205933 720
1726234409340 0.59718918800354 721
1726234409382 0.5973908305168152 722
1726234409435 0.5975915789604187 723
1726234409481 0.3801302909851074 724
1726234409520 0.381060391664505 725
1726234409565 0.3819772005081177 726
1726234409610 0.38288140296936035 727
1726234409654 0.383773535490036 728
1726234409699 0.3846542239189148 729
1726234409744 0.38552385568618774 730
1726234409790 0.3863828182220459 731
1726234409829 0.3872315287590027 732
1726234409875 0.38807031512260437 733
1726234409914 0.3888995051383972 734
1726234409953 0.3897193372249603 735
1726234409994 0.39053016901016235 736
1726234410033 0.39133214950561523 737
1726234410075 0.39212554693222046 738
1726234410116 0.39291051030158997 739
1726234410157 0.39368733763694763 740
1726234410198 0.39445605874061584 741
1726234410240 0.39521700143814087 742
1726234410281 0.382165789604187 743
1726234410324 0.3824789822101593 744
1726234410365 0.38234734535217285 745
1726234410404 0.3820270001888275 746
1726234410442 0.3590971827507019 747
1726234410483 0.2686735689640045 748
1726234410522 0.2470182478427887 749
1726234410561 0.3372524082660675 750
1726234410602 0.2898654639720917 751
1726234410642 0.27831339836120605 752
1726234410681 0.27533137798309326 753
1726234410722 0.2721811830997467 754
1726234410762 0.2688503563404083 755
1726234410806 0.26532483100891113 756
1726234410850 0.2615881860256195 757
1726234410891 0.2576214075088501 758
1726234410931 0.2534019649028778 759
1726234410972 0.24890261888504028 760
1726234411013 0.24408981204032898 761
1726234411052 0.23892077803611755 762
1726234411094 0.2333393096923828 763
1726234411135 0.2272675335407257 764
1726234411175 0.22058913111686707 765
1726234411220 0.21310964226722717 766
1726234411263 0.20442606508731842 767
1726234411313 0.1927112638950348 768
1726234411354 0.19392862915992737 769
1726234411396 0.1951354444026947 770
1726234411434 0.1963317096233368 771
1726234411473 0.19751739501953125 772
1726234411513 0.19869248569011688 773
1726234411554 0.19985702633857727 774
1726234411594 0.20101091265678406 775
1726234411633 0.34831222891807556 776
1726234411673 0.14869719743728638 777
1726234411715 0.1809491664171219 778
1726234411756 0.17926067113876343 779
1726234411796 0.10786889493465424 780
1726234411836 0.07821020483970642 781
1726234411878 0.10842449963092804 782
1726234411919 0.3125719428062439 783
1726234411959 0.300889790058136 784
1726234412000 0.2893233895301819 785
1726234412040 0.28500208258628845 786
1726234412081 0.2803015112876892 787
1726234412123 0.27515482902526855 788
1726234412174 0.26943862438201904 789
1726234412222 0.2629198133945465 790
1726234412265 0.2549634575843811 791
1726234412307 0.2506544291973114 792
1726234412352 0.2507709562778473 793
1726234412393 0.2508864998817444 794
1726234412434 0.25100138783454895 795
1726234412476 0.25111570954322815 796
1726234412516 0.25122958421707153 797
1726234412557 0.25134316086769104 798
1726234412603 0.2514565587043762 799
1726234412643 0.25156980752944946 800
1726234412683 0.25168296694755554 801
1726234412724 0.24038256704807281 802
1726234412766 0.2418040931224823 803
1726234412807 0.24265679717063904 804
1726234412848 0.24328093230724335 805
1726234412888 0.24374668300151825 806
1726234412930 0.24408604204654694 807
1726234412970 0.24431709945201874 808
1726234413011 0.24445101618766785 809
1726234413052 0.3510700464248657 810
1726234413092 0.35092484951019287 811
1726234413134 0.35076838731765747 812
1726234413173 0.3506002426147461 813
1726234413213 0.3504200875759125 814
1726234413254 0.3502274453639984 815
1726234413295 0.35002195835113525 816
1726234413336 0.34980320930480957 817
1726234413376 0.3495706617832184 818
1726234413415 0.32267114520072937 819
1726234413458 0.32301411032676697 820
1726234413501 0.3233483135700226 821
1726234413543 0.3236733376979828 822
1726234413585 0.3239888846874237 823
1726234413626 0.3242945671081543 824
1726234413665 0.32458990812301636 825
1726234413707 0.3248745799064636 826
1726234413748 0.3251481056213379 827
1726234413788 0.32541006803512573 828
1726234413828 0.3401487469673157 829
1726234413870 0.33400440216064453 830
1726234413912 0.32750403881073 831
1726234413952 0.3206075429916382 832
1726234413993 0.3132646679878235 833
1726234414033 0.3054097890853882 834
1726234414076 0.29695332050323486 835
1726234414117 0.2877642810344696 836
1726234414159 0.2776300311088562 837
1726234414201 0.26613378524780273 838
1726234414242 0.2519197165966034 839
1726234414283 0.2478681206703186 840
1726234414325 0.24745844304561615 841
1726234414365 0.24700744450092316 842
1726234414407 0.2465137094259262 843
1726234414447 0.24597562849521637 844
1726234414487 0.24539165198802948 845
1726234414527 0.24476002156734467 846
1726234414569 0.24407891929149628 847
1726234414610 0.24334636330604553 848
1726234414653 0.24256032705307007 849
1726234414696 0.24171863496303558 850
1726234414736 0.24081885814666748 851
1726234414776 0.23985853791236877 852
1726234414818 0.23883496224880219 853
1726234414860 0.2377452701330185 854
1726234414900 0.23658636212348938 855
1726234414941 0.23535490036010742 856
1726234414982 0.23404735326766968 857
1726234415023 0.23265981674194336 858
1726234415064 0.23118813335895538 859
1726234415106 0.22962777316570282 860
1726234415149 0.2279738038778305 861
1726234415190 0.22622087597846985 862
1726234415231 0.22436317801475525 863
1726234415271 0.22239425778388977 864
1726234415312 0.2203071117401123 865
1726234415352 0.21809399127960205 866
1726234415393 0.21574634313583374 867
1726234415434 0.2132546603679657 868
1726234415474 0.2106083780527115 869
1726234415514 0.20779567956924438 870
1726234415554 0.2048032283782959 871
1726234415594 0.20161598920822144 872
1726234415636 0.19821694493293762 873
1726234415677 0.19458657503128052 874
1726234415726 0.1907023787498474 875
1726234415767 0.05825677886605263 876
1726234415809 0.028055569157004356 877
1726234415853 -0.0 878
1726234415901 -0.0 879
