1727297926238 2e-05 0
1727297926278 3.2132604122161865 1
1727297926322 3.6564741134643555 2
1727297926366 3.8117003440856934 3
1727297926405 3.3101489543914795 4
1727297926441 3.505798816680908 5
1727297926477 3.264759063720703 6
1727297926515 3.4920711517333984 7
1727297926553 3.403024911880493 8
1727297926590 3.828512191772461 9
1727297926629 3.138756513595581 10
1727297926679 3.6309151649475098 11
1727297926734 3.3825109004974365 12
1727297926793 3.3331139087677 13
1727297926841 3.411038875579834 14
1727297926888 3.377580404281616 15
1727297926941 3.5824806690216064 16
1727297926989 2.959831714630127 17
1727297927038 3.731323480606079 18
1727297927094 3.489647388458252 19
1727297927153 2.5283021926879883 20
1727297927205 3.8367600440979004 21
1727297927259 3.6653833389282227 22
1727297927305 3.8453783988952637 23
1727297927352 3.927558422088623 24
1727297927404 3.2113547325134277 25
1727297927457 3.519573450088501 26
1727297927510 2.660088062286377 27
1727297927559 3.9870760440826416 28
1727297927606 3.5871076583862305 29
1727297927659 2.8062398433685303 30
1727297927713 3.0666913986206055 31
1727297927765 3.603224039077759 32
1727297927820 3.425327777862549 33
1727297927870 3.4944565296173096 34
1727297927922 2.9487662315368652 35
1727297927974 3.163809061050415 36
1727297928026 4.24650239944458 37
1727297928071 3.342974901199341 38
1727297928122 3.6779704093933105 39
1727297928179 3.4271416664123535 40
1727297928231 3.5747053623199463 41
1727297928268 4.054784774780273 42
1727297928303 3.2661032676696777 43
1727297928341 2.9473795890808105 44
1727297928377 3.545332431793213 45
1727297928414 3.450026273727417 46
1727297928450 3.7415575981140137 47
1727297928488 3.5828256607055664 48
1727297928523 2.839806318283081 49
1727297928559 2.7461934089660645 50
1727297928595 3.8847298622131348 51
1727297928633 3.3885719776153564 52
1727297928669 3.6502091884613037 53
1727297928705 3.445519208908081 54
1727297928744 3.8223509788513184 55
1727297928782 3.7056632041931152 56
1727297928820 3.3836545944213867 57
1727297928856 3.6391608715057373 58
1727297928893 2.965366840362549 59
1727297928929 3.9333410263061523 60
1727297928967 3.6901140213012695 61
1727297929010 3.058473587036133 62
1727297929049 3.469207525253296 63
1727297929086 3.410442352294922 64
1727297929123 3.563196897506714 65
1727297929158 4.058393955230713 66
1727297929194 3.4824559688568115 67
1727297929239 3.4391369819641113 68
1727297929286 2.4374797344207764 69
1727297929330 3.557666063308716 70
1727297929389 4.009896278381348 71
1727297929425 3.764268398284912 72
1727297929462 3.5276987552642822 73
1727297929502 3.15289044380188 74
1727297929539 3.094404935836792 75
1727297929576 3.3810768127441406 76
1727297929611 3.0023725032806396 77
1727297929647 3.207951545715332 78
1727297929684 3.550973415374756 79
1727297929721 3.6530115604400635 80
1727297929760 3.179731845855713 81
1727297929797 2.990924835205078 82
1727297929835 3.84812068939209 83
1727297929872 3.323469638824463 84
1727297929908 3.6104533672332764 85
1727297929945 3.8739824295043945 86
1727297929982 3.382646083831787 87
1727297930019 3.6911349296569824 88
1727297930057 2.67154598236084 89
1727297930093 3.428675413131714 90
1727297930130 2.8933515548706055 91
1727297930168 3.073549509048462 92
1727297930218 3.049464225769043 93
1727297930273 3.1469967365264893 94
1727297930329 3.562988519668579 95
1727297930375 2.7063851356506348 96
1727297930431 3.8200745582580566 97
1727297930476 3.4825522899627686 98
1727297930524 3.9608991146087646 99
1727297930576 3.786796808242798 100
1727297930633 3.8350484371185303 101
1727297930691 3.994910955429077 102
1727297930752 3.5452933311462402 103
1727297930811 3.8784899711608887 104
1727297930869 3.8979740142822266 105
1727297930924 3.114340305328369 106
1727297930978 3.6091084480285645 107
1727297931038 2.876302480697632 108
1727297931093 2.688777446746826 109
1727297931149 3.2897722721099854 110
1727297931207 3.082723617553711 111
1727297931266 2.6008777618408203 112
1727297931311 4.041653156280518 113
1727297931365 3.525630474090576 114
1727297931425 3.4306766986846924 115
1727297931519 0.6730111241340637 116
1727297931564 3.7789559364318848 117
1727297931612 2.7192800045013428 118
1727297931663 4.194141387939453 119
1727297931710 3.2701261043548584 120
1727297931748 3.5341501235961914 121
1727297931786 3.3079564571380615 122
1727297931824 3.294210433959961 123
1727297931861 2.9576499462127686 124
1727297931897 3.4752790927886963 125
1727297931935 2.900174379348755 126
1727297931976 3.6826281547546387 127
1727297932014 3.5603034496307373 128
1727297932051 3.7789649963378906 129
1727297932088 4.0528082847595215 130
1727297932125 3.361025810241699 131
1727297932163 3.6286399364471436 132
1727297932199 3.0184884071350098 133
1727297932236 2.7238314151763916 134
1727297932274 0.5967913866043091 135
1727297932311 3.8941969871520996 136
1727297932348 2.8785791397094727 137
1727297932385 3.466648578643799 138
1727297932421 3.714587450027466 139
1727297932458 4.4208292961120605 140
1727297932495 3.737928628921509 141
1727297932534 3.7298853397369385 142
1727297932572 3.3097410202026367 143
1727297932610 3.666551113128662 144
1727297932647 3.160593032836914 145
1727297932684 3.4332072734832764 146
1727297932720 3.5201094150543213 147
1727297932757 2.352468252182007 148
1727297932794 3.507270097732544 149
1727297932829 3.805698871612549 150
1727297932866 3.024013042449951 151
1727297932903 3.462819814682007 152
1727297932939 2.9789085388183594 153
1727297932975 3.6067826747894287 154
1727297933012 3.9810473918914795 155
1727297933049 3.4608137607574463 156
1727297933086 3.7942559719085693 157
1727297933123 3.473731279373169 158
1727297933161 2.5021185874938965 159
1727297933197 3.326890707015991 160
1727297933232 3.817674160003662 161
1727297933270 2.9031059741973877 162
1727297933306 3.2435920238494873 163
1727297933348 3.5112147331237793 164
1727297933386 3.642882823944092 165
1727297933422 3.5219502449035645 166
1727297933459 3.813387155532837 167
1727297933497 3.251253128051758 168
1727297933536 3.5862810611724854 169
1727297933572 3.6601390838623047 170
1727297933609 3.0651562213897705 171
1727297933654 4.027294158935547 172
1727297933697 3.4191601276397705 173
1727297933743 2.9489598274230957 174
1727297933788 3.802537679672241 175
1727297933824 2.834873914718628 176
1727297933861 3.398310422897339 177
1727297933898 2.969855546951294 178
1727297933934 3.48098087310791 179
1727297933970 4.04387092590332 180
1727297934007 3.562098264694214 181
1727297934045 3.578460693359375 182
1727297934082 3.406283378601074 183
1727297934118 3.9131715297698975 184
1727297934154 3.261470079421997 185
1727297934191 3.322403907775879 186
1727297934227 2.8228912353515625 187
1727297934266 3.2677714824676514 188
1727297934301 3.614291191101074 189
1727297934337 3.5307836532592773 190
1727297934382 3.5982890129089355 191
1727297934430 3.0584447383880615 192
1727297934467 3.1429433822631836 193
1727297934512 3.213975429534912 194
1727297934547 3.6595752239227295 195
1727297934589 4.449090957641602 196
1727297934629 3.5826380252838135 197
1727297934670 3.2739131450653076 198
1727297934707 2.9111101627349854 199
1727297934743 3.7261343002319336 200
1727297934789 3.81296443939209 201
1727297934834 3.538790464401245 202
1727297934877 3.842674970626831 203
1727297934915 2.996796131134033 204
1727297934956 3.229128837585449 205
1727297935003 3.053096055984497 206
1727297935058 3.1082661151885986 207
1727297935094 3.625732421875 208
1727297935130 0.5586863160133362 209
1727297935166 3.4351136684417725 210
1727297935203 3.5316154956817627 211
1727297935239 4.2275919914245605 212
1727297935279 3.489813804626465 213
1727297935335 2.7092885971069336 214
1727297935378 3.3127639293670654 215
1727297935421 3.4033725261688232 216
1727297935471 3.845714569091797 217
1727297935520 2.874446392059326 218
1727297935566 3.9335477352142334 219
1727297935616 3.43991756439209 220
1727297935655 3.8646011352539062 221
1727297935701 3.0938363075256348 222
1727297935749 4.078643798828125 223
1727297935805 3.8639395236968994 224
1727297935849 3.557448387145996 225
1727297935890 3.120457887649536 226
1727297935932 3.6665449142456055 227
1727297935971 3.4994630813598633 228
1727297936029 2.8642160892486572 229
1727297936082 4.080381870269775 230
1727297936127 3.0423026084899902 231
1727297936173 3.6580870151519775 232
1727297936222 0.8466231822967529 233
1727297936273 3.4194750785827637 234
1727297936325 3.6618106365203857 235
1727297936382 3.5567755699157715 236
1727297936433 3.3107872009277344 237
1727297936478 3.723325729370117 238
1727297936531 3.715505361557007 239
1727297936580 3.9338901042938232 240
1727297936626 3.747580051422119 241
1727297936684 3.3150579929351807 242
1727297936731 3.3757834434509277 243
1727297936785 3.7906649112701416 244
1727297936832 3.8167028427124023 245
1727297936887 3.4007484912872314 246
1727297936944 3.9219553470611572 247
1727297937003 3.290872573852539 248
1727297937060 3.0223376750946045 249
1727297937119 3.4648478031158447 250
1727297937168 0.21158505976200104 251
1727297937212 3.754944324493408 252
1727297937265 3.6728293895721436 253
1727297937312 3.888185977935791 254
1727297937359 3.709944009780884 255
1727297937416 3.1686463356018066 256
1727297937472 3.1084487438201904 257
1727297937531 3.202286720275879 258
1727297937589 2.994328737258911 259
1727297937653 2.6819915771484375 260
1727297937714 3.010974884033203 261
1727297937774 3.3597116470336914 262
1727297937827 3.3966758251190186 263
1727297937871 3.7088782787323 264
1727297937912 0.9746670722961426 265
1727297937956 3.9942400455474854 266
1727297938006 3.683993339538574 267
1727297938063 3.698782444000244 268
1727297938112 3.8017826080322266 269
1727297938165 3.124845266342163 270
1727297938208 3.605804204940796 271
1727297938257 3.583808422088623 272
1727297938317 4.252174377441406 273
1727297938374 3.2335164546966553 274
1727297938432 3.205915689468384 275
1727297938490 3.4144749641418457 276
1727297938547 4.35688591003418 277
1727297938601 3.5481231212615967 278
1727297938654 3.1485471725463867 279
1727297938701 3.148261785507202 280
1727297938745 3.432262897491455 281
1727297938791 3.90191650390625 282
1727297938833 3.579267740249634 283
1727297938888 3.2452638149261475 284
1727297938943 3.4476613998413086 285
1727297939001 3.480804204940796 286
1727297939051 2.9861483573913574 287
1727297939093 3.5520389080047607 288
1727297939131 3.1961286067962646 289
1727297939172 3.8683552742004395 290
1727297939209 3.97426176071167 291
1727297939246 3.4229090213775635 292
1727297939284 3.835465669631958 293
1727297939321 0.8699886202812195 294
1727297939357 3.4992482662200928 295
1727297939394 3.859877586364746 296
1727297939432 3.6575100421905518 297
1727297939468 3.076925754547119 298
1727297939513 3.6208252906799316 299
1727297939552 3.524534225463867 300
1727297939588 2.9966180324554443 301
1727297939623 3.648343086242676 302
1727297939660 3.8400521278381348 303
1727297939695 2.855836868286133 304
1727297939731 3.707916736602783 305
1727297939769 3.8426308631896973 306
1727297939808 3.7195234298706055 307
1727297939843 3.512460947036743 308
1727297939878 3.5908708572387695 309
1727297939914 2.5697684288024902 310
1727297939950 3.1112477779388428 311
1727297939986 3.4908483028411865 312
1727297940025 3.3634088039398193 313
1727297940062 3.441678285598755 314
1727297940098 3.5197155475616455 315
1727297940135 4.101724147796631 316
1727297940178 3.63812255859375 317
1727297940219 0.3940347731113434 318
1727297940263 3.0986266136169434 319
1727297940309 3.1380534172058105 320
1727297940352 3.741232395172119 321
1727297940389 3.2991418838500977 322
1727297940428 3.4763472080230713 323
1727297940468 3.8026607036590576 324
1727297940505 3.594670295715332 325
1727297940547 3.4632210731506348 326
1727297940594 3.120452880859375 327
1727297940639 3.076192855834961 328
1727297940683 3.755737781524658 329
1727297940726 2.9307022094726562 330
1727297940772 3.2927510738372803 331
1727297940813 3.3407974243164062 332
1727297940849 3.0816314220428467 333
1727297940889 0.42209550738334656 334
1727297940929 3.1324429512023926 335
1727297940968 2.598095417022705 336
1727297941009 3.663022994995117 337
1727297941055 3.694068431854248 338
1727297941096 3.267930507659912 339
1727297941144 3.426605701446533 340
1727297941189 3.9078221321105957 341
1727297941236 3.1875555515289307 342
1727297941282 3.4562201499938965 343
1727297941325 3.439723253250122 344
1727297941385 0.4518575966358185 345
1727297941427 4.22398042678833 346
1727297941475 3.367943286895752 347
1727297941528 3.3256170749664307 348
1727297941573 3.658289670944214 349
1727297941620 3.8195197582244873 350
1727297941670 2.8336455821990967 351
1727297941724 3.988631248474121 352
1727297941783 2.926828145980835 353
1727297941830 3.4762089252471924 354
1727297941884 3.287149429321289 355
1727297941939 2.985349416732788 356
1727297941997 3.195040702819824 357
1727297942054 3.1236987113952637 358
1727297942119 3.3775486946105957 359
1727297942177 3.7513844966888428 360
1727297942232 4.426058769226074 361
1727297942285 3.5910840034484863 362
1727297942338 3.978492498397827 363
1727297942391 3.3651411533355713 364
1727297942444 3.5767030715942383 365
1727297942499 3.6677889823913574 366
1727297942557 0.37836986780166626 367
1727297942626 3.808443546295166 368
1727297942683 3.83351993560791 369
1727297942742 3.279900074005127 370
1727297942800 0.5793930292129517 371
1727297942856 3.3273563385009766 372
1727297942914 2.551360845565796 373
1727297942975 3.604846715927124 374
1727297943028 3.544163465499878 375
1727297943087 3.6170787811279297 376
1727297943135 3.5314712524414062 377
1727297943193 3.761779546737671 378
1727297943259 3.56339693069458 379
1727297943310 3.684051513671875 380
1727297943362 3.0772175788879395 381
1727297943408 3.3493707180023193 382
1727297943458 3.5471084117889404 383
1727297943514 2.851595401763916 384
1727297943569 3.5158286094665527 385
1727297943629 3.901888847351074 386
1727297943677 3.662381410598755 387
1727297943722 0.5721545815467834 388
1727297943775 0.4445221722126007 389
1727297943828 3.964590072631836 390
1727297943878 3.9273247718811035 391
1727297943929 0.4589154124259949 392
1727297943984 0.4513487219810486 393
1727297944044 0.3392806351184845 394
1727297944100 0.3269677758216858 395
1727297944150 0.33567431569099426 396
1727297944200 0.3816990554332733 397
1727297944254 0.37011033296585083 398
1727297944298 0.39861172437667847 399
1727297944343 0.24911856651306152 400
1727297944390 0.07322560995817184 401
1727297944432 0.07546708732843399 402
1727297944480 0.0790451169013977 403
1727297944537 0.08505801856517792 404
1727297944602 0.0686623826622963 405
1727297944665 0.9206319451332092 406
1727297944712 0.09866929799318314 407
1727297944754 0.09965857863426208 408
1727297944799 0.10121508687734604 409
1727297944843 0.10376237332820892 410
1727297944894 0.10813840478658676 411
1727297944951 0.11615403741598129 412
1727297945005 0.13231416046619415 413
1727297945064 0.06847036629915237 414
1727297945115 0.0701306089758873 415
1727297945171 0.07562997937202454 416
1727297945230 0.08374562114477158 417
1727297945291 0.0968131273984909 418
1727297945344 0.7427424192428589 419
1727297945399 0.13645349442958832 420
1727297945457 0.15961410105228424 421
1727297945518 0.17521201074123383 422
1727297945573 0.008900325745344162 423
1727297945630 2.9802322387695312e-08 424
