1727302743373 1.4662379026412964 0
1727302743410 -0.0 1
1727302743443 -0.0 2
1727302743477 -0.0 3
1727302743511 -0.0 4
1727302743545 -0.0 5
1727302743580 -0.0 6
1727302743615 -0.0 7
1727302743650 -0.0 8
1727302743685 -0.0 9
1727302743719 -0.0 10
1727302743754 -0.0 11
1727302743791 -0.0 12
1727302743826 -0.0 13
1727302743861 -0.0 14
1727302743895 -0.0 15
1727302743932 -0.0 16
1727302743968 -0.0 17
1727302744003 -0.0 18
1727302744037 -0.0 19
1727302744072 -0.0 20
1727302744110 -0.0 21
1727302744148 -0.0 22
1727302744186 -0.0 23
1727302744223 -0.0 24
1727302744260 -0.0 25
1727302744296 -0.0 26
1727302744333 0.025261860340833664 27
1727302744368 -0.0 28
1727302744405 -0.0 29
1727302744441 -0.0 30
1727302744475 -0.0 31
1727302744513 -0.0 32
1727302744549 -0.0 33
1727302744583 -0.0 34
1727302744622 -0.0 35
1727302744659 -0.0 36
1727302744703 -0.0 37
1727302744739 -0.0 38
1727302744775 -0.0 39
1727302744813 -0.0 40
1727302744850 -0.0 41
1727302744888 -0.0 42
1727302744924 -0.0 43
1727302744961 -0.0 44
1727302744995 -0.0 45
1727302745030 -0.0 46
1727302745064 -0.0 47
1727302745099 -0.0 48
1727302745135 -0.0 49
1727302745169 -0.0 50
1727302745203 -0.0 51
1727302745237 -0.0 52
1727302745271 -0.0 53
1727302745306 -0.0 54
1727302745340 -0.0 55
1727302745379 -0.0 56
1727302745414 -0.0 57
1727302745448 -0.0 58
1727302745484 -0.0 59
1727302745518 -0.0 60
1727302745554 -0.0 61
1727302745590 -0.0 62
1727302745625 -0.0 63
1727302745660 -0.0 64
1727302745694 -0.0 65
1727302745729 -0.0 66
1727302745763 -0.0 67
1727302745798 -0.0 68
1727302745833 -0.0 69
1727302745867 -0.0 70
1727302745901 -0.0 71
1727302745935 -0.0 72
1727302745969 -0.0 73
1727302746003 -0.0 74
1727302746038 -0.0 75
1727302746071 -0.0 76
1727302746105 -0.0 77
1727302746140 -0.0 78
1727302746174 -0.0 79
1727302746209 -0.0 80
1727302746244 -0.0 81
1727302746279 -0.0 82
1727302746315 -0.0 83
1727302746350 -0.0 84
1727302746384 -0.0 85
1727302746419 -0.0 86
1727302746456 -0.0 87
1727302746491 -0.0 88
1727302746527 -0.0 89
1727302746563 -0.0 90
1727302746599 -0.0 91
1727302746634 -0.0 92
1727302746669 -0.0 93
1727302746703 -0.0 94
1727302746739 -0.0 95
1727302746774 -0.0 96
1727302746808 -0.0 97
1727302746843 -0.0 98
1727302746878 -0.0 99
1727302746912 -0.0 100
1727302746948 -0.0 101
1727302746984 -0.0 102
1727302747019 -0.0 103
1727302747054 -0.0 104
1727302747089 -0.0 105
1727302747124 -0.0 106
1727302747159 -0.0 107
1727302747195 0.08111518621444702 108
1727302747229 -0.0 109
1727302747263 -0.0 110
1727302747298 -0.0 111
1727302747331 -0.0 112
1727302747365 -0.0 113
1727302747400 -0.0 114
1727302747436 -0.0 115
1727302747472 -0.0 116
1727302747508 -0.0 117
1727302747544 -0.0 118
1727302747579 -0.0 119
1727302747614 -0.0 120
1727302747648 -0.0 121
1727302747683 -0.0 122
1727302747730 -0.0 123
1727302747776 -0.0 124
1727302747819 -0.0 125
1727302747857 -0.0 126
1727302747899 -0.0 127
1727302747939 -0.0 128
1727302747975 -0.0 129
1727302748011 -0.0 130
1727302748046 -0.0 131
1727302748081 -0.0 132
1727302748118 -0.0 133
1727302748160 -0.0 134
1727302748198 -0.0 135
1727302748233 -0.0 136
1727302748268 -0.0 137
1727302748303 -0.0 138
1727302748338 -0.0 139
1727302748372 -0.0 140
1727302748407 -0.0 141
1727302748443 -0.0 142
1727302748479 -0.0 143
1727302748513 -0.0 144
1727302748547 -0.0 145
1727302748581 0.036763399839401245 146
1727302748615 -0.0 147
1727302748650 -0.0 148
1727302748685 -0.0 149
1727302748720 -0.0 150
1727302748756 -0.0 151
1727302748790 -0.0 152
1727302748826 -0.0 153
1727302748860 -0.0 154
1727302748895 -0.0 155
1727302748929 -0.0 156
1727302748963 -0.0 157
1727302748997 -0.0 158
1727302749031 -0.0 159
1727302749066 -0.0 160
1727302749106 -0.0 161
1727302749146 -0.0 162
1727302749182 -0.0 163
1727302749217 -0.0 164
1727302749252 -0.0 165
1727302749287 -0.0 166
1727302749323 -0.0 167
1727302749359 -0.0 168
1727302749394 -0.0 169
1727302749429 -0.0 170
1727302749463 -0.0 171
1727302749498 -0.0 172
1727302749533 -0.0 173
1727302749569 -0.0 174
1727302749605 -0.0 175
1727302749641 -0.0 176
1727302749676 -0.0 177
1727302749712 -0.0 178
1727302749748 -0.0 179
1727302749782 -0.0 180
1727302749820 -0.0 181
1727302749855 -0.0 182
1727302749890 -0.0 183
1727302749928 -0.0 184
1727302749963 -0.0 185
1727302749999 -0.0 186
1727302750033 -0.0 187
1727302750068 -0.0 188
1727302750103 -0.0 189
1727302750140 -0.0 190
