1726484672098 1.563930869102478 0
1726484672125 1.526115894317627 1
1726484672151 1.5403234958648682 2
1726484672176 1.5810288190841675 3
1726484672205 1.579228162765503 4
1726484672233 1.5514552593231201 5
1726484672263 0.984044075012207 6
1726484672289 1.3075087070465088 7
1726484672316 1.3931481838226318 8
1726484672343 1.4340076446533203 9
1726484672369 1.4772446155548096 10
1726484672393 1.57939875125885 11
1726484672420 1.5256760120391846 12
1726484672447 1.5268182754516602 13
1726484672474 1.5528743267059326 14
1726484672500 1.5810277462005615 15
1726484672529 1.4868416786193848 16
1726484672555 1.4661200046539307 17
1726484672581 1.5352282524108887 18
1726484672608 1.5733811855316162 19
1726484672635 1.541911244392395 20
1726484672662 1.4540804624557495 21
1726484672688 1.5305100679397583 22
1726484672715 1.5349950790405273 23
1726484672739 1.5040407180786133 24
1726484672766 1.4827120304107666 25
1726484672793 1.435413122177124 26
1726484672819 1.2471532821655273 27
1726484672845 1.1526222229003906 28
1726484672873 1.5153429508209229 29
1726484672899 1.5461153984069824 30
1726484672923 1.5499725341796875 31
1726484672950 1.5005648136138916 32
1726484672977 1.5092689990997314 33
1726484673005 1.4849385023117065 34
1726484673030 1.507127046585083 35
1726484673056 1.5443952083587646 36
1726484673081 1.5463359355926514 37
1726484673107 1.540063500404358 38
1726484673133 1.517765998840332 39
1726484673160 1.5014724731445312 40
1726484673186 1.5585308074951172 41
1726484673214 1.5534223318099976 42
1726484673241 1.489707112312317 43
1726484673268 1.5406434535980225 44
1726484673294 1.5181705951690674 45
1726484673321 1.4603924751281738 46
1726484673348 1.3877458572387695 47
1726484673374 1.0543467998504639 48
1726484673401 1.1984587907791138 49
1726484673428 0.965227484703064 50
1726484673452 0.7917054891586304 51
1726484673479 1.2764949798583984 52
1726484673508 1.3293261528015137 53
1726484673535 0.9872456192970276 54
1726484673561 1.0515697002410889 55
1726484673588 0.9015977382659912 56
1726484673614 1.035081386566162 57
1726484673639 1.3972713947296143 58
1726484673666 1.4922466278076172 59
1726484673694 1.3498764038085938 60
1726484673720 1.0546618700027466 61
1726484673746 1.2585386037826538 62
1726484673775 0.7640128135681152 63
1726484673802 0.47307658195495605 64
1726484673827 0.6920018196105957 65
1726484673854 1.0399160385131836 66
1726484673881 1.355184555053711 67
1726484673907 1.3309239149093628 68
1726484673934 1.3427879810333252 69
1726484673960 1.5719105005264282 70
1726484673986 1.5045156478881836 71
1726484674014 1.3282532691955566 72
1726484674041 1.443825602531433 73
1726484674067 1.4315682649612427 74
1726484674094 1.575110912322998 75
1726484674120 1.5562782287597656 76
1726484674146 1.4297542572021484 77
1726484674170 1.361929178237915 78
1726484674197 1.4663039445877075 79
1726484674223 1.5836904048919678 80
1726484674250 1.542615532875061 81
1726484674277 1.536698579788208 82
1726484674303 1.5627621412277222 83
1726484674327 1.494049072265625 84
1726484674354 1.4438884258270264 85
1726484674381 1.2689733505249023 86
1726484674409 1.1885560750961304 87
1726484674435 0.7518182396888733 88
1726484674461 0.3595077097415924 89
1726484674487 1.1359071731567383 90
1726484674516 1.3878905773162842 91
1726484674541 1.124513864517212 92
1726484674568 1.4111943244934082 93
1726484674595 1.3935840129852295 94
1726484674621 1.551318645477295 95
1726484674647 1.5541653633117676 96
1726484674673 1.1763606071472168 97
1726484674697 1.0545974969863892 98
1726484674724 1.059024453163147 99
1726484674751 1.186913251876831 100
1726484674780 1.488118052482605 101
1726484674807 1.281783938407898 102
1726484674833 1.2668412923812866 103
1726484674858 1.1290650367736816 104
1726484674884 1.4937102794647217 105
1726484674911 1.5140721797943115 106
1726484674938 1.4087564945220947 107
1726484674965 1.4792568683624268 108
1726484674991 1.3465335369110107 109
1726484675018 1.295717477798462 110
1726484675044 1.035313367843628 111
1726484675071 1.0667192935943604 112
1726484675099 1.334157943725586 113
1726484675127 1.524061918258667 114
1726484675154 1.5122311115264893 115
1726484675180 1.3202718496322632 116
1726484675207 1.0075547695159912 117
1726484675235 1.1780874729156494 118
1726484675272 1.1790231466293335 119
1726484675305 1.4153392314910889 120
1726484675334 1.4895515441894531 121
1726484675362 1.575282335281372 122
1726484675389 1.5035300254821777 123
1726484675415 1.3673200607299805 124
1726484675442 1.4521484375 125
1726484675469 1.531888723373413 126
1726484675496 1.4251606464385986 127
1726484675523 1.5396559238433838 128
1726484675552 1.4176510572433472 129
1726484675579 1.400780200958252 130
1726484675603 1.5792334079742432 131
1726484675631 1.5055023431777954 132
1726484675658 1.4649326801300049 133
1726484675685 1.3705978393554688 134
1726484675711 1.1160123348236084 135
1726484675737 1.06253981590271 136
1726484675764 1.3572418689727783 137
1726484675788 1.3707435131072998 138
1726484675815 1.4971466064453125 139
1726484675840 1.567211389541626 140
1726484675867 1.5466762781143188 141
1726484675893 1.401014804840088 142
1726484675920 1.5784504413604736 143
1726484675944 1.5664010047912598 144
1726484675971 1.5816493034362793 145
1726484675997 1.457754135131836 146
1726484676024 1.5321602821350098 147
1726484676053 1.4768717288970947 148
1726484676079 1.5154988765716553 149
1726484676105 1.2873547077178955 150
1726484676129 1.4435194730758667 151
1726484676156 1.5224041938781738 152
1726484676183 1.4849207401275635 153
1726484676211 1.3007018566131592 154
1726484676237 1.3614131212234497 155
1726484676263 1.3908779621124268 156
1726484676291 1.4495103359222412 157
1726484676318 1.5462965965270996 158
1726484676344 1.5721211433410645 159
1726484676371 1.5327949523925781 160
1726484676397 1.4641385078430176 161
1726484676423 1.3157013654708862 162
1726484676450 0.94069904088974 163
1726484676474 0.43300992250442505 164
1726484676501 0.5140876770019531 165
1726484676528 0.9721015691757202 166
1726484676556 0.6464855670928955 167
1726484676581 0.9563822746276855 168
1726484676607 1.0780789852142334 169
1726484676633 1.0647956132888794 170
1726484676658 0.9743379354476929 171
1726484676684 1.0831204652786255 172
1726484676710 1.2240196466445923 173
1726484676735 1.1533286571502686 174
1726484676762 1.5660831928253174 175
1726484676789 1.3199816942214966 176
1726484676817 0.9719982147216797 177
1726484676844 0.8477824926376343 178
1726484676870 0.9630998373031616 179
1726484676896 1.3668279647827148 180
1726484676922 1.581282377243042 181
1726484676946 1.5553613901138306 182
1726484676972 1.5117459297180176 183
1726484676998 1.351779818534851 184
1726484677025 1.2171330451965332 185
1726484677054 1.0105756521224976 186
1726484677080 1.1946520805358887 187
1726484677107 1.491809368133545 188
1726484677134 1.5188124179840088 189
1726484677161 1.5709290504455566 190
1726484677190 1.3566343784332275 191
1726484677219 1.4161334037780762 192
1726484677247 1.5479304790496826 193
1726484677275 1.3407076597213745 194
1726484677304 1.1444730758666992 195
1726484677332 0.877311110496521 196
1726484677359 0.9073429703712463 197
1726484677383 0.9936856031417847 198
1726484677412 1.2040945291519165 199
1726484677439 1.4908701181411743 200
1726484677468 1.520932912826538 201
1726484677494 1.3154866695404053 202
1726484677522 1.4520962238311768 203
1726484677552 1.365065097808838 204
1726484677579 1.2024924755096436 205
1726484677605 1.1935175657272339 206
1726484677631 1.2283515930175781 207
1726484677658 1.1067239046096802 208
1726484677685 1.2578682899475098 209
1726484677711 1.4354897737503052 210
1726484677737 1.5035080909729004 211
1726484677763 1.3964544534683228 212
1726484677790 1.4130730628967285 213
1726484677817 1.5529353618621826 214
1726484677844 1.4819021224975586 215
1726484677871 1.398421049118042 216
1726484677896 1.359357237815857 217
1726484677922 1.5808022022247314 218
1726484677947 1.5521295070648193 219
1726484677973 1.4108332395553589 220
1726484677999 1.2936427593231201 221
1726484678027 1.2781864404678345 222
1726484678055 1.2184216976165771 223
1726484678082 1.3046276569366455 224
1726484678108 1.3496257066726685 225
1726484678132 1.4297215938568115 226
1726484678157 1.4476245641708374 227
1726484678184 1.220950722694397 228
1726484678210 1.3004164695739746 229
1726484678236 1.5215957164764404 230
1726484678262 1.5016531944274902 231
1726484678289 1.2857580184936523 232
1726484678314 1.5211329460144043 233
1726484678340 0.9511260986328125 234
1726484678367 1.1196725368499756 235
1726484678393 1.4365463256835938 236
1726484678419 1.4600305557250977 237
1726484678445 1.569227695465088 238
1726484678470 1.48929762840271 239
1726484678495 1.3131029605865479 240
1726484678523 1.4903029203414917 241
1726484678549 1.134554386138916 242
1726484678575 1.337024450302124 243
1726484678600 1.544001579284668 244
1726484678626 1.3365339040756226 245
1726484678652 1.2774863243103027 246
1726484678678 1.4680652618408203 247
1726484678704 1.562720775604248 248
1726484678730 1.576718807220459 249
1726484678755 1.5386357307434082 250
1726484678783 1.4753668308258057 251
1726484678810 1.487937569618225 252
1726484678836 1.5382577180862427 253
1726484678862 1.5481274127960205 254
1726484678888 1.4649039506912231 255
1726484678913 1.4343677759170532 256
1726484678939 1.579925775527954 257
1726484678965 1.5775671005249023 258
1726484678991 1.5567982196807861 259
1726484679017 1.5347201824188232 260
1726484679045 1.5189576148986816 261
1726484679071 1.5589295625686646 262
1726484679095 1.526043176651001 263
1726484679122 1.498403549194336 264
1726484679148 1.5162196159362793 265
1726484679174 1.5581541061401367 266
1726484679201 1.5140670537948608 267
1726484679227 1.4408210515975952 268
1726484679251 1.551425576210022 269
1726484679279 1.4949908256530762 270
1726484679307 1.5648753643035889 271
1726484679333 1.559370517730713 272
1726484679359 1.29264497756958 273
1726484679385 1.2645889520645142 274
1726484679410 1.4181573390960693 275
1726484679436 1.540995717048645 276
1726484679463 1.5535006523132324 277
1726484679490 1.4255053997039795 278
1726484679516 1.574076771736145 279
1726484679544 1.479459285736084 280
1726484679571 1.5838384628295898 281
1726484679596 1.4704993963241577 282
1726484679622 1.5690953731536865 283
1726484679649 1.537273645401001 284
1726484679676 1.5300840139389038 285
1726484679702 1.576812744140625 286
1726484679728 1.501826524734497 287
1726484679753 1.5044634342193604 288
1726484679780 1.540108561515808 289
1726484679807 1.5644527673721313 290
1726484679833 1.4997437000274658 291
1726484679860 1.2150003910064697 292
1726484679886 1.3156969547271729 293
1726484679913 1.3050096035003662 294
1726484679936 1.5351037979125977 295
1726484679963 1.4552333354949951 296
1726484679989 1.228812336921692 297
1726484680016 1.3478530645370483 298
1726484680043 1.4805333614349365 299
1726484680071 1.545630931854248 300
1726484680098 1.5186158418655396 301
1726484680121 1.4054698944091797 302
1726484680148 1.3080545663833618 303
1726484680174 1.4825425148010254 304
1726484680200 1.5799720287322998 305
1726484680228 1.5534417629241943 306
1726484680257 1.5631788969039917 307
1726484680286 1.4872353076934814 308
1726484680313 1.5433075428009033 309
1726484680340 1.563941478729248 310
1726484680367 1.4980790615081787 311
1726484680394 1.497334599494934 312
1726484680421 1.5834918022155762 313
1726484680447 1.5074880123138428 314
1726484680474 1.489583969116211 315
1726484680499 1.3369009494781494 316
1726484680525 1.513733983039856 317
1726484680554 1.4375686645507812 318
1726484680581 1.4061522483825684 319
1726484680607 1.464563012123108 320
1726484680633 1.470808744430542 321
1726484680660 1.4694960117340088 322
1726484680685 1.4578537940979004 323
1726484680712 1.3139708042144775 324
1726484680738 1.4486889839172363 325
1726484680765 1.477095603942871 326
1726484680791 1.3686127662658691 327
1726484680820 1.5601716041564941 328
1726484680846 1.5737502574920654 329
1726484680870 1.547086477279663 330
1726484680897 1.565845012664795 331
1726484680924 1.540329933166504 332
1726484680950 1.4938819408416748 333
1726484680976 1.567399501800537 334
1726484681003 1.4754157066345215 335
1726484681030 1.5670957565307617 336
1726484681056 1.5057601928710938 337
1726484681083 1.5502928495407104 338
1726484681109 1.4999878406524658 339
1726484681136 1.5352129936218262 340
1726484681163 1.516078233718872 341
1726484681190 1.580148458480835 342
1726484681214 1.4866303205490112 343
1726484681240 1.370954155921936 344
1726484681266 1.542445182800293 345
1726484681294 1.5426149368286133 346
1726484681322 1.4858403205871582 347
1726484681348 1.474724531173706 348
1726484681373 1.5308818817138672 349
1726484681399 1.381974697113037 350
1726484681425 1.440832495689392 351
1726484681451 1.3650181293487549 352
1726484681477 1.4631799459457397 353
1726484681504 1.2322556972503662 354
1726484681528 1.27426278591156 355
1726484681556 1.5346757173538208 356
1726484681583 1.5534234046936035 357
1726484681610 1.5619816780090332 358
1726484681636 1.2873332500457764 359
1726484681663 1.4756205081939697 360
1726484681690 1.4801548719406128 361
1726484681715 1.427822470664978 362
1726484681742 1.5721750259399414 363
1726484681769 1.5356429815292358 364
1726484681801 1.5178842544555664 365
1726484681832 1.516536831855774 366
1726484681859 1.484606385231018 367
1726484681885 1.507549524307251 368
1726484681912 1.4847793579101562 369
1726484681938 1.5095289945602417 370
1726484681963 1.5693445205688477 371
1726484681990 1.4427134990692139 372
1726484682017 1.5730175971984863 373
1726484682043 1.496768832206726 374
1726484682073 1.5172622203826904 375
1726484682100 1.499123215675354 376
1726484682127 1.501595139503479 377
1726484682152 1.4917995929718018 378
1726484682179 1.4133907556533813 379
1726484682207 1.5436551570892334 380
1726484682234 1.4038678407669067 381
1726484682261 1.3552305698394775 382
1726484682288 1.5594770908355713 383
1726484682317 1.4855473041534424 384
1726484682344 1.5270583629608154 385
1726484682369 1.4586601257324219 386
1726484682396 1.515709638595581 387
1726484682423 1.5708633661270142 388
1726484682451 1.5673534870147705 389
1726484682477 1.5687265396118164 390
1726484682504 1.569715976715088 391
1726484682531 1.4384270906448364 392
1726484682558 1.544424295425415 393
1726484682584 1.5186179876327515 394
1726484682612 1.5196120738983154 395
1726484682639 1.5158698558807373 396
1726484682666 1.4545520544052124 397
1726484682693 1.475042700767517 398
1726484682719 1.4948095083236694 399
1726484682743 1.538582444190979 400
1726484682770 1.5464272499084473 401
1726484682798 1.3070894479751587 402
1726484682826 1.5471346378326416 403
1726484682853 1.5083739757537842 404
1726484682879 1.5310142040252686 405
1726484682905 1.4822075366973877 406
1726484682930 1.378281831741333 407
1726484682957 1.5093483924865723 408
1726484682983 1.4869111776351929 409
1726484683010 1.5619585514068604 410
1726484683036 1.482037901878357 411
1726484683066 1.3868740797042847 412
1726484683095 1.5277132987976074 413
1726484683123 1.5362673997879028 414
1726484683149 1.4796037673950195 415
1726484683177 1.4810998439788818 416
1726484683206 1.4687247276306152 417
1726484683233 1.5681617259979248 418
1726484683261 1.4497939348220825 419
1726484683291 1.2882425785064697 420
1726484683317 1.2729051113128662 421
1726484683344 1.3864216804504395 422
1726484683371 1.5702190399169922 423
1726484683395 1.5573996305465698 424
1726484683423 1.5165164470672607 425
1726484683450 1.5668833255767822 426
1726484683476 1.476299524307251 427
1726484683501 1.511157512664795 428
1726484683527 1.5433149337768555 429
1726484683554 1.5695924758911133 430
1726484683581 1.5616626739501953 431
1726484683609 1.5073597431182861 432
1726484683637 1.3322478532791138 433
1726484683665 1.404249668121338 434
1726484683693 1.5684504508972168 435
1726484683721 1.5253695249557495 436
1726484683748 1.394824743270874 437
1726484683775 1.1728307008743286 438
1726484683802 1.3339515924453735 439
1726484683829 1.4367287158966064 440
1726484683855 1.5108715295791626 441
1726484683882 1.4056062698364258 442
1726484683910 1.534022331237793 443
1726484683939 1.506580114364624 444
1726484683967 1.5178154706954956 445
1726484683994 1.4966036081314087 446
1726484684021 1.526857852935791 447
1726484684051 1.411864995956421 448
1726484684078 1.4277173280715942 449
1726484684106 1.5564916133880615 450
1726484684134 1.561903953552246 451
1726484684163 1.5641491413116455 452
1726484684191 1.5653116703033447 453
1726484684219 1.565876841545105 454
1726484684246 1.5662391185760498 455
1726484684273 1.5664558410644531 456
1726484684303 1.5665887594223022 457
1726484684330 1.5666683912277222 458
1726484684358 1.566715955734253 459
1726484684386 1.5667439699172974 460
1726484684414 1.5667604207992554 461
1726484684441 1.5667699575424194 462
1726484684468 1.5667755603790283 463
1726484684495 1.5667788982391357 464
1726484684520 1.5667805671691895 465
1726484684549 1.566781759262085 466
1726484684575 1.5667822360992432 467
1726484684602 1.5667827129364014 468
