1727304916256 1.8690919876098633 0
1727304916299 1.849511742591858 1
1727304916342 1.851902961730957 2
1727304916379 1.8366798162460327 3
1727304916415 1.775600552558899 4
1727304916452 1.95302152633667 5
1727304916488 1.6913032531738281 6
1727304916528 1.8427205085754395 7
1727304916573 1.6069278717041016 8
1727304916612 1.635408878326416 9
1727304916652 1.9859731197357178 10
1727304916695 1.359520435333252 11
1727304916753 1.9121977090835571 12
1727304916805 1.9789824485778809 13
1727304916845 1.8129909038543701 14
1727304916887 1.5211974382400513 15
1727304916927 1.8872058391571045 16
1727304916969 1.8603461980819702 17
1727304917011 1.9685508012771606 18
1727304917053 1.8287572860717773 19
1727304917095 1.980295181274414 20
1727304917137 1.8784970045089722 21
1727304917179 1.760899543762207 22
1727304917221 1.9734538793563843 23
1727304917264 1.6945337057113647 24
1727304917312 1.693453073501587 25
1727304917367 1.820453405380249 26
1727304917420 1.494550108909607 27
1727304917466 1.8659144639968872 28
1727304917507 1.963854432106018 29
1727304917545 1.5477056503295898 30
1727304917583 1.8481814861297607 31
1727304917622 1.9155546426773071 32
1727304917659 1.7972737550735474 33
1727304917695 1.6414858102798462 34
1727304917732 1.763132929801941 35
1727304917770 1.8880013227462769 36
1727304917807 1.6172361373901367 37
1727304917844 1.9030938148498535 38
1727304917880 1.837522029876709 39
1727304917918 1.8828758001327515 40
1727304917955 1.887335181236267 41
1727304917993 1.8963172435760498 42
1727304918029 1.925793170928955 43
1727304918065 1.924017310142517 44
1727304918100 1.881478190422058 45
1727304918136 1.9723604917526245 46
1727304918171 1.827229619026184 47
1727304918206 1.717590570449829 48
1727304918244 1.8268381357192993 49
1727304918281 1.7023926973342896 50
1727304918319 1.7992664575576782 51
1727304918355 1.7163699865341187 52
1727304918392 1.8819385766983032 53
1727304918428 1.2097513675689697 54
1727304918464 1.8105347156524658 55
1727304918500 1.7164669036865234 56
1727304918536 1.7330302000045776 57
1727304918572 1.920576810836792 58
1727304918607 1.875627040863037 59
1727304918642 1.8568713665008545 60
1727304918676 1.9107918739318848 61
1727304918711 1.822623610496521 62
1727304918746 1.7478457689285278 63
1727304918782 1.8259786367416382 64
1727304918818 1.8871196508407593 65
1727304918854 1.8900442123413086 66
1727304918890 1.9634252786636353 67
1727304918925 1.9650931358337402 68
1727304918961 1.4770474433898926 69
1727304918998 1.8738187551498413 70
1727304919036 1.9064860343933105 71
1727304919071 1.962592363357544 72
1727304919106 1.6526412963867188 73
1727304919141 1.672868251800537 74
1727304919176 1.9453630447387695 75
1727304919210 1.7075530290603638 76
1727304919247 1.8208836317062378 77
1727304919283 1.432581901550293 78
1727304919320 1.4325478076934814 79
1727304919355 1.8332204818725586 80
1727304919390 1.8088442087173462 81
1727304919425 1.9121112823486328 82
1727304919461 1.7640321254730225 83
1727304919497 1.934917688369751 84
1727304919532 1.8421344757080078 85
1727304919568 1.8874058723449707 86
1727304919604 1.8577684164047241 87
1727304919640 1.9557969570159912 88
1727304919675 1.2097513675689697 89
1727304919712 1.9022597074508667 90
1727304919747 1.7973628044128418 91
1727304919783 1.9783546924591064 92
1727304919820 1.4326995611190796 93
1727304919857 1.9611093997955322 94
1727304919895 1.8172845840454102 95
1727304919933 1.9690907001495361 96
1727304919969 1.4747722148895264 97
1727304920004 1.8167269229888916 98
1727304920039 1.8461427688598633 99
1727304920074 1.871330738067627 100
1727304920109 1.8350787162780762 101
1727304920144 1.803668737411499 102
1727304920179 1.9446313381195068 103
1727304920214 1.7988364696502686 104
1727304920250 1.7996985912322998 105
1727304920286 1.6485555171966553 106
1727304920322 1.9631941318511963 107
1727304920358 1.7599329948425293 108
1727304920394 1.912404179573059 109
1727304920428 1.9646750688552856 110
1727304920463 1.7226264476776123 111
1727304920498 1.6294560432434082 112
1727304920533 1.3425817489624023 113
1727304920568 1.8610832691192627 114
1727304920604 1.8294472694396973 115
1727304920640 1.9801223278045654 116
1727304920675 1.7759287357330322 117
1727304920709 1.8591463565826416 118
1727304920744 1.7309989929199219 119
1727304920779 1.6397618055343628 120
1727304920816 1.337449312210083 121
1727304920853 1.763420581817627 122
1727304920889 1.883039951324463 123
1727304920925 1.9195770025253296 124
1727304920961 1.4696986675262451 125
1727304920995 1.8672713041305542 126
1727304921031 1.8273212909698486 127
1727304921067 1.804257869720459 128
1727304921102 1.8612850904464722 129
1727304921136 1.8777319192886353 130
1727304921172 1.9471662044525146 131
1727304921207 1.7341768741607666 132
1727304921242 1.6367218494415283 133
1727304921279 1.6816215515136719 134
1727304921317 1.843208909034729 135
1727304921360 1.9778867959976196 136
1727304921397 1.9881610870361328 137
1727304921433 1.9932308197021484 138
1727304921470 1.9945734739303589 139
1727304921505 1.9572619199752808 140
1727304921542 1.2097513675689697 141
1727304921583 1.8501838445663452 142
1727304921622 1.3425817489624023 143
1727304921656 1.9398510456085205 144
1727304921691 1.9434430599212646 145
1727304921727 1.6097002029418945 146
1727304921764 1.988947868347168 147
1727304921799 1.880344033241272 148
1727304921836 1.7738916873931885 149
1727304921872 1.432581901550293 150
1727304921911 1.4325478076934814 151
1727304921948 1.4325852394104004 152
1727304921984 1.7737159729003906 153
1727304922021 1.7628986835479736 154
1727304922058 1.6309990882873535 155
1727304922094 1.3425817489624023 156
1727304922131 1.711181879043579 157
1727304922167 1.8149065971374512 158
1727304922205 1.724204421043396 159
1727304922242 1.8103241920471191 160
1727304922278 1.5171334743499756 161
1727304922314 1.432581901550293 162
1727304922348 1.4325478076934814 163
1727304922382 1.8944562673568726 164
1727304922416 1.932337999343872 165
1727304922450 1.6157712936401367 166
1727304922485 1.7726970911026 167
1727304922520 1.3601946830749512 168
1727304922555 1.848944067955017 169
1727304922590 1.8993921279907227 170
1727304922625 1.7989144325256348 171
1727304922661 1.8279614448547363 172
1727304922696 1.3716562986373901 173
1727304922731 1.8676307201385498 174
1727304922767 1.8176283836364746 175
1727304922802 1.7828556299209595 176
1727304922839 1.9412362575531006 177
1727304922875 1.4242334365844727 178
1727304922912 1.8160383701324463 179
1727304922947 1.9353171586990356 180
1727304922982 1.8491520881652832 181
1727304923017 1.8403830528259277 182
1727304923053 1.862992286682129 183
1727304923087 0.5264701247215271 184
1727304923121 1.8341879844665527 185
1727304923158 1.9676170349121094 186
1727304923194 1.9802923202514648 187
1727304923230 1.8945655822753906 188
1727304923266 1.7883105278015137 189
1727304923302 1.6151885986328125 190
1727304923339 1.5998526811599731 191
1727304923375 1.97658109664917 192
1727304923411 1.923696517944336 193
1727304923447 1.8625620603561401 194
1727304923483 1.8400161266326904 195
1727304923519 1.861337423324585 196
1727304923554 1.8173131942749023 197
1727304923590 1.7772879600524902 198
1727304923626 1.7843949794769287 199
1727304923661 1.8928992748260498 200
1727304923698 1.8985739946365356 201
1727304923734 1.947986125946045 202
1727304923770 1.937040090560913 203
1727304923807 1.7242710590362549 204
1727304923842 1.7482120990753174 205
1727304923878 1.6720466613769531 206
1727304923916 1.7658042907714844 207
1727304923952 1.9082810878753662 208
1727304923988 1.551642894744873 209
1727304924023 1.9423890113830566 210
1727304924059 1.8064683675765991 211
1727304924094 1.9287652969360352 212
1727304924130 1.6359550952911377 213
1727304924165 1.700891137123108 214
1727304924201 1.4995641708374023 215
1727304924237 1.988244652748108 216
1727304924272 1.9799326658248901 217
1727304924307 1.913507342338562 218
1727304924343 1.9675328731536865 219
1727304924378 1.8301857709884644 220
1727304924413 1.6984364986419678 221
1727304924449 1.8429203033447266 222
1727304924483 1.964678406715393 223
1727304924519 1.8456456661224365 224
1727304924555 1.661325454711914 225
1727304924591 1.8493837118148804 226
1727304924627 1.6231443881988525 227
1727304924662 1.4997055530548096 228
1727304924697 0.5264701247215271 229
1727304924733 1.9504526853561401 230
1727304924767 1.8147960901260376 231
1727304924804 1.790601134300232 232
1727304924841 1.432581901550293 233
1727304924876 1.4325478076934814 234
1727304924911 1.4325852394104004 235
1727304924947 1.432551383972168 236
1727304924983 1.432581901550293 237
1727304925017 1.9673469066619873 238
1727304925054 1.9358367919921875 239
1727304925089 1.3425817489624023 240
1727304925123 1.5419039726257324 241
1727304925159 1.737223744392395 242
1727304925193 1.7006418704986572 243
1727304925229 1.2192928791046143 244
1727304925264 1.929717779159546 245
1727304925302 1.7003849744796753 246
1727304925340 1.9231611490249634 247
1727304925375 1.8090540170669556 248
1727304925410 1.8538939952850342 249
1727304925445 1.9054224491119385 250
1727304925479 1.8617147207260132 251
1727304925514 1.9057621955871582 252
1727304925549 1.6279921531677246 253
1727304925584 1.9951975345611572 254
1727304925620 1.7640647888183594 255
1727304925655 1.8860704898834229 256
1727304925692 1.3425817489624023 257
1727304925728 1.6186466217041016 258
1727304925763 1.9610642194747925 259
1727304925799 1.706691861152649 260
1727304925836 1.8001983165740967 261
1727304925872 1.7787396907806396 262
1727304925906 1.5099031925201416 263
1727304925941 1.9075171947479248 264
1727304925976 1.939721941947937 265
1727304926011 1.870130181312561 266
1727304926049 1.9135022163391113 267
1727304926084 1.969506025314331 268
1727304926118 1.7012345790863037 269
1727304926156 1.6233000755310059 270
1727304926190 1.8390247821807861 271
1727304926227 0.5264701247215271 272
1727304926263 1.9877811670303345 273
1727304926299 1.6749910116195679 274
1727304926336 1.4894788265228271 275
1727304926372 1.650235891342163 276
1727304926407 1.9180433750152588 277
1727304926443 1.5059092044830322 278
1727304926479 1.9430904388427734 279
1727304926515 1.9841338396072388 280
1727304926550 1.7380471229553223 281
1727304926585 1.8638973236083984 282
1727304926620 1.6930797100067139 283
1727304926656 1.9381738901138306 284
1727304926691 1.5782510042190552 285
1727304926726 1.6201403141021729 286
1727304926764 1.9440406560897827 287
1727304926802 1.6105289459228516 288
1727304926839 1.7366464138031006 289
1727304926875 1.5352113246917725 290
1727304926910 1.8035014867782593 291
1727304926945 1.870356559753418 292
1727304926980 1.988962173461914 293
1727304927015 1.8678559064865112 294
1727304927051 1.9360666275024414 295
1727304927087 1.987656593322754 296
1727304927121 1.6373627185821533 297
1727304927157 1.9524407386779785 298
1727304927191 1.949686050415039 299
1727304927227 1.9321577548980713 300
1727304927263 1.9492217302322388 301
1727304927299 1.9741085767745972 302
1727304927335 1.756875991821289 303
1727304927371 0.9814540147781372 304
1727304927405 1.867971420288086 305
1727304927439 1.8963487148284912 306
1727304927475 1.5693570375442505 307
1727304927511 1.922929286956787 308
1727304927546 1.799403190612793 309
1727304927582 1.4325816631317139 310
1727304927617 1.4325478076934814 311
1727304927652 1.4325852394104004 312
1727304927687 1.432551383972168 313
1727304927723 1.4325816631317139 314
1727304927759 1.4325478076934814 315
1727304927794 1.9867578744888306 316
1727304927830 1.3425817489624023 317
1727304927865 1.852776050567627 318
1727304927900 1.8471691608428955 319
1727304927937 1.6492011547088623 320
1727304927973 1.6828858852386475 321
1727304928009 1.3425817489624023 322
1727304928044 1.8383183479309082 323
1727304928079 1.4772619009017944 324
1727304928116 1.7171224355697632 325
1727304928155 1.800667643547058 326
1727304928190 1.7352566719055176 327
1727304928232 1.5653973817825317 328
1727304928277 1.9368789196014404 329
1727304928320 1.93294358253479 330
1727304928371 1.962052345275879 331
1727304928414 1.9575049877166748 332
1727304928458 1.894271731376648 333
1727304928507 1.7647113800048828 334
1727304928551 1.962738037109375 335
1727304928595 1.9677863121032715 336
1727304928639 1.2097513675689697 337
1727304928682 1.9398295879364014 338
1727304928727 1.5892081260681152 339
1727304928771 1.9456884860992432 340
1727304928816 1.8140277862548828 341
1727304928861 0.570631206035614 342
1727304928907 0.5264701247215271 343
1727304928950 1.690412998199463 344
1727304928999 1.7150132656097412 345
1727304929044 1.628002405166626 346
1727304929089 1.9555009603500366 347
1727304929134 1.8045070171356201 348
1727304929180 1.737246036529541 349
1727304929226 1.8287687301635742 350
1727304929272 1.8067548274993896 351
1727304929317 1.6573150157928467 352
1727304929362 1.8144162893295288 353
1727304929410 1.631152868270874 354
1727304929458 1.718796730041504 355
1727304929500 1.9290680885314941 356
1727304929540 1.859710693359375 357
1727304929580 1.8864021301269531 358
1727304929618 1.7681530714035034 359
1727304929656 1.8662607669830322 360
1727304929695 1.3267496824264526 361
1727304929736 1.7332029342651367 362
1727304929774 1.9377094507217407 363
1727304929812 1.3425817489624023 364
1727304929851 1.802613377571106 365
1727304929887 1.7820991277694702 366
1727304929924 1.3425817489624023 367
1727304929960 1.966672658920288 368
1727304929997 1.8266582489013672 369
1727304930033 1.826611042022705 370
1727304930068 1.826631784439087 371
1727304930104 1.8265712261199951 372
1727304930140 1.8265918493270874 373
1727304930175 1.8265645503997803 374
1727304930212 1.8265581130981445 375
1727304930248 1.8265657424926758 376
1727304930285 1.826538324356079 377
1727304930321 1.8265388011932373 378
1727304930358 1.826532244682312 379
1727304930395 1.826532244682312 380
