1727307917309 0.0 0
1727307917356 0.0 1
1727307917403 0.0 2
1727307917449 4.605170249938965 3
1727307917494 0.0 4
1727307917535 0.0 5
1727307917576 0.0 6
1727307917617 0.0 7
1727307917658 0.0 8
1727307917701 0.0 9
1727307917743 0.0 10
1727307917784 0.0 11
1727307917825 0.0 12
1727307917865 0.0 13
1727307917905 0.0 14
1727307917943 0.0 15
1727307917984 0.0 16
1727307918025 0.0 17
1727307918064 0.0 18
1727307918103 0.0 19
1727307918141 0.0 20
1727307918179 0.0 21
1727307918217 0.0 22
1727307918257 0.0 23
1727307918297 0.0 24
1727307918338 0.0 25
1727307918377 0.0 26
1727307918418 0.0 27
1727307918457 4.605170249938965 28
1727307918496 0.0 29
1727307918536 0.0 30
1727307918576 0.0 31
1727307918616 0.0 32
1727307918655 0.0 33
1727307918693 0.0 34
1727307918734 0.0 35
1727307918773 0.0 36
1727307918811 0.0 37
1727307918849 0.0 38
1727307918890 0.0 39
1727307918929 0.0 40
1727307918969 0.0 41
1727307919032 0.0 42
1727307919084 0.0 43
1727307919130 0.0 44
1727307919171 0.0 45
1727307919211 0.0 46
1727307919253 0.0 47
1727307919293 0.0 48
1727307919333 0.0 49
1727307919373 0.0 50
1727307919413 0.0 51
1727307919450 0.0 52
1727307919488 0.0 53
1727307919525 0.0 54
1727307919568 0.0 55
1727307919607 0.0 56
1727307919643 0.0 57
1727307919681 0.0 58
1727307919718 0.0 59
1727307919755 0.0 60
1727307919795 0.0 61
1727307919833 0.0 62
1727307919870 0.0 63
1727307919914 0.0 64
1727307919956 0.0 65
1727307919997 4.605170249938965 66
1727307920035 4.605170249938965 67
1727307920073 0.0 68
1727307920113 0.0 69
1727307920155 0.0 70
1727307920195 0.0 71
1727307920237 0.0 72
1727307920279 0.0 73
1727307920320 0.0 74
1727307920361 0.0 75
1727307920402 0.0 76
1727307920446 0.0 77
1727307920486 0.0 78
1727307920523 0.0 79
1727307920560 0.0 80
1727307920598 0.0 81
1727307920635 0.0 82
1727307920675 0.0 83
1727307920716 0.0 84
1727307920757 0.0 85
1727307920796 0.0 86
1727307920834 0.0 87
1727307920873 0.0 88
1727307920912 0.0 89
1727307920950 0.0 90
1727307920989 0.0 91
1727307921031 0.0 92
1727307921070 0.0 93
1727307921109 0.0 94
1727307921146 0.0 95
1727307921184 0.0 96
1727307921222 0.0 97
1727307921261 0.0 98
1727307921300 0.0 99
1727307921341 0.0 100
1727307921381 0.0 101
1727307921422 0.0 102
1727307921464 0.0 103
1727307921506 0.0 104
1727307921546 0.0 105
1727307921585 0.0 106
1727307921624 0.0 107
1727307921663 0.0 108
1727307921704 0.0 109
1727307921750 0.0 110
1727307921794 0.0 111
1727307921841 0.0 112
1727307921882 0.0 113
1727307921925 0.0 114
1727307921967 0.0 115
1727307922008 0.0 116
1727307922050 0.0 117
1727307922090 0.0 118
1727307922129 0.0 119
1727307922169 0.0 120
1727307922210 9.21034049987793 121
1727307922250 0.0 122
1727307922290 0.0 123
1727307922330 0.0 124
1727307922369 0.0 125
1727307922408 0.0 126
1727307922448 0.0 127
1727307922487 0.0 128
1727307922531 0.0 129
1727307922572 0.0 130
