1726502085250 -0.06619369983673096 0
1726502085308 -0.07136201858520508 1
1726502085361 -0.07695817947387695 2
1726502085416 -0.08302199840545654 3
1726502085477 -0.08959752321243286 4
1726502085532 -0.0960732102394104 5
1726502085592 -0.10276085138320923 6
1726502085676 -0.10996836423873901 7
1726502085743 -0.11723005771636963 8
1726502085796 -0.12258076667785645 9
1726502085846 -0.12820035219192505 10
1726502085906 -0.13410520553588867 11
1726502085978 -0.1403123140335083 12
1726502086028 -0.14684069156646729 13
1726502086076 -0.1537107229232788 14
1726502086127 -0.16094446182250977 15
1726502086177 -0.16856586933135986 16
1726502086226 -0.17660117149353027 17
1726502086274 -0.18507921695709229 18
1726502086324 -0.19403117895126343 19
1726502086372 -0.20349156856536865 20
1726502086423 -0.21349871158599854 21
1726502086473 -0.22409474849700928 22
1726502086524 -0.23532700538635254 23
1726502086573 -0.24724775552749634 24
1726502086623 -0.2599164843559265 25
1726502086673 -0.27339982986450195 26
1726502086723 -0.2877739667892456 27
1726502086772 -0.30312585830688477 28
1726502086822 -0.3192709684371948 29
1726502086872 -0.3361836075782776 30
1726502086923 -0.3539007306098938 31
1726502086972 -0.3689126968383789 32
1726502087021 -0.3766564130783081 33
1726502087070 -0.38091713190078735 34
1726502087120 -0.38528943061828613 35
1726502087169 -0.3897789716720581 36
1726502087221 -0.39439213275909424 37
1726502087271 -0.3991353511810303 38
1726502087321 -0.4040159583091736 39
1726502087370 -0.40904176235198975 40
1726502087425 -0.4142216444015503 41
1726502087476 -0.4195646047592163 42
1726502087527 -0.42508113384246826 43
1726502087579 -0.4307825565338135 44
1726502087631 -0.43668121099472046 45
1726502087682 -0.4427913427352905 46
1726502087733 -0.44912803173065186 47
1726502087784 -0.4557088613510132 48
1726502087834 -0.4625530242919922 49
1726502087885 -0.4696826934814453 50
1726502087937 -0.47712284326553345 51
1726502087988 -0.4849023222923279 52
1726502088039 -0.49305444955825806 53
1726502088090 -0.5016180872917175 54
1726502088141 -0.5106390118598938 55
1726502088192 -0.5124578475952148 56
1726502088243 -0.5124578475952148 57
