1727303604156 2e-05 0
1727303604193 3.623821258544922 1
1727303604229 4.690415859222412 2
1727303604266 5.4772257804870605 3
1727303604303 5.099019527435303 4
1727303604340 4.690415859222412 5
1727303604377 4.898979663848877 6
1727303604413 5.291502475738525 7
1727303604448 5.099019527435303 8
1727303604485 5.099019527435303 9
1727303604521 4.4721360206604 10
1727303604556 4.690415859222412 11
1727303604591 4.242640495300293 12
1727303604630 5.291502475738525 13
1727303604668 4.898979663848877 14
1727303604705 5.099019527435303 15
1727303604741 4.242640495300293 16
1727303604778 4.4721360206604 17
1727303604815 4.4721360206604 18
1727303604851 5.291502475738525 19
1727303604885 5.099019527435303 20
1727303604920 4.242640495300293 21
1727303604956 4.898979663848877 22
1727303604992 4.690415859222412 23
1727303605032 5.291502475738525 24
1727303605067 4.0 25
1727303605102 5.099019527435303 26
1727303605139 5.656854152679443 27
1727303605175 5.099019527435303 28
1727303605211 4.690415859222412 29
1727303605246 5.291502475738525 30
1727303605281 5.099019527435303 31
1727303605317 4.690415859222412 32
1727303605352 4.690415859222412 33
1727303605388 4.898979663848877 34
1727303605424 4.898979663848877 35
1727303605459 4.898979663848877 36
1727303605496 5.4772257804870605 37
1727303605532 4.690415859222412 38
1727303605567 5.099019527435303 39
1727303605602 4.898979663848877 40
1727303605637 4.242640495300293 41
1727303605672 5.099019527435303 42
1727303605706 4.690415859222412 43
1727303605742 4.898979663848877 44
1727303605778 4.690415859222412 45
1727303605813 5.099019527435303 46
1727303605848 5.099019527435303 47
1727303605884 4.898979663848877 48
1727303605919 5.291502475738525 49
1727303605955 4.690415859222412 50
1727303605991 4.690415859222412 51
1727303606026 4.4721360206604 52
1727303606061 5.4772257804870605 53
1727303606094 5.099019527435303 54
1727303606129 4.4721360206604 55
1727303606164 5.291502475738525 56
1727303606199 5.099019527435303 57
1727303606233 4.4721360206604 58
1727303606268 5.291502475738525 59
1727303606304 4.690415859222412 60
1727303606339 5.291502475738525 61
1727303606374 4.898979663848877 62
1727303606409 4.898979663848877 63
1727303606444 4.898979663848877 64
1727303606479 5.291502475738525 65
1727303606516 4.4721360206604 66
1727303606552 4.4721360206604 67
1727303606587 5.099019527435303 68
1727303606622 4.690415859222412 69
1727303606656 4.898979663848877 70
1727303606692 5.099019527435303 71
1727303606728 4.4721360206604 72
1727303606764 5.099019527435303 73
1727303606798 5.099019527435303 74
1727303606833 4.690415859222412 75
1727303606868 4.690415859222412 76
1727303606903 4.898979663848877 77
1727303606938 4.0 78
1727303606973 5.099019527435303 79
1727303607008 5.099019527435303 80
1727303607045 4.242640495300293 81
1727303607080 5.291502475738525 82
1727303607114 5.291502475738525 83
1727303607149 4.898979663848877 84
1727303607184 4.242640495300293 85
1727303607218 4.898979663848877 86
1727303607254 3.7416574954986572 87
1727303607289 4.898979663848877 88
1727303607324 4.690415859222412 89
1727303607360 4.898979663848877 90
1727303607395 5.099019527435303 91
1727303607430 4.690415859222412 92
1727303607464 4.898979663848877 93
1727303607499 4.898979663848877 94
1727303607534 4.898979663848877 95
1727303607570 3.464101552963257 96
1727303607605 4.690415859222412 97
1727303607640 4.898979663848877 98
1727303607675 4.242640495300293 99
1727303607711 4.0 100
1727303607746 4.191905498504639 101
1727303607782 4.424033164978027 102
1727303607821 5.099019527435303 103
1727303607862 5.291502475738525 104
1727303607897 4.898979663848877 105
1727303607933 4.4721360206604 106
1727303607969 3.240370273590088 107
1727303608009 4.41588020324707 108
1727303608043 5.099019527435303 109
1727303608078 4.4721360206604 110
1727303608114 4.690415859222412 111
1727303608150 5.4772257804870605 112
1727303608187 5.099019527435303 113
1727303608224 4.690415859222412 114
1727303608262 4.898979663848877 115
1727303608300 4.690415859222412 116
1727303608338 4.898979663848877 117
1727303608375 4.898979663848877 118
1727303608411 4.690415859222412 119
1727303608447 5.099019527435303 120
1727303608484 4.0 121
1727303608520 4.898979663848877 122
1727303608556 5.291502475738525 123
1727303608591 4.4721360206604 124
1727303608626 4.242640495300293 125
1727303608662 5.099019527435303 126
1727303608697 4.690415859222412 127
1727303608732 4.690415859222412 128
1727303608768 4.898979663848877 129
1727303608803 4.898979663848877 130
1727303608838 5.099019527435303 131
1727303608875 5.4772257804870605 132
1727303608911 4.898979663848877 133
1727303608947 4.690415859222412 134
1727303608987 5.099019527435303 135
1727303609025 5.291502475738525 136
1727303609066 4.898979663848877 137
1727303609101 5.291502475738525 138
1727303609139 5.099019527435303 139
1727303609174 4.242640495300293 140
1727303609209 4.242640495300293 141
1727303609245 4.4721360206604 142
1727303609280 4.898979663848877 143
1727303609316 5.099019527435303 144
1727303609356 4.4721360206604 145
1727303609392 4.242640495300293 146
1727303609427 4.690415859222412 147
1727303609463 4.898979663848877 148
1727303609498 5.099019527435303 149
1727303609533 5.4772257804870605 150
1727303609568 5.099019527435303 151
1727303609603 4.898979663848877 152
1727303609638 4.898979663848877 153
1727303609673 4.690415859222412 154
1727303609709 5.099019527435303 155
1727303609744 5.4772257804870605 156
1727303609780 4.898979663848877 157
1727303609815 4.4721360206604 158
1727303609850 4.690415859222412 159
1727303609885 5.099019527435303 160
1727303609920 5.099019527435303 161
1727303609956 5.099019527435303 162
1727303609992 4.898979663848877 163
1727303610027 4.4721360206604 164
1727303610061 4.0 165
1727303610095 5.291502475738525 166
1727303610130 4.898979663848877 167
1727303610164 4.898979663848877 168
1727303610199 4.898979663848877 169
1727303610235 5.4772257804870605 170
1727303610271 5.291502475738525 171
1727303610306 5.099019527435303 172
1727303610348 4.898979663848877 173
1727303610385 4.690415859222412 174
1727303610424 4.4721360206604 175
1727303610460 4.898979663848877 176
1727303610499 4.4721360206604 177
1727303610535 5.099019527435303 178
1727303610570 5.291502475738525 179
1727303610604 5.099019527435303 180
1727303610639 4.4721360206604 181
1727303610675 4.0 182
1727303610712 4.898979663848877 183
1727303610748 4.690415859222412 184
1727303610783 4.898979663848877 185
1727303610818 5.099019527435303 186
1727303610853 5.099019527435303 187
1727303610889 4.898979663848877 188
1727303610926 4.898979663848877 189
1727303610961 4.898979663848877 190
1727303610997 4.898979663848877 191
1727303611032 4.898979663848877 192
1727303611067 5.099019527435303 193
1727303611102 4.4721360206604 194
1727303611136 5.099019527435303 195
1727303611171 4.898979663848877 196
1727303611205 5.4772257804870605 197
1727303611240 5.291502475738525 198
1727303611275 5.291502475738525 199
1727303611310 4.690415859222412 200
1727303611348 5.291502475738525 201
1727303611386 5.099019527435303 202
1727303611423 4.898979663848877 203
1727303611459 3.464101552963257 204
1727303611498 5.099019527435303 205
1727303611533 5.291502475738525 206
1727303611568 4.898979663848877 207
1727303611603 3.1622776985168457 208
1727303611640 5.4772257804870605 209
1727303611682 5.291502475738525 210
1727303611739 4.4721360206604 211
1727303611809 3.7416574954986572 212
1727303611870 4.4721360206604 213
1727303611930 4.690415859222412 214
1727303612001 5.291502475738525 215
1727303612064 4.898979663848877 216
1727303612133 4.898979663848877 217
1727303612198 4.690415859222412 218
1727303612262 5.291502475738525 219
1727303612321 4.4721360206604 220
1727303612388 4.0 221
1727303612453 5.4772257804870605 222
1727303612521 3.7416574954986572 223
1727303612582 5.291502475738525 224
1727303612635 5.099019527435303 225
1727303612682 4.690415859222412 226
1727303612725 5.099019527435303 227
1727303612767 4.690415859222412 228
1727303612808 4.690415859222412 229
1727303612848 4.690415859222412 230
1727303612886 5.099019527435303 231
1727303612926 4.690415859222412 232
1727303612963 5.099019527435303 233
1727303613001 5.099019527435303 234
1727303613038 4.898979663848877 235
1727303613074 4.242640495300293 236
1727303613110 5.099019527435303 237
1727303613146 4.242640495300293 238
1727303613182 5.291502475738525 239
1727303613217 4.690415859222412 240
1727303613252 4.4721360206604 241
1727303613289 4.898979663848877 242
1727303613324 4.898979663848877 243
1727303613360 5.099019527435303 244
1727303613397 5.099019527435303 245
1727303613432 4.898979663848877 246
1727303613467 4.690415859222412 247
1727303613503 5.291502475738525 248
1727303613540 4.4721360206604 249
1727303613578 4.690415859222412 250
1727303613616 0.000244140625 251
1727303613653 4.899054050445557 252
1727303613690 5.099019527435303 253
1727303613726 4.4721360206604 254
1727303613761 4.898979663848877 255
1727303613796 4.4721360206604 256
1727303613830 4.898979663848877 257
1727303613866 4.690415859222412 258
1727303613902 5.291502475738525 259
1727303613937 5.4772257804870605 260
1727303613973 4.242640495300293 261
1727303614010 4.898979663848877 262
1727303614050 5.291502475738525 263
1727303614086 4.0 264
1727303614122 4.898979663848877 265
1727303614158 4.898979663848877 266
1727303614194 5.291502475738525 267
1727303614229 4.690415859222412 268
1727303614264 4.898979663848877 269
1727303614300 5.4772257804870605 270
1727303614335 4.690415859222412 271
1727303614370 5.099019527435303 272
1727303614406 5.4772257804870605 273
1727303614441 4.898979663848877 274
1727303614476 4.242640495300293 275
1727303614511 0.000244140625 276
1727303614547 4.899079322814941 277
1727303614586 5.099019527435303 278
1727303614622 5.099019527435303 279
1727303614657 4.4721360206604 280
1727303614692 4.242640495300293 281
1727303614727 5.099019527435303 282
1727303614762 4.690415859222412 283
1727303614797 4.898979663848877 284
1727303614831 4.898979663848877 285
1727303614867 3.7416574954986572 286
1727303614904 0.000244140625 287
1727303614940 0.00026604608865454793 288
1727303614976 0.000244140625 289
1727303615013 0.00023638815036974847 290
1727303615055 0.000244140625 291
1727303615091 0.00026604608865454793 292
1727303615128 0.000244140625 293
1727303615165 0.00023638815036974847 294
1727303615204 0.000244140625 295
1727303615240 0.00026604608865454793 296
1727303615275 0.000244140625 297
1727303615311 0.00023638815036974847 298
1727303615346 0.000244140625 299
1727303615381 4.899054050445557 300
1727303615418 4.4721360206604 301
1727303615453 4.4721360206604 302
1727303615488 4.898979663848877 303
1727303615524 5.291502475738525 304
1727303615560 5.291502475738525 305
1727303615600 4.4721360206604 306
1727303615638 4.242640495300293 307
1727303615675 4.4721360206604 308
1727303615713 5.4772257804870605 309
1727303615750 4.242640495300293 310
1727303615788 0.000244140625 311
1727303615828 4.690506935119629 312
1727303615867 4.4721360206604 313
1727303615917 5.099019527435303 314
1727303615960 4.690415859222412 315
1727303616005 5.099019527435303 316
1727303616047 4.898979663848877 317
1727303616090 4.898979663848877 318
1727303616131 4.0 319
1727303616173 5.291502475738525 320
1727303616222 4.690415859222412 321
1727303616269 4.898979663848877 322
1727303616314 4.690415859222412 323
1727303616361 4.4721360206604 324
1727303616405 4.898979663848877 325
1727303616449 5.291502475738525 326
1727303616491 4.898979663848877 327
1727303616532 3.7416574954986572 328
1727303616571 4.898979663848877 329
1727303616609 4.690415859222412 330
1727303616647 4.4721360206604 331
1727303616685 4.0 332
1727303616721 4.0 333
1727303616758 4.4721360206604 334
1727303616794 4.690415859222412 335
1727303616829 5.291502475738525 336
1727303616865 4.898979663848877 337
1727303616901 5.099019527435303 338
1727303616936 4.690415859222412 339
1727303616972 4.242640495300293 340
1727303617007 4.242640495300293 341
1727303617042 5.656854152679443 342
1727303617078 5.291502475738525 343
1727303617113 5.099019527435303 344
1727303617148 4.898979663848877 345
1727303617184 4.0 346
1727303617220 4.898979663848877 347
1727303617255 5.099019527435303 348
1727303617291 5.291502475738525 349
1727303617327 5.099019527435303 350
1727303617363 4.898979663848877 351
1727303617399 4.898979663848877 352
1727303617436 3.7416574954986572 353
1727303617473 0.000244140625 354
1727303617509 0.00026604608865454793 355
1727303617545 0.000244140625 356
1727303617580 0.00023638815036974847 357
1727303617616 0.000244140625 358
1727303617650 0.00026604608865454793 359
1727303617688 0.000244140625 360
1727303617724 0.00023638815036974847 361
1727303617762 0.000244140625 362
1727303617799 0.00026604608865454793 363
1727303617836 0.000244140625 364
1727303617871 0.00023638815036974847 365
1727303617906 0.000244140625 366
1727303617941 0.00026604608865454793 367
1727303617976 0.000244140625 368
1727303618011 0.00023638815036974847 369
1727303618046 0.000244140625 370
1727303618081 0.00026604608865454793 371
1727303618116 0.000244140625 372
1727303618152 0.00023638815036974847 373
1727303618188 0.000244140625 374
1727303618225 0.00026604608865454793 375
1727303618262 0.000244140625 376
1727303618301 0.00023638815036974847 377
1727303618345 0.000244140625 378
1727303618383 0.00026604608865454793 379
1727303618419 0.000244140625 380
1727303618455 0.00023638815036974847 381
1727303618489 0.000244140625 382
1727303618525 0.00026604608865454793 383
1727303618562 0.000244140625 384
1727303618599 0.00023638815036974847 385
1727303618634 0.000244140625 386
1727303618673 0.00026604608865454793 387
1727303618709 0.000244140625 388
1727303618745 0.00023638815036974847 389
1727303618781 0.000244140625 390
1727303618819 0.00026604608865454793 391
1727303618857 0.000244140625 392
1727303618893 0.00023638815036974847 393
1727303618930 0.000244140625 394
1727303618966 0.00026604608865454793 395
1727303619001 0.000244140625 396
1727303619038 0.00023638815036974847 397
1727303619072 0.000244140625 398
1727303619111 0.00026604608865454793 399
1727303619154 0.000244140625 400
1727303619193 0.00023638815036974847 401
1727303619233 0.000244140625 402
1727303619269 0.00026604608865454793 403
1727303619306 0.000244140625 404
1727303619342 0.00023638815036974847 405
1727303619379 0.000244140625 406
1727303619414 0.00026604608865454793 407
1727303619450 0.000244140625 408
1727303619485 0.00023638815036974847 409
1727303619521 0.000244140625 410
1727303619558 0.00026604608865454793 411
1727303619594 0.000244140625 412
1727303619629 0.00023638815036974847 413
1727303619665 0.000244140625 414
1727303619701 0.00026604608865454793 415
1727303619737 0.000244140625 416
1727303619771 0.00023638815036974847 417
1727303619806 0.000244140625 418
1727303619841 0.00026604608865454793 419
1727303619876 0.000244140625 420
1727303619911 0.00023638815036974847 421
1727303619946 0.000244140625 422
1727303619981 0.00026604608865454793 423
1727303620028 0.000244140625 424
1727303620065 0.00023638815036974847 425
1727303620101 0.000244140625 426
1727303620137 0.00026604608865454793 427
1727303620173 0.000244140625 428
1727303620209 0.00023638815036974847 429
1727303620245 0.000244140625 430
1727303620280 0.00026604608865454793 431
1727303620317 0.000244140625 432
1727303620353 0.00023638815036974847 433
1727303620390 0.000244140625 434
1727303620425 0.00026604608865454793 435
1727303620461 0.000244140625 436
1727303620497 0.00023638815036974847 437
1727303620532 0.000244140625 438
1727303620567 0.00026604608865454793 439
1727303620607 0.000244140625 440
1727303620645 0.00023638815036974847 441
1727303620684 0.000244140625 442
1727303620730 0.00026604608865454793 443
1727303620767 0.000244140625 444
1727303620807 0.00023638815036974847 445
1727303620842 0.000244140625 446
1727303620878 0.00026604608865454793 447
1727303620915 0.000244140625 448
1727303620954 0.00023638815036974847 449
1727303620992 0.000244140625 450
1727303621029 0.00026604608865454793 451
1727303621066 0.000244140625 452
1727303621114 0.00023638815036974847 453
1727303621151 0.000244140625 454
1727303621190 0.00026604608865454793 455
1727303621227 0.000244140625 456
1727303621265 0.00023638815036974847 457
1727303621303 0.000244140625 458
1727303621343 0.00026604608865454793 459
1727303621380 0.000244140625 460
1727303621417 0.00023638815036974847 461
1727303621452 0.000244140625 462
1727303621487 0.00026604608865454793 463
1727303621522 0.000244140625 464
1727303621557 0.00023638815036974847 465
1727303621593 0.000244140625 466
1727303621630 0.00026604608865454793 467
1727303621668 0.000244140625 468
1727303621705 0.00023638815036974847 469
1727303621740 0.000244140625 470
1727303621775 0.00026604608865454793 471
1727303621812 0.000244140625 472
1727303621849 0.00023638815036974847 473
1727303621885 0.000244140625 474
1727303621920 0.00026604608865454793 475
1727303621957 0.000244140625 476
1727303621992 0.00023638815036974847 477
1727303622029 0.000244140625 478
1727303622065 0.00026604608865454793 479
1727303622100 0.000244140625 480
1727303622135 0.00023638815036974847 481
1727303622170 0.000244140625 482
1727303622205 0.00026604608865454793 483
1727303622240 0.000244140625 484
1727303622276 0.00023638815036974847 485
1727303622312 0.000244140625 486
1727303622347 0.00026604608865454793 487
1727303622382 0.000244140625 488
1727303622418 0.00023638815036974847 489
1727303622455 0.000244140625 490
1727303622492 0.00026604608865454793 491
1727303622532 0.000244140625 492
1727303622569 0.00023638815036974847 493
1727303622606 0.000244140625 494
1727303622642 0.00026604608865454793 495
1727303622679 0.000244140625 496
1727303622717 0.00023638815036974847 497
1727303622754 0.000244140625 498
1727303622789 0.00026604608865454793 499
1727303622827 0.000244140625 500
1727303622864 0.00023638815036974847 501
1727303622899 0.000244140625 502
1727303622940 0.00026604608865454793 503
1727303622983 0.000244140625 504
1727303623027 0.00023638815036974847 505
1727303623065 0.000244140625 506
1727303623112 0.00026604608865454793 507
1727303623158 0.000244140625 508
1727303623197 0.00023638815036974847 509
1727303623235 0.000244140625 510
1727303623273 0.00026604608865454793 511
1727303623311 0.000244140625 512
1727303623348 0.00023638815036974847 513
1727303623386 0.000244140625 514
1727303623424 0.00026604608865454793 515
1727303623463 0.000244140625 516
1727303623500 0.00023638815036974847 517
1727303623538 0.000244140625 518
1727303623576 0.00026604608865454793 519
1727303623613 0.000244140625 520
1727303623652 0.00023638815036974847 521
1727303623690 0.000244140625 522
1727303623726 0.00026604608865454793 523
1727303623762 0.000244140625 524
1727303623799 0.00023638815036974847 525
1727303623838 0.000244140625 526
1727303623875 0.00026604608865454793 527
1727303623914 0.000244140625 528
1727303623952 0.00023638815036974847 529
1727303623989 0.000244140625 530
1727303624026 0.00026604608865454793 531
1727303624063 0.000244140625 532
1727303624098 0.00023638815036974847 533
1727303624132 0.000244140625 534
1727303624167 0.00026604608865454793 535
1727303624202 0.000244140625 536
1727303624241 0.00023638815036974847 537
1727303624280 0.000244140625 538
1727303624333 0.00026604608865454793 539
1727303624375 0.000244140625 540
1727303624409 0.00023638815036974847 541
1727303624443 0.000244140625 542
1727303624477 0.00026604608865454793 543
1727303624511 0.000244140625 544
1727303624545 0.00023638815036974847 545
1727303624580 0.000244140625 546
1727303624614 0.00026604608865454793 547
1727303624649 0.000244140625 548
1727303624684 0.00023638815036974847 549
1727303624726 0.000244140625 550
1727303624763 0.00026604608865454793 551
1727303624799 0.000244140625 552
1727303624835 0.00023638815036974847 553
1727303624870 0.000244140625 554
1727303624906 0.00026604608865454793 555
1727303624942 0.000244140625 556
1727303624978 0.00023638815036974847 557
1727303625012 0.000244140625 558
1727303625051 0.00026604608865454793 559
1727303625090 0.000244140625 560
1727303625132 0.00023638815036974847 561
1727303625172 0.000244140625 562
1727303625211 0.00026604608865454793 563
1727303625247 0.000244140625 564
1727303625283 0.00023638815036974847 565
1727303625319 0.000244140625 566
1727303625355 0.00026604608865454793 567
1727303625392 0.000244140625 568
1727303625427 0.00023638815036974847 569
1727303625463 0.000244140625 570
1727303625499 0.00026604608865454793 571
1727303625535 0.000244140625 572
1727303625570 0.00023638815036974847 573
1727303625605 0.000244140625 574
1727303625640 0.00026604608865454793 575
1727303625675 0.000244140625 576
1727303625716 0.00023638815036974847 577
1727303625754 0.000244140625 578
1727303625789 0.00026604608865454793 579
1727303625826 0.000244140625 580
1727303625863 0.00023638815036974847 581
1727303625901 0.000244140625 582
1727303625939 0.00026604608865454793 583
1727303625975 0.000244140625 584
1727303626010 0.00023638815036974847 585
1727303626047 0.000244140625 586
1727303626085 0.00026604608865454793 587
1727303626122 0.000244140625 588
1727303626158 0.00023638815036974847 589
1727303626196 0.000244140625 590
1727303626232 0.00026604608865454793 591
1727303626276 0.000244140625 592
1727303626312 0.00023638815036974847 593
1727303626350 0.000244140625 594
1727303626387 0.00026604608865454793 595
1727303626424 0.000244140625 596
1727303626460 0.00023638815036974847 597
1727303626495 0.000244140625 598
1727303626529 0.00026604608865454793 599
1727303626564 0.000244140625 600
1727303626599 0.00023638815036974847 601
1727303626635 0.000244140625 602
1727303626672 0.00026604608865454793 603
1727303626714 0.000244140625 604
1727303626764 0.00023638815036974847 605
1727303626815 0.000244140625 606
1727303626866 0.00026604608865454793 607
1727303626917 0.000244140625 608
1727303626968 0.00023638815036974847 609
1727303627014 0.000244140625 610
1727303627067 0.00026604608865454793 611
1727303627120 0.000244140625 612
1727303627160 0.00023638815036974847 613
1727303627203 0.000244140625 614
1727303627267 0.00026604608865454793 615
1727303627333 0.000244140625 616
1727303627378 0.00023638815036974847 617
1727303627421 0.000244140625 618
1727303627465 0.00026604608865454793 619
1727303627509 0.000244140625 620
1727303627553 0.00023638815036974847 621
1727303627595 0.000244140625 622
1727303627634 0.00026604608865454793 623
1727303627674 0.000244140625 624
1727303627716 0.00023638815036974847 625
1727303627755 0.000244140625 626
1727303627796 0.00026604608865454793 627
1727303627834 0.000244140625 628
1727303627873 0.00023638815036974847 629
1727303627910 0.000244140625 630
1727303627947 0.00026604608865454793 631
1727303627986 0.000244140625 632
1727303628023 0.00023638815036974847 633
1727303628063 0.000244140625 634
1727303628101 0.00026604608865454793 635
1727303628138 0.000244140625 636
1727303628174 0.00023638815036974847 637
1727303628211 0.000244140625 638
1727303628251 0.00026604608865454793 639
1727303628288 0.000244140625 640
1727303628325 0.00023638815036974847 641
1727303628362 0.000244140625 642
1727303628398 0.00026604608865454793 643
1727303628435 0.000244140625 644
1727303628472 0.00023638815036974847 645
1727303628508 0.000244140625 646
1727303628542 0.00026604608865454793 647
1727303628578 0.000244140625 648
1727303628614 0.00023638815036974847 649
1727303628649 0.000244140625 650
1727303628685 0.00026604608865454793 651
1727303628721 0.000244140625 652
1727303628757 0.00023638815036974847 653
1727303628794 0.000244140625 654
1727303628831 0.00026604608865454793 655
1727303628866 0.000244140625 656
1727303628901 0.00023638815036974847 657
1727303628938 0.000244140625 658
1727303628974 0.00026604608865454793 659
1727303629009 0.000244140625 660
1727303629045 0.00023638815036974847 661
1727303629079 0.000244140625 662
1727303629113 0.00026604608865454793 663
1727303629150 0.000244140625 664
1727303629190 0.00023638815036974847 665
1727303629227 0.000244140625 666
1727303629263 0.00026604608865454793 667
1727303629299 0.000244140625 668
1727303629337 0.00023638815036974847 669
1727303629373 0.000244140625 670
1727303629410 0.00026604608865454793 671
1727303629446 0.000244140625 672
1727303629482 0.00023638815036974847 673
1727303629518 0.000244140625 674
1727303629555 0.00026604608865454793 675
1727303629593 0.000244140625 676
1727303629630 0.00023638815036974847 677
1727303629666 0.000244140625 678
1727303629702 0.00026604608865454793 679
1727303629739 0.000244140625 680
1727303629777 0.00023638815036974847 681
1727303629814 0.000244140625 682
1727303629849 0.00026604608865454793 683
1727303629885 0.000244140625 684
1727303629921 0.00023638815036974847 685
1727303629958 0.000244140625 686
1727303629993 0.00026604608865454793 687
1727303630029 0.000244140625 688
1727303630068 0.00023638815036974847 689
1727303630104 0.000244140625 690
1727303630140 0.00026604608865454793 691
1727303630177 0.000244140625 692
1727303630214 0.00023638815036974847 693
1727303630251 0.000244140625 694
1727303630287 0.00026604608865454793 695
1727303630323 0.000244140625 696
1727303630360 0.00023638815036974847 697
1727303630397 0.000244140625 698
1727303630432 0.00026604608865454793 699
1727303630469 0.000244140625 700
1727303630505 0.00023638815036974847 701
1727303630540 0.000244140625 702
1727303630577 0.00026604608865454793 703
1727303630615 0.000244140625 704
1727303630652 0.00023638815036974847 705
1727303630691 0.000244140625 706
1727303630728 0.00026604608865454793 707
1727303630765 0.000244140625 708
1727303630802 0.00023638815036974847 709
1727303630838 0.000244140625 710
1727303630875 0.00026604608865454793 711
1727303630911 0.000244140625 712
1727303630949 0.00023638815036974847 713
1727303630989 0.000244140625 714
1727303631027 0.00026604608865454793 715
1727303631063 0.000244140625 716
1727303631098 0.00023638815036974847 717
1727303631133 0.000244140625 718
1727303631168 0.00026604608865454793 719
1727303631204 0.000244140625 720
1727303631238 0.00023638815036974847 721
1727303631273 0.000244140625 722
1727303631310 0.00026604608865454793 723
1727303631354 0.000244140625 724
1727303631393 0.00023638815036974847 725
1727303631431 0.000244140625 726
1727303631469 0.00026604608865454793 727
1727303631509 0.000244140625 728
1727303631547 0.00023638815036974847 729
1727303631583 0.000244140625 730
1727303631621 0.00026604608865454793 731
1727303631658 0.000244140625 732
1727303631695 0.00023638815036974847 733
1727303631731 0.000244140625 734
1727303631771 0.00026604608865454793 735
1727303631807 0.000244140625 736
1727303631844 0.00023638815036974847 737
1727303631882 0.000244140625 738
1727303631919 0.00026604608865454793 739
1727303631957 0.000244140625 740
1727303631992 0.00023638815036974847 741
1727303632027 0.000244140625 742
1727303632062 0.00026604608865454793 743
1727303632097 0.000244140625 744
1727303632132 0.00023638815036974847 745
1727303632167 0.000244140625 746
1727303632202 0.00026604608865454793 747
1727303632237 0.000244140625 748
1727303632272 0.00023638815036974847 749
1727303632307 0.000244140625 750
1727303632343 0.00026604608865454793 751
1727303632378 0.000244140625 752
1727303632413 0.00023638815036974847 753
1727303632449 0.000244140625 754
1727303632487 0.00026604608865454793 755
1727303632525 0.000244140625 756
1727303632560 0.00023638815036974847 757
1727303632595 0.000244140625 758
1727303632632 0.00026604608865454793 759
1727303632668 0.000244140625 760
1727303632704 0.00023638815036974847 761
1727303632739 0.000244140625 762
1727303632776 0.00026604608865454793 763
1727303632811 0.000244140625 764
1727303632848 0.00023638815036974847 765
1727303632885 0.000244140625 766
1727303632924 0.00026604608865454793 767
1727303632958 0.000244140625 768
1727303632992 0.00023638815036974847 769
1727303633027 0.000244140625 770
1727303633061 0.00026604608865454793 771
1727303633097 0.000244140625 772
1727303633131 0.00023638815036974847 773
1727303633167 0.000244140625 774
1727303633203 0.00026604608865454793 775
1727303633239 0.000244140625 776
1727303633274 0.00023638815036974847 777
1727303633310 0.000244140625 778
1727303633344 0.00026604608865454793 779
1727303633380 0.000244140625 780
1727303633415 0.00023638815036974847 781
1727303633450 0.000244140625 782
1727303633486 0.00026604608865454793 783
1727303633520 0.000244140625 784
1727303633555 0.00023638815036974847 785
1727303633592 0.000244140625 786
1727303633627 0.00026604608865454793 787
1727303633663 0.000244140625 788
1727303633706 0.00023638815036974847 789
1727303633743 0.000244140625 790
1727303633781 0.00026604608865454793 791
1727303633818 0.000244140625 792
1727303633856 0.00023638815036974847 793
1727303633892 0.000244140625 794
1727303633926 0.00026604608865454793 795
1727303633961 0.000244140625 796
1727303633996 0.00023638815036974847 797
1727303634031 0.000244140625 798
1727303634067 0.00026604608865454793 799
1727303634104 0.000244140625 800
1727303634141 0.00023638815036974847 801
1727303634176 0.000244140625 802
1727303634212 0.00026604608865454793 803
1727303634248 0.000244140625 804
1727303634284 0.00023638815036974847 805
1727303634319 0.000244140625 806
1727303634355 0.00026604608865454793 807
1727303634390 0.000244140625 808
1727303634425 0.00023638815036974847 809
1727303634462 0.000244140625 810
1727303634498 0.00026604608865454793 811
1727303634535 0.000244140625 812
1727303634572 0.00023638815036974847 813
1727303634607 0.000244140625 814
1727303634643 0.00026604608865454793 815
1727303634678 0.000244140625 816
1727303634714 0.00023638815036974847 817
1727303634749 0.000244140625 818
1727303634787 0.00026604608865454793 819
1727303634827 0.000244140625 820
1727303634863 0.00023638815036974847 821
1727303634900 0.000244140625 822
1727303634937 0.00026604608865454793 823
1727303634974 0.000244140625 824
1727303635009 0.00023638815036974847 825
1727303635045 0.000244140625 826
1727303635083 0.00026604608865454793 827
1727303635118 0.000244140625 828
1727303635154 0.00023638815036974847 829
1727303635192 0.000244140625 830
1727303635229 0.00026604608865454793 831
1727303635265 0.000244140625 832
1727303635301 0.00023638815036974847 833
1727303635337 0.000244140625 834
1727303635372 0.00026604608865454793 835
1727303635407 0.000244140625 836
1727303635442 0.00023638815036974847 837
1727303635477 0.000244140625 838
1727303635514 0.00026604608865454793 839
1727303635550 0.000244140625 840
1727303635586 0.00023638815036974847 841
1727303635622 0.000244140625 842
1727303635658 0.00026604608865454793 843
1727303635695 0.000244140625 844
1727303635732 0.00023638815036974847 845
1727303635769 0.000244140625 846
1727303635804 0.00026604608865454793 847
1727303635839 0.000244140625 848
1727303635875 0.00023638815036974847 849
1727303635910 0.000244140625 850
1727303635945 0.00026604608865454793 851
1727303635981 0.000244140625 852
1727303636017 0.00023638815036974847 853
1727303636053 0.000244140625 854
1727303636088 0.00026604608865454793 855
1727303636124 0.000244140625 856
1727303636161 0.00023638815036974847 857
1727303636197 0.000244140625 858
1727303636232 0.00026604608865454793 859
1727303636268 0.000244140625 860
1727303636302 0.00023638815036974847 861
1727303636338 0.000244140625 862
1727303636373 0.00026604608865454793 863
1727303636410 0.000244140625 864
1727303636445 0.00023638815036974847 865
1727303636481 0.000244140625 866
1727303636516 0.00026604608865454793 867
1727303636553 0.000244140625 868
1727303636588 0.00023638815036974847 869
1727303636627 0.000244140625 870
1727303636662 0.00026604608865454793 871
1727303636700 0.000244140625 872
1727303636738 0.00023638815036974847 873
1727303636775 0.000244140625 874
1727303636815 0.00026604608865454793 875
1727303636852 0.000244140625 876
1727303636888 0.00023638815036974847 877
1727303636923 0.000244140625 878
1727303636958 0.00026604608865454793 879
1727303636995 0.000244140625 880
1727303637030 0.00023638815036974847 881
1727303637065 0.000244140625 882
1727303637101 0.00026604608865454793 883
1727303637137 0.000244140625 884
1727303637176 0.00023638815036974847 885
1727303637212 0.000244140625 886
1727303637250 0.00026604608865454793 887
1727303637286 0.000244140625 888
1727303637323 0.00023638815036974847 889
1727303637359 0.000244140625 890
1727303637397 0.00026604608865454793 891
1727303637434 0.000244140625 892
1727303637471 0.00023638815036974847 893
1727303637509 0.000244140625 894
1727303637547 0.00026604608865454793 895
1727303637582 0.000244140625 896
1727303637617 0.00023638815036974847 897
1727303637652 0.000244140625 898
1727303637688 0.00026604608865454793 899
1727303637723 0.000244140625 900
1727303637761 0.00023638815036974847 901
1727303637808 0.000244140625 902
1727303637853 0.00026604608865454793 903
1727303637888 0.000244140625 904
1727303637923 0.00023638815036974847 905
1727303637959 0.000244140625 906
1727303637996 0.00026604608865454793 907
1727303638032 0.000244140625 908
1727303638066 0.00023638815036974847 909
1727303638099 0.000244140625 910
1727303638133 0.00026604608865454793 911
1727303638167 0.000244140625 912
1727303638202 0.00023638815036974847 913
1727303638237 0.000244140625 914
1727303638272 0.00026604608865454793 915
1727303638306 0.000244140625 916
1727303638340 0.00023638815036974847 917
1727303638376 0.000244140625 918
1727303638410 0.00026604608865454793 919
1727303638448 0.000244140625 920
1727303638485 0.00023638815036974847 921
1727303638522 0.000244140625 922
1727303638561 0.00026604608865454793 923
1727303638601 0.000244140625 924
1727303638636 0.00023638815036974847 925
1727303638672 0.000244140625 926
1727303638708 0.00026604608865454793 927
1727303638743 0.000244140625 928
1727303638778 0.00023638815036974847 929
1727303638814 0.000244140625 930
1727303638848 0.00026604608865454793 931
1727303638883 0.000244140625 932
1727303638917 0.00023638815036974847 933
1727303638951 0.000244140625 934
1727303638986 0.00026604608865454793 935
1727303639020 0.000244140625 936
1727303639056 0.00023638815036974847 937
1727303639092 0.000244140625 938
1727303639127 0.00026604608865454793 939
1727303639165 0.000244140625 940
1727303639200 0.00023638815036974847 941
1727303639236 0.000244140625 942
1727303639271 0.00026604608865454793 943
1727303639307 0.000244140625 944
1727303639342 0.00023638815036974847 945
1727303639376 0.000244140625 946
1727303639411 0.00026604608865454793 947
1727303639445 0.000244140625 948
1727303639480 0.00023638815036974847 949
1727303639515 0.000244140625 950
1727303639550 0.00026604608865454793 951
1727303639586 0.000244140625 952
1727303639623 0.00023638815036974847 953
1727303639661 0.000244140625 954
1727303639698 0.00026604608865454793 955
1727303639737 0.000244140625 956
1727303639776 0.00023638815036974847 957
1727303639817 0.000244140625 958
1727303639857 0.00026604608865454793 959
1727303639895 0.000244140625 960
1727303639931 0.00023638815036974847 961
1727303639967 0.000244140625 962
1727303640004 0.00026604608865454793 963
1727303640042 0.000244140625 964
1727303640080 0.00023638815036974847 965
1727303640118 0.000244140625 966
1727303640158 0.00026604608865454793 967
1727303640195 0.000244140625 968
1727303640233 0.00023638815036974847 969
1727303640271 0.000244140625 970
1727303640310 0.00026604608865454793 971
1727303640348 0.000244140625 972
1727303640388 0.00023638815036974847 973
1727303640422 0.000244140625 974
1727303640460 0.00026604608865454793 975
1727303640497 0.000244140625 976
1727303640534 0.00023638815036974847 977
1727303640570 0.000244140625 978
1727303640605 0.00026604608865454793 979
1727303640640 0.000244140625 980
1727303640676 0.00023638815036974847 981
1727303640712 0.000244140625 982
1727303640749 0.00026604608865454793 983
1727303640788 0.000244140625 984
1727303640824 0.00023638815036974847 985
1727303640862 0.000244140625 986
1727303640900 0.00026604608865454793 987
1727303640936 0.000244140625 988
1727303640974 0.00023638815036974847 989
1727303641010 0.000244140625 990
1727303641046 0.00026604608865454793 991
1727303641085 0.000244140625 992
1727303641120 0.00023638815036974847 993
1727303641154 0.000244140625 994
1727303641189 0.00026604608865454793 995
1727303641224 0.000244140625 996
1727303641260 0.00023638815036974847 997
1727303641295 0.000244140625 998
1727303641330 0.00026604608865454793 999
