1727300118088 1.9693655967712402 0
1727300118138 1.870206356048584 1
1727300118183 1.8799266815185547 2
1727300118231 1.6944832801818848 3
1727300118268 1.704266905784607 4
1727300118306 1.8428819179534912 5
1727300118347 1.8817102909088135 6
1727300118392 1.8891974687576294 7
1727300118438 1.6712160110473633 8
1727300118482 1.8128175735473633 9
1727300118525 1.8548170328140259 10
1727300118570 1.756830096244812 11
1727300118613 1.9461586475372314 12
1727300118661 1.8737859725952148 13
1727300118707 1.9950306415557861 14
1727300118755 1.8085633516311646 15
1727300118796 1.9951974153518677 16
1727300118843 1.6173291206359863 17
1727300118887 1.8883211612701416 18
1727300118929 1.7201077938079834 19
1727300118968 1.8967769145965576 20
1727300119003 1.7871719598770142 21
1727300119039 1.8514187335968018 22
1727300119077 1.9456756114959717 23
1727300119115 1.8287676572799683 24
1727300119153 1.842146873474121 25
1727300119192 1.637613296508789 26
1727300119235 1.9000612497329712 27
1727300119274 1.9708647727966309 28
1727300119316 1.856673240661621 29
1727300119356 1.9317971467971802 30
1727300119411 1.751739263534546 31
1727300119474 1.8053239583969116 32
1727300119531 1.844901204109192 33
1727300119587 1.3839716911315918 34
1727300119642 1.5624436140060425 35
1727300119707 1.7229907512664795 36
1727300119752 1.7079018354415894 37
1727300119801 1.5142563581466675 38
1727300119845 1.7387523651123047 39
1727300119886 1.8540661334991455 40
1727300119930 1.7092256546020508 41
1727300119975 1.6832473278045654 42
1727300120022 1.9711158275604248 43
1727300120062 1.34604811668396 44
1727300120104 1.6169288158416748 45
1727300120155 1.8112308979034424 46
1727300120193 1.9743125438690186 47
1727300120230 1.7621641159057617 48
1727300120269 1.8889353275299072 49
1727300120307 1.8231661319732666 50
1727300120343 1.9504668712615967 51
1727300120380 1.6122996807098389 52
1727300120419 1.9142537117004395 53
1727300120459 1.993354082107544 54
1727300120495 1.6588332653045654 55
1727300120531 1.6656608581542969 56
1727300120570 1.6600691080093384 57
1727300120608 1.8325233459472656 58
1727300120646 1.9780778884887695 59
1727300120685 1.773223638534546 60
1727300120722 1.742600440979004 61
1727300120762 1.9712350368499756 62
1727300120800 1.9767346382141113 63
1727300120837 1.92698335647583 64
1727300120878 1.9489555358886719 65
1727300120918 1.992497444152832 66
1727300120960 1.6642416715621948 67
1727300120997 1.9245226383209229 68
1727300121036 1.7945268154144287 69
1727300121074 1.9510471820831299 70
1727300121108 1.7656621932983398 71
1727300121147 1.7326016426086426 72
1727300121188 1.4813933372497559 73
1727300121230 1.7980290651321411 74
1727300121268 1.7740298509597778 75
1727300121307 1.9441590309143066 76
1727300121349 1.9320225715637207 77
1727300121396 1.565241813659668 78
1727300121441 1.890213966369629 79
1727300121476 1.8921698331832886 80
1727300121513 1.812008023262024 81
1727300121550 1.871762990951538 82
1727300121589 1.896982192993164 83
1727300121632 1.6180057525634766 84
1727300121694 1.7631330490112305 85
1727300121754 1.9102284908294678 86
1727300121794 1.6664986610412598 87
1727300121835 1.91233491897583 88
1727300121872 1.7380472421646118 89
1727300121909 1.6885651350021362 90
1727300121948 1.6416456699371338 91
1727300121986 1.870931625366211 92
1727300122025 1.9495961666107178 93
1727300122061 1.5472571849822998 94
1727300122098 1.7675347328186035 95
1727300122136 1.7797091007232666 96
1727300122175 1.8154675960540771 97
1727300122214 1.7509747743606567 98
1727300122257 1.9177812337875366 99
1727300122301 1.7678658962249756 100
1727300122343 1.6231443881988525 101
1727300122389 1.8275797367095947 102
1727300122435 1.8766281604766846 103
1727300122481 1.9076040983200073 104
1727300122528 1.9678635597229004 105
1727300122575 1.6655869483947754 106
1727300122619 1.7951217889785767 107
1727300122664 1.937659502029419 108
1727300122706 1.8530974388122559 109
1727300122742 1.6625162363052368 110
1727300122779 1.7950021028518677 111
1727300122817 1.9935098886489868 112
1727300122856 1.8946460485458374 113
1727300122891 1.8192774057388306 114
1727300122930 1.726340413093567 115
1727300122967 1.7448300123214722 116
1727300123005 1.9566999673843384 117
1727300123042 1.4539916515350342 118
1727300123079 1.9632947444915771 119
1727300123115 1.8750064373016357 120
1727300123154 1.7396559715270996 121
1727300123193 1.7827818393707275 122
1727300123228 1.8360116481781006 123
1727300123265 1.9628942012786865 124
1727300123302 1.955623745918274 125
1727300123342 1.8148208856582642 126
1727300123380 1.6677320003509521 127
1727300123417 1.7722935676574707 128
1727300123457 1.7452436685562134 129
1727300123495 1.9613549709320068 130
1727300123531 1.6721625328063965 131
1727300123565 1.5512324571609497 132
1727300123601 1.7347116470336914 133
1727300123639 1.7567322254180908 134
1727300123676 1.5930403470993042 135
1727300123714 1.8867099285125732 136
1727300123752 1.867558240890503 137
1727300123795 1.8061573505401611 138
1727300123834 1.6740622520446777 139
1727300123872 1.904526948928833 140
1727300123907 1.853609323501587 141
1727300123947 1.776206374168396 142
1727300123985 1.9324616193771362 143
1727300124023 1.7078847885131836 144
1727300124059 1.7896753549575806 145
1727300124098 1.7813369035720825 146
1727300124147 1.7731882333755493 147
1727300124194 1.9308394193649292 148
1727300124242 1.9588310718536377 149
1727300124288 1.8533214330673218 150
1727300124332 1.668074131011963 151
1727300124374 1.8189983367919922 152
1727300124411 1.9017469882965088 153
1727300124449 1.995416522026062 154
1727300124486 1.3533973693847656 155
1727300124523 1.6711173057556152 156
1727300124561 1.9307891130447388 157
1727300124598 1.8994436264038086 158
1727300124635 1.9505711793899536 159
1727300124676 1.6776020526885986 160
1727300124718 1.982542634010315 161
1727300124753 1.8939895629882812 162
1727300124791 1.7913093566894531 163
1727300124836 1.5526202917099 164
1727300124878 1.786697506904602 165
1727300124915 1.7753419876098633 166
1727300124957 1.7049180269241333 167
1727300124994 1.7653319835662842 168
1727300125030 1.8709137439727783 169
1727300125068 1.566282868385315 170
1727300125108 1.924152135848999 171
1727300125147 1.6523361206054688 172
1727300125184 1.8216204643249512 173
1727300125223 1.722684621810913 174
1727300125261 1.909266471862793 175
1727300125299 1.7914204597473145 176
1727300125336 1.819434404373169 177
1727300125373 1.9899287223815918 178
1727300125410 1.7272257804870605 179
1727300125453 1.9407991170883179 180
1727300125495 1.9343429803848267 181
1727300125533 1.7251935005187988 182
1727300125571 1.8948925733566284 183
1727300125609 1.9633435010910034 184
1727300125644 1.799692153930664 185
1727300125681 1.8221169710159302 186
1727300125722 1.8245277404785156 187
1727300125759 1.5778088569641113 188
1727300125796 1.786478042602539 189
1727300125833 1.491215467453003 190
1727300125871 1.8688879013061523 191
1727300125910 1.7724424600601196 192
1727300125947 1.9150378704071045 193
1727300125984 1.698000431060791 194
1727300126021 1.8721284866333008 195
1727300126059 1.899198293685913 196
1727300126096 1.8653645515441895 197
1727300126137 1.8450746536254883 198
1727300126176 1.8738830089569092 199
1727300126217 1.9100300073623657 200
1727300126254 1.9534486532211304 201
1727300126292 1.9511215686798096 202
1727300126334 1.767480492591858 203
1727300126378 1.787484049797058 204
1727300126414 1.7008693218231201 205
1727300126460 1.9891704320907593 206
1727300126499 1.9805476665496826 207
1727300126535 1.8557019233703613 208
1727300126574 1.9915106296539307 209
1727300126621 1.8673135042190552 210
1727300126662 1.5292484760284424 211
1727300126709 1.7970737218856812 212
1727300126747 1.8474555015563965 213
1727300126785 1.859932780265808 214
1727300126821 1.8569592237472534 215
1727300126861 1.6215757131576538 216
1727300126898 1.6684563159942627 217
1727300126939 1.4425666332244873 218
1727300126978 1.7736876010894775 219
1727300127019 1.9433908462524414 220
1727300127059 1.973107933998108 221
1727300127096 1.863782525062561 222
1727300127133 1.8347234725952148 223
1727300127171 1.6849768161773682 224
1727300127213 1.7047854661941528 225
1727300127259 1.8991706371307373 226
1727300127306 1.660956859588623 227
1727300127352 1.838289737701416 228
1727300127398 1.5346202850341797 229
1727300127444 1.8692398071289062 230
1727300127484 1.9162559509277344 231
1727300127522 1.954094409942627 232
1727300127559 1.917423963546753 233
1727300127596 1.8481968641281128 234
1727300127633 1.7480283975601196 235
1727300127670 1.705268144607544 236
1727300127709 1.9713462591171265 237
1727300127747 1.9592201709747314 238
1727300127788 1.9668450355529785 239
1727300127847 1.7070108652114868 240
1727300127899 1.751535177230835 241
1727300127935 1.8936280012130737 242
1727300127974 1.705573558807373 243
1727300128014 1.825979471206665 244
1727300128050 1.5433833599090576 245
1727300128086 1.3424476385116577 246
1727300128124 1.8468172550201416 247
1727300128160 1.5730513334274292 248
1727300128199 1.8961215019226074 249
1727300128238 1.847737193107605 250
1727300128281 1.5769633054733276 251
1727300128321 1.7674105167388916 252
1727300128359 1.988872766494751 253
1727300128396 1.966050624847412 254
1727300128432 1.881640076637268 255
1727300128472 1.6926857233047485 256
1727300128510 1.801292896270752 257
1727300128548 1.8853352069854736 258
1727300128585 1.837066650390625 259
1727300128622 1.8837482929229736 260
1727300128658 1.8427846431732178 261
1727300128697 1.8018591403961182 262
1727300128739 1.8704092502593994 263
1727300128786 1.960256576538086 264
1727300128824 1.777580738067627 265
1727300128862 1.4402064085006714 266
1727300128899 1.5580047369003296 267
1727300128936 1.9045910835266113 268
1727300128974 1.722625494003296 269
1727300129011 1.9666143655776978 270
1727300129048 1.9265751838684082 271
1727300129085 1.6570225954055786 272
1727300129138 1.8263237476348877 273
1727300129180 1.77699875831604 274
1727300129223 1.409224510192871 275
1727300129260 1.685638666152954 276
1727300129299 1.8084361553192139 277
1727300129342 1.7673205137252808 278
1727300129381 1.9636199474334717 279
1727300129419 1.9645395278930664 280
1727300129460 1.8904037475585938 281
1727300129499 1.8029506206512451 282
1727300129538 1.7339378595352173 283
1727300129575 1.882215976715088 284
1727300129612 1.5329439640045166 285
1727300129650 1.602640151977539 286
1727300129689 1.7665607929229736 287
1727300129728 1.9504730701446533 288
1727300129765 1.7701146602630615 289
1727300129803 1.9522966146469116 290
1727300129842 1.7714929580688477 291
1727300129881 1.3880399465560913 292
1727300129918 1.431006669998169 293
1727300129960 1.4329402446746826 294
1727300130011 1.432581901550293 295
1727300130057 1.432581901550293 296
