1727302436705 1.5541584491729736 0
1727302436743 -0.0 1
1727302436779 -0.0 2
1727302436815 -0.0 3
1727302436850 -0.0 4
1727302436885 -0.0 5
1727302436920 -0.0 6
1727302436959 -0.0 7
1727302436996 -0.0 8
1727302437032 -0.0 9
1727302437067 -0.0 10
1727302437104 -0.0 11
1727302437141 -0.0 12
1727302437189 -0.0 13
1727302437236 -0.0 14
1727302437276 -0.0 15
1727302437316 -0.0 16
1727302437354 -0.0 17
1727302437391 -0.0 18
1727302437430 -0.0 19
1727302437469 -0.0 20
1727302437506 -0.0 21
1727302437544 -0.0 22
1727302437583 -0.0 23
1727302437621 -0.0 24
1727302437658 -0.0 25
1727302437696 -0.0 26
1727302437734 -0.0 27
1727302437775 -0.0 28
1727302437814 -0.0 29
1727302437852 -0.0 30
1727302437890 -0.0 31
1727302437928 -0.0 32
1727302437965 -0.0 33
1727302438004 -0.0 34
1727302438042 -0.0 35
1727302438079 -0.0 36
1727302438116 -0.0 37
1727302438153 -0.0 38
1727302438192 -0.0 39
1727302438229 -0.0 40
1727302438266 -0.0 41
1727302438307 -0.0 42
1727302438345 -0.0 43
1727302438383 -0.0 44
1727302438420 -0.0 45
1727302438458 -0.0 46
1727302438497 -0.0 47
1727302438537 -0.0 48
1727302438575 -0.0 49
1727302438613 -0.0 50
1727302438650 -0.0 51
1727302438687 -0.0 52
1727302438724 -0.0 53
1727302438765 -0.0 54
1727302438804 -0.0 55
1727302438842 -0.0 56
1727302438880 -0.0 57
1727302438918 -0.0 58
1727302438956 -0.0 59
1727302438995 -0.0 60
1727302439033 -0.0 61
1727302439072 -0.0 62
1727302439109 -0.0 63
1727302439148 -0.0 64
1727302439187 -0.0 65
1727302439225 -0.0 66
1727302439264 -0.0 67
1727302439303 -0.0 68
1727302439341 -0.0 69
1727302439381 -0.0 70
1727302439419 -0.0 71
1727302439457 -0.0 72
1727302439494 -0.0 73
1727302439532 -0.0 74
1727302439570 -0.0 75
1727302439608 -0.0 76
1727302439645 -0.0 77
1727302439681 -0.0 78
1727302439719 -0.0 79
1727302439757 -0.0 80
1727302439794 -0.0 81
1727302439831 -0.0 82
1727302439868 -0.0 83
1727302439906 -0.0 84
1727302439944 -0.0 85
1727302439980 -0.0 86
1727302440017 -0.0 87
1727302440056 1.3001884902053007e-08 88
1727302440097 -0.0 89
1727302440135 -0.0 90
1727302440175 -0.0 91
1727302440215 -0.0 92
1727302440253 -0.0 93
1727302440291 -0.0 94
1727302440330 -0.0 95
1727302440368 -0.0 96
1727302440406 -0.0 97
1727302440445 -0.0 98
1727302440484 -0.0 99
1727302440524 -0.0 100
1727302440561 -0.0 101
1727302440601 -0.0 102
1727302440639 -0.0 103
1727302440678 -0.0 104
1727302440717 -0.0 105
1727302440757 -0.0 106
1727302440797 -0.0 107
1727302440834 -0.0 108
1727302440873 -0.0 109
1727302440910 -0.0 110
1727302440948 -0.0 111
