1727302349810 2.014693021774292 0
1727302349844 2.014693021774292 1
1727302349878 2.014693021774292 2
1727302349913 2.014693021774292 3
1727302349947 2.014693021774292 4
1727302349980 2.014693021774292 5
1727302350013 2.014693021774292 6
1727302350047 2.014693021774292 7
1727302350080 2.014693021774292 8
1727302350118 2.014693021774292 9
1727302350153 2.014693021774292 10
1727302350188 2.014693021774292 11
1727302350224 2.014693021774292 12
1727302350260 2.014693021774292 13
1727302350297 2.014693021774292 14
1727302350333 2.014693021774292 15
1727302350372 2.014693021774292 16
1727302350407 2.014693021774292 17
1727302350443 2.014693021774292 18
1727302350481 2.014693021774292 19
1727302350517 2.014693021774292 20
1727302350553 2.014693021774292 21
1727302350590 2.014693021774292 22
1727302350627 2.014693021774292 23
1727302350664 2.014693021774292 24
1727302350701 2.014693021774292 25
1727302350737 2.014693021774292 26
1727302350772 2.014693021774292 27
1727302350811 2.014693021774292 28
1727302350848 2.014693021774292 29
1727302350887 2.014693021774292 30
1727302350924 2.014693021774292 31
1727302350962 2.014693021774292 32
1727302350999 2.014693021774292 33
1727302351036 2.014693021774292 34
1727302351073 2.014693021774292 35
1727302351110 2.014693021774292 36
1727302351147 2.014693021774292 37
1727302351184 2.014693021774292 38
1727302351224 2.014693021774292 39
1727302351261 2.014693021774292 40
1727302351297 2.014693021774292 41
1727302351333 2.014693021774292 42
1727302351370 2.014693021774292 43
1727302351405 2.014693021774292 44
1727302351441 2.014693021774292 45
1727302351478 2.014693021774292 46
1727302351515 2.014693021774292 47
1727302351553 2.014693021774292 48
1727302351595 2.014693021774292 49
1727302351637 2.014693021774292 50
1727302351677 2.014693021774292 51
1727302351717 2.014693021774292 52
1727302351759 2.014693021774292 53
1727302351807 2.014693021774292 54
1727302351849 2.014693021774292 55
1727302351894 2.014693021774292 56
1727302351940 2.014693021774292 57
1727302351988 2.014693021774292 58
1727302352031 2.014693021774292 59
1727302352077 2.014693021774292 60
1727302352130 2.014693021774292 61
1727302352173 2.014693021774292 62
1727302352216 2.014693021774292 63
1727302352258 2.014693021774292 64
1727302352301 2.014693021774292 65
1727302352354 2.014693021774292 66
1727302352411 2.014693021774292 67
1727302352467 2.014693021774292 68
1727302352510 2.014693021774292 69
1727302352551 2.014693021774292 70
1727302352592 2.014693021774292 71
1727302352633 2.014693021774292 72
1727302352672 2.014693021774292 73
1727302352710 2.014693021774292 74
1727302352748 2.014693021774292 75
1727302352786 2.014693021774292 76
1727302352822 2.014693021774292 77
1727302352864 2.014693021774292 78
1727302352906 2.014693021774292 79
1727302352946 2.014693021774292 80
1727302352987 2.014693021774292 81
1727302353024 2.014693021774292 82
1727302353060 2.014693021774292 83
1727302353098 2.014693021774292 84
1727302353136 2.014693021774292 85
1727302353173 2.014693021774292 86
1727302353211 2.014693021774292 87
1727302353247 2.014693021774292 88
1727302353284 2.014693021774292 89
1727302353321 2.014693021774292 90
1727302353359 2.014693021774292 91
1727302353395 2.014693021774292 92
1727302353430 2.014693021774292 93
1727302353466 2.014693021774292 94
1727302353502 2.014693021774292 95
1727302353536 2.014693021774292 96
1727302353571 2.014693021774292 97
1727302353605 2.014693021774292 98
1727302353640 2.014693021774292 99
1727302353676 2.014693021774292 100
1727302353711 2.014693021774292 101
1727302353745 2.014693021774292 102
1727302353780 2.014693021774292 103
1727302353816 2.014693021774292 104
1727302353851 2.014693021774292 105
1727302353886 2.014693021774292 106
1727302353919 2.014693021774292 107
1727302353954 2.014693021774292 108
1727302353988 2.014693021774292 109
1727302354022 2.014693021774292 110
1727302354056 2.014693021774292 111
1727302354090 2.014693021774292 112
1727302354126 2.014693021774292 113
1727302354161 2.014693021774292 114
1727302354194 2.014693021774292 115
1727302354228 2.014693021774292 116
1727302354262 2.014693021774292 117
1727302354296 2.014693021774292 118
1727302354330 2.014693021774292 119
1727302354366 2.014693021774292 120
1727302354402 2.014693021774292 121
1727302354437 2.014693021774292 122
1727302354471 2.014693021774292 123
1727302354505 2.014693021774292 124
1727302354539 2.014693021774292 125
1727302354573 2.014693021774292 126
1727302354607 2.014693021774292 127
1727302354642 2.014693021774292 128
1727302354676 2.014693021774292 129
1727302354710 2.014693021774292 130
1727302354745 2.014693021774292 131
1727302354778 2.014693021774292 132
1727302354812 2.014693021774292 133
1727302354846 2.014693021774292 134
1727302354880 2.014693021774292 135
1727302354914 2.014693021774292 136
1727302354950 2.014693021774292 137
1727302354984 2.014693021774292 138
1727302355019 2.014693021774292 139
1727302355054 2.014693021774292 140
1727302355088 2.014693021774292 141
1727302355123 2.014693021774292 142
1727302355158 2.014693021774292 143
1727302355196 2.014693021774292 144
1727302355231 2.014693021774292 145
1727302355267 2.014693021774292 146
1727302355302 2.014693021774292 147
1727302355337 2.014693021774292 148
1727302355371 2.014693021774292 149
1727302355406 2.014693021774292 150
1727302355442 2.014693021774292 151
1727302355477 2.014693021774292 152
1727302355511 2.014693021774292 153
1727302355547 2.014693021774292 154
1727302355581 2.014693021774292 155
1727302355615 2.014693021774292 156
1727302355650 2.014693021774292 157
1727302355685 2.014693021774292 158
1727302355719 2.014693021774292 159
1727302355754 2.014693021774292 160
1727302355788 2.014693021774292 161
1727302355821 2.014693021774292 162
1727302355855 2.014693021774292 163
1727302355890 2.014693021774292 164
1727302355924 2.014693021774292 165
1727302355958 2.014693021774292 166
1727302355992 2.014693021774292 167
1727302356027 2.014693021774292 168
1727302356062 2.014693021774292 169
1727302356097 2.014693021774292 170
1727302356132 2.014693021774292 171
1727302356168 2.014693021774292 172
1727302356201 2.014693021774292 173
1727302356235 2.014693021774292 174
1727302356269 2.014693021774292 175
1727302356303 2.014693021774292 176
1727302356337 2.014693021774292 177
1727302356370 2.014693021774292 178
1727302356406 2.014693021774292 179
1727302356441 2.014693021774292 180
1727302356474 2.014693021774292 181
1727302356508 2.014693021774292 182
1727302356542 2.014693021774292 183
1727302356575 2.014693021774292 184
1727302356609 2.014693021774292 185
1727302356643 2.014693021774292 186
1727302356678 2.014693021774292 187
1727302356712 2.014693021774292 188
1727302356745 2.014693021774292 189
1727302356779 2.014693021774292 190
1727302356813 2.014693021774292 191
1727302356847 2.014693021774292 192
1727302356881 2.014693021774292 193
1727302356915 2.014693021774292 194
1727302356952 2.014693021774292 195
1727302356998 2.014693021774292 196
1727302357044 2.014693021774292 197
1727302357083 2.014693021774292 198
1727302357121 2.014693021774292 199
