1726427151318 1.450782060623169 0
1726427151359 1.3776962757110596 1
1726427151399 1.38864266872406 2
1726427151439 1.432123064994812 3
1726427151485 1.4236643314361572 4
1726427151528 1.3750981092453003 5
1726427151573 1.4445099830627441 6
1726427151626 1.4322683811187744 7
1726427151682 1.387820839881897 8
1726427151740 1.4286690950393677 9
1726427151795 1.3517467975616455 10
1726427151851 1.3992215394973755 11
1726427151908 1.416587471961975 12
1726427151964 1.4160345792770386 13
1726427152007 1.43416428565979 14
1726427152048 1.4413843154907227 15
1726427152100 1.4150984287261963 16
1726427152164 1.427053451538086 17
1726427152206 1.4022691249847412 18
1726427152249 1.4276962280273438 19
1726427152288 1.3517467975616455 20
1726427152329 1.44731867313385 21
1726427152369 1.3776962757110596 22
1726427152412 1.3783230781555176 23
1726427152455 1.420619010925293 24
1726427152500 1.3818395137786865 25
1726427152542 1.3822685480117798 26
1726427152587 1.453183650970459 27
1726427152629 1.4187583923339844 28
1726427152671 1.430891990661621 29
1726427152713 1.421475887298584 30
1726427152755 1.3833081722259521 31
1726427152796 1.3529053926467896 32
1726427152837 1.3803703784942627 33
1726427152877 1.432268500328064 34
1726427152919 1.3843085765838623 35
1726427152960 1.4276962280273438 36
1726427153004 1.4151324033737183 37
1726427153056 1.432030439376831 38
1726427153099 1.390839695930481 39
1726427153141 1.4247081279754639 40
1726427153185 1.3766772747039795 41
1726427153229 1.3986557722091675 42
1726427153271 1.4106616973876953 43
1726427153316 1.4276962280273438 44
1726427153360 1.3948856592178345 45
1726427153402 1.3822685480117798 46
1726427153443 1.4212095737457275 47
1726427153487 1.4468095302581787 48
1726427153529 1.4204745292663574 49
1726427153572 1.4263794422149658 50
1726427153614 1.428896427154541 51
1726427153658 1.3817964792251587 52
1726427153699 1.3517467975616455 53
1726427153742 1.4297696352005005 54
1726427153784 1.4017468690872192 55
1726427153825 1.4276962280273438 56
1726427153868 1.3814990520477295 57
1726427153914 1.3882964849472046 58
1726427153959 1.4178613424301147 59
1726427154003 1.432268500328064 60
1726427154047 1.3776962757110596 61
1726427154090 1.388464331626892 62
1726427154132 1.4184175729751587 63
1726427154179 1.4151920080184937 64
1726427154227 1.4100253582000732 65
1726427154271 1.420619010925293 66
1726427154314 1.382286787033081 67
1726427154358 1.3817288875579834 68
1726427154400 1.420304775238037 69
1726427154443 1.3847814798355103 70
1726427154493 1.4096882343292236 71
1726427154537 1.3931711912155151 72
1726427154585 1.3735911846160889 73
1726427154632 1.3884526491165161 74
1726427154679 1.3960332870483398 75
1726427154724 1.434309720993042 76
1726427154775 1.3776962757110596 77
1726427154833 1.3682318925857544 78
1726427154875 1.3776962757110596 79
1726427154924 1.4250831604003906 80
1726427154969 1.3965598344802856 81
1726427155016 1.4106252193450928 82
1726427155058 1.4001426696777344 83
1726427155106 1.4463444948196411 84
1726427155157 1.4074010848999023 85
1726427155210 1.432268500328064 86
1726427155252 1.4078664779663086 87
1726427155305 1.3776962757110596 88
1726427155363 1.4291144609451294 89
1726427155411 1.3965256214141846 90
1726427155457 1.432268500328064 91
1726427155503 1.442150354385376 92
1726427155548 1.3776962757110596 93
1726427155608 1.4262553453445435 94
1726427155662 1.351746678352356 95
1726427155719 1.4076988697052002 96
1726427155773 1.3822685480117798 97
1726427155816 1.418547511100769 98
1726427155859 1.4205152988433838 99
1726427155904 1.432268500328064 100
1726427155960 1.4173893928527832 101
1726427156023 1.4206191301345825 102
1726427156088 1.428750991821289 103
1726427156144 1.3704944849014282 104
1726427156189 1.3776962757110596 105
1726427156237 1.432268500328064 106
1726427156284 1.3922817707061768 107
1726427156332 1.432268500328064 108
1726427156381 1.3943995237350464 109
1726427156445 1.3776962757110596 110
1726427156524 1.432268500328064 111
1726427156606 1.3776962757110596 112
1726427156661 1.3811602592468262 113
1726427156715 1.3822685480117798 114
1726427156767 1.4276962280273438 115
1726427156830 1.423680305480957 116
1726427156893 1.4311199188232422 117
1726427156955 1.4489028453826904 118
1726427157015 1.4276962280273438 119
1726427157083 1.4089083671569824 120
1726427157149 1.408172845840454 121
1726427157200 1.4206191301345825 122
1726427157266 1.4152876138687134 123
1726427157341 1.3760902881622314 124
1726427157410 1.4338921308517456 125
1726427157470 1.431434154510498 126
1726427157529 1.4266401529312134 127
1726427157588 1.4274346828460693 128
1726427157645 1.3803997039794922 129
1726427157703 1.378503441810608 130
1726427157761 1.4121263027191162 131
1726427157818 1.4279868602752686 132
1726427157877 1.3822685480117798 133
1726427157936 1.3776962757110596 134
1726427157994 1.3989315032958984 135
1726427158052 1.3911113739013672 136
1726427158121 1.4092977046966553 137
1726427158183 1.375274658203125 138
1726427158241 1.4084912538528442 139
1726427158298 1.3813786506652832 140
1726427158353 1.4226365089416504 141
1726427158400 1.3776962757110596 142
1726427158450 1.4041680097579956 143
1726427158499 1.422818660736084 144
1726427158552 1.4017468690872192 145
1726427158606 1.4078807830810547 146
1726427158678 1.4112874269485474 147
1726427158748 1.432268500328064 148
1726427158817 1.3776962757110596 149
1726427158886 1.4115855693817139 150
1726427158959 1.3776962757110596 151
1726427159039 1.432268500328064 152
1726427159096 1.4134894609451294 153
1726427159168 1.4100072383880615 154
1726427159245 1.420619010925293 155
1726427159312 1.408958077430725 156
1726427159372 1.432268500328064 157
1726427159431 1.3776962757110596 158
1726427159491 1.4063873291015625 159
1726427159561 1.433014988899231 160
1726427159620 1.4017468690872192 161
1726427159680 1.394570231437683 162
1726427159743 1.4327707290649414 163
1726427159811 1.4196348190307617 164
1726427159890 1.432268500328064 165
1726427159973 1.4506573677062988 166
1726427160057 1.4017468690872192 167
1726427160130 1.3776962757110596 168
1726427160210 1.4276962280273438 169
1726427160300 1.3627476692199707 170
1726427160381 1.3776962757110596 171
1726427160460 1.3749114274978638 172
1726427160542 1.3802987337112427 173
1726427160609 1.3824926614761353 174
1726427160671 1.4322683811187744 175
1726427160736 1.406465768814087 176
1726427160805 1.3931715488433838 177
1726427160860 1.3776962757110596 178
1726427160926 1.3820213079452515 179
1726427161007 1.4387246370315552 180
1726427161079 1.351746678352356 181
1726427161133 1.4128903150558472 182
1726427161183 1.4438763856887817 183
1726427161241 1.3776962757110596 184
1726427161292 1.4120664596557617 185
1726427161346 1.423521876335144 186
1726427161398 1.3822685480117798 187
1726427161471 1.4124702215194702 188
1726427161526 1.4182275533676147 189
1726427161576 1.432268500328064 190
1726427161629 1.387357473373413 191
1726427161679 1.3822686672210693 192
1726427161729 1.3776962757110596 193
1726427161779 1.4238731861114502 194
1726427161829 1.4276962280273438 195
1726427161879 1.3827276229858398 196
1726427161927 1.4066545963287354 197
1726427161974 1.432268500328064 198
1726427162020 1.4075706005096436 199
1726427162064 1.4213058948516846 200
1726427162108 1.4246199131011963 201
1726427162152 1.4289906024932861 202
1726427162196 1.3739545345306396 203
1726427162239 1.4136860370635986 204
1726427162281 1.392487645149231 205
1726427162323 1.4276962280273438 206
1726427162366 1.4156941175460815 207
1726427162408 1.3924505710601807 208
1726427162450 1.420619010925293 209
1726427162491 1.4017468690872192 210
1726427162533 1.432268500328064 211
1726427162575 1.440099835395813 212
1726427162616 1.3776962757110596 213
1726427162660 1.453183650970459 214
1726427162706 1.4118390083312988 215
1726427162753 1.4102693796157837 216
1726427162796 1.4112690687179565 217
1726427162840 1.415837287902832 218
1726427162881 1.432268500328064 219
1726427162923 1.381829857826233 220
1726427162963 1.432268500328064 221
1726427163004 1.4274336099624634 222
1726427163045 1.4081768989562988 223
1726427163087 1.453183650970459 224
1726427163130 1.407679557800293 225
1726427163171 1.453183650970459 226
