1727301992424 2.2892541885375977 0
1727301992474 2.2178170680999756 1
1727301992521 2.129432201385498 2
1727301992567 1.7840824127197266 3
1727301992612 2.1144847869873047 4
1727301992657 2.184800863265991 5
1727301992703 1.966546654701233 6
1727301992747 2.1915435791015625 7
1727301992795 1.954284906387329 8
1727301992839 2.0724050998687744 9
1727301992894 2.0755319595336914 10
1727301992948 2.04581618309021 11
1727301992999 2.0074830055236816 12
1727301993043 2.0812647342681885 13
1727301993087 2.1337873935699463 14
1727301993132 2.0943665504455566 15
1727301993172 2.1284396648406982 16
1727301993211 2.2266900539398193 17
1727301993254 2.0988667011260986 18
1727301993295 2.005460262298584 19
1727301993337 2.1675965785980225 20
1727301993381 1.7993630170822144 21
1727301993419 2.0871613025665283 22
1727301993459 2.191039562225342 23
1727301993498 2.1327285766601562 24
1727301993539 2.1653051376342773 25
1727301993579 2.026689052581787 26
1727301993616 1.9270343780517578 27
1727301993654 2.210463047027588 28
1727301993693 2.1796822547912598 29
1727301993731 2.09586763381958 30
1727301993768 2.2179908752441406 31
1727301993806 2.0272881984710693 32
1727301993845 2.0805301666259766 33
1727301993883 1.8387799263000488 34
1727301993919 2.2224559783935547 35
1727301993958 2.116668224334717 36
1727301993995 2.126465320587158 37
1727301994034 2.2200136184692383 38
1727301994072 1.8286936283111572 39
1727301994112 2.1547017097473145 40
1727301994151 2.0975723266601562 41
1727301994194 2.121842384338379 42
1727301994230 2.1730823516845703 43
1727301994267 2.1247470378875732 44
1727301994303 1.9657577276229858 45
1727301994346 2.071331024169922 46
1727301994387 2.001948118209839 47
1727301994422 2.164482593536377 48
1727301994458 2.1816906929016113 49
1727301994495 2.0650124549865723 50
1727301994533 2.1699140071868896 51
1727301994568 2.1719002723693848 52
1727301994604 1.9424841403961182 53
1727301994639 1.9698445796966553 54
1727301994675 2.111584186553955 55
1727301994711 2.047114610671997 56
1727301994743 1.988308310508728 57
1727301994777 2.0804784297943115 58
1727301994810 2.120384693145752 59
1727301994844 2.064143180847168 60
1727301994877 2.1059346199035645 61
1727301994910 2.167846202850342 62
1727301994944 2.0818064212799072 63
1727301994977 2.1495542526245117 64
1727301995010 1.8828420639038086 65
1727301995044 2.165684938430786 66
1727301995077 2.011512517929077 67
1727301995111 2.0667684078216553 68
1727301995146 2.07845401763916 69
1727301995179 2.0941405296325684 70
1727301995213 2.0604796409606934 71
1727301995247 2.08430814743042 72
1727301995283 2.211740493774414 73
1727301995320 2.1043307781219482 74
1727301995364 1.9588671922683716 75
1727301995405 2.171083450317383 76
1727301995445 2.1915228366851807 77
1727301995480 2.1195569038391113 78
1727301995526 2.036123275756836 79
1727301995571 1.9698445796966553 80
1727301995612 2.2051455974578857 81
1727301995652 2.1609373092651367 82
1727301995690 2.122055768966675 83
1727301995730 1.8667457103729248 84
1727301995768 2.0084753036499023 85
1727301995806 2.0428786277770996 86
1727301995845 2.069685459136963 87
1727301995879 2.0499320030212402 88
1727301995915 2.18414306640625 89
1727301995951 1.9849954843521118 90
1727301995985 2.1699347496032715 91
1727301996020 2.205595016479492 92
1727301996056 1.9572365283966064 93
1727301996097 1.4454647302627563 94
1727301996134 1.979142665863037 95
1727301996171 2.1388590335845947 96
1727301996209 2.1023826599121094 97
1727301996247 2.24739933013916 98
1727301996286 2.0743215084075928 99
1727301996323 2.0970733165740967 100
1727301996360 2.220792055130005 101
1727301996394 1.9589159488677979 102
1727301996428 1.8784509897232056 103
1727301996463 2.1142830848693848 104
1727301996497 2.181426525115967 105
1727301996531 2.073997974395752 106
1727301996564 2.0637779235839844 107
1727301996598 2.064483165740967 108
1727301996633 2.0862269401550293 109
1727301996669 2.039613723754883 110
1727301996703 2.1530821323394775 111
1727301996740 2.178818702697754 112
1727301996776 2.055731773376465 113
1727301996812 2.0663769245147705 114
1727301996849 2.1507463455200195 115
1727301996884 2.1612982749938965 116
1727301996919 2.117150068283081 117
1727301996956 2.2313907146453857 118
1727301996993 2.188265562057495 119
1727301997033 2.001523733139038 120
1727301997073 2.1514172554016113 121
1727301997114 1.9952056407928467 122
1727301997150 2.2068064212799072 123
1727301997184 2.067615509033203 124
1727301997218 2.0628397464752197 125
1727301997253 2.113523006439209 126
1727301997288 1.9730069637298584 127
1727301997321 2.0419392585754395 128
1727301997355 2.054089307785034 129
1727301997389 2.063965320587158 130
1727301997424 2.0640459060668945 131
1727301997470 2.1803252696990967 132
1727301997521 2.137558937072754 133
1727301997564 2.261730909347534 134
1727301997602 2.1596038341522217 135
1727301997639 2.0698940753936768 136
1727301997675 2.03336238861084 137
1727301997713 2.1658968925476074 138
1727301997748 1.8881876468658447 139
1727301997785 2.0797274112701416 140
1727301997822 1.8821496963500977 141
1727301997860 2.202224016189575 142
1727301997896 2.0917036533355713 143
1727301997931 2.1761105060577393 144
1727301997967 2.049920082092285 145
1727301998005 2.2036538124084473 146
1727301998042 1.990818738937378 147
1727301998080 2.06547212600708 148
1727301998128 1.951423168182373 149
1727301998170 1.8955492973327637 150
1727301998206 2.0245206356048584 151
1727301998239 2.228731155395508 152
1727301998288 2.0667836666107178 153
1727301998339 1.92160964012146 154
1727301998378 1.9822379350662231 155
1727301998421 2.138010025024414 156
1727301998472 2.1634793281555176 157
1727301998514 2.0433759689331055 158
1727301998553 1.9207013845443726 159
1727301998593 1.9265265464782715 160
1727301998631 2.143937349319458 161
1727301998669 1.5788588523864746 162
1727301998704 2.1324424743652344 163
1727301998749 2.1987836360931396 164
1727301998798 2.1741628646850586 165
1727301998846 2.2342875003814697 166
1727301998886 2.133054256439209 167
1727301998924 1.8615589141845703 168
1727301998958 1.9138984680175781 169
1727301998992 1.9575401544570923 170
1727301999026 2.183583974838257 171
1727301999060 1.9961442947387695 172
1727301999095 2.009801149368286 173
1727301999136 2.081902027130127 174
1727301999174 2.0532360076904297 175
1727301999211 2.088064670562744 176
1727301999249 2.213432788848877 177
1727301999288 2.093404531478882 178
1727301999326 2.163060426712036 179
1727301999364 1.992045521736145 180
1727301999400 2.1180412769317627 181
1727301999437 2.0351431369781494 182
1727301999480 1.8987199068069458 183
1727301999520 2.185580015182495 184
1727301999564 2.137739658355713 185
1727301999610 2.1513657569885254 186
1727301999654 1.9314801692962646 187
1727301999701 2.229365348815918 188
1727301999746 1.9850877523422241 189
1727301999789 2.1184775829315186 190
1727301999841 2.1205191612243652 191
1727301999887 2.1422412395477295 192
1727301999929 2.0819239616394043 193
1727301999969 2.1768441200256348 194
1727302000008 2.053694486618042 195
1727302000049 2.0071654319763184 196
1727302000088 2.1657557487487793 197
1727302000129 2.1064281463623047 198
1727302000165 2.0157089233398438 199
1727302000201 1.9268810749053955 200
1727302000236 2.039456844329834 201
1727302000273 2.211794137954712 202
1727302000310 1.9719215631484985 203
1727302000346 2.099687337875366 204
1727302000383 2.113485336303711 205
1727302000415 2.219092845916748 206
1727302000452 2.13283109664917 207
1727302000486 1.8125841617584229 208
1727302000522 1.4502907991409302 209
1727302000561 1.2344979047775269 210
1727302000612 2.05924654006958 211
1727302000654 2.194535732269287 212
1727302000693 1.9171607494354248 213
1727302000734 2.031020164489746 214
1727302000782 1.933173418045044 215
1727302000837 1.7694745063781738 216
1727302000883 1.9253911972045898 217
1727302000926 2.1718568801879883 218
1727302000966 2.1534390449523926 219
1727302001004 1.9778492450714111 220
1727302001043 2.010324001312256 221
1727302001081 1.335769772529602 222
1727302001118 2.162428855895996 223
1727302001155 1.5216187238693237 224
1727302001199 1.9139753580093384 225
1727302001241 1.9602830410003662 226
1727302001286 2.087904930114746 227
1727302001329 1.965027093887329 228
1727302001369 2.12526273727417 229
1727302001409 2.035717725753784 230
1727302001449 2.035168170928955 231
1727302001488 1.8393659591674805 232
1727302001526 2.011370897293091 233
1727302001567 1.4094436168670654 234
1727302001604 2.2200136184692383 235
1727302001640 2.1900126934051514 236
1727302001676 2.1169774532318115 237
1727302001711 2.0850839614868164 238
1727302001748 2.0356178283691406 239
1727302001785 2.090482473373413 240
1727302001824 2.235198736190796 241
1727302001861 2.166248083114624 242
1727302001898 2.2108123302459717 243
1727302001937 2.017704486846924 244
1727302001974 1.9807666540145874 245
1727302002011 2.0510237216949463 246
1727302002047 1.9637889862060547 247
1727302002085 2.089536190032959 248
1727302002123 1.3055378198623657 249
1727302002161 1.2344979047775269 250
1727302002199 1.2344979047775269 251
