1726423870348 2e-05 0
1726423870440 0.0044994354248046875 1
1726423870518 0.00048232078552246094 2
1726423870601 -0.003147125244140625 3
1726423870673 0.004227995872497559 4
1726423870765 -0.01715409755706787 5
1726423870853 -0.002021193504333496 6
1726423870965 0.017127156257629395 7
1726423871076 -0.0012173652648925781 8
1726423871168 -0.025878429412841797 9
1726423871262 -0.005089879035949707 10
1726423871356 -0.009431004524230957 11
1726423871446 0.011885881423950195 12
1726423871524 0.005632162094116211 13
1726423871598 -0.032723188400268555 14
1726423871657 0.023027658462524414 15
1726423871719 0.031950950622558594 16
1726423871781 -0.009962797164916992 17
1726423871838 0.008247971534729004 18
1726423871895 0.001115560531616211 19
1726423871947 -0.007313847541809082 20
1726423871999 -0.0037124156951904297 21
1726423872056 0.0046454668045043945 22
1726423872107 -0.023993849754333496 23
1726423872157 0.0032633543014526367 24
1726423872208 0.009688615798950195 25
1726423872257 0.007495760917663574 26
1726423872310 -0.012443184852600098 27
1726423872361 -0.01640152931213379 28
1726423872421 0.031958937644958496 29
1726423872471 -0.005273342132568359 30
1726423872530 -0.015253067016601562 31
1726423872580 -0.0027816295623779297 32
1726423872641 0.02428293228149414 33
1726423872694 0.014221429824829102 34
1726423872745 -0.02697896957397461 35
1726423872795 0.015631437301635742 36
1726423872846 -0.003123760223388672 37
1726423872896 -0.008173227310180664 38
1726423872945 0.0007088184356689453 39
1726423872999 0.005865573883056641 40
1726423873050 0.01887500286102295 41
1726423873100 -0.0002186298370361328 42
1726423873150 -0.010889172554016113 43
1726423873202 0.008063673973083496 44
1726423873254 -0.009232163429260254 45
1726423873303 -0.01660919189453125 46
1726423873352 0.012677192687988281 47
1726423873404 -0.01695108413696289 48
1726423873453 -0.02049088478088379 49
1726423873502 0.0034415721893310547 50
1726423873556 0.004056096076965332 51
1726423873604 0.027769804000854492 52
1726423873652 -0.015094637870788574 53
1726423873699 -0.003428936004638672 54
1726423873746 0.001674056053161621 55
1726423873795 0.010765671730041504 56
1726423873844 0.007640361785888672 57
1726423873897 -0.008525848388671875 58
1726423873955 -0.019889235496520996 59
1726423874001 0.030002117156982422 60
1726423874049 0.005333304405212402 61
1726423874097 -0.020401835441589355 62
1726423874168 -0.006307005882263184 63
1726423874229 0.013702750205993652 64
1726423874285 0.004855751991271973 65
1726423874338 -0.0006303787231445312 66
1726423874388 0.0039702653884887695 67
1726423874439 0.002506732940673828 68
1726423874490 0.010168194770812988 69
1726423874543 -0.005453586578369141 70
1726423874593 -0.012031316757202148 71
1726423874642 0.01292717456817627 72
1726423874689 -0.004054427146911621 73
1726423874737 -0.007501125335693359 74
1726423874789 0.007826566696166992 75
1726423874838 0.005793094635009766 76
1726423874886 -0.0022957324981689453 77
1726423874933 0.001415848731994629 78
1726423874981 0.0006307363510131836 79
1726423875032 -0.008999943733215332 80
1726423875080 0.006252884864807129 81
1726423875130 0.0005320310592651367 82
1726423875180 -0.03328382968902588 83
1726423875227 0.022704005241394043 84
1726423875276 0.01691615581512451 85
1726423875331 -0.015972375869750977 86
1726423875377 -0.0102691650390625 87
1726423875421 -0.008236885070800781 88
1726423875464 -0.001165628433227539 89
1726423875506 0.030370116233825684 90
1726423875549 -0.010244011878967285 91
1726423875596 0.009496092796325684 92
1726423875644 -0.005257725715637207 93
1726423875687 0.005173444747924805 94
1726423875736 -0.0048694610595703125 95
1726423875784 -0.029188871383666992 96
1726423875831 -0.021199941635131836 97
1726423875882 0.03302156925201416 98
1726423875939 -0.0018409490585327148 99
1726423875978 0.026877999305725098 100
1726423876025 -0.005011796951293945 101
1726423876084 0.0022901296615600586 102
1726423876127 -0.004550337791442871 103
1726423876180 0.0053168535232543945 104
1726423876218 -0.0013480186462402344 105
1726423876256 -0.01147449016571045 106
1726423876307 -0.011995315551757812 107
1726423876355 0.0063697099685668945 108
1726423876394 -0.01523447036743164 109
1726423876436 0.02767479419708252 110
1726423876494 -0.0013920068740844727 111
1726423876563 -0.013092279434204102 112
1726423876621 -0.03316545486450195 113
1726423876661 0.03963756561279297 114
1726423876699 0.014308929443359375 115
1726423876742 -0.020284414291381836 116
1726423876783 0.002785205841064453 117
1726423876826 0.013535261154174805 118
1726423876865 -0.013431668281555176 119
1726423876904 0.013353943824768066 120
1726423876943 -0.012815475463867188 121
1726423876982 -0.004332065582275391 122
1726423877021 0.009577155113220215 123
1726423877059 -0.0328143835067749 124
1726423877097 0.021154284477233887 125
1726423877134 -0.012665390968322754 126
1726423877172 0.010527372360229492 127
1726423877213 0.018619298934936523 128
1726423877251 -0.002591371536254883 129
1726423877295 0.003767848014831543 130
1726423877335 -0.005580782890319824 131
1726423877378 -0.011477470397949219 132
1726423877420 0.006849884986877441 133
1726423877462 -0.0018829107284545898 134
1726423877501 0.0035278797149658203 135
1726423877541 0.012959718704223633 136
1726423877579 -0.0006167888641357422 137
1726423877622 -0.006191611289978027 138
1726423877661 -0.008960604667663574 139
1726423877705 0.013795733451843262 140
1726423877744 -0.018372535705566406 141
1726423877784 0.008075237274169922 142
1726423877824 -0.0024449825286865234 143
1726423877866 -0.012339472770690918 144
1726423877906 0.009011268615722656 145
1726423877945 -0.007218837738037109 146
1726423877989 0.011109590530395508 147
1726423878029 0.012011051177978516 148
1726423878068 -0.004101991653442383 149
1726423878106 -0.015129327774047852 150
1726423878150 0.0031336545944213867 151
1726423878191 0.019858479499816895 152
1726423878235 -0.008527040481567383 153
1726423878273 -0.02045130729675293 154
1726423878311 0.008147239685058594 155
1726423878350 0.008078575134277344 156
1726423878393 0.005659222602844238 157
1726423878433 -0.006019234657287598 158
1726423878471 -0.008791208267211914 159
1726423878509 0.020737051963806152 160
1726423878554 0.0020041465759277344 161
1726423878593 -0.00018155574798583984 162
1726423878638 0.0034638643264770508 163
1726423878676 -0.0028481483459472656 164
1726423878718 -0.01713120937347412 165
1726423878758 -0.002777099609375 166
1726423878803 0.011016845703125 167
1726423878842 0.008672475814819336 168
1726423878881 -0.00800323486328125 169
1726423878928 0.0007177591323852539 170
1726423878971 -0.0034220218658447266 171
1726423879025 0.00029408931732177734 172
1726423879082 0.00045990943908691406 173
1726423879126 0.008895158767700195 174
1726423879167 -0.002609729766845703 175
1726423879204 0.005109429359436035 176
1726423879245 -0.007204890251159668 177
1726423879289 -0.025166749954223633 178
1726423879327 0.018991947174072266 179
1726423879368 0.009018421173095703 180
1726423879409 -0.014007091522216797 181
1726423879454 0.004559636116027832 182
1726423879511 -0.021407008171081543 183
1726423879575 0.014061808586120605 184
1726423879658 -0.01122438907623291 185
1726423879723 0.016677021980285645 186
1726423879792 0.008795499801635742 187
1726423879835 -0.0003154277801513672 188
1726423879876 0.001860499382019043 189
1726423879912 -0.008823752403259277 190
1726423879948 0.005892276763916016 191
1726423879985 0.011912226676940918 192
1726423880022 -0.005521535873413086 193
1726423880059 -0.010523796081542969 194
1726423880096 -0.010586738586425781 195
1726423880133 0.004128694534301758 196
1726423880170 0.002741575241088867 197
1726423880207 0.018320560455322266 198
1726423880244 -0.0029212236404418945 199
1726423880281 -0.014266133308410645 200
1726423880318 0.017317533493041992 201
1726423880358 -0.014759302139282227 202
1726423880395 -0.010075092315673828 203
1726423880433 0.006676673889160156 204
1726423880471 0.01148843765258789 205
1726423880508 -0.00272977352142334 206
1726423880546 -0.0005662441253662109 207
1726423880583 0.007459521293640137 208
1726423880620 -0.017218828201293945 209
1726423880657 -0.009120464324951172 210
1726423880699 0.01670396327972412 211
1726423880740 0.005982041358947754 212
1726423880783 -0.015192747116088867 213
1726423880823 0.006078243255615234 214
1726423880864 7.62939453125e-05 215
1726423880903 -0.006992340087890625 216
1726423880949 -0.019942045211791992 217
1726423880990 0.017392277717590332 218
1726423881034 0.005456209182739258 219
1726423881075 -0.006122708320617676 220
1726423881113 0.016194820404052734 221
1726423881164 0.0008199214935302734 222
1726423881224 -0.0038623809814453125 223
1726423881283 -0.001208662986755371 224
1726423881326 -0.014151930809020996 225
1726423881369 -0.027660608291625977 226
1726423881406 0.020004749298095703 227
1726423881445 -0.0003459453582763672 228
1726423881490 0.01629161834716797 229
1726423881536 0.012761950492858887 230
1726423881584 -0.00025856494903564453 231
1726423881624 -0.008639335632324219 232
1726423881671 0.0021992921829223633 233
1726423881716 -0.00305020809173584 234
1726423881764 -0.0008233785629272461 235
1726423881814 -0.00810539722442627 236
1726423881857 0.0070667266845703125 237
1726423881896 -0.0046977996826171875 238
1726423881934 -0.0040645599365234375 239
1726423881972 0.0032454729080200195 240
1726423882015 -0.01133584976196289 241
1726423882055 0.011452317237854004 242
1726423882097 0.006225228309631348 243
1726423882137 0.014021039009094238 244
1726423882174 -0.0020416975021362305 245
1726423882213 -0.01438295841217041 246
1726423882251 0.014311075210571289 247
1726423882289 0.001484513282775879 248
1726423882327 0.0026007890701293945 249
1726423882364 -0.008718252182006836 250
1726423882401 -0.0133209228515625 251
1726423882439 0.013673663139343262 252
1726423882477 -0.001908421516418457 253
1726423882515 -0.0215986967086792 254
1726423882554 0.019997715950012207 255
1726423882591 0.0005927085876464844 256
1726423882634 -0.033275485038757324 257
1726423882673 -0.025365352630615234 258
1726423882714 0.05867493152618408 259
1726423882751 -0.027201533317565918 260
1726423882817 0.011211514472961426 261
1726423882871 0.002065420150756836 262
1726423882908 0.003896355628967285 263
1726423882944 0.00889134407043457 264
1726423882981 -0.006117820739746094 265
1726423883017 0.01719224452972412 266
1726423883057 -0.00973820686340332 267
1726423883093 0.0034297704696655273 268
1726423883135 0.010357022285461426 269
1726423883175 -0.0058612823486328125 270
1726423883219 -0.007449984550476074 271
1726423883262 0.005145549774169922 272
1726423883310 -0.009312272071838379 273
1726423883355 0.0064351558685302734 274
1726423883399 0.006049633026123047 275
1726423883441 -0.013286471366882324 276
1726423883506 0.011018753051757812 277
1726423883560 -0.011171698570251465 278
1726423883604 0.0019261837005615234 279
1726423883666 0.013471245765686035 280
1726423883719 -0.008227348327636719 281
1726423883769 -0.0008944272994995117 282
1726423883810 0.01236879825592041 283
1726423883848 -0.006080269813537598 284
1726423883887 -0.003911614418029785 285
1726423883927 -0.002413630485534668 286
1726423883972 0.004774570465087891 287
1726423884011 -0.006503582000732422 288
1726423884057 0.002436399459838867 289
1726423884097 -0.018250346183776855 290
1726423884142 -0.004642605781555176 291
1726423884181 0.008555054664611816 292
1726423884221 -0.0030503273010253906 293
1726423884260 0.0009282827377319336 294
1726423884307 0.015252232551574707 295
1726423884347 -0.004348158836364746 296
1726423884386 -0.02077031135559082 297
1726423884424 0.015053153038024902 298
1726423884468 -0.004042148590087891 299
1726423884513 0.003029942512512207 300
1726423884557 0.005332231521606445 301
1726423884609 -0.005453824996948242 302
1726423884659 0.014079928398132324 303
1726423884696 -0.00840914249420166 304
1726423884734 -0.004807829856872559 305
1726423884772 0.004569888114929199 306
1726423884811 -0.00021982192993164062 307
1726423884852 0.002978682518005371 308
1726423884893 -0.0005557537078857422 309
1726423884932 0.012008309364318848 310
1726423884977 -0.009745478630065918 311
1726423885018 -0.004401564598083496 312
1726423885064 -0.015586018562316895 313
1726423885106 0.01887500286102295 314
1726423885149 0.014074921607971191 315
1726423885198 -0.02421867847442627 316
1726423885243 -0.00030028820037841797 317
1726423885292 -0.0001558065414428711 318
1726423885340 0.013486385345458984 319
1726423885389 -0.02325427532196045 320
1726423885449 -0.005820512771606445 321
1726423885491 -0.010798215866088867 322
1726423885543 -0.008551955223083496 323
1726423885580 0.011823773384094238 324
1726423885622 0.029952287673950195 325
1726423885667 0.008103013038635254 326
1726423885720 -0.009901285171508789 327
1726423885769 0.012967109680175781 328
1726423885823 -0.009019136428833008 329
1726423885873 0.007329821586608887 330
1726423885925 -0.010623812675476074 331
1726423885977 0.0006377696990966797 332
1726423886037 -0.009707093238830566 333
1726423886091 0.00511777400970459 334
1726423886143 -0.0016260147094726562 335
1726423886196 0.00462949275970459 336
1726423886248 -0.0011947154998779297 337
1726423886307 -0.010117411613464355 338
1726423886362 -0.0035505294799804688 339
1726423886417 0.025803327560424805 340
1726423886473 -0.007318735122680664 341
1726423886527 0.013077259063720703 342
1726423886582 -0.012311816215515137 343
1726423886628 -0.01760685443878174 344
1726423886672 0.007252931594848633 345
1726423886717 -0.012988924980163574 346
1726423886762 -0.021961450576782227 347
1726423886808 -0.0004794597625732422 348
1726423886854 0.011714339256286621 349
1726423886904 0.016215801239013672 350
1726423886955 0.01586174964904785 351
1726423887003 -0.008401274681091309 352
1726423887070 0.01431286334991455 353
1726423887134 -0.007423043251037598 354
1726423887198 -0.008334875106811523 355
1726423887260 0.013736367225646973 356
1726423887324 0.0014448165893554688 357
1726423887384 -0.01141500473022461 358
1726423887442 0.0009542703628540039 359
1726423887498 0.006264090538024902 360
1726423887552 0.0012755393981933594 361
1726423887597 -0.011835098266601562 362
1726423887643 0.0034444332122802734 363
1726423887689 -0.011178731918334961 364
1726423887734 0.02915334701538086 365
1726423887781 0.004697561264038086 366
1726423887828 -0.01942574977874756 367
1726423887875 0.00029146671295166016 368
1726423887921 -0.005403757095336914 369
1726423887968 -0.005804181098937988 370
1726423888016 0.013780951499938965 371
1726423888065 -0.006732463836669922 372
1726423888115 0.010264039039611816 373
1726423888161 -0.027080416679382324 374
1726423888208 0.013547062873840332 375
1726423888254 0.01711094379425049 376
1726423888301 -0.009872674942016602 377
1726423888347 -0.009103059768676758 378
1726423888393 -0.018245935440063477 379
1726423888445 -0.013597726821899414 380
1726423888497 -0.008914709091186523 381
1726423888549 0.03557753562927246 382
1726423888608 0.021534204483032227 383
1726423888656 0.005458354949951172 384
1726423888705 -0.004355907440185547 385
1726423888756 0.010709047317504883 386
1726423888804 -0.007867217063903809 387
1726423888851 0.008257269859313965 388
1726423888917 -0.01204824447631836 389
1726423888988 -0.02901303768157959 390
1726423889046 0.010480642318725586 391
1726423889096 0.01148378849029541 392
1726423889143 0.012926697731018066 393
1726423889191 -0.014656901359558105 394
1726423889239 0.009537458419799805 395
1726423889286 0.008847832679748535 396
1726423889334 -0.016651630401611328 397
1726423889397 -0.0031472444534301758 398
1726423889448 0.02247941493988037 399
1726423889494 -0.007700085639953613 400
1726423889540 0.0004407167434692383 401
1726423889591 -0.007785320281982422 402
1726423889638 -0.013052582740783691 403
1726423889684 0.008818268775939941 404
1726423889731 0.010641217231750488 405
1726423889777 0.002412080764770508 406
1726423889825 -0.01146543025970459 407
1726423889871 0.009854435920715332 408
1726423889918 -0.006674647331237793 409
1726423889966 0.0008083581924438477 410
1726423890011 0.002010822296142578 411
1726423890056 0.003981828689575195 412
1726423890104 -0.0054721832275390625 413
1726423890162 -0.003300189971923828 414
1726423890218 -0.01727581024169922 415
1726423890288 0.009427785873413086 416
1726423890346 0.010749340057373047 417
1726423890402 -0.00147247314453125 418
1726423890455 -0.004994988441467285 419
1726423890513 -0.010990500450134277 420
1726423890561 -0.00806272029876709 421
1726423890610 0.027385354042053223 422
1726423890656 -0.010361671447753906 423
1726423890703 0.016135215759277344 424
1726423890748 0.005425453186035156 425
1726423890792 -0.0005528926849365234 426
1726423890836 -0.011517882347106934 427
1726423890879 0.003415346145629883 428
1726423890924 0.004038214683532715 429
1726423890969 -0.00031375885009765625 430
1726423891010 0.005662202835083008 431
1726423891065 -0.010535240173339844 432
1726423891110 -0.027279138565063477 433
1726423891157 0.016721248626708984 434
1726423891200 0.01699995994567871 435
1726423891242 -0.007493734359741211 436
1726423891283 -0.013722062110900879 437
1726423891324 0.004439949989318848 438
1726423891364 0.0021513700485229492 439
1726423891407 0.007639169692993164 440
1726423891447 0.010593652725219727 441
1726423891486 -0.03323471546173096 442
1726423891525 0.009439468383789062 443
1726423891566 -0.0016956329345703125 444
1726423891605 0.008960843086242676 445
1726423891645 -0.0013464689254760742 446
1726423891684 -0.006970047950744629 447
1726423891722 -0.005707263946533203 448
1726423891760 0.005506634712219238 449
1726423891798 0.00046896934509277344 450
1726423891838 -0.00403904914855957 451
1726423891877 -0.002545475959777832 452
1726423891915 -0.005025029182434082 453
1726423891961 0.004019021987915039 454
1726423892005 -0.0001251697540283203 455
1726423892062 0.01867210865020752 456
1726423892109 -0.005155682563781738 457
1726423892148 -0.007824301719665527 458
1726423892198 -0.0047577619552612305 459
1726423892268 0.02498006820678711 460
1726423892328 -0.009229183197021484 461
1726423892393 0.0050737857818603516 462
1726423892464 -0.00041043758392333984 463
1726423892546 -0.004262566566467285 464
1726423892631 -0.0048923492431640625 465
1726423892705 0.004752039909362793 466
1726423892770 0.001783609390258789 467
1726423892838 0.013913273811340332 468
1726423892898 -0.012100458145141602 469
1726423892946 0.009741783142089844 470
1726423892993 -0.004529237747192383 471
1726423893037 -0.0015769004821777344 472
1726423893103 -0.010199546813964844 473
1726423893149 -0.006869077682495117 474
1726423893201 0.010045289993286133 475
1726423893258 0.0005716085433959961 476
1726423893300 -0.009721159934997559 477
1726423893341 0.004953861236572266 478
1726423893379 0.015401124954223633 479
1726423893417 -0.013405323028564453 480
1726423893455 -0.00014412403106689453 481
1726423893493 0.004196047782897949 482
1726423893531 0.010313749313354492 483
1726423893569 -0.021033048629760742 484
1726423893607 -0.013340353965759277 485
1726423893644 0.023687005043029785 486
1726423893682 -0.021468043327331543 487
1726423893720 0.02360248565673828 488
1726423893758 -0.017857789993286133 489
1726423893798 0.0007365942001342773 490
1726423893837 0.019134998321533203 491
1726423893876 -0.0014884471893310547 492
1726423893914 -0.008777737617492676 493
1726423893952 0.003197312355041504 494
1726423893990 -0.020846128463745117 495
1726423894028 0.016896486282348633 496
1726423894065 0.008953332901000977 497
1726423894104 -0.010397195816040039 498
1726423894142 -0.013631105422973633 499
1726423894179 0.017206788063049316 500
1726423894217 0.006556153297424316 501
1726423894255 -0.010203838348388672 502
1726423894294 -0.01356816291809082 503
1726423894336 0.013142943382263184 504
1726423894376 -0.02561795711517334 505
1726423894419 0.020607829093933105 506
1726423894458 0.010209918022155762 507
1726423894496 -0.008208155632019043 508
1726423894535 -0.026761412620544434 509
1726423894574 -0.0009635686874389648 510
1726423894612 0.039958834648132324 511
1726423894650 0.008196115493774414 512
1726423894688 -0.018492698669433594 513
1726423894725 -0.009097456932067871 514
1726423894763 0.00814676284790039 515
1726423894801 -0.008748054504394531 516
1726423894839 0.01386117935180664 517
1726423894876 -0.002484917640686035 518
1726423894914 -0.0016466379165649414 519
1726423894952 0.0023097991943359375 520
1726423894992 -0.010758519172668457 521
1726423895031 0.0028884410858154297 522
1726423895069 -0.053372979164123535 523
1726423895107 0.04314768314361572 524
1726423895145 -0.006666898727416992 525
1726423895182 0.02184462547302246 526
1726423895219 -0.01757967472076416 527
1726423895257 -0.02061283588409424 528
1726423895295 0.051570892333984375 529
1726423895335 0.010941743850708008 530
1726423895372 -0.0027234554290771484 531
1726423895410 -0.012460827827453613 532
1726423895448 0.003700733184814453 533
1726423895486 -0.0014377832412719727 534
1726423895524 0.01159679889678955 535
1726423895592 -0.01987457275390625 536
1726423895630 0.003406047821044922 537
1726423895667 0.0022236108779907227 538
1726423895704 -0.0014549493789672852 539
1726423895742 0.006785988807678223 540
1726423895779 0.0033551454544067383 541
1726423895817 -0.011391997337341309 542
1726423895856 0.006195545196533203 543
1726423895895 -0.0026268959045410156 544
1726423895933 0.0019268989562988281 545
1726423895971 -0.015395164489746094 546
1726423896008 0.013388276100158691 547
1726423896052 0.004951834678649902 548
1726423896093 0.00766301155090332 549
1726423896140 -0.007976293563842773 550
1726423896185 -0.01411747932434082 551
1726423896228 0.019005894660949707 552
1726423896269 0.0008568763732910156 553
1726423896318 -0.011301040649414062 554
1726423896376 -0.005928397178649902 555
1726423896421 0.013035058975219727 556
1726423896469 0.002363920211791992 557
1726423896517 -0.018192172050476074 558
1726423896567 -0.0029200315475463867 559
1726423896619 0.013616323471069336 560
1726423896669 0.010677933692932129 561
1726423896718 -0.0006949901580810547 562
1726423896767 0.0027618408203125 563
1726423896819 -0.005956530570983887 564
1726423896870 0.004037737846374512 565
1726423896928 -0.010373115539550781 566
1726423896990 0.0036355257034301758 567
1726423897044 0.007877707481384277 568
1726423897095 -0.009992361068725586 569
1726423897148 -0.0015034675598144531 570
1726423897198 -0.009653210639953613 571
1726423897249 0.013922810554504395 572
1726423897300 -0.015885472297668457 573
1726423897350 0.011928796768188477 574
1726423897405 0.008702516555786133 575
1726423897456 -0.0021202564239501953 576
1726423897508 0.003737211227416992 577
1726423897557 -0.01035010814666748 578
1726423897601 0.005517244338989258 579
1726423897645 -0.006880283355712891 580
1726423897687 -0.015287160873413086 581
1726423897728 0.021596312522888184 582
1726423897770 -0.0013252496719360352 583
1726423897810 -0.003772139549255371 584
1726423897850 0.009641408920288086 585
1726423897889 -0.0005414485931396484 586
1726423897928 -0.018270254135131836 587
1726423897967 -0.009776592254638672 588
1726423898009 0.008943796157836914 589
1726423898050 0.010763049125671387 590
1726423898092 -0.020583033561706543 591
1726423898132 0.03181099891662598 592
1726423898171 -0.007858991622924805 593
1726423898223 -0.004644274711608887 594
1726423898269 -0.00315248966217041 595
1726423898312 -0.010236501693725586 596
1726423898368 0.019197940826416016 597
1726423898421 -0.014988899230957031 598
1726423898464 0.007554531097412109 599
1726423898506 -0.01821589469909668 600
1726423898549 0.009919166564941406 601
1726423898593 -0.012603163719177246 602
1726423898643 -0.0032662153244018555 603
1726423898685 0.0065582990646362305 604
1726423898731 -0.012595534324645996 605
1726423898787 -0.019564270973205566 606
1726423898831 0.007962465286254883 607
1726423898876 0.029420018196105957 608
1726423898917 -0.0041855573654174805 609
1726423898958 0.016193032264709473 610
1726423898999 0.01290130615234375 611
1726423899043 -0.0075266361236572266 612
1726423899092 -0.0014792680740356445 613
1726423899139 -0.004166960716247559 614
1726423899182 0.007728099822998047 615
1726423899223 -0.010245442390441895 616
1726423899260 0.004897952079772949 617
1726423899297 -0.008629083633422852 618
1726423899343 0.014463067054748535 619
1726423899396 -0.0034142732620239258 620
1726423899448 0.010631084442138672 621
1726423899503 -0.0025033950805664062 622
1726423899561 -0.015311241149902344 623
1726423899630 -0.0032129287719726562 624
1726423899684 0.011282920837402344 625
1726423899729 0.004575490951538086 626
1726423899773 -0.00854802131652832 627
1726423899829 -0.0018421411514282227 628
1726423899876 -0.04589498043060303 629
1726423899932 0.017427921295166016 630
1726423899990 0.0011178255081176758 631
1726423900044 0.015655040740966797 632
1726423900098 -0.002142667770385742 633
1726423900150 -0.007227301597595215 634
1726423900189 -0.004672527313232422 635
1726423900228 -0.02462625503540039 636
1726423900271 0.04386329650878906 637
1726423900312 -0.012947797775268555 638
1726423900355 0.0109100341796875 639
1726423900394 -0.0040673017501831055 640
1726423900439 0.023990869522094727 641
1726423900482 -0.002086043357849121 642
1726423900522 -0.00843501091003418 643
1726423900560 0.009549379348754883 644
1726423900602 0.003536224365234375 645
1726423900642 -0.0011522769927978516 646
1726423900696 -0.009861469268798828 647
1726423900756 -0.031123876571655273 648
1726423900815 -0.005384206771850586 649
1726423900877 0.003446340560913086 650
1726423900935 0.005162715911865234 651
1726423900981 0.01731276512145996 652
1726423901033 -0.0060389041900634766 653
1726423901088 0.0156327486038208 654
1726423901146 0.009041905403137207 655
1726423901202 -0.009977340698242188 656
1726423901261 -0.00572514533996582 657
1726423901312 0.016280770301818848 658
1726423901369 -0.007615804672241211 659
1726423901434 -0.001217961311340332 660
1726423901483 0.0042150020599365234 661
1726423901558 -0.03078293800354004 662
1726423901626 0.010494112968444824 663
1726423901694 -0.014247298240661621 664
1726423901742 -4.494190216064453e-05 665
1726423901792 0.02033388614654541 666
1726423901845 0.009073376655578613 667
1726423901895 -0.0060577392578125 668
1726423901943 0.002140045166015625 669
1726423901991 -0.0111619234085083 670
1726423902038 -0.03353583812713623 671
1726423902090 -0.0016731023788452148 672
1726423902139 0.011091947555541992 673
1726423902187 -0.0011096000671386719 674
1726423902238 -0.01496577262878418 675
1726423902288 0.007195949554443359 676
1726423902337 -0.007594108581542969 677
1726423902384 0.010837674140930176 678
1726423902433 0.004649043083190918 679
1726423902485 0.02579474449157715 680
1726423902537 -0.017634272575378418 681
1726423902588 0.016444683074951172 682
1726423902637 -0.033943891525268555 683
1726423902686 0.02453029155731201 684
1726423902732 0.008021235466003418 685
1726423902779 0.00022017955780029297 686
1726423902828 -0.00794684886932373 687
1726423902878 0.0125809907913208 688
1726423902929 -0.01878678798675537 689
1726423902978 -0.0104292631149292 690
1726423903027 0.005320906639099121 691
1726423903079 0.011082053184509277 692
1726423903128 0.030994653701782227 693
1726423903175 0.004780292510986328 694
1726423903241 -0.010396361351013184 695
1726423903310 0.008391976356506348 696
1726423903378 -0.018108606338500977 697
1726423903443 -0.0040242671966552734 698
1726423903499 0.011658906936645508 699
1726423903544 0.005863666534423828 700
1726423903595 0.0009781122207641602 701
1726423903643 0.0003355741500854492 702
1726423903689 0.0018531084060668945 703
1726423903736 -0.002601027488708496 704
1726423903784 0.0029114484786987305 705
1726423903832 -0.002979874610900879 706
1726423903882 0.008913278579711914 707
1726423903931 -0.017011642456054688 708
1726423903978 0.0033643245697021484 709
1726423904028 -0.0006048679351806641 710
1726423904076 -0.0031713247299194336 711
1726423904124 -0.014576077461242676 712
1726423904172 -0.007147073745727539 713
1726423904224 0.013542413711547852 714
1726423904281 -0.0018062591552734375 715
1726423904364 0.01815807819366455 716
1726423904440 0.004416346549987793 717
1726423904512 -0.007093548774719238 718
1726423904584 0.0005773305892944336 719
1726423904662 0.0051975250244140625 720
1726423904712 0.0029647350311279297 721
1726423904760 -0.0011630058288574219 722
1726423904834 -0.007083773612976074 723
1726423904905 0.0017679929733276367 724
1726423904958 0.006824970245361328 725
1726423905013 0.0017021894454956055 726
1726423905068 -0.009345531463623047 727
1726423905122 -0.0042716264724731445 728
1726423905171 0.009343862533569336 729
1726423905217 -0.0010056495666503906 730
1726423905261 -0.0008486509323120117 731
1726423905303 0.0026824474334716797 732
1726423905355 -4.3392181396484375e-05 733
1726423905398 -0.009328961372375488 734
1726423905439 -0.011228561401367188 735
1726423905482 0.009981870651245117 736
1726423905527 0.001813054084777832 737
1726423905580 0.00753629207611084 738
1726423905625 -0.0022673606872558594 739
1726423905668 -0.008081912994384766 740
1726423905717 0.013040304183959961 741
1726423905765 -0.016933798789978027 742
1726423905808 -0.004535079002380371 743
1726423905850 0.013331055641174316 744
1726423905891 -0.0003732442855834961 745
1726423905929 0.007158160209655762 746
1726423905969 0.0030592679977416992 747
1726423906011 -0.008536815643310547 748
1726423906055 -0.043696045875549316 749
1726423906098 -0.012852668762207031 750
1726423906153 -1.728534698486328e-05 751
1726423906197 0.03203701972961426 752
1726423906239 -0.0030814409255981445 753
1726423906285 -0.003840327262878418 754
1726423906329 -0.029775381088256836 755
1726423906375 0.013300776481628418 756
1726423906421 -0.0015935897827148438 757
1726423906472 -0.001718759536743164 758
1726423906522 0.021751999855041504 759
1726423906572 0.011223316192626953 760
1726423906624 0.019869327545166016 761
1726423906677 -0.015810012817382812 762
1726423906724 0.010402083396911621 763
1726423906769 -0.00029540061950683594 764
1726423906813 0.0021167993545532227 765
1726423906861 -0.005643129348754883 766
1726423906906 0.0006951093673706055 767
1726423906952 -0.001568913459777832 768
1726423907002 -0.012632012367248535 769
1726423907056 0.012163758277893066 770
1726423907100 -0.016748905181884766 771
1726423907146 -0.009707927703857422 772
1726423907189 0.01063835620880127 773
1726423907231 0.023639917373657227 774
1726423907273 -0.0032399892807006836 775
1726423907316 0.011239767074584961 776
1726423907358 -0.004125356674194336 777
1726423907403 -0.008262872695922852 778
1726423907445 -0.0001710653305053711 779
1726423907488 0.006040215492248535 780
1726423907533 0.002088785171508789 781
1726423907579 -0.013812899589538574 782
1726423907626 0.004762172698974609 783
1726423907670 0.001561284065246582 784
1726423907714 -0.0106431245803833 785
1726423907756 0.0029256343841552734 786
1726423907799 -0.019327282905578613 787
1726423907842 -0.004965543746948242 788
1726423907886 0.0016344785690307617 789
1726423907928 0.012516140937805176 790
1726423907969 0.008122920989990234 791
1726423908009 0.008546590805053711 792
1726423908057 -0.016437649726867676 793
1726423908099 -0.003720879554748535 794
1726423908139 -0.0007687807083129883 795
1726423908180 0.0129469633102417 796
1726423908219 -0.014069557189941406 797
1726423908261 -0.0031728744506835938 798
1726423908303 -0.0009262561798095703 799
1726423908345 -0.0014781951904296875 800
1726423908388 -0.0005823373794555664 801
1726423908429 0.0051680803298950195 802
1726423908470 0.0015352964401245117 803
1726423908518 -0.0003814697265625 804
1726423908563 0.003990530967712402 805
1726423908604 -0.00238955020904541 806
1726423908646 -0.005311489105224609 807
1726423908684 0.0005686283111572266 808
1726423908722 0.013528943061828613 809
1726423908761 -0.003017425537109375 810
1726423908798 -0.0038552284240722656 811
1726423908837 0.0010223388671875 812
1726423908877 0.01985955238342285 813
1726423908915 -0.007288932800292969 814
1726423908954 0.008575439453125 815
1726423908993 -0.020175933837890625 816
1726423909040 -0.003933906555175781 817
1726423909086 -0.006618857383728027 818
1726423909126 0.009148478507995605 819
1726423909166 -0.0012888908386230469 820
1726423909205 -0.00972890853881836 821
1726423909248 0.0031647682189941406 822
1726423909294 -0.0010747909545898438 823
1726423909335 0.021060824394226074 824
1726423909375 -0.008411884307861328 825
1726423909417 0.011070847511291504 826
1726423909455 -0.0010209083557128906 827
1726423909493 0.01055753231048584 828
1726423909532 0.0025663375854492188 829
1726423909579 -0.04552960395812988 830
1726423909626 -0.003840804100036621 831
1726423909673 -0.009909749031066895 832
1726423909720 -0.003471970558166504 833
1726423909764 -0.00287783145904541 834
1726423909804 0.031000375747680664 835
1726423909844 -0.005415797233581543 836
1726423909886 -0.00941169261932373 837
1726423909925 0.00043082237243652344 838
1726423909964 -0.006532192230224609 839
1726423910001 -0.004905819892883301 840
1726423910039 -0.0023998022079467773 841
1726423910078 -0.0029892921447753906 842
1726423910116 -0.0044296979904174805 843
1726423910155 0.015485048294067383 844
1726423910193 -0.001535177230834961 845
1726423910231 -0.0017347335815429688 846
1726423910269 0.0250166654586792 847
1726423910313 -0.0011458396911621094 848
1726423910358 -0.003285527229309082 849
1726423910403 -0.0003466606140136719 850
1726423910447 -0.0008096694946289062 851
1726423910490 -0.0008382797241210938 852
1726423910534 -0.015952587127685547 853
1726423910578 0.005733847618103027 854
1726423910621 -0.010344386100769043 855
1726423910664 -0.005020737648010254 856
1726423910706 -0.0037223100662231445 857
1726423910748 -0.00490260124206543 858
1726423910787 -0.005502223968505859 859
1726423910826 -0.003910183906555176 860
1726423910865 -0.004055023193359375 861
1726423910908 -0.00027871131896972656 862
1726423910949 -0.0002828836441040039 863
1726423910988 -0.0002875328063964844 864
1726423911026 -0.0002919435501098633 865
1726423911068 -0.0002968311309814453 866
1726423911113 -0.00030171871185302734 867
1726423911160 0.014256000518798828 868
1726423911207 0.0074433088302612305 869
1726423911253 0.008277177810668945 870
1726423911295 -0.006055474281311035 871
1726423911342 -0.0010342597961425781 872
1726423911385 -0.0001251697540283203 873
1726423911427 -0.0001285076141357422 874
1726423911465 -0.00013208389282226562 875
1726423911503 -0.00013554096221923828 876
1726423911544 0.01865708827972412 877
1726423911586 -0.0068857669830322266 878
1726423911624 -0.00953817367553711 879
1726423911663 -0.0023708343505859375 880
1726423911701 -0.00018167495727539062 881
1726423911742 -0.00018775463104248047 882
1726423911780 -0.00019466876983642578 883
1726423911818 0.017834901809692383 884
1726423911856 0.0037310123443603516 885
1726423911894 -0.0034332275390625 886
1726423911933 -0.005744457244873047 887
1726423911971 -0.008461713790893555 888
1726423912009 -0.005970120429992676 889
1726423912047 0.01321554183959961 890
1726423912085 -0.008919119834899902 891
1726423912124 0.013902425765991211 892
1726423912163 -0.022112607955932617 893
1726423912201 -0.0042607784271240234 894
1726423912240 -0.0027532577514648438 895
1726423912277 0.03238832950592041 896
1726423912318 0.016678214073181152 897
1726423912358 -0.002775430679321289 898
1726423912397 -0.0036263465881347656 899
1726423912436 -0.005020022392272949 900
1726423912476 0.01641976833343506 901
1726423912514 0.0002741813659667969 902
1726423912552 -0.0012377500534057617 903
1726423912592 -0.0015163421630859375 904
1726423912631 -0.0019305944442749023 905
1726423912669 0.004720807075500488 906
1726423912707 -0.005425810813903809 907
1726423912745 -0.00339508056640625 908
1726423912784 -0.00069427490234375 909
1726423912822 0.005732178688049316 910
1726423912862 -0.005196571350097656 911
1726423912901 -0.0013092756271362305 912
1726423912939 -0.009645819664001465 913
1726423912976 -0.00042057037353515625 914
1726423913014 -0.0023775100708007812 915
1726423913070 -0.0028077363967895508 916
1726423913119 -0.003480076789855957 917
1726423913165 -0.004763364791870117 918
1726423913211 -0.005810260772705078 919
1726423913254 1.1920928955078125e-07 920
