1726238056657 0.9884687662124634 0
1726238056708 -0.0 1
1726238056762 0.7677558660507202 2
1726238056815 0.24868938326835632 3
1726238056867 0.209006667137146 4
1726238056918 0.08704406768083572 5
1726238056975 0.11234498023986816 6
1726238057035 0.3538391590118408 7
1726238057090 0.19861790537834167 8
1726238057143 0.22196617722511292 9
1726238057201 0.21278086304664612 10
1726238057257 0.11850931495428085 11
1726238057310 0.12257590889930725 12
1726238057366 -0.0 13
1726238057424 0.2491963505744934 14
1726238057477 0.368497759103775 15
1726238057535 0.17754898965358734 16
1726238057590 0.4481821060180664 17
1726238057641 0.37460511922836304 18
1726238057695 -0.0 19
1726238057754 0.0662875846028328 20
1726238057803 0.36923760175704956 21
1726238057854 0.1910402774810791 22
1726238057906 0.10599581152200699 23
1726238057960 -0.0 24
1726238058009 0.2926303744316101 25
1726238058070 0.6256389021873474 26
1726238058128 -0.0 27
1726238058174 0.3743617534637451 28
1726238058224 -0.0 29
1726238058271 0.14451369643211365 30
1726238058319 0.09708432108163834 31
1726238058370 0.4558963179588318 32
1726238058418 0.3170551061630249 33
1726238058468 -0.0 34
1726238058522 0.14615440368652344 35
1726238058571 0.6454618573188782 36
1726238058621 0.2099873572587967 37
1726238058668 0.21176251769065857 38
1726238058719 0.3697531521320343 39
1726238058776 0.12151755392551422 40
1726238058834 0.0018245693063363433 41
1726238058887 0.3719855546951294 42
1726238058938 0.13068917393684387 43
1726238058986 -0.0 44
1726238059035 -0.0 45
1726238059084 0.23729564249515533 46
1726238059138 -0.0 47
1726238059198 -0.0 48
1726238059254 -0.0 49
1726238059316 -0.0 50
1726238059369 0.028962835669517517 51
1726238059417 -0.0 52
1726238059466 0.322174072265625 53
1726238059519 -0.0 54
1726238059576 0.08655720949172974 55
1726238059628 -0.0 56
1726238059684 0.24061474204063416 57
1726238059738 -0.0 58
1726238059797 0.18198788166046143 59
1726238059852 -0.0 60
1726238059907 0.11474926024675369 61
1726238059963 -0.0 62
1726238060019 0.4869116246700287 63
1726238060080 -0.0 64
1726238060138 0.1249716654419899 65
1726238060197 0.3393233120441437 66
1726238060250 0.1905311644077301 67
1726238060312 0.5944557189941406 68
1726238060366 -4.299566214172046e-08 69
1726238060423 0.22048413753509521 70
1726238060474 -0.0 71
1726238060531 0.0046862284652888775 72
1726238060581 0.2165551483631134 73
1726238060631 0.17706654965877533 74
1726238060680 0.2504778504371643 75
1726238060729 0.46675747632980347 76
1726238060777 0.41109827160835266 77
1726238060828 -0.0 78
1726238060881 0.5138552188873291 79
1726238060934 0.23319360613822937 80
1726238060979 -0.0 81
1726238061022 0.33341872692108154 82
1726238061063 0.32143092155456543 83
1726238061105 -0.0 84
1726238061147 -0.0 85
1726238061187 0.2248590737581253 86
1726238061228 0.14091840386390686 87
1726238061267 0.03173070773482323 88
1726238061306 0.5055983066558838 89
1726238061345 0.44413983821868896 90
1726238061387 0.22737497091293335 91
1726238061435 0.1856669783592224 92
1726238061483 0.367899626493454 93
1726238061533 0.5998681783676147 94
1726238061580 0.0683380514383316 95
1726238061623 0.221072256565094 96
1726238061663 0.37319624423980713 97
1726238061701 -0.0 98
1726238061740 0.1756972372531891 99
1726238061778 -0.0 100
1726238061817 0.16618193686008453 101
1726238061856 0.4397473931312561 102
1726238061894 0.3162705898284912 103
1726238061935 0.15262815356254578 104
1726238061980 0.24998942017555237 105
1726238062022 0.4646296501159668 106
1726238062097 0.4951326251029968 107
1726238062141 -0.0 108
1726238062183 -0.0 109
1726238062227 0.26234787702560425 110
1726238062272 0.22729812562465668 111
1726238062317 0.24471531808376312 112
1726238062362 0.10445541888475418 113
1726238062402 0.19061410427093506 114
1726238062443 0.6937927007675171 115
1726238062486 0.2443651705980301 116
1726238062528 0.2129165232181549 117
1726238062567 0.3068791627883911 118
1726238062608 0.08355291187763214 119
1726238062648 0.5436794757843018 120
1726238062686 0.04878298193216324 121
1726238062725 0.19305160641670227 122
1726238062763 0.31988170742988586 123
1726238062801 0.9385287761688232 124
1726238062839 0.1799582540988922 125
1726238062878 -0.0 126
1726238062925 -0.0 127
1726238062972 -0.0 128
1726238063017 0.4612748622894287 129
1726238063063 -0.0 130
1726238063108 0.011586107313632965 131
1726238063148 0.40182000398635864 132
1726238063186 0.1962750256061554 133
1726238063225 0.49658262729644775 134
1726238063262 -0.0 135
1726238063301 0.2256731390953064 136
1726238063338 -0.0 137
1726238063377 0.09121553599834442 138
1726238063415 -0.0 139
