1726238056673 0.0 0
1726238056726 0.0 1
1726238056780 0.0 2
1726238056832 0.0 3
1726238056883 0.0 4
1726238056937 0.0 5
1726238056993 0.0 6
1726238057054 0.0 7
1726238057108 0.0 8
1726238057162 0.0 9
1726238057218 0.0 10
1726238057275 0.0 11
1726238057329 0.0 12
1726238057387 0.0 13
1726238057440 0.0 14
1726238057495 0.0 15
1726238057557 0.0 16
1726238057606 0.0 17
1726238057659 0.0 18
1726238057713 0.0 19
1726238057770 0.0 20
1726238057821 0.0 21
1726238057871 0.0 22
1726238057924 0.0 23
1726238057980 0.0 24
1726238058030 0.0 25
1726238058093 0.0 26
1726238058142 0.0 27
1726238058191 0.0 28
1726238058238 0.0 29
1726238058287 0.0 30
1726238058336 0.0 31
1726238058385 0.0 32
1726238058434 0.0 33
1726238058484 0.0 34
1726238058539 0.0 35
1726238058588 0.0 36
1726238058636 0.0 37
1726238058684 0.0 38
1726238058738 0.0 39
1726238058798 0.0 40
1726238058852 0.0 41
1726238058903 0.0 42
1726238058954 0.0 43
1726238059002 0.0 44
1726238059050 0.0 45
1726238059102 0.0 46
1726238059159 0.0 47
1726238059216 0.0 48
1726238059275 0.0 49
1726238059333 0.0 50
1726238059385 0.0 51
1726238059433 0.0 52
1726238059483 0.0 53
1726238059536 0.0 54
1726238059594 0.0 55
1726238059648 0.0 56
1726238059702 0.0 57
1726238059760 0.0 58
1726238059816 0.0 59
1726238059870 0.0 60
1726238059925 0.0 61
1726238059982 0.0 62
1726238060038 0.0 63
1726238060100 0.0 64
1726238060156 0.0 65
1726238060216 0.0 66
1726238060275 0.0 67
1726238060328 0.0 68
1726238060385 0.0 69
1726238060440 0.0 70
1726238060490 0.0 71
1726238060548 0.0 72
1726238060598 0.0 73
1726238060648 0.0 74
1726238060695 0.0 75
1726238060745 0.0 76
1726238060794 0.0 77
1726238060846 0.0 78
1726238060899 0.0 79
1726238060949 0.0 80
1726238060993 0.0 81
1726238061035 0.0 82
1726238061077 0.0 83
1726238061118 0.0 84
1726238061160 0.0 85
1726238061200 0.0 86
1726238061240 0.0 87
1726238061280 0.0 88
1726238061318 0.0 89
1726238061357 0.0 90
1726238061403 0.0 91
1726238061451 0.0 92
1726238061499 0.0 93
1726238061549 0.0 94
1726238061594 0.0 95
1726238061636 0.0 96
1726238061675 0.0 97
1726238061714 0.0 98
1726238061752 0.0 99
1726238061791 0.0 100
1726238061829 0.0 101
1726238061868 0.0 102
1726238061906 0.0 103
1726238061950 0.0 104
1726238061994 0.0 105
1726238062067 0.0 106
1726238062111 0.0 107
1726238062155 0.0 108
1726238062198 0.0 109
1726238062241 0.0 110
1726238062286 0.0 111
1726238062331 0.0 112
1726238062376 0.0 113
1726238062414 0.0 114
1726238062457 0.0 115
1726238062500 0.0 116
1726238062540 0.0 117
1726238062580 0.0 118
1726238062621 0.0 119
1726238062660 0.0 120
1726238062699 0.0 121
1726238062737 0.0 122
1726238062775 0.0 123
1726238062813 0.0 124
1726238062852 0.0 125
1726238062893 0.0 126
1726238062941 0.0 127
1726238062986 0.0 128
1726238063032 0.0 129
1726238063078 0.0 130
1726238063122 0.0 131
1726238063160 0.0 132
1726238063199 0.0 133
1726238063237 0.0 134
1726238063275 0.0 135
1726238063313 0.0 136
1726238063351 0.0 137
1726238063390 0.0 138
1726238063427 0.0 139
