1727300587968 2.3380556106567383 0
1727300588025 2.1065990924835205 1
1727300588075 2.1021721363067627 2
1727300588119 2.095512866973877 3
1727300588164 2.124631643295288 4
1727300588217 2.1549739837646484 5
1727300588263 2.1900126934051514 6
1727300588306 2.0576729774475098 7
1727300588347 1.917738676071167 8
1727300588387 2.1212992668151855 9
1727300588427 2.1932437419891357 10
1727300588467 1.6233245134353638 11
1727300588510 2.012035846710205 12
1727300588547 1.4125531911849976 13
1727300588585 1.9807952642440796 14
1727300588621 2.2103512287139893 15
1727300588656 2.1641252040863037 16
1727300588690 2.1232120990753174 17
1727300588727 2.038501501083374 18
1727300588775 2.192265510559082 19
1727300588827 2.1021242141723633 20
1727300588882 1.8460884094238281 21
1727300588934 2.0728139877319336 22
1727300588988 2.1689271926879883 23
1727300589026 2.1644933223724365 24
1727300589063 2.0789124965667725 25
1727300589098 2.159472703933716 26
1727300589135 2.0556888580322266 27
1727300589170 2.0704174041748047 28
1727300589204 1.9485459327697754 29
1727300589238 2.126340866088867 30
1727300589279 2.088533401489258 31
1727300589315 2.1217589378356934 32
1727300589349 2.015911102294922 33
1727300589383 2.188704013824463 34
1727300589417 2.127711057662964 35
1727300589451 2.082047939300537 36
1727300589484 1.9724369049072266 37
1727300589521 2.1473021507263184 38
1727300589554 2.046872854232788 39
1727300589587 2.036109447479248 40
1727300589621 2.056028366088867 41
1727300589655 2.102965831756592 42
1727300589690 2.0715370178222656 43
1727300589729 2.249986171722412 44
1727300589766 2.1805121898651123 45
1727300589801 2.044854164123535 46
1727300589834 2.161360263824463 47
1727300589874 2.1090197563171387 48
1727300589912 2.1733810901641846 49
1727300589946 2.1180543899536133 50
1727300589981 2.177701473236084 51
1727300590016 2.09853196144104 52
1727300590050 2.0645222663879395 53
1727300590084 2.0841546058654785 54
1727300590118 2.0867483615875244 55
1727300590157 2.1197164058685303 56
1727300590192 2.1545188426971436 57
1727300590226 2.2121615409851074 58
1727300590260 2.1661217212677 59
1727300590293 2.236584186553955 60
1727300590330 2.117499351501465 61
1727300590371 2.151357889175415 62
1727300590408 2.142411708831787 63
1727300590445 2.091080665588379 64
1727300590491 1.9506499767303467 65
1727300590529 1.9907084703445435 66
1727300590566 1.8785265684127808 67
1727300590603 1.3357698917388916 68
1727300590640 2.0269267559051514 69
1727300590676 1.9834914207458496 70
1727300590710 1.943356990814209 71
1727300590747 2.1699888706207275 72
1727300590785 2.166240930557251 73
1727300590821 2.169729232788086 74
1727300590856 2.259514331817627 75
1727300590897 2.1602959632873535 76
1727300590942 2.0942254066467285 77
1727300590982 2.151076078414917 78
1727300591026 2.1342201232910156 79
1727300591067 2.091749906539917 80
1727300591104 2.1061317920684814 81
1727300591139 2.030116081237793 82
1727300591173 1.9433183670043945 83
1727300591207 2.154923677444458 84
1727300591241 1.6683194637298584 85
1727300591275 2.212165355682373 86
1727300591310 2.1644890308380127 87
1727300591344 2.1115334033966064 88
1727300591379 2.016380548477173 89
1727300591412 1.9479990005493164 90
1727300591445 2.1021413803100586 91
1727300591478 2.151715040206909 92
1727300591514 2.2008233070373535 93
1727300591548 2.0938289165496826 94
1727300591582 2.0942273139953613 95
1727300591617 1.8876774311065674 96
1727300591652 1.988681674003601 97
1727300591686 1.9872881174087524 98
1727300591724 2.1427202224731445 99
1727300591763 2.1490046977996826 100
1727300591804 2.0668859481811523 101
1727300591853 2.114454746246338 102
1727300591888 2.096369504928589 103
1727300591923 2.215625762939453 104
1727300591965 2.1615688800811768 105
1727300592000 2.238997459411621 106
1727300592035 2.1279351711273193 107
1727300592071 2.1302788257598877 108
1727300592109 2.2001991271972656 109
1727300592148 1.9031848907470703 110
1727300592185 2.0568835735321045 111
1727300592226 2.0986149311065674 112
1727300592265 2.0451080799102783 113
1727300592304 2.0141985416412354 114
1727300592339 2.0867843627929688 115
1727300592377 2.1629867553710938 116
1727300592416 1.8975262641906738 117
1727300592451 1.974569320678711 118
1727300592485 2.186530351638794 119
1727300592518 2.16151762008667 120
1727300592551 2.0274202823638916 121
1727300592585 1.910946249961853 122
1727300592620 2.084162473678589 123
1727300592654 2.1164512634277344 124
1727300592687 2.1537842750549316 125
1727300592720 2.1068522930145264 126
1727300592756 1.9668437242507935 127
1727300592791 1.402557373046875 128
1727300592826 2.108867645263672 129
1727300592861 2.218703269958496 130
1727300592897 2.227999687194824 131
1727300592932 2.2459640502929688 132
1727300592964 2.0649197101593018 133
1727300592996 2.096781015396118 134
1727300593028 1.899073839187622 135
1727300593061 2.1195566654205322 136
1727300593094 1.895115613937378 137
1727300593130 2.0755856037139893 138
1727300593163 2.1823625564575195 139
1727300593215 2.067348003387451 140
1727300593252 2.184143304824829 141
1727300593290 2.228454113006592 142
1727300593333 1.9777675867080688 143
1727300593376 2.233044147491455 144
1727300593414 2.1581413745880127 145
1727300593451 2.1474106311798096 146
1727300593485 2.1222410202026367 147
1727300593520 2.108711004257202 148
1727300593561 2.0577359199523926 149
1727300593600 1.9986586570739746 150
1727300593634 2.110851287841797 151
1727300593673 2.1971373558044434 152
1727300593712 1.8026729822158813 153
1727300593747 2.2924933433532715 154
1727300593783 1.9392094612121582 155
1727300593819 2.110936164855957 156
1727300593853 2.2459511756896973 157
1727300593890 2.111060619354248 158
1727300593924 2.128101110458374 159
1727300593961 2.144805908203125 160
1727300594003 1.9019365310668945 161
1727300594043 2.0832948684692383 162
1727300594079 2.185380458831787 163
1727300594114 2.099937915802002 164
1727300594149 2.2127628326416016 165
1727300594183 2.1948044300079346 166
1727300594220 2.0899815559387207 167
1727300594260 2.169114351272583 168
1727300594294 2.101241111755371 169
1727300594328 1.633117914199829 170
1727300594361 1.8541765213012695 171
1727300594395 1.580643653869629 172
1727300594429 2.1079280376434326 173
1727300594462 1.9562815427780151 174
1727300594495 2.2970359325408936 175
1727300594528 2.0818183422088623 176
1727300594561 2.045428991317749 177
1727300594595 2.2219879627227783 178
1727300594630 2.091843605041504 179
1727300594663 2.0770034790039062 180
1727300594701 1.8958454132080078 181
1727300594746 2.169888496398926 182
1727300594783 2.175722360610962 183
1727300594832 2.210812568664551 184
1727300594876 1.762843370437622 185
1727300594922 2.1250691413879395 186
1727300594956 2.0735549926757812 187
1727300594990 1.993945598602295 188
1727300595023 2.0057153701782227 189
1727300595057 2.197756290435791 190
1727300595091 2.2513837814331055 191
1727300595125 2.1205756664276123 192
1727300595159 2.120767593383789 193
1727300595192 2.18925142288208 194
1727300595225 2.0402016639709473 195
1727300595258 2.1846871376037598 196
1727300595291 2.1846232414245605 197
1727300595324 2.151416540145874 198
1727300595357 2.124246597290039 199
1727300595390 2.0740151405334473 200
1727300595423 1.7535767555236816 201
1727300595459 2.0693745613098145 202
1727300595494 2.0186266899108887 203
1727300595528 2.143671989440918 204
1727300595560 2.0058302879333496 205
1727300595593 2.2081005573272705 206
1727300595626 2.0933938026428223 207
1727300595659 2.1312923431396484 208
1727300595692 2.014665365219116 209
1727300595725 2.2112677097320557 210
1727300595758 2.021115779876709 211
1727300595790 1.8788368701934814 212
1727300595823 2.0857906341552734 213
1727300595856 2.07704496383667 214
1727300595890 2.1109962463378906 215
1727300595923 1.9710125923156738 216
1727300595957 1.869752287864685 217
1727300595989 2.2323484420776367 218
1727300596022 2.0891261100769043 219
1727300596055 2.0996956825256348 220
1727300596088 2.10726261138916 221
1727300596121 2.032715082168579 222
1727300596155 2.1124937534332275 223
1727300596188 2.1302549839019775 224
1727300596221 2.018449306488037 225
1727300596254 2.195589780807495 226
1727300596288 2.0652730464935303 227
1727300596321 1.9549542665481567 228
1727300596357 2.112483501434326 229
1727300596391 2.041865825653076 230
1727300596424 2.0178418159484863 231
1727300596457 2.1217119693756104 232
1727300596490 2.114057779312134 233
1727300596522 2.155012607574463 234
1727300596556 2.188857316970825 235
1727300596588 1.9538923501968384 236
1727300596621 2.129183292388916 237
1727300596658 1.8773847818374634 238
1727300596693 1.5948104858398438 239
1727300596734 1.5218710899353027 240
1727300596775 2.218914031982422 241
1727300596819 2.1988964080810547 242
1727300596863 2.2013237476348877 243
1727300596906 2.154838800430298 244
1727300596948 2.2258901596069336 245
1727300596994 2.1981515884399414 246
1727300597037 2.1463990211486816 247
1727300597085 2.152878522872925 248
1727300597132 1.809891939163208 249
1727300597177 1.4418613910675049 250
1727300597226 1.3405293226242065 251
1727300597274 1.2344979047775269 252
1727300597320 1.2344979047775269 253
