1727306444108 2e-05 0
1727306444149 3.477205276489258 1
1727306444188 5.099019527435303 2
1727306444227 5.291502475738525 3
1727306444267 4.898979663848877 4
1727306444306 5.099019527435303 5
1727306444346 4.898979663848877 6
1727306444388 4.898979663848877 7
1727306444430 4.242640495300293 8
1727306444470 4.690415859222412 9
1727306444511 5.291502475738525 10
1727306444551 4.690415859222412 11
1727306444592 4.898979663848877 12
1727306444633 5.291502475738525 13
1727306444679 5.099019527435303 14
1727306444721 4.898979663848877 15
1727306444762 4.898979663848877 16
1727306444803 4.690415859222412 17
1727306444843 5.099019527435303 18
1727306444884 4.690415859222412 19
1727306444928 4.690415859222412 20
1727306444967 4.690415859222412 21
1727306445008 5.099019527435303 22
1727306445049 4.4721360206604 23
1727306445088 5.291502475738525 24
1727306445129 5.291502475738525 25
1727306445169 4.690415859222412 26
1727306445210 5.291502475738525 27
1727306445251 5.099019527435303 28
1727306445291 4.690415859222412 29
1727306445332 5.291502475738525 30
1727306445373 5.291502475738525 31
1727306445413 4.690415859222412 32
1727306445453 5.099019527435303 33
1727306445495 5.4772257804870605 34
1727306445537 4.690415859222412 35
1727306445578 5.099019527435303 36
1727306445619 4.690415859222412 37
1727306445660 5.291502475738525 38
1727306445700 4.4721360206604 39
1727306445738 4.690415859222412 40
1727306445778 5.099019527435303 41
1727306445819 5.099019527435303 42
1727306445860 4.898979663848877 43
1727306445902 5.291502475738525 44
1727306445942 5.291502475738525 45
1727306445983 4.898979663848877 46
1727306446025 5.099019527435303 47
1727306446072 5.099019527435303 48
1727306446115 5.291502475738525 49
1727306446156 4.4721360206604 50
1727306446197 4.690415859222412 51
1727306446242 5.291502475738525 52
1727306446283 4.898979663848877 53
1727306446325 5.291502475738525 54
1727306446366 4.690415859222412 55
1727306446409 4.898979663848877 56
1727306446450 5.099019527435303 57
1727306446490 4.690415859222412 58
1727306446532 4.898979663848877 59
1727306446574 5.099019527435303 60
1727306446614 5.099019527435303 61
1727306446659 3.7416574954986572 62
1727306446707 5.4772257804870605 63
1727306446750 5.099019527435303 64
1727306446795 4.898979663848877 65
1727306446840 4.242640495300293 66
1727306446887 5.099019527435303 67
1727306446936 4.4721360206604 68
1727306446983 4.4721360206604 69
1727306447036 4.4721360206604 70
1727306447086 3.3181002140045166 71
1727306447136 3.8727340698242188 72
1727306447184 4.0 73
1727306447233 5.099019527435303 74
1727306447282 4.898979663848877 75
1727306447334 5.099019527435303 76
1727306447387 4.898979663848877 77
1727306447440 4.690415859222412 78
1727306447495 5.099019527435303 79
1727306447543 5.099019527435303 80
1727306447591 4.690415859222412 81
1727306447642 4.4721360206604 82
1727306447694 4.4721360206604 83
1727306447755 4.690415859222412 84
1727306447806 5.099019527435303 85
1727306447859 4.898979663848877 86
1727306447908 4.4721360206604 87
1727306447966 4.898979663848877 88
1727306448015 4.242640495300293 89
1727306448062 4.0 90
1727306448107 4.690415859222412 91
1727306448152 5.4772257804870605 92
1727306448197 4.690415859222412 93
1727306448239 4.690415859222412 94
1727306448283 4.690415859222412 95
1727306448325 4.898979663848877 96
1727306448367 5.099019527435303 97
1727306448410 4.898979663848877 98
1727306448452 4.898979663848877 99
1727306448493 5.4772257804870605 100
1727306448534 4.898979663848877 101
1727306448574 4.898979663848877 102
1727306448615 4.898979663848877 103
1727306448660 4.690415859222412 104
1727306448707 5.099019527435303 105
1727306448750 4.690415859222412 106
1727306448793 4.898979663848877 107
1727306448837 5.291502475738525 108
1727306448878 4.898979663848877 109
1727306448917 3.464101552963257 110
1727306448957 4.898979663848877 111
1727306448995 4.690415859222412 112
1727306449035 5.291502475738525 113
1727306449074 5.099019527435303 114
1727306449114 5.4772257804870605 115
1727306449155 4.898979663848877 116
1727306449195 5.099019527435303 117
1727306449236 5.099019527435303 118
1727306449277 4.0 119
1727306449317 5.099019527435303 120
1727306449356 5.291502475738525 121
1727306449395 5.099019527435303 122
1727306449436 5.099019527435303 123
1727306449480 4.242640495300293 124
1727306449519 4.898979663848877 125
1727306449559 5.291502475738525 126
1727306449600 5.099019527435303 127
1727306449639 5.4772257804870605 128
1727306449679 5.291502475738525 129
1727306449718 4.242640495300293 130
1727306449757 4.690415859222412 131
1727306449795 4.4721360206604 132
1727306449834 4.898979663848877 133
1727306449871 4.0 134
1727306449909 4.4721360206604 135
1727306449948 4.0 136
1727306449987 5.291502475738525 137
1727306450027 4.898979663848877 138
1727306450067 4.690415859222412 139
1727306450108 5.099019527435303 140
1727306450149 4.242640495300293 141
1727306450190 5.4772257804870605 142
1727306450233 5.099019527435303 143
1727306450273 5.099019527435303 144
1727306450315 4.690415859222412 145
1727306450356 4.0 146
1727306450396 5.291502475738525 147
1727306450437 4.4721360206604 148
1727306450477 4.898979663848877 149
1727306450518 4.242640495300293 150
1727306450559 4.898979663848877 151
1727306450599 4.4721360206604 152
1727306450645 4.898979663848877 153
1727306450687 4.690415859222412 154
1727306450728 4.690415859222412 155
1727306450769 4.690415859222412 156
1727306450811 4.898979663848877 157
1727306450851 4.4721360206604 158
1727306450897 4.898979663848877 159
1727306450942 5.099019527435303 160
1727306450997 4.898979663848877 161
1727306451041 4.690415859222412 162
1727306451086 4.898979663848877 163
1727306451131 4.898979663848877 164
1727306451175 4.898979663848877 165
1727306451217 4.898979663848877 166
1727306451260 4.690415859222412 167
1727306451304 5.099019527435303 168
1727306451346 4.242640495300293 169
1727306451388 5.291502475738525 170
1727306451430 4.0 171
1727306451472 4.242640495300293 172
1727306451515 4.898979663848877 173
1727306451558 4.690415859222412 174
1727306451599 4.0 175
1727306451640 4.242640495300293 176
1727306451682 0.0 177
