1726434103314 0.08253825455904007 0
1726434103367 0.18318964540958405 1
1726434103422 0.07129593938589096 2
1726434103474 0.2666877210140228 3
1726434103534 0.0 4
1726434103595 0.0674571767449379 5
1726434103639 0.27222439646720886 6
1726434103680 0.1783350259065628 7
1726434103722 0.026096588000655174 8
1726434103764 0.0 9
1726434103807 0.008570927195250988 10
1726434103849 0.1328544318675995 11
1726434103895 0.0 12
1726434103939 0.0 13
1726434103988 0.03678744658827782 14
1726434104049 0.12802143394947052 15
1726434104107 0.023086851462721825 16
1726434104164 0.13985608518123627 17
1726434104219 0.12910284101963043 18
1726434104262 0.33628249168395996 19
1726434104306 0.05713917315006256 20
1726434104347 0.1583574414253235 21
1726434104390 0.34767600893974304 22
1726434104431 0.4452822208404541 23
1726434104475 0.12794160842895508 24
1726434104518 0.0 25
1726434104563 0.0 26
1726434104615 0.0 27
1726434104655 0.0 28
1726434104698 0.1748671978712082 29
1726434104741 0.24187630414962769 30
1726434104784 0.10667109489440918 31
1726434104828 0.0 32
1726434104874 0.0 33
1726434104916 0.08212123066186905 34
1726434104963 0.003811089089140296 35
1726434105012 0.0 36
1726434105056 0.0 37
1726434105099 0.0 38
1726434105143 0.21030713617801666 39
1726434105193 0.0 40
1726434105241 0.1540263593196869 41
1726434105287 0.24349969625473022 42
1726434105331 0.5955195426940918 43
1726434105377 0.028172718361020088 44
1726434105431 0.0 45
1726434105479 0.09156110137701035 46
1726434105524 0.11009910702705383 47
1726434105570 0.18528521060943604 48
1726434105625 0.10148101300001144 49
1726434105669 0.08858970552682877 50
1726434105715 0.0 51
1726434105766 0.2141212373971939 52
1726434105807 0.4887522757053375 53
1726434105848 0.3574996888637543 54
1726434105895 0.08466782420873642 55
1726434105941 0.064984031021595 56
1726434105988 0.0 57
1726434106041 0.08804812282323837 58
1726434106088 0.18048572540283203 59
1726434106129 0.3000292181968689 60
1726434106172 0.21361447870731354 61
1726434106216 0.32586589455604553 62
1726434106260 0.16846789419651031 63
1726434106302 0.024858275428414345 64
1726434106348 0.06989523023366928 65
1726434106391 0.0 66
1726434106437 0.08771822601556778 67
1726434106481 0.2058873176574707 68
1726434106523 0.005650701001286507 69
1726434106571 0.1111222505569458 70
1726434106622 0.18711809813976288 71
1726434106672 0.2625107765197754 72
1726434106716 0.25084537267684937 73
1726434106763 0.511529266834259 74
1726434106807 0.08627945184707642 75
1726434106854 0.011797979474067688 76
1726434106897 0.0 77
1726434106945 0.0 78
1726434106990 0.21422916650772095 79
1726434107041 0.07816105335950851 80
1726434107094 0.0 81
1726434107138 0.0 82
1726434107184 0.0009738710359670222 83
1726434107227 0.0 84
1726434107272 0.11406195908784866 85
1726434107318 0.1089390218257904 86
1726434107363 0.2928521931171417 87
1726434107414 1.1214710474014282 88
1726434107456 2.4138028621673584 89
1726434107499 0.1423179805278778 90
1726434107541 0.2808064818382263 91
1726434107587 0.2913215756416321 92
1726434107630 0.15920515358448029 93
1726434107674 0.1298564225435257 94
1726434107718 0.0 95
1726434107761 0.12424036860466003 96
1726434107804 0.2930338978767395 97
1726434107847 0.05272489786148071 98
1726434107890 0.0791076272726059 99
1726434107933 0.24684607982635498 100
1726434107976 0.10468531399965286 101
1726434108020 0.07070880383253098 102
1726434108062 0.12358850985765457 103
1726434108107 0.47192755341529846 104
1726434108149 0.22713881731033325 105
1726434108192 0.3143569529056549 106
1726434108235 0.33086010813713074 107
1726434108280 0.3496546745300293 108
1726434108323 0.04233187064528465 109
1726434108368 0.11641108244657516 110
1726434108414 0.22176098823547363 111
1726434108457 0.19728179275989532 112
1726434108505 0.26374438405036926 113
1726434108551 0.4038262665271759 114
1726434108596 0.23394779860973358 115
1726434108641 0.0024024788290262222 116
1726434108687 0.0 117
1726434108733 0.08832647651433945 118
1726434108777 0.2480325698852539 119
1726434108826 0.0 120
1726434108869 0.05757785215973854 121
1726434108915 0.0 122
1726434108957 0.04166452959179878 123
1726434109002 0.2553977072238922 124
1726434109047 0.00412265257909894 125
1726434109092 0.0 126
1726434109138 0.0 127
1726434109184 0.0 128
1726434109230 0.0 129
1726434109276 0.02308765798807144 130
1726434109320 0.0 131
1726434109366 0.0 132
1726434109409 0.0 133
1726434109454 0.0 134
1726434109499 0.013676200993359089 135
1726434109546 0.11050218343734741 136
1726434109589 0.0 137
1726434109635 0.0 138
1726434109680 0.10357252508401871 139
1726434109729 0.0070233759470283985 140
1726434109778 0.04071561247110367 141
1726434109827 0.22467686235904694 142
1726434109879 0.16471914947032928 143
1726434109933 0.04588392376899719 144
1726434109989 0.0 145
1726434110046 0.17427735030651093 146
1726434110103 0.0968782901763916 147
1726434110163 0.0 148
1726434110216 0.0 149
1726434110271 0.0 150
1726434110325 0.0 151
1726434110381 0.03838278353214264 152
1726434110436 0.11928740888834 153
1726434110491 0.1813630610704422 154
1726434110546 0.08765286207199097 155
1726434110600 0.321240097284317 156
1726434110659 0.7779552936553955 157
1726434110718 0.8958571553230286 158
1726434110778 1.0177050828933716 159
1726434110839 1.0476222038269043 160
1726434110901 0.38809511065483093 161
1726434110966 0.4803328216075897 162
1726434111031 0.5000543594360352 163
1726434111094 0.7097628712654114 164
1726434111153 0.5400606393814087 165
1726434111211 0.4380140006542206 166
1726434111273 0.14505621790885925 167
1726434111331 0.0 168
1726434111392 0.12078669667243958 169
1726434111452 0.0 170
1726434111517 0.0030710268765687943 171
1726434111575 0.0294741690158844 172
1726434111631 0.05105211213231087 173
1726434111690 0.08873181790113449 174
1726434111755 0.0 175
1726434111813 0.0 176
1726434111875 0.005039568524807692 177
1726434111936 0.004752620588988066 178
1726434111992 0.08890113234519958 179
1726434112062 0.10626649111509323 180
1726434112133 0.0 181
1726434112202 0.09476477652788162 182
1726434112261 0.029299035668373108 183
1726434112322 0.20275169610977173 184
1726434112385 0.0 185
1726434112446 0.0 186
1726434112516 0.08461915701627731 187
1726434112570 0.20410412549972534 188
1726434112628 0.0866025909781456 189
1726434112689 0.23473988473415375 190
1726434112745 0.24300581216812134 191
1726434112808 0.16812856495380402 192
1726434112870 0.30601900815963745 193
1726434112935 0.3608512878417969 194
1726434112993 0.19279645383358002 195
1726434113054 0.3230403959751129 196
1726434113117 0.43070343136787415 197
1726434113180 0.2414824515581131 198
1726434113239 0.16945131123065948 199
1726434113301 0.058014508336782455 200
1726434113366 0.0110600171610713 201
1726434113425 0.24234360456466675 202
1726434113481 0.09602067619562149 203
1726434113539 0.2305694967508316 204
1726434113604 0.06723134964704514 205
1726434113665 0.24202091991901398 206
1726434113731 0.19939754903316498 207
1726434113790 0.18279610574245453 208
1726434113854 0.17221014201641083 209
1726434113909 0.06383262574672699 210
1726434113964 0.05618344247341156 211
1726434114024 0.4525459110736847 212
1726434114086 0.5774614214897156 213
1726434114144 0.06704993546009064 214
1726434114203 0.002176460577175021 215
1726434114257 0.0 216
1726434114312 0.0 217
1726434114371 0.0 218
1726434114427 0.044683828949928284 219
1726434114482 0.015599522739648819 220
1726434114547 0.17378485202789307 221
1726434114606 0.1046445444226265 222
1726434114663 0.19006073474884033 223
1726434114720 0.2465371936559677 224
1726434114785 0.5201429724693298 225
1726434114845 0.2865943908691406 226
1726434114904 0.07804705947637558 227
1726434114967 0.1383010894060135 228
1726434115025 0.0004683445440605283 229
1726434115093 0.056654393672943115 230
1726434115160 0.06977088004350662 231
1726434115219 0.16813893616199493 232
1726434115294 0.12852038443088531 233
1726434115361 0.00790380034595728 234
1726434115438 0.0 235
1726434115511 0.0 236
1726434115591 0.0 237
1726434115663 0.0 238
1726434115742 0.04074524715542793 239
1726434115821 0.17939072847366333 240
1726434115909 0.3136579692363739 241
1726434115994 0.45916882157325745 242
1726434116069 0.2069183588027954 243
1726434116138 0.024812234565615654 244
1726434116214 0.08514369279146194 245
1726434116286 0.24536935985088348 246
1726434116363 0.20060217380523682 247
1726434116428 0.005133376456797123 248
1726434116502 0.03855122625827789 249
1726434116573 0.0001468982081860304 250
1726434116655 0.1744895726442337 251
1726434116735 0.0 252
1726434116815 0.0 253
1726434116903 0.0 254
1726434116989 0.0 255
1726434117051 0.07454659789800644 256
1726434117110 0.14725854992866516 257
1726434117180 0.19669772684574127 258
1726434117242 0.1284046322107315 259
1726434117310 0.21276706457138062 260
1726434117374 0.3095797002315521 261
1726434117430 0.2635824978351593 262
1726434117505 0.6011015772819519 263
1726434117566 0.29030656814575195 264
1726434117624 0.022441698238253593 265
1726434117680 0.0 266
1726434117752 0.0 267
1726434117811 0.18068450689315796 268
1726434117868 0.08252639323472977 269
1726434117927 0.11402588337659836 270
1726434117981 0.03790391609072685 271
1726434118041 0.008270842023193836 272
1726434118103 0.015465551055967808 273
1726434118176 0.1786860078573227 274
1726434118241 0.0705089196562767 275
1726434118298 0.1160256490111351 276
1726434118355 0.0 277
1726434118408 0.041285980492830276 278
1726434118459 0.0 279
1726434118508 0.014526537619531155 280
1726434118556 0.4054948091506958 281
1726434118602 0.10592273622751236 282
1726434118648 0.07886823266744614 283
1726434118692 0.0 284
1726434118736 0.13264663517475128 285
1726434118780 0.03202885016798973 286
1726434118823 0.2431701272726059 287
1726434118867 0.3245162069797516 288
1726434118909 0.10479243844747543 289
1726434118953 0.05015662685036659 290
1726434118996 0.0 291
1726434119041 0.0 292
1726434119084 0.0954531729221344 293
1726434119126 0.0 294
1726434119170 0.039537593722343445 295
1726434119213 0.13303937017917633 296
1726434119255 0.06699305027723312 297
1726434119297 0.14075541496276855 298
1726434119339 0.0 299
1726434119381 0.04542561247944832 300
1726434119423 0.030884109437465668 301
1726434119463 0.0 302
1726434119505 0.09314624220132828 303
1726434119548 0.07595320045948029 304
1726434119590 0.03485940024256706 305
1726434119632 0.11279081553220749 306
1726434119675 0.0 307
1726434119720 0.015044878236949444 308
1726434119764 0.01499217003583908 309
1726434119807 0.0 310
1726434119855 0.09755820035934448 311
1726434119905 0.01735408417880535 312
1726434119948 0.0 313
1726434120002 0.2020040601491928 314
1726434120048 0.1438094824552536 315
1726434120091 0.0 316
1726434120136 0.024984212592244148 317
1726434120177 0.1924576312303543 318
1726434120230 0.1412055939435959 319
1726434120273 0.2241768091917038 320
1726434120318 0.11940556019544601 321
1726434120358 0.006919946987181902 322
1726434120397 0.0 323
1726434120437 0.04841791093349457 324
1726434120481 0.003425275208428502 325
1726434120524 0.09549403935670853 326
1726434120565 0.16576267778873444 327
1726434120606 0.5799177289009094 328
1726434120647 0.09700972586870193 329
1726434120688 0.0 330
1726434120728 0.0025388679932802916 331
1726434120775 0.05701248347759247 332
1726434120819 0.05276169255375862 333
1726434120863 0.19346733391284943 334
1726434120908 0.014450173825025558 335
1726434120955 0.0 336
1726434121004 0.0 337
1726434121055 0.11409526318311691 338
1726434121100 0.047768786549568176 339
1726434121142 0.03198891505599022 340
1726434121183 0.21245063841342926 341
1726434121228 0.0 342
1726434121275 0.0 343
1726434121323 0.46838220953941345 344
1726434121372 0.21553032100200653 345
1726434121437 0.09660559147596359 346
1726434121497 0.35886332392692566 347
1726434121549 0.31427428126335144 348
1726434121596 0.2089705467224121 349
1726434121645 0.03418209031224251 350
1726434121693 0.0 351
1726434121742 0.2832651138305664 352
1726434121790 0.16432130336761475 353
1726434121838 0.18630053102970123 354
1726434121883 0.0 355
1726434121930 0.009685317054390907 356
1726434122009 0.0 357
1726434122066 0.0 358
1726434122121 0.0 359
1726434122175 0.0 360
1726434122222 0.024805856868624687 361
1726434122268 0.2338222861289978 362
1726434122314 0.14674395322799683 363
1726434122359 0.04061879962682724 364
1726434122402 0.016420699656009674 365
1726434122446 0.0 366
1726434122489 0.09343642741441727 367
1726434122536 0.042187388986349106 368
1726434122580 0.014065844006836414 369
1726434122622 0.0 370
1726434122664 0.0 371
1726434122706 0.0 372
1726434122747 0.06030160188674927 373
1726434122789 0.0 374
1726434122833 0.0 375
1726434122877 0.0 376
1726434122941 0.19030429422855377 377
1726434122995 0.173606738448143 378
1726434123048 0.233539879322052 379
1726434123104 0.07090089470148087 380
1726434123149 0.09492290019989014 381
1726434123195 0.3825523853302002 382
1726434123240 0.13445152342319489 383
1726434123286 0.02162899635732174 384
1726434123332 0.0906698927283287 385
1726434123376 0.08677250891923904 386
1726434123421 0.03362732008099556 387
1726434123465 0.0 388
1726434123508 0.0 389
1726434123552 0.0 390
1726434123594 0.2198353260755539 391
1726434123638 0.0 392
1726434123699 0.0 393
1726434123757 0.05366213619709015 394
1726434123811 0.05890226736664772 395
1726434123879 0.015833351761102676 396
1726434123928 0.0 397
1726434123979 0.0 398
1726434124032 0.0 399
1726434124088 0.0 400
1726434124146 0.04572105407714844 401
1726434124202 0.07083620876073837 402
1726434124263 0.01859043352305889 403
1726434124325 0.0 404
1726434124380 0.0 405
1726434124438 0.22708839178085327 406
1726434124489 0.0 407
1726434124538 0.0 408
1726434124589 0.02423921972513199 409
1726434124641 0.03233594074845314 410
1726434124693 0.0 411
1726434124745 0.08526089042425156 412
1726434124797 0.0 413
1726434124847 0.0 414
1726434124902 0.0 415
1726434124961 0.0 416
1726434125018 0.0 417
1726434125080 0.0 418
1726434125135 0.02313542366027832 419
1726434125194 0.0077561079524457455 420
1726434125268 0.0 421
1726434125331 0.0 422
1726434125396 0.0 423
1726434125460 0.0 424
1726434125525 0.024402029812335968 425
1726434125594 0.18692778050899506 426
1726434125666 0.0 427
1726434125743 0.030548563227057457 428
1726434125844 0.0 429
1726434125942 0.0 430
1726434126021 0.0 431
1726434126102 0.05727332457900047 432
1726434126173 0.0 433
1726434126251 0.0 434
1726434126335 0.0 435
1726434126413 0.062392812222242355 436
1726434126495 0.0 437
1726434126571 0.0 438
1726434126643 0.0 439
1726434126711 0.0 440
1726434126784 0.0 441
1726434126863 0.0 442
1726434126952 0.0 443
1726434127031 0.0 444
1726434127107 0.012828174978494644 445
1726434127182 0.10702309757471085 446
1726434127254 0.05889211967587471 447
1726434127313 0.3171255886554718 448
1726434127376 0.21371258795261383 449
1726434127443 0.06846495717763901 450
1726434127519 0.09797101467847824 451
1726434127583 0.0 452
1726434127653 0.0 453
1726434127717 0.0 454
1726434127780 0.0 455
1726434127846 0.0 456
1726434127905 0.0 457
1726434127960 0.0 458
1726434128023 0.0 459
1726434128082 0.04396944120526314 460
1726434128146 0.01371013093739748 461
1726434128213 0.00120539590716362 462
1726434128283 0.0777231827378273 463
1726434128356 0.0 464
1726434128438 0.012676655314862728 465
1726434128530 0.03534918650984764 466
1726434128628 0.0 467
1726434128718 0.0 468
1726434128790 0.0 469
1726434128860 0.0 470
1726434128919 0.0 471
1726434128976 0.06783673167228699 472
1726434129043 0.0 473
1726434129105 0.0283061433583498 474
1726434129160 0.0 475
1726434129213 0.0 476
1726434129266 0.0 477
1726434129326 0.0 478
1726434129385 0.11122646927833557 479
1726434129442 0.0 480
1726434129507 0.02070937491953373 481
1726434129571 0.0 482
1726434129661 0.0 483
1726434129722 0.0051683648489415646 484
1726434129776 0.017952296882867813 485
1726434129829 0.0 486
1726434129887 0.0 487
1726434129942 0.06791318207979202 488
1726434129996 0.04811400547623634 489
1726434130057 0.0 490
1726434130118 0.0 491
1726434130181 0.0 492
1726434130252 0.0 493
1726434130320 0.0 494
1726434130376 0.0675998404622078 495
1726434130440 0.0 496
1726434130497 0.020394278690218925 497
1726434130551 0.10220663994550705 498
1726434130606 0.01035352237522602 499
1726434130663 0.0 500
1726434130718 0.0 501
1726434130781 0.0 502
1726434130849 0.0 503
1726434130916 0.18750612437725067 504
1726434130975 0.004909633193165064 505
1726434131042 0.0 506
1726434131109 0.0 507
1726434131174 0.0 508
1726434131229 0.0 509
1726434131287 0.0 510
1726434131345 0.0 511
1726434131410 0.0 512
1726434131466 0.0 513
1726434131525 0.0 514
1726434131578 0.0 515
1726434131640 0.0 516
1726434131694 0.0 517
1726434131752 0.0 518
1726434131811 0.0 519
1726434131864 0.0 520
1726434131917 0.049219388514757156 521
1726434131975 0.0 522
1726434132034 0.0021888399496674538 523
1726434132089 0.0 524
1726434132143 0.0 525
1726434132198 0.0 526
1726434132259 0.0 527
1726434132318 0.0 528
1726434132395 0.0 529
1726434132463 0.0 530
1726434132539 0.0 531
1726434132618 0.0 532
1726434132694 0.0 533
1726434132769 0.0 534
1726434132842 0.03905624523758888 535
1726434132913 0.0 536
1726434132973 0.0 537
1726434133033 0.0 538
1726434133091 0.0 539
1726434133151 0.0 540
1726434133221 0.0926537737250328 541
1726434133285 0.07898277789354324 542
1726434133350 0.028984561562538147 543
1726434133405 0.0 544
1726434133466 0.0009239393402822316 545
1726434133531 0.0 546
1726434133589 0.0 547
1726434133653 0.0 548
1726434133715 0.0 549
1726434133773 0.0 550
1726434133834 0.0 551
1726434133890 0.0 552
1726434133945 0.0 553
1726434134001 0.0 554
1726434134055 0.010945822112262249 555
1726434134108 0.0 556
1726434134160 0.0 557
1726434134206 0.013846070505678654 558
1726434134255 0.0 559
1726434134302 0.0 560
1726434134349 0.0 561
1726434134404 0.10590469092130661 562
1726434134446 0.0 563
1726434134508 0.0 564
1726434134569 0.025562547147274017 565
1726434134612 0.010372050106525421 566
1726434134656 0.0 567
1726434134698 0.05518103763461113 568
1726434134746 0.0 569
1726434134796 0.0 570
1726434134848 0.0 571
1726434134890 0.0 572
1726434134935 0.0 573
1726434134990 0.0 574
1726434135056 0.0 575
1726434135130 0.0 576
1726434135188 0.0 577
1726434135248 0.0 578
1726434135308 0.0 579
1726434135369 0.0 580
1726434135442 0.00025073179858736694 581
1726434135508 0.0 582
1726434135563 0.0 583
1726434135616 0.0 584
1726434135670 0.0 585
1726434135742 0.0 586
1726434135800 0.0 587
1726434135858 0.0 588
1726434135930 0.0 589
1726434135995 0.0 590
1726434136050 0.0 591
1726434136109 0.0 592
1726434136181 0.025957902893424034 593
1726434136248 0.03665783628821373 594
1726434136309 0.0 595
1726434136374 0.0 596
1726434136434 0.0 597
1726434136490 0.0 598
1726434136539 0.0 599
1726434136590 0.0 600
1726434136641 0.0 601
1726434136690 0.0 602
1726434136744 0.0 603
1726434136791 0.0 604
1726434136839 0.0 605
1726434136885 0.0 606
1726434136932 0.0 607
1726434136978 0.0 608
1726434137024 0.0 609
1726434137071 0.0 610
1726434137119 0.0 611
1726434137164 0.0 612
1726434137211 0.0 613
1726434137258 0.0 614
1726434137305 0.0 615
1726434137353 0.0 616
1726434137400 0.0 617
1726434137447 0.0 618
1726434137493 0.0 619
1726434137541 0.0 620
1726434137587 0.0 621
1726434137633 0.0 622
1726434137679 0.0 623
1726434137724 0.0 624
1726434137771 0.004482874181121588 625
1726434137818 0.004136613104492426 626
1726434137865 0.0 627
1726434137913 0.0 628
1726434137959 0.0 629
1726434138005 0.0 630
1726434138050 0.0 631
1726434138095 0.0 632
1726434138142 0.0 633
1726434138188 0.0 634
1726434138231 0.0009034786489792168 635
1726434138275 0.0 636
1726434138320 0.0 637
1726434138364 0.0 638
1726434138413 0.0 639
1726434138466 0.0 640
1726434138518 0.003033190965652466 641
1726434138567 0.0 642
1726434138612 0.012355923652648926 643
1726434138655 0.0 644
1726434138698 0.0 645
1726434138740 0.0 646
1726434138781 0.0 647
1726434138822 0.0 648
1726434138865 0.0 649
1726434138908 0.0 650
1726434138955 0.0 651
1726434139001 0.0 652
1726434139045 0.0 653
1726434139101 0.0 654
1726434139152 0.0 655
1726434139192 0.0 656
1726434139232 0.0 657
1726434139272 0.0 658
1726434139322 0.0 659
1726434139376 0.0 660
1726434139432 0.0 661
1726434139488 0.0 662
1726434139543 0.0 663
1726434139584 0.0 664
1726434139632 0.0 665
1726434139673 0.0 666
1726434139722 0.0 667
1726434139767 0.0 668
1726434139813 0.0 669
1726434139866 0.0 670
1726434139916 0.0 671
1726434139965 0.0 672
1726434140011 0.0 673
1726434140058 0.0 674
1726434140105 0.0 675
1726434140152 0.0 676
1726434140200 0.0 677
1726434140248 0.0 678
1726434140299 0.0 679
1726434140353 0.0 680
1726434140416 0.0 681
1726434140482 0.0 682
1726434140565 0.0 683
1726434140640 0.0 684
1726434140714 0.0 685
1726434140785 0.0 686
1726434140857 0.0 687
1726434140925 0.0 688
1726434140992 0.0 689
1726434141064 0.0 690
1726434141135 0.0 691
1726434141204 0.0 692
1726434141267 0.0 693
1726434141329 0.0 694
1726434141397 0.0 695
1726434141453 0.0 696
1726434141515 0.0 697
1726434141582 0.0 698
1726434141654 0.0 699
1726434141718 0.0 700
1726434141788 0.0 701
1726434141855 0.0 702
1726434141927 0.014662892557680607 703
1726434142002 0.0 704
1726434142080 0.0 705
1726434142182 0.0 706
1726434142267 0.0 707
1726434142346 0.0 708
1726434142424 0.0 709
1726434142502 0.0 710
1726434142573 0.0 711
1726434142649 0.0 712
1726434142719 0.0 713
1726434142788 0.0 714
1726434142863 0.0 715
1726434142926 0.0 716
1726434142988 0.0 717
1726434143050 0.0 718
1726434143108 0.0 719
1726434143168 0.005110819824039936 720
1726434143234 0.02020619995892048 721
1726434143297 0.0 722
1726434143353 0.0 723
1726434143415 0.0 724
1726434143476 0.0 725
1726434143542 0.0 726
1726434143609 0.0 727
1726434143675 0.0 728
1726434143738 0.0 729
1726434143800 0.0 730
1726434143866 0.0 731
1726434143920 0.0 732
1726434143998 0.0 733
1726434144062 0.0 734
1726434144119 0.0 735
1726434144176 0.0 736
1726434144233 0.0 737
1726434144290 0.0 738
1726434144356 0.0 739
1726434144412 0.0 740
1726434144469 0.0 741
1726434144527 0.0 742
1726434144582 0.0 743
1726434144638 0.0 744
1726434144697 0.0 745
1726434144758 0.0 746
1726434144837 0.0 747
1726434144901 0.0 748
1726434144968 0.0 749
1726434145036 0.0 750
1726434145102 0.0 751
1726434145169 0.0 752
1726434145241 0.0 753
1726434145315 0.0 754
1726434145388 0.0 755
1726434145456 0.0 756
1726434145526 0.0 757
1726434145597 0.0 758
1726434145676 0.0 759
1726434145751 0.0 760
1726434145835 0.0 761
1726434145908 0.0 762
1726434145983 0.0 763
1726434146074 0.0 764
1726434146170 0.0 765
1726434146243 0.0 766
1726434146314 0.0 767
1726434146389 0.0 768
1726434146464 0.0 769
1726434146552 0.0 770
1726434146633 0.0 771
1726434146709 0.0 772
1726434146784 0.0 773
1726434146862 0.0 774
1726434146941 0.0 775
1726434147033 0.0 776
1726434147125 0.0 777
1726434147205 0.0 778
1726434147279 0.0 779
1726434147361 0.0 780
1726434147438 0.0 781
1726434147513 0.0 782
1726434147594 0.0 783
1726434147666 0.0 784
1726434147744 0.0 785
1726434147821 0.0 786
1726434147908 0.0 787
1726434147986 0.0 788
1726434148057 0.0 789
1726434148131 0.0 790
1726434148213 0.0 791
1726434148290 0.0 792
1726434148364 0.0 793
1726434148460 0.0 794
1726434148546 0.0 795
1726434148628 0.0 796
1726434148698 0.0 797
1726434148769 0.0 798
1726434148849 0.0 799
1726434148918 0.0 800
1726434148991 0.0 801
1726434149067 0.0 802
1726434149143 0.0 803
1726434149232 0.0 804
1726434149319 0.0 805
1726434149415 0.0 806
1726434149516 0.0 807
1726434149594 0.0 808
1726434149662 0.0 809
1726434149724 0.0 810
1726434149780 0.0 811
1726434149841 0.0 812
1726434149909 0.0 813
1726434149980 0.0 814
1726434150041 0.0 815
1726434150102 0.0 816
1726434150152 0.0 817
1726434150196 0.0 818
1726434150241 0.0 819
1726434150283 0.0 820
1726434150327 0.0 821
1726434150370 0.0 822
1726434150413 0.0 823
1726434150459 0.0 824
1726434150505 0.0 825
