1727306195795 1.9978890419006348 0
1727306195833 1.8223153352737427 1
1727306195885 1.8884923458099365 2
1727306195937 1.8676308393478394 3
1727306195973 1.7973206043243408 4
1727306196014 1.8639711141586304 5
1727306196054 1.770212173461914 6
1727306196091 1.8136650323867798 7
1727306196128 1.9605120420455933 8
1727306196163 1.7108311653137207 9
1727306196197 1.9570319652557373 10
1727306196231 1.6601780652999878 11
1727306196266 1.782689094543457 12
1727306196301 1.6895004510879517 13
1727306196339 1.8304970264434814 14
1727306196375 1.4986112117767334 15
1727306196412 1.6448653936386108 16
1727306196447 1.8204188346862793 17
1727306196483 1.8737468719482422 18
1727306196519 1.746716022491455 19
1727306196556 1.5134848356246948 20
1727306196592 1.900723934173584 21
1727306196627 1.5590609312057495 22
1727306196664 1.8118808269500732 23
1727306196700 1.860093116760254 24
1727306196735 1.9265987873077393 25
1727306196772 1.9264804124832153 26
1727306196809 1.862713098526001 27
1727306196845 1.8966920375823975 28
1727306196881 1.970411777496338 29
1727306196917 1.9832161664962769 30
1727306196955 1.5720782279968262 31
1727306196994 1.6368041038513184 32
1727306197034 1.615640640258789 33
1727306197070 1.7660865783691406 34
1727306197105 1.7409980297088623 35
1727306197140 1.6813734769821167 36
1727306197175 1.549236536026001 37
1727306197211 1.8553576469421387 38
1727306197247 1.9782865047454834 39
1727306197282 1.6679567098617554 40
1727306197319 1.7469664812088013 41
1727306197356 1.811492681503296 42
1727306197392 1.7039613723754883 43
1727306197428 1.9123741388320923 44
1727306197464 1.7300028800964355 45
1727306197499 1.5232958793640137 46
1727306197536 1.9255493879318237 47
1727306197572 1.2192928791046143 48
1727306197610 1.7202324867248535 49
1727306197646 1.9823094606399536 50
1727306197682 1.8010845184326172 51
1727306197721 1.695339322090149 52
1727306197756 1.9699835777282715 53
1727306197793 1.660792350769043 54
1727306197830 1.891484260559082 55
1727306197866 1.66621732711792 56
1727306197901 1.9458975791931152 57
1727306197939 1.9622232913970947 58
1727306197975 1.646936297416687 59
1727306198011 1.7481845617294312 60
1727306198047 1.8385286331176758 61
1727306198083 1.8441112041473389 62
1727306198121 1.6336414813995361 63
1727306198159 1.5817269086837769 64
1727306198196 1.9963960647583008 65
1727306198233 1.7016315460205078 66
1727306198270 1.649529218673706 67
1727306198310 1.844033122062683 68
1727306198350 1.885332703590393 69
1727306198391 1.9896602630615234 70
1727306198425 1.912969708442688 71
1727306198460 0.5264701247215271 72
1727306198495 1.233194351196289 73
1727306198531 1.6247673034667969 74
1727306198566 1.8389208316802979 75
1727306198603 1.8991787433624268 76
1727306198639 1.678208589553833 77
1727306198675 1.9757757186889648 78
1727306198711 1.502704381942749 79
1727306198747 1.7561664581298828 80
1727306198782 1.7647554874420166 81
1727306198819 1.8469407558441162 82
1727306198855 1.8606173992156982 83
1727306198891 1.9331557750701904 84
1727306198927 1.9057815074920654 85
1727306198963 1.893157720565796 86
1727306198998 1.9313225746154785 87
1727306199035 1.3283188343048096 88
1727306199072 1.8294090032577515 89
1727306199109 1.95562744140625 90
1727306199145 1.7038005590438843 91
1727306199181 1.6575064659118652 92
1727306199217 1.4947898387908936 93
1727306199253 1.7813642024993896 94
1727306199289 1.9726678133010864 95
1727306199325 1.8665454387664795 96
1727306199363 1.9808826446533203 97
1727306199398 1.9565755128860474 98
1727306199435 1.583986759185791 99
1727306199472 1.6410596370697021 100
1727306199507 1.7714338302612305 101
1727306199542 1.777712345123291 102
1727306199578 1.5456337928771973 103
1727306199615 1.9722331762313843 104
1727306199651 1.8867875337600708 105
1727306199686 1.612552523612976 106
1727306199722 1.9818681478500366 107
1727306199757 1.777732014656067 108
1727306199792 1.9688600301742554 109
1727306199828 1.8905746936798096 110
1727306199864 1.5607564449310303 111
1727306199900 1.4325816631317139 112
1727306199937 1.9133520126342773 113
1727306199972 1.8924064636230469 114
1727306200008 1.858144998550415 115
1727306200045 1.2097513675689697 116
1727306200081 1.8996580839157104 117
1727306200116 1.893715500831604 118
1727306200152 1.9603493213653564 119
1727306200187 1.9930179119110107 120
1727306200225 1.7151025533676147 121
1727306200262 1.8329460620880127 122
1727306200298 1.9646300077438354 123
1727306200333 1.8470100164413452 124
1727306200369 1.9243665933609009 125
1727306200405 1.8112127780914307 126
1727306200441 1.814354419708252 127
1727306200476 1.838537573814392 128
1727306200511 1.707991600036621 129
1727306200547 1.577681541442871 130
1727306200583 1.8658092021942139 131
1727306200619 1.9217827320098877 132
1727306200654 1.8199114799499512 133
1727306200692 1.8633553981781006 134
1727306200729 1.6333518028259277 135
1727306200765 1.8364177942276 136
1727306200800 1.7791762351989746 137
1727306200836 1.7590477466583252 138
1727306200872 1.9542127847671509 139
1727306200909 1.6693248748779297 140
1727306200944 1.6952097415924072 141
1727306200980 1.6863856315612793 142
1727306201015 1.432581901550293 143
1727306201051 1.432581901550293 144
