1727302911005 1.959550142288208 0
1727302911040 1.7828700542449951 1
1727302911074 1.7552070617675781 2
1727302911108 1.8650398254394531 3
1727302911142 1.762408971786499 4
1727302911177 1.9257254600524902 5
1727302911211 1.9300578832626343 6
1727302911244 1.9521762132644653 7
1727302911279 1.9351646900177002 8
1727302911317 1.9219629764556885 9
1727302911358 1.8787527084350586 10
1727302911395 1.9407923221588135 11
1727302911430 1.9017558097839355 12
1727302911465 1.9512944221496582 13
1727302911501 1.7405316829681396 14
1727302911536 1.7843949794769287 15
1727302911572 1.7084425687789917 16
1727302911607 1.9537439346313477 17
1727302911642 1.4569356441497803 18
1727302911677 1.909569501876831 19
1727302911712 1.231752634048462 20
1727302911747 1.6306025981903076 21
1727302911782 1.9073357582092285 22
1727302911816 1.8259251117706299 23
1727302911851 1.4936716556549072 24
1727302911888 1.9145570993423462 25
1727302911923 1.9078577756881714 26
1727302911959 1.7896976470947266 27
1727302911994 1.8569210767745972 28
1727302912030 1.951310396194458 29
1727302912065 1.9053144454956055 30
1727302912101 1.6150473356246948 31
1727302912136 1.553114414215088 32
1727302912171 1.9065921306610107 33
1727302912207 1.599990963935852 34
1727302912243 1.9395689964294434 35
1727302912279 1.9921549558639526 36
1727302912317 1.7401447296142578 37
1727302912352 1.6573127508163452 38
1727302912387 1.980833649635315 39
1727302912421 1.8846651315689087 40
1727302912456 1.8822989463806152 41
1727302912491 1.884048581123352 42
1727302912526 1.6509015560150146 43
1727302912563 1.8510589599609375 44
1727302912603 1.904367446899414 45
1727302912639 1.7787071466445923 46
1727302912674 1.9507697820663452 47
1727302912709 1.5438997745513916 48
1727302912745 1.7888668775558472 49
1727302912781 1.6932435035705566 50
1727302912816 1.9657340049743652 51
1727302912852 1.9001544713974 52
1727302912888 1.9003390073776245 53
1727302912923 1.7989944219589233 54
1727302912958 1.9603033065795898 55
1727302912992 1.9949040412902832 56
1727302913027 1.8763792514801025 57
1727302913061 1.6610097885131836 58
1727302913095 1.6691484451293945 59
1727302913131 1.8336117267608643 60
1727302913167 1.7459291219711304 61
1727302913203 1.8449236154556274 62
1727302913239 1.945851445198059 63
1727302913275 1.9700195789337158 64
1727302913311 1.7950494289398193 65
1727302913347 1.9275315999984741 66
1727302913381 1.5637173652648926 67
1727302913417 1.8827204704284668 68
1727302913452 1.464873194694519 69
1727302913486 1.983322262763977 70
1727302913519 1.8095017671585083 71
1727302913553 1.7839314937591553 72
1727302913588 1.5783352851867676 73
1727302913622 1.9792371988296509 74
1727302913656 1.8914759159088135 75
1727302913690 1.8315762281417847 76
1727302913726 1.6502156257629395 77
1727302913762 1.942284107208252 78
1727302913797 1.9379117488861084 79
1727302913832 1.7871204614639282 80
1727302913866 1.9590905904769897 81
1727302913901 1.8684967756271362 82
1727302913936 1.6584049463272095 83
1727302913970 1.8705203533172607 84
1727302914005 1.9245518445968628 85
1727302914040 1.3425817489624023 86
1727302914075 1.837355375289917 87
1727302914110 1.7997373342514038 88
1727302914145 1.2826653718948364 89
1727302914180 1.6689856052398682 90
1727302914215 1.7665719985961914 91
1727302914251 1.8309448957443237 92
1727302914287 1.8500072956085205 93
1727302914324 1.9089231491088867 94
1727302914362 1.7425549030303955 95
1727302914398 1.8785510063171387 96
1727302914434 1.7611008882522583 97
1727302914469 1.3425817489624023 98
1727302914504 4.2995654325750365e-07 99
1727302914539 1.8524787425994873 100
1727302914573 1.6784594058990479 101
1727302914607 1.432581901550293 102
1727302914641 1.7669041156768799 103
1727302914676 1.9472434520721436 104
1727302914711 1.9835243225097656 105
1727302914746 1.4199283123016357 106
1727302914782 1.8589024543762207 107
1727302914817 1.8063764572143555 108
1727302914852 1.8537557125091553 109
1727302914888 1.8435267210006714 110
1727302914924 1.750536561012268 111
1727302914960 1.4821618795394897 112
1727302914995 1.432581901550293 113
1727302915032 1.8544514179229736 114
1727302915067 1.8409227132797241 115
1727302915103 1.9357807636260986 116
1727302915138 1.870298147201538 117
1727302915172 1.7818520069122314 118
1727302915207 1.3896796703338623 119
1727302915243 1.3896801471710205 120
1727302915278 1.941368818283081 121
1727302915313 1.8942822217941284 122
1727302915349 1.7441850900650024 123
1727302915384 1.9468436241149902 124
1727302915418 1.933368444442749 125
1727302915453 1.472724437713623 126
1727302915487 1.9917577505111694 127
1727302915521 1.8895065784454346 128
1727302915556 1.9033622741699219 129
1727302915591 1.923095703125 130
1727302915627 1.9566315412521362 131
1727302915663 1.8802211284637451 132
1727302915698 1.9593496322631836 133
1727302915733 1.7711598873138428 134
1727302915767 1.9281947612762451 135
1727302915801 1.7750284671783447 136
1727302915836 1.9348373413085938 137
1727302915871 1.923691749572754 138
1727302915906 1.9359312057495117 139
1727302915941 1.9167295694351196 140
1727302915975 1.8426648378372192 141
1727302916009 1.6069605350494385 142
1727302916043 1.8940998315811157 143
1727302916077 1.9574241638183594 144
1727302916114 1.9200420379638672 145
1727302916151 1.9129611253738403 146
1727302916187 1.9049692153930664 147
1727302916222 1.9010865688323975 148
1727302916256 1.9721627235412598 149
1727302916292 1.8495136499404907 150
1727302916328 1.9782392978668213 151
1727302916364 1.7435460090637207 152
1727302916402 1.7721089124679565 153
1727302916438 1.9141948223114014 154
1727302916473 1.442356824874878 155
1727302916508 1.5961443185806274 156
1727302916546 1.714243769645691 157
1727302916580 1.882936954498291 158
1727302916615 1.851339340209961 159
1727302916650 1.746301293373108 160
1727302916688 1.8323160409927368 161
1727302916722 1.6946358680725098 162
1727302916758 1.8307788372039795 163
1727302916793 1.4325816631317139 164
1727302916830 1.4325816631317139 165
