1726433973471 0.2946809232234955 0
1726433973518 0.41544583439826965 1
1726433973564 0.5539858937263489 2
1726433973613 0.0 3
1726433973659 0.01637023687362671 4
1726433973702 0.0 5
1726433973749 0.038556043058633804 6
1726433973792 0.0 7
1726433973842 0.04942074790596962 8
1726433973884 0.0 9
1726433973932 0.14106175303459167 10
1726433973979 0.5146284103393555 11
1726433974026 0.8978767991065979 12
1726433974069 0.25342896580696106 13
1726433974116 0.2541276812553406 14
1726433974157 0.0 15
1726433974198 0.12656112015247345 16
1726433974240 0.34459158778190613 17
1726433974282 0.38077715039253235 18
1726433974325 0.5840156674385071 19
1726433974367 0.5135380625724792 20
1726433974408 0.020307881757616997 21
1726433974450 0.2187700718641281 22
1726433974491 0.03188456594944 23
1726433974536 0.2489924430847168 24
1726433974579 0.2994568645954132 25
1726433974622 0.28642717003822327 26
1726433974666 0.4329884946346283 27
1726433974713 0.33021605014801025 28
1726433974761 0.2587568461894989 29
1726433974807 0.13864164054393768 30
1726433974858 0.0505586676299572 31
1726433974914 0.0 32
1726433974965 0.0054755848832428455 33
1726433975024 0.0003463239117991179 34
1726433975075 0.0 35
1726433975128 0.0 36
1726433975186 0.01772470958530903 37
1726433975238 0.008411141112446785 38
1726433975295 0.004627449903637171 39
1726433975360 0.07581040263175964 40
1726433975420 0.06114249303936958 41
1726433975478 0.12733644247055054 42
1726433975538 0.07724135369062424 43
1726433975596 0.0 44
1726433975658 0.0 45
1726433975717 0.1837761253118515 46
1726433975778 0.25178778171539307 47
1726433975832 0.1784534901380539 48
1726433975895 0.3166228234767914 49
1726433975958 0.05538587644696236 50
1726433976013 0.0 51
1726433976068 0.16159190237522125 52
1726433976135 0.18457555770874023 53
1726433976200 0.023104524239897728 54
1726433976261 0.056048180907964706 55
1726433976325 0.3151734471321106 56
1726433976378 0.0 57
1726433976434 0.05248992145061493 58
1726433976497 0.0 59
1726433976558 0.0 60
1726433976618 0.06650199741125107 61
1726433976686 0.22068405151367188 62
1726433976739 0.09055081009864807 63
1726433976800 0.0 64
1726433976859 0.030098209157586098 65
1726433976917 0.21012677252292633 66
1726433976983 0.1231817826628685 67
1726433977045 0.12129297852516174 68
1726433977107 0.10856986045837402 69
1726433977173 0.5264284610748291 70
1726433977231 2.18308162689209 71
1726433977299 0.8931562304496765 72
1726433977357 0.26946595311164856 73
1726433977421 0.20957708358764648 74
1726433977498 0.016644328832626343 75
1726433977560 0.05844832584261894 76
1726433977620 0.0017448555445298553 77
1726433977678 0.0 78
1726433977747 0.019221657887101173 79
1726433977809 0.019119318574666977 80
1726433977868 0.0 81
1726433977923 0.0592825822532177 82
1726433977984 0.0 83
1726433978045 0.0 84
1726433978108 0.05483633652329445 85
1726433978163 0.03271995484828949 86
1726433978219 0.026512496173381805 87
1726433978278 0.19861970841884613 88
1726433978337 0.2013557404279709 89
1726433978394 0.0 90
1726433978451 0.022445907816290855 91
1726433978520 0.0 92
1726433978580 0.07338030636310577 93
1726433978646 0.19179143011569977 94
1726433978705 0.07997877150774002 95
1726433978762 0.1925194263458252 96
1726433978829 0.0 97
1726433978909 0.0 98
1726433978971 0.012711185030639172 99
1726433979030 0.09608147293329239 100
1726433979086 0.058234501630067825 101
1726433979141 0.04250805079936981 102
1726433979206 0.17938923835754395 103
1726433979261 0.269168883562088 104
1726433979316 0.4010009765625 105
1726433979377 0.44019901752471924 106
1726433979437 0.0750255361199379 107
1726433979496 0.16687804460525513 108
1726433979559 0.13516223430633545 109
1726433979618 0.2195964902639389 110
1726433979679 0.06062185764312744 111
1726433979734 0.0 112
1726433979789 0.010243010707199574 113
1726433979849 0.008739783428609371 114
1726433979908 0.19070573151111603 115
1726433979965 0.16046765446662903 116
1726433980021 0.1927148848772049 117
1726433980082 0.3069441318511963 118
1726433980136 0.0 119
1726433980189 0.33755457401275635 120
1726433980249 0.0 121
1726433980315 0.06665753573179245 122
1726433980369 0.0 123
1726433980432 0.05675564706325531 124
1726433980495 0.016507452353835106 125
1726433980553 0.0 126
1726433980618 0.09318218380212784 127
1726433980676 0.0 128
1726433980734 0.09377814084291458 129
1726433980794 0.032827917486429214 130
1726433980851 0.24774016439914703 131
1726433980909 0.27199891209602356 132
1726433980971 0.0024154067505151033 133
1726433981033 0.1994740217924118 134
1726433981096 0.07607236504554749 135
1726433981159 0.4218306243419647 136
1726433981216 0.38626790046691895 137
1726433981278 0.4392812252044678 138
1726433981336 0.07096637785434723 139
1726433981397 0.0 140
1726433981457 0.02399406023323536 141
1726433981523 0.0 142
1726433981584 0.0 143
1726433981649 0.0012807584134861827 144
1726433981715 0.015592548064887524 145
1726433981771 0.0 146
1726433981831 0.0 147
1726433981897 0.0 148
1726433981957 0.12212740629911423 149
1726433982022 0.13632847368717194 150
1726433982088 0.1232776865363121 151
1726433982147 0.0 152
1726433982210 0.0 153
1726433982277 0.008610314689576626 154
1726433982340 0.30583223700523376 155
1726433982399 0.09464805573225021 156
1726433982455 0.2357422113418579 157
1726433982515 0.10253820568323135 158
1726433982576 0.10528820753097534 159
1726433982639 0.0 160
1726433982692 0.09549038857221603 161
1726433982751 0.08867860585451126 162
1726433982809 0.06459907442331314 163
1726433982870 0.0 164
1726433982925 0.03867043927311897 165
1726433982985 0.0 166
1726433983059 0.0 167
1726433983116 0.025960994884371758 168
1726433983174 0.09688644856214523 169
1726433983238 0.242154061794281 170
1726433983295 0.011228803545236588 171
1726433983365 0.04542884603142738 172
1726433983419 0.0371609665453434 173
1726433983467 0.08937562257051468 174
1726433983519 0.25798848271369934 175
1726433983564 0.002451971871778369 176
1726433983608 0.07558742165565491 177
1726433983654 0.08975645154714584 178
1726433983702 0.06400410830974579 179
1726433983753 0.04668339714407921 180
1726433983798 0.06318128854036331 181
1726433983842 0.08516380935907364 182
1726433983887 0.365935355424881 183
1726433983932 0.3276378810405731 184
1726433983978 0.011723845265805721 185
1726433984020 0.0 186
1726433984064 0.0 187
1726433984112 0.25284501910209656 188
1726433984156 0.37970271706581116 189
1726433984199 1.0845624208450317 190
1726433984243 0.16007573902606964 191
1726433984294 0.04496965929865837 192
1726433984354 0.29695767164230347 193
1726433984407 0.23557384312152863 194
1726433984452 0.41139283776283264 195
1726433984499 0.4193485677242279 196
1726433984548 0.07200069725513458 197
1726433984609 0.0 198
1726433984658 0.0 199
1726433984704 0.02511274814605713 200
1726433984746 0.0 201
1726433984792 0.0 202
1726433984842 0.0007752844248898327 203
1726433984895 0.051610540598630905 204
1726433984947 0.16145536303520203 205
1726433984992 0.17239277064800262 206
1726433985035 0.26998409628868103 207
1726433985077 0.5577237606048584 208
1726433985123 0.036040760576725006 209
1726433985165 0.0 210
1726433985210 0.006601037457585335 211
1726433985253 0.02432350069284439 212
1726433985298 0.06376723200082779 213
1726433985343 0.04713556542992592 214
1726433985388 0.02789822220802307 215
1726433985432 0.0 216
1726433985479 0.07811912894248962 217
1726433985522 0.06741315126419067 218
1726433985567 0.22051244974136353 219
1726433985618 0.17804907262325287 220
1726433985660 0.031049547716975212 221
1726433985703 0.06300458312034607 222
1726433985748 0.19788718223571777 223
1726433985794 0.10174147039651871 224
1726433985841 0.0 225
1726433985889 0.0 226
1726433985933 0.06885754317045212 227
1726433985978 0.0 228
1726433986021 0.0899273082613945 229
1726433986065 0.1323072463274002 230
1726433986110 0.0 231
1726433986157 0.04729095473885536 232
1726433986200 0.0 233
1726433986243 0.007302619982510805 234
1726433986286 0.045303866267204285 235
1726433986327 0.0 236
1726433986371 0.0 237
1726433986412 0.04453328624367714 238
1726433986457 0.0 239
1726433986503 0.0749160647392273 240
1726433986548 0.0 241
1726433986593 0.054875124245882034 242
1726433986642 0.3851437568664551 243
1726433986688 0.22609257698059082 244
1726433986734 0.03225149214267731 245
1726433986780 0.05413608253002167 246
1726433986828 0.028928691521286964 247
1726433986873 0.06308519095182419 248
1726433986919 0.0 249
1726433986963 0.0 250
1726433987006 0.0 251
1726433987049 0.0 252
1726433987094 0.0 253
1726433987138 0.0 254
1726433987183 0.11748699098825455 255
1726433987228 0.008252124302089214 256
1726433987270 0.0 257
1726433987312 0.08294668048620224 258
1726433987355 0.0 259
1726433987397 0.0006043226458132267 260
1726433987440 0.0951995775103569 261
1726433987482 0.09041932970285416 262
1726433987524 0.15696944296360016 263
1726433987568 0.0 264
1726433987610 0.05609893426299095 265
1726433987653 0.04099706932902336 266
1726433987700 0.027798505499958992 267
1726433987754 0.31102481484413147 268
1726433987802 0.2267574518918991 269
1726433987847 0.12941475212574005 270
1726433987889 0.0 271
1726433987932 0.004418682772666216 272
1726433987974 0.0011629260843619704 273
1726433988016 0.0 274
1726433988057 0.0716995820403099 275
1726433988099 0.06698974221944809 276
1726433988142 0.05662019923329353 277
1726433988187 0.0 278
1726433988232 0.13460437953472137 279
1726433988277 0.2004546970129013 280
1726433988322 0.0 281
1726433988368 0.0 282
1726433988415 0.03300156071782112 283
1726433988464 0.1143275797367096 284
1726433988517 0.04425473138689995 285
1726433988558 0.004095819778740406 286
1726433988602 0.0 287
1726433988646 0.0 288
1726433988689 0.1025034487247467 289
1726433988731 0.16133637726306915 290
1726433988772 0.11786714941263199 291
1726433988814 0.12787795066833496 292
1726433988856 0.12251707166433334 293
1726433988903 0.0 294
1726433988959 0.06698201596736908 295
1726433989019 0.0 296
1726433989077 0.07975351810455322 297
1726433989139 0.09332216531038284 298
1726433989197 0.13422264158725739 299
1726433989267 0.05237412452697754 300
1726433989322 0.03672213479876518 301
1726433989375 0.0 302
1726433989427 0.0 303
1726433989480 0.0 304
1726433989534 0.0 305
1726433989589 0.0 306
1726433989656 0.0 307
1726433989709 0.0 308
1726433989783 0.0 309
1726433989865 0.0 310
1726433989927 0.0 311
1726433989992 0.0 312
1726433990065 0.05801604315638542 313
1726433990143 0.04652874544262886 314
1726433990223 0.044094059616327286 315
1726433990303 0.051728714257478714 316
1726433990374 0.033698905259370804 317
1726433990446 0.080507293343544 318
1726433990513 0.1782793402671814 319
1726433990581 0.051533956080675125 320
1726433990647 0.054719746112823486 321
1726433990706 0.047649938613176346 322
1726433990769 0.01975688524544239 323
1726433990846 0.0 324
1726433990919 0.0360366590321064 325
1726433990985 0.0 326
1726433991051 0.0 327
1726433991110 0.030245328322052956 328
1726433991170 0.0 329
1726433991232 0.0 330
1726433991298 0.019242241978645325 331
1726433991367 0.007132236380130053 332
1726433991430 0.0 333
1726433991502 0.0 334
1726433991561 0.024229111149907112 335
1726433991624 0.08216016739606857 336
1726433991689 0.0 337
1726433991754 0.01897343061864376 338
1726433991812 0.0 339
1726433991868 0.0 340
1726433991930 0.0 341
1726433991990 0.0 342
1726433992051 0.0 343
1726433992110 0.0 344
1726433992172 0.0 345
1726433992238 0.0 346
1726433992298 0.1478385180234909 347
1726433992361 0.25627464056015015 348
1726433992420 0.08832556009292603 349
1726433992489 0.0038663193117827177 350
1726433992549 0.0 351
1726433992608 0.17614729702472687 352
1726433992670 0.13290178775787354 353
1726433992725 0.0 354
1726433992779 0.0 355
1726433992839 0.09597159177064896 356
1726433992901 0.13093067705631256 357
1726433992962 0.0032882217783480883 358
1726433993018 0.11776258796453476 359
1726433993083 0.0522901825606823 360
1726433993158 0.05016857013106346 361
1726433993234 0.16154645383358002 362
1726433993305 0.0 363
1726433993368 0.0 364
1726433993427 0.0 365
1726433993487 0.0 366
1726433993545 0.0 367
1726433993610 0.04946373030543327 368
1726433993669 0.14278735220432281 369
1726433993725 0.07432001084089279 370
1726433993783 0.0378088541328907 371
1726433993842 0.04315299913287163 372
1726433993910 0.18065810203552246 373
1726433993969 0.010831316001713276 374
1726433994025 0.03691491112112999 375
1726433994090 0.009201298467814922 376
1726433994159 0.0 377
1726433994216 0.0 378
1726433994288 0.0 379
1726433994344 0.1741974800825119 380
1726433994404 0.0 381
1726433994465 0.0 382
1726433994529 0.022910548374056816 383
1726433994598 0.0288070160895586 384
1726433994659 0.18189209699630737 385
1726433994720 0.02423798106610775 386
1726433994781 0.2070453017950058 387
1726433994844 0.0 388
1726433994906 0.0 389
1726433994962 0.0 390
1726433995029 0.34628748893737793 391
1726433995094 0.10464217513799667 392
1726433995153 0.33768323063850403 393
1726433995214 0.01242139469832182 394
1726433995273 0.0 395
1726433995341 0.17942337691783905 396
1726433995417 0.12324973195791245 397
1726433995478 0.0767020732164383 398
1726433995539 0.0 399
1726433995622 0.0 400
1726433995687 0.0 401
1726433995754 0.0 402
1726433995821 0.0 403
1726433995878 0.0 404
1726433995936 0.0 405
1726433995994 0.0 406
1726433996063 0.0 407
1726433996120 0.042024221271276474 408
1726433996178 0.023339353501796722 409
1726433996237 0.0 410
1726433996307 0.0 411
1726433996365 0.0 412
1726433996425 0.0 413
1726433996480 0.0 414
1726433996539 0.0 415
1726433996601 0.0 416
1726433996665 0.04559275507926941 417
1726433996725 0.011184030212461948 418
1726433996781 0.0 419
1726433996843 0.08163390308618546 420
1726433996909 0.15867947041988373 421
1726433996981 0.1310155689716339 422
1726433997050 0.0 423
1726433997113 0.0 424
1726433997174 0.0 425
1726433997241 0.0 426
1726433997300 0.0 427
1726433997364 0.05312235653400421 428
1726433997438 0.07148575037717819 429
1726433997510 0.026497460901737213 430
1726433997570 0.007083382923156023 431
1726433997637 0.0 432
1726433997704 0.0 433
1726433997762 0.0 434
1726433997828 0.0 435
1726433997891 0.03715181350708008 436
1726433997954 0.036349061876535416 437
1726433998020 0.03616489842534065 438
1726433998085 0.05757761374115944 439
1726433998154 0.10957825928926468 440
1726433998217 0.09691495448350906 441
1726433998282 0.07673101127147675 442
1726433998347 0.0025647750589996576 443
1726433998411 0.0 444
1726433998467 0.0 445
1726433998521 0.0 446
1726433998571 0.0 447
1726433998623 0.0 448
1726433998678 0.0 449
1726433998740 0.03016342967748642 450
1726433998789 0.019569123163819313 451
1726433998855 0.0 452
1726433998904 0.036365967243909836 453
1726433998948 0.034407101571559906 454
1726433998995 0.0 455
1726433999044 0.0 456
1726433999105 0.0 457
1726433999157 0.0 458
1726433999205 0.0 459
1726433999256 0.0 460
1726433999303 0.0 461
1726433999349 0.08451032638549805 462
1726433999395 0.05410810932517052 463
1726433999440 0.03721347823739052 464
1726433999484 0.017021797597408295 465
1726433999528 0.04761120304465294 466
1726433999571 0.005208764690905809 467
1726433999618 0.0 468
1726433999668 0.0 469
1726433999718 0.0 470
1726433999767 0.0 471
1726433999814 0.0 472
1726433999862 0.020437268540263176 473
1726433999909 0.007397920358926058 474
1726433999959 0.1393265575170517 475
1726434000006 0.0 476
1726434000053 0.0 477
1726434000101 0.0 478
1726434000146 0.0 479
1726434000194 0.0 480
1726434000249 0.03684722259640694 481
1726434000293 0.12708373367786407 482
1726434000337 0.0 483
1726434000390 0.0 484
1726434000438 0.0 485
1726434000491 0.0 486
1726434000546 0.0 487
1726434000608 0.02431931160390377 488
1726434000664 0.0 489
1726434000719 0.0 490
1726434000768 0.0 491
1726434000817 0.0 492
1726434000862 0.0 493
1726434000908 0.0 494
1726434000960 0.0 495
1726434001004 0.0054611642844974995 496
1726434001049 0.020951153710484505 497
1726434001092 0.00971759483218193 498
1726434001135 0.0 499
1726434001178 0.039150141179561615 500
1726434001223 0.05834123492240906 501
1726434001266 0.0 502
1726434001310 0.0 503
1726434001353 0.0 504
1726434001397 0.0 505
1726434001440 0.0 506
1726434001482 0.0 507
1726434001526 0.0 508
1726434001569 0.0 509
1726434001616 0.0 510
1726434001661 0.0 511
1726434001707 0.0 512
1726434001752 0.0 513
1726434001810 0.0 514
1726434001866 0.0 515
1726434001917 0.0 516
1726434001976 0.0 517
1726434002042 0.0 518
1726434002113 0.0 519
1726434002177 0.0 520
1726434002234 0.07161716371774673 521
1726434002289 0.0 522
1726434002363 0.0 523
1726434002435 0.0 524
1726434002507 0.07286738604307175 525
1726434002572 0.0739588737487793 526
1726434002631 0.09370744228363037 527
1726434002702 0.13414384424686432 528
1726434002770 0.0 529
1726434002826 0.0 530
1726434002891 0.0 531
1726434002954 0.0 532
1726434003012 0.019521277397871017 533
1726434003077 0.14111757278442383 534
1726434003139 0.0 535
1726434003209 0.0 536
1726434003264 0.0 537
1726434003330 0.0 538
1726434003410 0.06372933834791183 539
1726434003491 0.0 540
1726434003564 0.0 541
1726434003625 0.05035509169101715 542
1726434003685 0.03229837492108345 543
1726434003753 0.0 544
1726434003817 0.0 545
1726434003876 0.0 546
1726434003946 0.0 547
1726434004014 0.0 548
1726434004088 0.0 549
1726434004150 0.0 550
1726434004213 0.0 551
1726434004280 0.0 552
1726434004343 0.0 553
1726434004409 0.03779970854520798 554
1726434004468 0.04711754992604256 555
1726434004525 0.0011244287015870214 556
1726434004575 0.0 557
1726434004633 0.0 558
1726434004686 0.0 559
1726434004738 0.0 560
1726434004787 0.035812269896268845 561
1726434004835 0.08568435907363892 562
1726434004885 0.0 563
1726434004941 0.03273260220885277 564
1726434004998 0.0 565
1726434005052 0.0 566
1726434005109 0.0 567
1726434005162 0.0 568
1726434005215 0.0 569
1726434005267 0.0 570
1726434005321 0.0 571
1726434005386 0.0 572
1726434005452 0.0 573
1726434005513 0.0 574
1726434005573 0.0 575
1726434005633 0.0 576
1726434005696 0.0 577
1726434005755 0.05695284903049469 578
1726434005818 0.0 579
1726434005875 0.0 580
1726434005934 0.0 581
1726434005993 0.0 582
1726434006052 0.0 583
1726434006116 0.0 584
1726434006177 0.0 585
1726434006239 0.0 586
1726434006309 0.0 587
1726434006377 0.0 588
1726434006445 0.0 589
1726434006512 0.0 590
1726434006577 0.0 591
1726434006639 0.0016920723719522357 592
1726434006703 0.0 593
1726434006756 0.0 594
1726434006812 0.0 595
1726434006869 0.025166546925902367 596
1726434006928 0.0 597
1726434006984 0.0 598
1726434007036 0.0 599
1726434007090 0.0 600
1726434007145 0.0 601
1726434007205 0.0 602
1726434007268 0.0 603
1726434007326 0.0 604
1726434007390 0.0 605
1726434007452 0.0 606
1726434007515 0.0 607
1726434007575 0.0 608
1726434007631 0.0 609
1726434007689 0.0 610
1726434007749 0.0 611
1726434007805 0.0 612
1726434007861 0.0 613
1726434007915 0.0 614
1726434007978 0.0 615
1726434008038 0.0 616
1726434008092 0.0 617
1726434008155 0.0 618
1726434008212 0.0 619
1726434008269 0.0 620
1726434008331 0.0 621
1726434008392 0.0 622
1726434008450 0.0 623
1726434008510 0.0 624
1726434008573 0.0 625
1726434008628 0.0 626
1726434008687 0.0 627
1726434008747 0.0 628
1726434008814 0.0 629
1726434008874 0.0 630
1726434008932 0.0 631
1726434008994 0.0 632
1726434009053 0.0 633
1726434009112 0.0 634
1726434009170 0.0 635
1726434009225 0.0 636
1726434009277 0.0 637
1726434009334 0.0060871741734445095 638
1726434009388 0.0 639
1726434009443 0.0 640
1726434009496 0.0 641
1726434009550 0.0 642
1726434009611 0.0 643
1726434009667 0.0 644
1726434009722 0.0 645
1726434009781 0.0 646
1726434009844 0.0 647
1726434009902 0.0 648
1726434009960 0.0 649
1726434010014 0.0 650
1726434010074 0.0 651
1726434010130 0.0 652
1726434010188 0.0 653
1726434010243 0.045497749000787735 654
1726434010300 0.01118024904280901 655
1726434010354 0.0 656
1726434010415 0.0 657
1726434010485 0.0 658
1726434010545 0.0 659
1726434010603 0.0 660
1726434010663 0.0 661
1726434010717 0.0 662
1726434010778 0.0 663
1726434010841 0.0 664
1726434010895 0.0 665
1726434010960 0.0 666
1726434011019 0.0 667
1726434011083 0.0 668
1726434011146 0.0 669
1726434011206 0.0 670
1726434011261 0.0 671
1726434011328 0.014120291918516159 672
1726434011386 0.0 673
1726434011453 0.0 674
1726434011515 0.0 675
1726434011571 0.0 676
1726434011635 0.0 677
1726434011693 0.0 678
1726434011755 0.0 679
1726434011813 0.0 680
1726434011883 0.0 681
1726434011950 0.0 682
1726434012015 0.0 683
1726434012075 0.0 684
1726434012133 0.0 685
1726434012195 0.0 686
1726434012252 0.0 687
1726434012312 0.0 688
1726434012382 0.0 689
1726434012447 0.0 690
1726434012504 0.0 691
1726434012564 0.0 692
1726434012624 0.0 693
1726434012712 0.0 694
1726434012772 0.0 695
1726434012838 0.0 696
1726434012901 0.0 697
1726434012966 0.0 698
1726434013022 0.0 699
1726434013074 0.0 700
1726434013128 0.0 701
1726434013178 0.0 702
1726434013227 0.0 703
1726434013275 0.0 704
1726434013321 0.0 705
1726434013368 0.0 706
1726434013416 0.0 707
1726434013463 0.0 708
1726434013509 0.0 709
1726434013555 0.0 710
1726434013600 0.0 711
1726434013649 0.0 712
1726434013700 0.0 713
1726434013745 0.0 714
1726434013796 0.0 715
1726434013844 0.0 716
1726434013887 0.0 717
1726434013934 0.0 718
1726434013986 0.0 719
