1726237572061 0.0 0
1726237572102 0.0 1
1726237572145 0.0 2
1726237572187 0.0 3
1726237572229 0.0 4
1726237572271 0.0 5
1726237572313 0.0 6
1726237572355 0.0 7
1726237572397 0.0 8
1726237572439 0.0 9
1726237572480 0.0 10
1726237572524 0.0 11
1726237572566 0.0 12
1726237572607 0.0 13
1726237572648 0.0 14
1726237572690 0.0 15
1726237572730 0.0 16
1726237572770 0.0 17
1726237572812 0.0 18
1726237572853 0.0 19
1726237572893 0.0 20
1726237572934 0.0 21
1726237572974 0.0 22
1726237573017 0.0 23
1726237573063 0.0 24
1726237573109 0.0 25
1726237573148 0.0 26
1726237573189 0.0 27
1726237573228 0.0 28
1726237573272 0.0 29
1726237573312 0.0 30
1726237573353 0.0 31
1726237573393 0.0 32
1726237573435 0.0 33
1726237573476 0.0 34
1726237573516 0.0 35
1726237573557 0.0 36
1726237573597 0.0 37
1726237573639 0.0 38
1726237573682 0.0 39
1726237573722 0.0 40
1726237573763 0.0 41
1726237573803 0.0 42
1726237573842 0.0 43
1726237573885 0.0 44
1726237573927 0.0 45
1726237573967 0.0 46
1726237574007 0.0 47
1726237574049 0.0 48
1726237574090 0.0 49
1726237574131 0.0 50
1726237574169 0.0 51
1726237574208 0.0 52
1726237574250 0.0 53
1726237574292 0.0 54
1726237574331 0.0 55
1726237574371 0.0 56
1726237574410 0.0 57
1726237574453 0.0 58
1726237574495 0.0 59
1726237574538 0.0 60
1726237574583 0.0 61
1726237574624 0.0 62
1726237574665 0.0 63
1726237574717 0.0 64
1726237574768 0.0 65
1726237574820 0.0 66
1726237574864 0.0 67
1726237574907 0.0 68
1726237574949 0.0 69
1726237574989 0.0 70
1726237575030 0.0 71
1726237575071 0.0 72
1726237575110 0.0 73
1726237575153 0.0 74
1726237575197 0.0 75
1726237575240 0.0 76
1726237575283 0.0 77
1726237575325 0.0 78
1726237575367 0.0 79
1726237575408 0.0 80
1726237575451 0.0 81
1726237575494 0.0 82
1726237575550 0.0 83
1726237575591 0.0 84
1726237575634 0.0 85
1726237575677 0.0 86
1726237575718 0.0 87
1726237575759 0.0 88
1726237575801 0.0 89
1726237575842 0.0 90
1726237575884 0.0 91
1726237575925 0.0 92
1726237575969 0.0 93
1726237576010 0.0 94
1726237576054 0.0 95
1726237576095 0.0 96
1726237576136 0.0 97
1726237576179 0.0 98
1726237576225 0.0 99
1726237576286 0.0 100
1726237576347 0.0 101
1726237576410 0.0 102
1726237576471 0.0 103
1726237576522 0.0 104
1726237576569 0.0 105
1726237576609 0.0 106
1726237576649 0.0 107
1726237576691 0.0 108
1726237576730 0.0 109
1726237576771 0.0 110
1726237576810 0.0 111
1726237576849 0.0 112
1726237576889 0.0 113
1726237576929 0.0 114
1726237576971 0.0 115
1726237577010 0.0 116
1726237577050 0.0 117
1726237577091 0.0 118
1726237577131 0.0 119
1726237577171 0.0 120
1726237577213 0.0 121
1726237577254 0.0 122
1726237577294 0.0 123
1726237577335 0.0 124
1726237577376 0.0 125
1726237577419 0.0 126
1726237577468 0.0 127
1726237577520 0.0 128
1726237577570 0.0 129
1726237577611 0.0 130
1726237577649 0.0 131
1726237577689 0.0 132
1726237577731 0.0 133
1726237577771 0.0 134
1726237577810 0.0 135
1726237577851 0.0 136
1726237577896 0.0 137
1726237577938 0.0 138
1726237577979 0.0 139
1726237578021 0.0 140
1726237578066 0.0 141
1726237578107 0.0 142
1726237578149 0.0 143
1726237578191 0.0 144
1726237578232 0.0 145
1726237578273 0.0 146
1726237578327 0.0 147
1726237578377 0.0 148
1726237578427 0.0 149
1726237578477 0.0 150
1726237578528 0.0 151
1726237578582 0.0 152
1726237578654 0.0 153
1726237578713 0.0 154
1726237578764 0.0 155
1726237578815 0.0 156
1726237578868 0.0 157
1726237578921 0.0 158
1726237578980 0.0 159
1726237579037 0.0 160
1726237579090 0.0 161
1726237579142 0.0 162
1726237579205 0.0 163
1726237579259 0.0 164
1726237579312 0.0 165
1726237579364 0.0 166
1726237579417 0.0 167
1726237579468 0.0 168
1726237579520 0.0 169
1726237579578 0.0 170
1726237579635 0.0 171
1726237579685 0.0 172
1726237579733 0.0 173
1726237579780 0.0 174
1726237579825 0.0 175
1726237579871 0.0 176
1726237579916 0.0 177
1726237579961 0.0 178
1726237580013 0.0 179
1726237580063 0.0 180
1726237580105 0.0 181
1726237580146 0.0 182
1726237580189 0.0 183
1726237580233 0.0 184
1726237580279 0.0 185
1726237580332 0.0 186
1726237580384 0.0 187
1726237580429 0.0 188
1726237580477 0.0 189
1726237580520 0.0 190
1726237580562 0.0 191
1726237580605 0.0 192
1726237580646 0.0 193
1726237580688 0.0 194
1726237580730 0.0 195
1726237580771 0.0 196
1726237580812 0.0 197
1726237580854 0.0 198
1726237580896 0.0 199
1726237580937 0.0 200
1726237580979 0.0 201
1726237581023 0.0 202
1726237581065 0.0 203
1726237581107 0.0 204
1726237581149 0.0 205
1726237581191 0.0 206
1726237581234 0.0 207
1726237581279 0.0 208
1726237581324 0.0 209
1726237581367 0.0 210
1726237581410 0.0 211
1726237581452 0.0 212
1726237581495 0.0 213
1726237581537 0.0 214
1726237581579 0.0 215
1726237581621 0.0 216
1726237581663 0.0 217
1726237581706 0.0 218
1726237581752 0.0 219
1726237581794 0.0 220
1726237581836 0.0 221
1726237581877 0.0 222
1726237581919 0.0 223
1726237581962 0.0 224
1726237582011 0.0 225
1726237582058 0.0 226
1726237582105 0.0 227
1726237582158 0.0 228
1726237582207 0.0 229
1726237582257 0.0 230
1726237582300 0.0 231
1726237582344 0.0 232
1726237582388 0.0 233
1726237582433 0.0 234
1726237582480 0.0 235
1726237582542 0.0 236
1726237582588 0.0 237
1726237582630 0.0 238
1726237582669 0.0 239
1726237582709 0.0 240
1726237582749 0.0 241
1726237582790 0.0 242
1726237582833 0.0 243
1726237582876 0.0 244
1726237582918 0.0 245
1726237582958 0.0 246
1726237583001 0.0 247
1726237583041 0.0 248
1726237583081 0.0 249
1726237583122 0.0 250
1726237583162 0.0 251
1726237583203 0.0 252
1726237583244 0.0 253
1726237583286 0.0 254
1726237583329 0.0 255
1726237583376 0.0 256
1726237583418 0.0 257
1726237583459 0.0 258
1726237583499 0.0 259
1726237583539 0.0 260
1726237583582 0.0 261
1726237583643 0.0 262
1726237583692 0.0 263
1726237583737 0.0 264
1726237583782 0.0 265
1726237583830 0.0 266
1726237583877 0.0 267
1726237583919 0.0 268
1726237583962 0.0 269
1726237584003 0.0 270
1726237584044 0.0 271
1726237584085 0.0 272
1726237584126 0.0 273
1726237584168 0.0 274
1726237584216 0.0 275
1726237584261 0.0 276
1726237584302 0.0 277
1726237584343 0.0 278
1726237584385 0.0 279
1726237584428 0.0 280
1726237584469 0.0 281
1726237584513 0.0 282
1726237584556 0.0 283
1726237584599 0.0 284
1726237584643 0.0 285
1726237584684 0.0 286
1726237584726 0.0 287
1726237584770 0.0 288
1726237584811 0.0 289
1726237584853 0.0 290
1726237584897 0.0 291
1726237584943 0.0 292
1726237584993 0.0 293
1726237585037 0.0 294
1726237585079 0.0 295
1726237585118 0.0 296
1726237585158 0.0 297
1726237585198 0.0 298
1726237585238 0.0 299
1726237585280 0.0 300
1726237585320 0.0 301
1726237585361 0.0 302
1726237585431 0.0 303
1726237585473 0.0 304
1726237585517 0.0 305
1726237585559 0.0 306
1726237585602 0.0 307
1726237585643 0.0 308
1726237585686 0.0 309
1726237585727 0.0 310
1726237585768 0.0 311
1726237585810 0.0 312
1726237585853 0.0 313
1726237585899 0.0 314
1726237585941 0.0 315
1726237585983 0.0 316
1726237586025 0.0 317
1726237586066 0.0 318
1726237586107 0.0 319
1726237586150 0.0 320
1726237586191 0.0 321
1726237586233 0.0 322
1726237586276 0.0 323
1726237586318 0.0 324
1726237586361 0.0 325
1726237586407 0.0 326
1726237586450 0.0 327
1726237586493 0.0 328
1726237586542 0.0 329
1726237586586 0.0 330
1726237586630 0.0 331
1726237586679 0.0 332
1726237586721 0.0 333
1726237586765 0.0 334
1726237586809 0.0 335
1726237586856 0.0 336
1726237586901 0.0 337
