1727275975425 1.7380399703979492 0
1727275975514 -0.0 1
1727275975604 0.022580860182642937 2
1727275975694 0.132706418633461 3
1727275975785 0.055831294506788254 4
1727275975878 0.11427807807922363 5
1727275975968 0.027565550059080124 6
1727275976059 0.0677565336227417 7
1727275976148 0.09667502343654633 8
1727275976237 0.04443860799074173 9
1727275976326 0.23813211917877197 10
1727275976414 0.08032968640327454 11
1727275976502 0.08442969620227814 12
1727275976590 0.043519526720047 13
1727275976681 0.2510389983654022 14
1727275976770 0.04934728518128395 15
1727275976859 0.028642911463975906 16
1727275976956 0.15055224299430847 17
1727275977066 0.05920511111617088 18
1727275977180 -0.0 19
1727275977298 0.089087575674057 20
1727275977415 0.07921019196510315 21
1727275977533 0.042745430022478104 22
1727275977678 0.07622293382883072 23
1727275977812 0.06042502447962761 24
1727275977927 0.0029936644714325666 25
1727275978039 9.775490639185591e-08 26
1727275978148 0.024332623928785324 27
1727275978249 0.16650144755840302 28
1727275978346 0.018728412687778473 29
1727275978439 0.006841140333563089 30
1727275978531 0.49545496702194214 31
1727275978623 0.10673856735229492 32
1727275978713 0.1007235199213028 33
1727275978804 0.012111399322748184 34
1727275978896 0.041505079716444016 35
1727275978986 0.0029349711257964373 36
1727275979077 -0.0 37
1727275979167 0.07714322954416275 38
1727275979256 -0.0 39
1727275979346 0.10481896251440048 40
1727275979435 0.0961475521326065 41
1727275979527 0.026084600016474724 42
1727275979616 -0.0 43
1727275979705 -0.0 44
1727275979796 0.14939862489700317 45
1727275979885 0.14044061303138733 46
1727275979974 0.06320710480213165 47
1727275980065 -0.0 48
1727275980154 0.06296379119157791 49
1727275980246 0.11467283964157104 50
1727275980336 0.05821913108229637 51
1727275980426 0.20364320278167725 52
1727275980514 0.081581249833107 53
1727275980604 0.04161832854151726 54
1727275980693 0.124331034719944 55
1727275980781 0.05080494284629822 56
1727275980870 0.1764983832836151 57
1727275980959 -0.0 58
1727275981048 0.015424283221364021 59
1727275981137 0.11131664365530014 60
1727275981225 0.00405473168939352 61
1727275981314 0.047074515372514725 62
1727275981403 -0.0 63
1727275981492 0.09424461424350739 64
1727275981581 0.250883013010025 65
1727275981670 -2.2753305017886305e-08 66
1727275981760 0.05581149458885193 67
1727275981853 0.054974813014268875 68
1727275981942 0.04369526356458664 69
1727275982032 0.08081290125846863 70
1727275982121 0.1936357617378235 71
1727275982210 0.05497178062796593 72
1727275982300 0.018885929137468338 73
1727275982389 0.1010608822107315 74
1727275982478 0.09777017682790756 75
1727275982567 0.14000169932842255 76
1727275982656 -0.0 77
1727275982745 0.059562332928180695 78
1727275982834 0.038643497973680496 79
1727275982924 0.0066209533251821995 80
1727275983012 -0.0 81
1727275983101 0.025360140949487686 82
1727275983190 -0.0 83
1727275983279 -0.0 84
1727275983368 0.14067770540714264 85
1727275983457 0.07604686915874481 86
1727275983547 0.0469018779695034 87
1727275983637 -0.0 88
1727275983726 0.05648446083068848 89
1727275983815 0.11855823546648026 90
1727275983904 0.13246366381645203 91
1727275983993 0.059361785650253296 92
1727275984083 0.3642590343952179 93
1727275984172 0.02022348903119564 94
1727275984261 0.18124836683273315 95
1727275984350 0.16743645071983337 96
1727275984439 0.1456911414861679 97
1727275984528 -0.0 98
1727275984617 0.17924946546554565 99
1727275984708 -0.0 100
1727275984798 -0.0 101
1727275984889 0.01396974828094244 102
1727275984979 0.16316619515419006 103
1727275985072 0.14691966772079468 104
1727275985165 0.03762459754943848 105
1727275985254 -0.0 106
1727275985351 0.06432615220546722 107
1727275985445 -0.0 108
1727275985534 0.05317429453134537 109
1727275985624 0.018260067328810692 110
1727275985715 0.027876604348421097 111
1727275985807 0.0947171002626419 112
1727275985897 0.050405751913785934 113
1727275985992 -0.0 114
1727275986085 -0.0 115
1727275986175 0.13352353870868683 116
1727275986265 0.008740774355828762 117
1727275986355 0.11295794695615768 118
1727275986445 -0.0 119
1727275986540 0.05423511564731598 120
1727275986629 -0.0 121
1727275986719 -0.0 122
1727275986810 -0.0 123
1727275986899 -0.0 124
1727275986989 0.11637488007545471 125
1727275987084 0.01710548996925354 126
1727275987173 0.03328020125627518 127
1727275987263 0.19691544771194458 128
1727275987354 0.09030013531446457 129
1727275987445 0.04313778504729271 130
1727275987535 0.00998980738222599 131
1727275987626 -0.0 132
1727275987714 0.09443681687116623 133
1727275987803 0.044124066829681396 134
1727275987891 0.0594894103705883 135
1727275987979 0.24338465929031372 136
1727275988069 0.04796864464879036 137
1727275988157 0.060829564929008484 138
1727275988246 -0.0 139
1727275988336 0.042611248791217804 140
1727275988424 0.11891357600688934 141
1727275988513 0.06481374800205231 142
1727275988602 0.25976839661598206 143
1727275988690 0.016433874145150185 144
1727275988779 0.03696750849485397 145
1727275988868 -0.0 146
1727275988957 0.028203805908560753 147
1727275989046 0.09070676565170288 148
1727275989135 -0.0 149
1727275989224 0.09223703294992447 150
1727275989313 -0.0 151
1727275989401 -0.0 152
1727275989490 0.04321872070431709 153
1727275989579 -0.0 154
1727275989668 -0.0 155
1727275989757 0.03345303237438202 156
1727275989847 0.5279186964035034 157
1727275989936 0.039132148027420044 158
1727275990025 0.060859743505716324 159
1727275990115 -0.0 160
1727275990204 0.023762904107570648 161
1727275990293 0.23414389789104462 162
1727275990382 0.04796034097671509 163
1727275990473 0.06060587242245674 164
1727275990566 -0.0 165
1727275990659 0.08076398074626923 166
1727275990750 -0.0 167
1727275990844 0.05557319521903992 168
1727275990934 0.039544474333524704 169
1727275991027 0.00859700608998537 170
1727275991115 -0.0 171
1727275991203 0.12518595159053802 172
1727275991292 0.03284945338964462 173
1727275991380 -0.0 174
1727275991469 0.01833539456129074 175
1727275991558 0.04840382561087608 176
1727275991647 0.13552230596542358 177
1727275991736 -0.0 178
1727275991825 0.033913858234882355 179
1727275991918 -0.0 180
1727275992032 0.11145827174186707 181
1727275992136 0.1643308699131012 182
1727275992244 0.009274733252823353 183
1727275992398 3.2504718916470665e-09 184
1727275992568 0.053099438548088074 185
1727275992670 -0.0 186
1727275992774 -0.0 187
1727275992881 -0.0 188
1727275992988 0.18421021103858948 189
1727275993096 -0.0 190
1727275993198 -0.0 191
1727275993295 -0.0 192
1727275993388 -0.0 193
1727275993479 0.18638738989830017 194
1727275993569 0.030325474217534065 195
1727275993660 0.024700934067368507 196
1727275993749 0.018897047266364098 197
1727275993838 0.0004961881786584854 198
1727275993928 0.020872462540864944 199
1727275994016 0.03405967354774475 200
1727275994108 0.06732263416051865 201
1727275994198 -0.0 202
1727275994294 0.1740579456090927 203
1727275994383 0.04157017171382904 204
1727275994477 0.07292339205741882 205
1727275994569 0.03226471692323685 206
1727275994659 0.12084075063467026 207
1727275994748 -0.0 208
1727275994847 0.09801137447357178 209
1727275994937 0.025947371497750282 210
1727275995027 -0.0 211
1727275995117 0.044095270335674286 212
1727275995207 -0.0 213
1727275995298 0.026745086535811424 214
1727275995390 0.6102606058120728 215
1727275995483 0.09804210066795349 216
1727275995575 0.0757594183087349 217
1727275995668 0.0737682655453682 218
1727275995759 0.05525556579232216 219
1727275995851 -0.0 220
1727275995941 0.016725635156035423 221
1727275996030 -0.0 222
1727275996128 0.12070979177951813 223
1727275996222 -0.0 224
1727275996310 0.00970230158418417 225
1727275996399 0.08776230365037918 226
1727275996488 0.202703058719635 227
1727275996578 0.13861994445323944 228
1727275996670 0.028085699304938316 229
1727275996760 0.018898235633969307 230
1727275996854 -0.0 231
1727275996943 0.5178347826004028 232
1727275997034 -0.0 233
1727275997126 -0.0 234
1727275997217 0.049787942320108414 235
1727275997308 -0.0 236
1727275997398 0.04292716085910797 237
1727275997488 0.05140961334109306 238
1727275997579 -0.0 239
1727275997669 0.007473107427358627 240
1727275997760 0.02541152574121952 241
1727275997853 0.0025040158070623875 242
1727275997946 0.09489256143569946 243
1727275998038 0.014202016405761242 244
1727275998134 0.16600053012371063 245
1727275998228 -0.0 246
1727275998319 0.10741648077964783 247
1727275998406 0.07418408989906311 248
1727275998495 -0.0 249
1727275998587 0.04911458492279053 250
1727275998677 0.040716782212257385 251
1727275998767 3.792217206921578e-09 252
1727275998860 0.04744087532162666 253
1727275998950 0.0793643370270729 254
1727275999042 0.01619667001068592 255
1727275999132 0.01870904490351677 256
1727275999223 0.2069377601146698 257
1727275999312 0.10424122214317322 258
1727275999402 0.019445857033133507 259
1727275999494 -0.0 260
1727275999584 0.027967114001512527 261
1727275999674 0.00938226468861103 262
1727275999764 0.10405457019805908 263
1727275999855 0.08513099700212479 264
1727275999945 0.13575120270252228 265
1727276000035 0.03211047127842903 266
1727276000126 0.16180457174777985 267
1727276000216 3.792217206921578e-09 268
1727276000308 0.024070605635643005 269
1727276000399 0.2367807775735855 270
1727276000487 0.020109469071030617 271
1727276000580 0.04353123530745506 272
1727276000684 0.04788360744714737 273
1727276000781 0.01585528627038002 274
1727276000885 0.056623078882694244 275
1727276000984 0.05916844680905342 276
1727276001085 0.19534018635749817 277
1727276001185 0.29512208700180054 278
1727276001286 0.0900057926774025 279
1727276001388 0.13822956383228302 280
1727276001489 0.15194419026374817 281
1727276001586 0.05571996793150902 282
1727276001686 -0.0 283
1727276001783 -0.0 284
1727276001886 0.47830843925476074 285
1727276001984 0.017175398766994476 286
1727276002085 0.08788924664258957 287
1727276002185 0.14782337844371796 288
1727276002285 0.05544660612940788 289
1727276002382 -0.0 290
1727276002482 0.031116247177124023 291
1727276002574 0.03691115230321884 292
1727276002694 0.04938667267560959 293
1727276002783 0.020098892971873283 294
1727276002873 0.011722052469849586 295
1727276002963 0.03876904398202896 296
1727276003055 0.2846730053424835 297
1727276003146 -0.0 298
1727276003236 0.06265313923358917 299
1727276003327 0.11957260966300964 300
1727276003418 -0.0 301
1727276003508 0.10283798724412918 302
1727276003598 0.0764361247420311 303
1727276003689 0.10180039703845978 304
1727276003782 0.118586465716362 305
1727276003872 0.018461667001247406 306
1727276003964 0.11354940384626389 307
1727276004054 -0.0 308
1727276004144 0.1052604541182518 309
1727276004236 0.03889934718608856 310
1727276004329 0.015552534721791744 311
1727276004418 0.02420557476580143 312
1727276004510 0.06083303317427635 313
1727276004598 0.10606291890144348 314
1727276004691 0.09080168604850769 315
1727276004791 -0.0 316
1727276004878 0.04240133613348007 317
1727276004969 -0.0 318
1727276005058 0.10482779145240784 319
1727276005150 0.5161866545677185 320
1727276005241 0.006023140624165535 321
1727276005331 0.09586961567401886 322
1727276005422 0.020293308421969414 323
1727276005514 -0.0 324
1727276005604 0.012063929811120033 325
1727276005695 -0.0 326
1727276005786 0.06049010902643204 327
1727276005881 0.3420701324939728 328
1727276005976 -0.0 329
1727276006069 0.11998056620359421 330
1727276006160 0.11002761870622635 331
1727276006250 0.13909052312374115 332
1727276006342 0.05973352491855621 333
1727276006431 0.3327134847640991 334
1727276006522 -0.0 335
1727276006612 0.08308777213096619 336
1727276006703 -0.0 337
1727276006799 0.09394428133964539 338
1727276006924 0.2768694758415222 339
1727276007022 -0.0 340
1727276007121 -0.0 341
1727276007225 0.7222393155097961 342
1727276007330 0.018243560567498207 343
1727276007437 0.05714508891105652 344
1727276007545 0.1144140437245369 345
1727276007651 0.05718795955181122 346
1727276007759 0.34157609939575195 347
1727276007869 0.018883265554904938 348
1727276007977 0.014098596759140491 349
1727276008082 0.3001863956451416 350
1727276008180 -0.0 351
1727276008274 0.04470920190215111 352
1727276008365 1.0473742761973881e-08 353
1727276008455 0.13870564103126526 354
1727276008543 -0.0 355
1727276008631 0.06088334694504738 356
1727276008720 0.046266138553619385 357
1727276008809 0.5405043959617615 358
1727276008896 0.03326469287276268 359
1727276008986 0.15351560711860657 360
1727276009074 0.117794468998909 361
1727276009161 -0.0 362
1727276009250 0.18100771307945251 363
1727276009339 0.05972612276673317 364
1727276009427 0.12764158844947815 365
1727276009516 0.6280457377433777 366
1727276009605 0.059146977961063385 367
1727276009693 0.17812480032444 368
1727276009781 0.028047244995832443 369
1727276009869 0.06504002958536148 370
1727276009958 0.07430049777030945 371
1727276010046 0.025881201028823853 372
1727276010134 0.42344576120376587 373
1727276010222 0.09568429738283157 374
1727276010310 0.11386348307132721 375
1727276010397 0.1581835001707077 376
1727276010486 0.16790571808815002 377
1727276010573 0.07324027270078659 378
1727276010662 0.30710381269454956 379
1727276010750 0.05806334316730499 380
1727276010839 0.3254002630710602 381
1727276010927 0.060895439237356186 382
1727276011018 0.018655475229024887 383
1727276011107 0.03780319169163704 384
1727276011194 0.025245055556297302 385
1727276011282 0.08887705206871033 386
1727276011370 0.18347874283790588 387
1727276011459 0.05575262010097504 388
1727276011546 0.30993762612342834 389
1727276011635 -0.0 390
1727276011726 0.037333011627197266 391
1727276011814 0.038514140993356705 392
1727276011903 0.11726575344800949 393
1727276011992 0.04786847531795502 394
1727276012081 0.023473359644412994 395
1727276012169 2.4438733703391335e-08 396
1727276012259 0.145358145236969 397
1727276012349 0.2440996617078781 398
1727276012440 0.05070678889751434 399
1727276012529 0.14197197556495667 400
1727276012618 0.0506589338183403 401
1727276012707 0.0007549421861767769 402
1727276012795 0.09749005734920502 403
1727276012884 0.12074631452560425 404
1727276012974 0.15141206979751587 405
1727276013063 0.016926607117056847 406
1727276013152 -0.0 407
1727276013242 0.10047152638435364 408
1727276013329 0.08971528708934784 409
1727276013418 0.16297553479671478 410
1727276013509 0.15762002766132355 411
1727276013597 0.10461753606796265 412
1727276013686 0.0440882071852684 413
1727276013777 0.1045168936252594 414
1727276013866 0.04406169801950455 415
1727276013955 0.10449238121509552 416
1727276014044 0.0440589040517807 417
1727276014133 0.104490265250206 418
1727276014222 0.10417676717042923 419
1727276014311 0.1674899160861969 420
1727276014400 0.08488650619983673 421
1727276014489 0.04296071082353592 422
1727276014577 0.043631523847579956 423
1727276014666 0.15568524599075317 424
1727276014757 0.15588366985321045 425
1727276014848 0.07237554341554642 426
1727276014938 -0.0 427
1727276015029 0.023944370448589325 428
1727276015118 0.021464543417096138 429
1727276015209 0.0549076572060585 430
1727276015300 0.03414780646562576 431
1727276015390 -0.0 432
1727276015480 0.01727290265262127 433
1727276015571 -0.0 434
1727276015661 -0.0 435
1727276015752 -0.0 436
