1727307192205 2.3297173976898193 0
1727307192244 1.7721831798553467 1
1727307192285 2.0423238277435303 2
1727307192328 2.116887092590332 3
1727307192368 2.057504415512085 4
1727307192408 2.0500411987304688 5
1727307192449 2.18115496635437 6
1727307192489 2.185579776763916 7
1727307192527 2.1514172554016113 8
1727307192566 2.108729600906372 9
1727307192604 2.1208314895629883 10
1727307192645 2.1126320362091064 11
1727307192686 2.112699508666992 12
1727307192727 1.9343595504760742 13
1727307192766 2.0943758487701416 14
1727307192807 2.0640227794647217 15
1727307192846 2.0872650146484375 16
1727307192885 2.1022863388061523 17
1727307192925 1.9607081413269043 18
1727307192965 2.091843605041504 19
1727307193005 2.1468801498413086 20
1727307193047 2.0506458282470703 21
1727307193087 2.055098056793213 22
1727307193127 2.179682493209839 23
1727307193167 2.2349250316619873 24
1727307193210 2.0060577392578125 25
1727307193250 2.09244441986084 26
1727307193291 1.7321914434432983 27
1727307193331 2.137739658355713 28
1727307193384 1.916580080986023 29
1727307193426 2.2296488285064697 30
1727307193467 2.0780446529388428 31
1727307193508 2.24920654296875 32
1727307193549 2.170135736465454 33
1727307193589 1.908562421798706 34
1727307193629 2.0088953971862793 35
1727307193666 1.9531341791152954 36
1727307193704 1.9863791465759277 37
1727307193744 2.1281378269195557 38
1727307193781 2.0872650146484375 39
1727307193820 2.1545097827911377 40
1727307193860 2.1413166522979736 41
1727307193904 2.1595005989074707 42
1727307193949 1.9812088012695312 43
1727307193990 1.857395887374878 44
1727307194031 1.9494340419769287 45
1727307194073 2.261730909347534 46
1727307194114 2.098926544189453 47
1727307194155 1.2344979047775269 48
1727307194198 1.2344979047775269 49
