1726484715971 1.1486847400665283 0
1726484715999 -0.0 1
1726484716024 0.015366075560450554 2
1726484716048 -0.0 3
1726484716078 -0.0 4
1726484716104 -0.0 5
1726484716129 0.3743472099304199 6
1726484716155 0.24468618631362915 7
1726484716183 0.23233777284622192 8
1726484716209 -0.0 9
1726484716233 -0.0 10
1726484716259 -0.0 11
1726484716285 -0.0 12
1726484716312 0.4350954294204712 13
1726484716339 0.5156826972961426 14
1726484716366 -0.0 15
1726484716390 0.07739034295082092 16
1726484716419 0.37136203050613403 17
1726484716445 0.1471763402223587 18
1726484716471 0.16645535826683044 19
1726484716497 -0.0 20
1726484716523 0.7033107280731201 21
1726484716546 -0.0 22
1726484716573 0.8989861607551575 23
1726484716599 0.11619125306606293 24
1726484716624 0.2179562896490097 25
1726484716654 -0.0 26
1726484716683 -0.0 27
1726484716710 -0.0 28
1726484716736 0.3249282240867615 29
1726484716761 0.45855697989463806 30
1726484716788 0.4161950945854187 31
1726484716815 0.033229801803827286 32
1726484716841 0.9305576086044312 33
1726484716868 0.2432788908481598 34
1726484716895 0.5109126567840576 35
1726484716923 0.3708031177520752 36
1726484716950 -0.0 37
1726484716977 0.3731483817100525 38
1726484717004 0.27022674679756165 39
1726484717031 -0.0 40
1726484717057 0.11377274245023727 41
1726484717083 -0.0 42
1726484717109 -0.0 43
1726484717133 0.22627633810043335 44
1726484717160 0.05694286525249481 45
1726484717188 0.4522548317909241 46
1726484717214 0.6447772979736328 47
1726484717240 0.24712923169136047 48
1726484717266 0.7462668418884277 49
1726484717291 0.24947035312652588 50
1726484717317 0.7493360042572021 51
1726484717344 0.24990630149841309 52
1726484717369 0.05993920564651489 53
1726484717396 0.8988611698150635 54
1726484717425 0.2036352902650833 55
1726484717453 -0.0 56
1726484717478 0.11070500314235687 57
1726484717504 0.874261200428009 58
1726484717531 0.4734780490398407 59
1726484717557 0.20202350616455078 60
1726484717584 1.0400056838989258 61
1726484717611 0.3696313500404358 62
1726484717636 0.9434915781021118 63
1726484717663 0.8716808557510376 64
1726484717690 0.27039673924446106 65
1726484717716 0.2497725635766983 66
1726484717742 -0.0 67
1726484717767 0.4686877727508545 68
1726484717791 0.7222065925598145 69
1726484717818 -0.0 70
1726484717845 0.25653940439224243 71
1726484717871 0.34866511821746826 72
1726484717897 0.08895789086818695 73
1726484717924 0.6636534929275513 74
1726484717953 0.6315203905105591 75
1726484717978 0.09263905137777328 76
1726484718004 0.15590716898441315 77
1726484718031 -0.0 78
1726484718057 0.12414178997278214 79
1726484718083 0.4997219443321228 80
1726484718109 0.048588402569293976 81
1726484718134 -0.0 82
1726484718160 -0.0 83
1726484718190 -0.0 84
1726484718218 0.04315085709095001 85
1726484718244 0.37273168563842773 86
1726484718271 0.6355711221694946 87
1726484718297 0.9139655828475952 88
1726484718321 0.171031653881073 89
1726484718348 -0.0 90
1726484718374 0.37786000967025757 91
1726484718400 0.48091137409210205 92
1726484718428 0.43963921070098877 93
1726484718455 0.108782097697258 94
1726484718481 0.34199032187461853 95
1726484718505 0.47196343541145325 96
1726484718532 0.3627423644065857 97
1726484718558 0.373654842376709 98
1726484718584 0.3823500871658325 99
1726484718612 0.5515800714492798 100
1726484718639 -0.0 101
1726484718664 0.2346455156803131 102
1726484718692 0.569778323173523 103
1726484718720 0.24972590804100037 104
1726484718748 0.5178076028823853 105
1726484718777 0.2959124743938446 106
1726484718804 0.23186223208904266 107
1726484718832 0.10730218887329102 108
1726484718861 0.040736183524131775 109
1726484718890 0.3190302550792694 110
1726484718918 0.5172354578971863 111
1726484718950 0.12397594749927521 112
1726484718976 0.3455325663089752 113
1726484719004 -0.0 114
1726484719033 -0.0 115
1726484719061 -0.0 116
1726484719088 -0.0 117
1726484719116 0.3739175796508789 118
1726484719143 0.5484445095062256 119
1726484719170 0.3692778944969177 120
1726484719197 0.537082314491272 121
1726484719224 0.3698803782463074 122
1726484719251 0.12165431678295135 123
1726484719277 0.24668079614639282 124
1726484719303 0.6956796646118164 125
1726484719330 0.23868152499198914 126
1726484719355 0.25207191705703735 127
1726484719379 0.5041671395301819 128
1726484719406 0.09766554832458496 129
1726484719434 -0.0 130
1726484719460 0.3332892656326294 131
1726484719486 0.7045865654945374 132
1726484719511 0.3600464463233948 133
1726484719535 0.0924786627292633 134
1726484719562 0.44092509150505066 135
1726484719587 -0.0 136
1726484719613 -0.0 137
1726484719639 0.9402613043785095 138
1726484719666 -0.0 139
