1726485197422 2e-05 0
1726485197453 0.445284903049469 1
1726485197481 0.5441830158233643 2
1726485197510 0.6508793234825134 3
1726485197536 0.689954936504364 4
1726485197563 0.7747063040733337 5
1726485197590 0.8705685138702393 6
1726485197617 0.6056622862815857 7
1726485197646 0.7720186710357666 8
1726485197673 0.8385821580886841 9
1726485197700 0.7419241666793823 10
1726485197728 0.4521472752094269 11
1726485197753 0.6404449343681335 12
1726485197783 0.42779669165611267 13
1726485197811 0.6524468064308167 14
1726485197839 0.4398973286151886 15
1726485197868 0.5900259613990784 16
1726485197898 0.7968397736549377 17
1726485197926 0.8017664551734924 18
1726485197956 0.5562517642974854 19
1726485197992 0.7100707292556763 20
1726485198024 0.6162722110748291 21
1726485198055 0.544608473777771 22
1726485198083 0.7500823140144348 23
1726485198112 0.9507232308387756 24
1726485198140 0.7039834856987 25
1726485198170 0.5193776488304138 26
1726485198197 0.6218578815460205 27
1726485198224 0.6205940246582031 28
1726485198253 0.43596088886260986 29
1726485198283 0.48003414273262024 30
1726485198313 0.8662573099136353 31
1726485198341 0.6947361826896667 32
1726485198374 0.40892526507377625 33
1726485198409 0.7891349196434021 34
1726485198440 0.772038996219635 35
1726485198471 0.5742170810699463 36
1726485198502 0.6196609139442444 37
1726485198534 0.4921499490737915 38
1726485198565 0.634972870349884 39
1726485198597 0.7487013339996338 40
1726485198628 0.5607463717460632 41
1726485198664 0.5052300095558167 42
1726485198694 0.9010157585144043 43
1726485198724 0.47650355100631714 44
1726485198753 0.6961569786071777 45
1726485198782 0.8872795104980469 46
1726485198812 0.7151813507080078 47
1726485198842 0.6560167670249939 48
1726485198871 0.7744122743606567 49
1726485198902 0.5311353802680969 50
1726485198933 0.6862847805023193 51
1726485198962 0.7653867602348328 52
1726485198994 0.5636362433433533 53
1726485199024 0.76518714427948 54
1726485199054 0.5216197371482849 55
1726485199085 0.37613198161125183 56
1726485199115 0.6637011766433716 57
1726485199146 0.7973359823226929 58
1726485199176 0.8540663123130798 59
1726485199206 0.7578057050704956 60
1726485199236 0.6310210227966309 61
1726485199266 0.8778133392333984 62
1726485199295 0.6040531992912292 63
1726485199325 0.5410897135734558 64
1726485199354 0.7312167286872864 65
1726485199385 0.6669914126396179 66
1726485199416 0.6156578063964844 67
1726485199444 0.8750501275062561 68
1726485199474 0.5728542804718018 69
1726485199504 0.6150493025779724 70
1726485199533 0.6533178687095642 71
1726485199563 0.8062389492988586 72
1726485199593 0.7249960899353027 73
1726485199623 0.8121252059936523 74
1726485199653 0.7293840646743774 75
1726485199683 0.890739381313324 76
1726485199712 0.5002386569976807 77
1726485199741 0.7692457437515259 78
1726485199770 0.9104584455490112 79
1726485199799 0.4268166720867157 80
1726485199826 0.8399009108543396 81
1726485199856 0.6449859142303467 82
1726485199884 0.6960753202438354 83
1726485199914 0.5254520177841187 84
1726485199945 0.8388028144836426 85
1726485199975 0.8087071776390076 86
1726485200006 0.8242824673652649 87
1726485200035 0.7495054602622986 88
1726485200063 0.5995890498161316 89
1726485200092 0.6652864813804626 90
1726485200122 0.5832122564315796 91
1726485200153 0.5190792083740234 92
1726485200182 0.6347289681434631 93
1726485200211 0.7882528305053711 94
1726485200240 0.7741538286209106 95
1726485200269 0.7433973550796509 96
1726485200297 0.45154231786727905 97
1726485200326 0.6553494334220886 98
1726485200356 0.38520050048828125 99
1726485200383 0.8778262734413147 100
1726485200415 0.797255277633667 101
1726485200445 0.6703069806098938 102
1726485200474 0.4764920175075531 103
1726485200502 0.5216593742370605 104
1726485200533 0.5561447143554688 105
1726485200562 0.6339495182037354 106
1726485200591 0.10782167315483093 107
1726485200620 0.7145259380340576 108
1726485200649 0.677105188369751 109
1726485200681 0.9520571231842041 110
1726485200712 0.7839258313179016 111
1726485200742 0.6294199824333191 112
1726485200771 0.7549943923950195 113
1726485200799 0.7146673798561096 114
1726485200828 0.6793748140335083 115
1726485200856 0.4875600337982178 116
1726485200885 0.7235090732574463 117
1726485200916 0.8396626114845276 118
1726485200946 0.7447495460510254 119
1726485200975 0.2907061278820038 120
1726485201005 0.5964578986167908 121
1726485201034 0.6690808534622192 122
1726485201064 0.5257956981658936 123
1726485201095 0.4896579086780548 124
1726485201124 0.7141346335411072 125
1726485201156 0.8018357157707214 126
1726485201186 0.6684256792068481 127
1726485201216 0.7559328079223633 128
1726485201247 0.8005189895629883 129
1726485201276 0.6383416056632996 130
1726485201307 0.8224440217018127 131
1726485201335 0.7727864384651184 132
1726485201364 0.6545596122741699 133
1726485201394 0.8570809960365295 134
1726485201423 0.8119127154350281 135
1726485201451 0.6223082542419434 136
1726485201479 0.465298056602478 137
1726485201506 0.6970069408416748 138
1726485201541 0.3976955711841583 139
1726485201569 0.8921837210655212 140
1726485201596 0.6635577082633972 141
1726485201625 0.6708510518074036 142
1726485201656 0.6861075758934021 143
1726485201685 0.4156028926372528 144
1726485201713 0.4546308219432831 145
1726485201743 0.18241405487060547 146
1726485201772 0.5352159142494202 147
1726485201802 0.5677420496940613 148
1726485201831 0.7605337500572205 149
1726485201860 0.6813111901283264 150
1726485201888 0.8350622057914734 151
1726485201920 0.8255547881126404 152
1726485201949 0.5716208219528198 153
1726485201977 0.3819374144077301 154
1726485202005 0.6189083456993103 155
1726485202037 0.41719597578048706 156
1726485202064 0.5523684620857239 157
1726485202093 0.6121647953987122 158
1726485202121 0.6815571188926697 159
1726485202151 0.73335200548172 160
1726485202181 0.6764509677886963 161
1726485202209 0.5002754926681519 162
1726485202238 0.5202242136001587 163
1726485202267 0.30975887179374695 164
1726485202294 0.5715756416320801 165
1726485202322 0.510361909866333 166
1726485202350 0.5628203749656677 167
1726485202377 0.6670893430709839 168
1726485202407 0.3629860579967499 169
1726485202436 0.5641684532165527 170
1726485202466 0.35795727372169495 171
1726485202495 0.6109281182289124 172
1726485202527 0.6548541188240051 173
1726485202556 0.35299062728881836 174
1726485202585 0.7031589150428772 175
1726485202617 0.4106053113937378 176
1726485202647 0.8100363612174988 177
1726485202680 0.34910571575164795 178
1726485202710 0.66743403673172 179
1726485202740 0.2607744634151459 180
1726485202771 0.6194503903388977 181
1726485202801 0.4705905020236969 182
1726485202831 0.5430697798728943 183
1726485202861 0.6404992938041687 184
1726485202891 0.618420422077179 185
1726485202923 0.3805973529815674 186
1726485202952 0.666473925113678 187
1726485202981 0.9038981199264526 188
1726485203011 0.6778151988983154 189
1726485203040 0.4897181987762451 190
1726485203071 0.4196579158306122 191
1726485203098 0.5789362192153931 192
1726485203126 0.8212509751319885 193
1726485203155 0.8120027184486389 194
1726485203184 0.5680204033851624 195
1726485203214 0.7516751885414124 196
1726485203244 0.6662340760231018 197
1726485203272 0.4553164839744568 198
1726485203300 0.6434965133666992 199
1726485203328 0.8000934720039368 200
1726485203358 0.8344473838806152 201
1726485203386 0.7753117084503174 202
1726485203416 0.6585689187049866 203
1726485203445 0.701438844203949 204
1726485203474 0.6477729678153992 205
1726485203506 0.7703552842140198 206
1726485203538 0.7568325400352478 207
1726485203566 0.8213974237442017 208
1726485203594 0.7550735473632812 209
1726485203622 0.7158043384552002 210
1726485203653 0.9384426474571228 211
1726485203682 0.6505166888237 212
1726485203711 0.9366052150726318 213
1726485203740 0.6076644062995911 214
1726485203769 0.6958172917366028 215
1726485203798 0.6508950591087341 216
1726485203826 0.6275126338005066 217
1726485203855 0.6559373736381531 218
1726485203883 0.7976801991462708 219
1726485203911 0.3543102443218231 220
1726485203942 0.8269322514533997 221
1726485203968 0.6453638672828674 222
1726485203996 0.467134028673172 223
1726485204025 0.5721414089202881 224
1726485204054 0.6043176651000977 225
1726485204082 0.6766698956489563 226
1726485204111 0.6101179718971252 227
1726485204139 0.8099443912506104 228
1726485204169 0.8203974962234497 229
1726485204198 0.5742208361625671 230
1726485204227 0.5929228663444519 231
1726485204257 0.40950873494148254 232
1726485204286 0.31315529346466064 233
1726485204315 0.5675202012062073 234
1726485204344 0.8663776516914368 235
1726485204370 0.8360519409179688 236
1726485204398 0.5852795839309692 237
1726485204428 0.48872506618499756 238
1726485204456 0.47474226355552673 239
1726485204485 0.6498029232025146 240
1726485204513 0.5894534587860107 241
1726485204544 0.7781105637550354 242
1726485204571 0.8071475625038147 243
1726485204599 0.8381553292274475 244
1726485204627 0.6953576803207397 245
1726485204656 0.5923740863800049 246
1726485204686 0.6259452104568481 247
1726485204713 0.5229248404502869 248
1726485204740 0.7575892806053162 249
1726485204770 0.6691708564758301 250
1726485204799 0.8597154021263123 251
1726485204828 0.5784091353416443 252
1726485204857 0.7509987354278564 253
1726485204887 0.71023029088974 254
1726485204915 0.6954891085624695 255
1726485204945 0.4863721430301666 256
1726485204973 0.7975142598152161 257
1726485205002 0.7983396053314209 258
1726485205031 0.8168615102767944 259
1726485205058 0.560780942440033 260
1726485205087 0.7410303950309753 261
1726485205115 0.8497875928878784 262
1726485205144 0.8080943822860718 263
1726485205175 0.7367621660232544 264
1726485205204 0.44950732588768005 265
1726485205232 0.8598690032958984 266
1726485205260 0.5691214203834534 267
1726485205290 0.7744880318641663 268
1726485205321 0.5159416198730469 269
1726485205351 0.7025014162063599 270
1726485205380 0.36638861894607544 271
1726485205408 0.8180044293403625 272
1726485205437 0.7062437534332275 273
1726485205466 0.7249367833137512 274
1726485205494 0.8283692598342896 275
1726485205525 0.6977125406265259 276
1726485205554 0.8236966133117676 277
1726485205583 0.655051052570343 278
1726485205621 0.8129688501358032 279
1726485205647 0.6199672818183899 280
1726485205683 0.5969778895378113 281
1726485205712 0.7293246388435364 282
1726485205742 0.7244168519973755 283
1726485205772 0.6809503436088562 284
1726485205802 0.2551681399345398 285
1726485205833 0.8418148756027222 286
1726485205862 0.8188697099685669 287
1726485205892 0.7865756154060364 288
1726485205923 0.8398430943489075 289
1726485205953 0.8503103852272034 290
1726485205981 0.827681839466095 291
1726485206010 0.7919598817825317 292
1726485206042 0.30950140953063965 293
1726485206071 0.6951663494110107 294
1726485206101 0.7691641449928284 295
1726485206131 0.8228266835212708 296
1726485206163 0.6946862936019897 297
1726485206193 0.8390045166015625 298
1726485206223 0.7488386631011963 299
1726485206252 0.6197773814201355 300
1726485206281 0.7245405912399292 301
1726485206309 0.5097057819366455 302
1726485206337 0.39623451232910156 303
1726485206370 0.7768965363502502 304
1726485206400 0.7871499061584473 305
1726485206430 0.6691832542419434 306
1726485206458 0.6408551931381226 307
1726485206486 0.6559310555458069 308
1726485206516 0.5168613195419312 309
1726485206546 0.7659896016120911 310
1726485206575 0.5974054932594299 311
1726485206606 0.7910443544387817 312
1726485206637 0.8279272317886353 313
1726485206669 0.7132437229156494 314
1726485206699 0.7923763394355774 315
1726485206730 0.7414765357971191 316
1726485206760 0.7341477870941162 317
1726485206789 0.8039097189903259 318
1726485206819 0.8367676138877869 319
1726485206848 0.7364706993103027 320
1726485206876 0.8646337985992432 321
1726485206904 0.6419069766998291 322
1726485206934 0.8430203795433044 323
1726485206964 0.7722866535186768 324
1726485206990 0.6675901412963867 325
1726485207018 0.6659591794013977 326
1726485207046 0.8330919146537781 327
1726485207074 0.9092641472816467 328
1726485207103 0.7041357755661011 329
1726485207131 0.2889871299266815 330
1726485207159 0.6067020297050476 331
1726485207190 0.7991765141487122 332
1726485207219 0.46669498085975647 333
1726485207248 0.8570030927658081 334
1726485207276 0.783261239528656 335
1726485207303 0.7148810029029846 336
1726485207332 0.6774385571479797 337
1726485207363 0.7889276742935181 338
1726485207392 0.8372610807418823 339
1726485207423 0.5213936567306519 340
1726485207453 0.21270720660686493 341
1726485207482 0.7894641160964966 342
1726485207510 0.671343207359314 343
1726485207540 0.42039385437965393 344
1726485207570 0.8210131525993347 345
1726485207601 0.7987508773803711 346
1726485207631 0.6396129131317139 347
1726485207661 0.07453058660030365 348
1726485207693 0.013904516585171223 349
1726485207722 0.0051574320532381535 350
1726485207753 0.0032784438226372004 351
1726485207784 0.0025218839291483164 352
1726485207813 0.8808996677398682 353
1726485207843 0.8499087691307068 354
1726485207873 0.8727756142616272 355
1726485207902 0.8636178970336914 356
1726485207932 0.25420835614204407 357
1726485207962 0.7675549983978271 358
1726485207993 0.8018721342086792 359
1726485208024 0.8529225587844849 360
1726485208052 0.6607034802436829 361
1726485208083 0.6438190340995789 362
1726485208113 0.7367705702781677 363
1726485208143 0.7188436388969421 364
1726485208175 0.7628169655799866 365
1726485208205 0.7431259155273438 366
1726485208234 0.726922869682312 367
1726485208263 0.8417474627494812 368
1726485208294 0.7459231615066528 369
1726485208323 0.6949613094329834 370
1726485208353 0.5749868154525757 371
1726485208383 0.7827979922294617 372
1726485208411 0.665073037147522 373
1726485208443 0.8516895771026611 374
1726485208471 0.6812645792961121 375
1726485208501 0.8576503396034241 376
1726485208529 0.8151089549064636 377
1726485208557 0.5540015697479248 378
1726485208586 0.8165251612663269 379
1726485208619 0.6594356894493103 380
1726485208653 0.7927677035331726 381
1726485208685 0.5341354012489319 382
1726485208716 0.820134699344635 383
1726485208746 0.8180490136146545 384
1726485208777 0.6218311190605164 385
1726485208807 0.6267918944358826 386
1726485208837 0.6770509481430054 387
1726485208867 0.6263702511787415 388
1726485208895 0.32071611285209656 389
1726485208926 0.13797204196453094 390
1726485208955 0.6543583869934082 391
1726485208984 0.3922876715660095 392
1726485209013 0.8301950097084045 393
1726485209043 0.6544442772865295 394
1726485209071 0.7452878952026367 395
1726485209100 0.5312958359718323 396
1726485209134 0.39562666416168213 397
1726485209165 0.8234211206436157 398
1726485209196 0.5736543536186218 399
1726485209226 0.2704226076602936 400
1726485209256 0.0913960263133049 401
1726485209285 0.03254371136426926 402
1726485209314 0.01207144558429718 403
1726485209344 0.004972245544195175 404
1726485209374 0.7053972482681274 405
1726485209403 0.8473176956176758 406
1726485209435 0.4469822347164154 407
1726485209464 0.5443763732910156 408
1726485209493 0.8245145678520203 409
1726485209523 0.8156648278236389 410
1726485209555 0.6591947078704834 411
1726485209584 0.7763368487358093 412
1726485209612 0.713263988494873 413
1726485209643 0.9892469644546509 414
1726485209706 0.44827690720558167 415
1726485209735 0.7552729249000549 416
1726485209765 0.7091708779335022 417
1726485209795 0.7430290579795837 418
1726485209824 0.828276515007019 419
1726485209854 0.6480943560600281 420
1726485209883 0.3225008249282837 421
1726485209911 0.1434909999370575 422
1726485209943 0.09155640006065369 423
1726485209973 0.060644350945949554 424
1726485210003 0.03989002853631973 425
1726485210033 0.02672441303730011 426
1726485210062 0.0176578089594841 427
1726485210095 0.01177898794412613 428
1726485210122 0.0078072017058730125 429
1726485210152 0.005197162739932537 430
1726485210183 0.0034499336034059525 431
1726485210213 0.0022944400552660227 432
1726485210243 0.0015240254579111934 433
1726485210273 0.0010131181916221976 434
1726485210303 0.0006730225868523121 435
1726485210331 0.0004472733708098531 436
1726485210359 0.00029717670986428857 437
1726485210417 0.00019751646323129535 438
1726485210446 0.5808637142181396 439
1726485210473 0.6069160103797913 440
1726485210500 0.7916613817214966 441
1726485210528 0.8371875882148743 442
1726485210556 0.5417526364326477 443
1726485210585 0.5912760496139526 444
1726485210615 0.701348602771759 445
1726485210643 0.7121806740760803 446
1726485210672 0.7429945468902588 447
1726485210702 0.7422091960906982 448
1726485210731 0.7616525888442993 449
1726485210759 0.7580930590629578 450
1726485210786 0.7725955843925476 451
1726485210815 0.7681322693824768 452
1726485210842 0.77985680103302 453
1726485210870 0.7751087546348572 454
1726485210899 0.7850479483604431 455
1726485210928 0.7802612781524658 456
1726485210957 0.7889522910118103 457
1726485210986 0.7842330932617188 458
1726485211015 0.7919989824295044 459
1726485211044 0.7873936295509338 460
1726485211075 0.7944443821907043 461
1726485211104 0.7899718284606934 462
1726485211132 0.7964513897895813 463
1726485211160 0.7921169996261597 464
1726485211189 0.7981284260749817 465
1726485211218 0.7939313054084778 466
1726485211246 0.7995514273643494 467
1726485211275 0.7954867482185364 468
1726485211303 0.8007742166519165 469
1726485211333 0.363278329372406 470
1726485211363 0.8453712463378906 471
1726485211393 0.7404682040214539 472
1726485211422 0.7351848483085632 473
1726485211454 0.7177810072898865 474
1726485211483 0.7569941282272339 475
1726485211511 0.7442969083786011 476
1726485211538 0.7707965970039368 477
1726485211566 0.7582746744155884 478
1726485211593 0.7796972393989563 479
1726485211622 0.7675982117652893 480
1726485211650 0.5774499773979187 481
1726485211681 0.36291250586509705 482
1726485211711 0.09043629467487335 483
1726485211740 0.02372114174067974 484
1726485211770 0.007841568440198898 485
1726485211800 0.0030765277333557606 486
1726485211829 0.0013100100914016366 487
1726485211858 0.0005828657886013389 488
1726485211887 0.000268326373770833 489
1726485211915 0.00012729753507301211 490
1726485211947 6.195375317474827e-05 491
1726485211976 3.073835978284478e-05 492
1726485212005 1.544913357065525e-05 493
1726485212035 7.823776286386419e-06 494
