1727308019704 2.303133487701416 0
1727308019744 2.152815818786621 1
1727308019779 2.178570508956909 2
1727308019815 1.9839829206466675 3
1727308019852 2.100148916244507 4
1727308019889 2.038914442062378 5
1727308019925 2.199298143386841 6
1727308019961 2.1383402347564697 7
1727308019998 1.9683609008789062 8
1727308020038 1.8761582374572754 9
1727308020075 2.1767826080322266 10
1727308020113 2.0671401023864746 11
1727308020150 2.1234426498413086 12
1727308020189 2.164947509765625 13
1727308020227 2.1059815883636475 14
1727308020266 2.174245834350586 15
1727308020304 2.2340853214263916 16
1727308020343 2.0977468490600586 17
1727308020384 1.9478485584259033 18
1727308020423 2.2357242107391357 19
1727308020462 2.1878812313079834 20
1727308020500 1.9151217937469482 21
1727308020539 1.2344979047775269 22
1727308020578 1.8956507444381714 23
1727308020619 2.2015695571899414 24
1727308020663 2.1239404678344727 25
1727308020708 1.2344979047775269 26
1727308020752 2.0895802974700928 27
1727308020791 2.0289628505706787 28
1727308020829 2.219118595123291 29
1727308020867 2.0989503860473633 30
1727308020904 2.1565704345703125 31
1727308020943 1.8379971981048584 32
1727308020983 2.0466549396514893 33
1727308021022 2.032702684402466 34
1727308021061 2.0084753036499023 35
1727308021100 2.0823287963867188 36
1727308021140 2.103982448577881 37
1727308021179 2.1414787769317627 38
1727308021219 2.2112677097320557 39
1727308021257 2.155118227005005 40
1727308021296 2.131631374359131 41
1727308021335 2.1319708824157715 42
1727308021373 2.0772953033447266 43
1727308021412 2.183583974838257 44
1727308021452 1.8827941417694092 45
1727308021492 2.1925814151763916 46
1727308021535 2.0271387100219727 47
1727308021579 2.1444711685180664 48
1727308021622 2.067162275314331 49
1727308021672 2.1424431800842285 50
1727308021724 2.0516557693481445 51
1727308021774 2.164482593536377 52
1727308021823 1.9487340450286865 53
1727308021871 2.0159027576446533 54
1727308021916 2.0827651023864746 55
1727308021963 2.116795063018799 56
1727308022015 2.083643913269043 57
1727308022066 2.0433590412139893 58
1727308022113 2.1702942848205566 59
1727308022165 2.2194559574127197 60
1727308022217 1.8770480155944824 61
1727308022267 2.0101218223571777 62
1727308022317 1.838700294494629 63
1727308022372 2.022244930267334 64
1727308022421 2.1195569038391113 65
1727308022476 2.1507461071014404 66
1727308022528 1.7109744548797607 67
1727308022575 2.055008888244629 68
1727308022623 2.195448637008667 69
1727308022676 2.1792571544647217 70
1727308022724 1.335769772529602 71
1727308022773 2.1588528156280518 72
1727308022820 2.058410406112671 73
1727308022868 2.020618438720703 74
1727308022921 2.177006721496582 75
1727308022971 1.335769772529602 76
1727308023018 2.2239181995391846 77
1727308023063 2.236584186553955 78
1727308023105 2.0534911155700684 79
1727308023146 2.170260429382324 80
1727308023188 2.1301817893981934 81
1727308023228 2.0290815830230713 82
1727308023276 1.817382574081421 83
1727308023335 2.060063123703003 84
1727308023385 2.142972469329834 85
1727308023432 2.022705078125 86
1727308023487 1.2344979047775269 87
1727308023541 2.0758092403411865 88
1727308023602 2.1344592571258545 89
1727308023658 2.2444396018981934 90
1727308023714 1.9430522918701172 91
1727308023761 1.9295949935913086 92
1727308023808 2.2029762268066406 93
1727308023854 2.0278408527374268 94
1727308023901 2.1839261054992676 95
1727308023955 2.119381904602051 96
1727308024002 2.1920180320739746 97
1727308024047 2.165083646774292 98
1727308024093 2.172114610671997 99
1727308024139 2.0725975036621094 100
1727308024184 2.035592555999756 101
1727308024240 2.0138473510742188 102
1727308024290 2.0326287746429443 103
1727308024339 2.223437786102295 104
1727308024388 2.109006881713867 105
1727308024436 2.191159725189209 106
1727308024488 2.145948648452759 107
1727308024547 2.0941901206970215 108
1727308024602 2.111952781677246 109
1727308024665 1.8987921476364136 110
1727308024728 2.1824088096618652 111
1727308024786 2.142517566680908 112
1727308024830 2.0886964797973633 113
1727308024874 2.1095519065856934 114
1727308024914 2.0308878421783447 115
1727308024954 2.164559841156006 116
1727308024994 2.055389642715454 117
1727308025032 2.1031832695007324 118
1727308025071 1.7875957489013672 119
1727308025111 2.2348594665527344 120
1727308025150 2.182793617248535 121
1727308025189 2.031193256378174 122
1727308025227 2.1005589962005615 123
1727308025266 2.1391985416412354 124
1727308025304 1.95552396774292 125
1727308025341 1.335769772529602 126
1727308025381 1.970918893814087 127
1727308025420 2.060631036758423 128
1727308025463 2.0941901206970215 129
1727308025502 2.231405258178711 130
1727308025541 2.2858686447143555 131
1727308025582 2.1362690925598145 132
1727308025620 2.005129098892212 133
1727308025662 1.931530237197876 134
1727308025704 2.0245206356048584 135
1727308025744 2.1492936611175537 136
1727308025785 2.0696616172790527 137
1727308025822 2.1344213485717773 138
1727308025858 2.2001991271972656 139
1727308025895 1.887326955795288 140
1727308025935 2.099375009536743 141
1727308025974 1.9953863620758057 142
1727308026013 2.118478298187256 143
1727308026054 1.521618366241455 144
1727308026094 2.214782476425171 145
1727308026130 2.099375009536743 146
1727308026166 2.0826539993286133 147
1727308026203 2.1575520038604736 148
1727308026242 1.9125611782073975 149
1727308026283 2.0351431369781494 150
1727308026325 2.0456056594848633 151
1727308026370 2.195140838623047 152
1727308026408 2.0154175758361816 153
1727308026446 2.0295209884643555 154
1727308026484 2.038506269454956 155
1727308026523 2.1073708534240723 156
1727308026564 2.1500775814056396 157
1727308026604 2.1072702407836914 158
1727308026640 2.137739658355713 159
1727308026676 2.054685115814209 160
1727308026712 2.192164897918701 161
1727308026747 2.0210838317871094 162
1727308026784 1.335769772529602 163
1727308026821 2.0969700813293457 164
1727308026858 2.073528528213501 165
1727308026896 2.0357961654663086 166
1727308026937 2.1764254570007324 167
1727308026974 2.037445545196533 168
1727308027013 2.0326285362243652 169
1727308027053 1.335769772529602 170
1727308027092 2.0844435691833496 171
1727308027131 1.8189151287078857 172
1727308027172 1.335769772529602 173
1727308027211 2.057187557220459 174
1727308027249 1.9179418087005615 175
1727308027287 2.091205358505249 176
1727308027324 2.0120387077331543 177
1727308027360 2.0879411697387695 178
1727308027396 2.1082427501678467 179
1727308027434 2.1702942848205566 180
1727308027471 2.2497098445892334 181
1727308027508 2.132441520690918 182
1727308027546 2.1654279232025146 183
1727308027586 2.1602823734283447 184
1727308027627 2.0764553546905518 185
1727308027665 2.2051520347595215 186
1727308027701 2.0419394969940186 187
1727308027738 2.202299118041992 188
1727308027775 2.027165412902832 189
1727308027813 2.2367820739746094 190
1727308027850 2.083643913269043 191
1727308027886 2.069756031036377 192
1727308027924 2.011345863342285 193
1727308027961 2.2582764625549316 194
1727308027999 2.1187171936035156 195
1727308028036 2.0464231967926025 196
1727308028077 1.8758556842803955 197
1727308028117 1.5788588523864746 198
1727308028160 2.109718084335327 199
1727308028201 2.048471212387085 200
1727308028242 2.030118465423584 201
1727308028279 2.1856837272644043 202
1727308028320 2.169034004211426 203
1727308028356 2.2005491256713867 204
1727308028391 2.1911978721618652 205
1727308028427 2.1212992668151855 206
1727308028466 2.205620765686035 207
1727308028504 2.2352468967437744 208
1727308028544 2.1770577430725098 209
1727308028581 2.115889549255371 210
1727308028619 2.185863733291626 211
1727308028656 2.1602368354797363 212
1727308028696 2.086573362350464 213
1727308028752 2.187990665435791 214
1727308028796 2.093459129333496 215
1727308028835 2.0425398349761963 216
1727308028873 2.217336416244507 217
1727308028911 2.0908401012420654 218
1727308028949 2.0943732261657715 219
1727308028987 1.8553767204284668 220
1727308029024 2.1215009689331055 221
1727308029061 2.1324539184570312 222
1727308029099 2.1548423767089844 223
1727308029136 2.208151340484619 224
1727308029172 1.9735381603240967 225
1727308029209 2.0200119018554688 226
1727308029247 1.6228902339935303 227
1727308029283 1.8693816661834717 228
1727308029321 1.9301286935806274 229
1727308029360 1.335769772529602 230
1727308029401 2.1882314682006836 231
1727308029441 2.044851303100586 232
1727308029483 1.956059217453003 233
1727308029525 2.0085740089416504 234
1727308029560 2.105656623840332 235
1727308029595 1.943284273147583 236
1727308029632 2.2108123302459717 237
1727308029670 2.156862497329712 238
1727308029707 2.015681028366089 239
1727308029744 2.233736038208008 240
1727308029781 2.1650710105895996 241
1727308029819 2.118692398071289 242
1727308029855 2.118162155151367 243
1727308029892 2.113137722015381 244
1727308029928 2.195864677429199 245
1727308029965 2.063957929611206 246
1727308030001 2.119381904602051 247
1727308030042 2.166598320007324 248
1727308030080 2.206552743911743 249
1727308030116 2.163041591644287 250
1727308030155 1.9740616083145142 251
1727308030192 2.077883720397949 252
1727308030229 2.1408376693725586 253
1727308030267 2.0667836666107178 254
1727308030305 2.101494789123535 255
1727308030343 2.040545701980591 256
1727308030380 2.187990665435791 257
1727308030417 2.022414445877075 258
1727308030453 2.0491013526916504 259
1727308030491 2.0432236194610596 260
1727308030528 2.013740301132202 261
1727308030567 1.8389573097229004 262
1727308030606 1.3393863439559937 263
1727308030649 1.3357696533203125 264
1727308030691 1.3375780582427979 265
1727308030730 1.3375780582427979 266
