1726426353430 2e-05 0
1726426353479 1.8964207172393799 1
1726426353525 1.9654178619384766 2
1726426353571 2.4494898319244385 3
1726426353615 1.53863525390625 4
1726426353659 1.8735514879226685 5
1726426353703 1.083704948425293 6
1726426353749 1.329261302947998 7
1726426353804 2.2845795154571533 8
1726426353849 2.4494898319244385 9
1726426353893 2.4494898319244385 10
1726426353936 2.6864876747131348 11
1726426353982 1.587954044342041 12
1726426354024 1.339640736579895 13
1726426354064 1.077386736869812 14
1726426354105 2.319078207015991 15
1726426354145 1.3703571557998657 16
1726426354184 2.086728572845459 17
1726426354225 1.9124805927276611 18
1726426354264 2.7143986225128174 19
1726426354303 1.8021503686904907 20
1726426354342 2.5547378063201904 21
1726426354383 2.2387478351593018 22
1726426354428 2.0018515586853027 23
1726426354479 1.7632341384887695 24
1726426354529 1.336313009262085 25
1726426354579 2.016202688217163 26
1726426354628 2.0126779079437256 27
1726426354681 2.4581103324890137 28
1726426354725 2.0957205295562744 29
1726426354767 1.9187088012695312 30
1726426354806 1.4624238014221191 31
1726426354846 1.5358972549438477 32
1726426354886 2.402043581008911 33
1726426354933 0.989380419254303 34
1726426354981 2.2911393642425537 35
1726426355022 2.214015007019043 36
1726426355066 1.4332094192504883 37
1726426355106 2.0 38
1726426355145 1.6193403005599976 39
1726426355192 1.9429147243499756 40
1726426355252 2.1827449798583984 41
1726426355302 1.2374383211135864 42
1726426355348 1.826588749885559 43
1726426355394 1.898121953010559 44
1726426355432 2.0226504802703857 45
1726426355470 1.3763850927352905 46
1726426355508 1.6475096940994263 47
1726426355547 1.6214654445648193 48
1726426355585 2.0756731033325195 49
1726426355623 0.38590919971466064 50
1726426355661 0.897227942943573 51
1726426355702 1.2811001539230347 52
1726426355748 2.214046001434326 53
1726426355786 1.4538325071334839 54
1726426355822 2.3338100910186768 55
1726426355859 1.80192232131958 56
1726426355897 2.3832054138183594 57
1726426355933 1.4751733541488647 58
1726426355972 2.7471470832824707 59
1726426356010 1.894148349761963 60
1726426356048 1.4178513288497925 61
1726426356085 1.4142149686813354 62
1726426356123 2.212092638015747 63
1726426356161 1.3195161819458008 64
1726426356198 2.000000238418579 65
1726426356238 1.641890525817871 66
1726426356276 1.250293493270874 67
1726426356314 2.0157878398895264 68
1726426356362 2.3359625339508057 69
1726426356403 2.01993465423584 70
1726426356441 2.4494898319244385 71
1726426356491 2.7751874923706055 72
1726426356549 1.8769640922546387 73
1726426356602 2.0577151775360107 74
1726426356651 1.7372123003005981 75
1726426356703 1.6899688243865967 76
1726426356751 2.202162981033325 77
1726426356790 2.283047914505005 78
1726426356830 2.2963335514068604 79
1726426356869 2.807054281234741 80
1726426356908 2.298090696334839 81
1726426356951 0.6223815679550171 82
1726426357001 2.81400728225708 83
1726426357044 2.3696775436401367 84
1726426357091 1.9652674198150635 85
1726426357134 2.4494898319244385 86
1726426357176 2.4494898319244385 87
1726426357222 2.211120367050171 88
1726426357265 2.6247005462646484 89
1726426357313 1.5053707361221313 90
1726426357363 1.4248046875 91
1726426357411 0.6014512777328491 92
1726426357465 1.7478389739990234 93
1726426357520 1.4602699279785156 94
1726426357569 2.003312587738037 95
1726426357626 1.5358721017837524 96
1726426357677 1.954877495765686 97
1726426357727 1.6000715494155884 98
1726426357772 2.483276605606079 99
1726426357817 1.013100266456604 100
1726426357860 2.231084108352661 101
1726426357903 1.7822619676589966 102
1726426357946 1.4547427892684937 103
1726426357992 1.7926005125045776 104
1726426358043 2.403360366821289 105
1726426358087 2.0 106
1726426358131 2.0027482509613037 107
1726426358172 2.0027482509613037 108
1726426358214 1.8709359169006348 109
1726426358260 0.9150353670120239 110
1726426358307 2.164679527282715 111
1726426358351 2.673021078109741 112
1726426358398 2.241811752319336 113
1726426358442 2.232067584991455 114
1726426358485 1.4415316581726074 115
1726426358527 1.4171640872955322 116
1726426358568 2.712311029434204 117
1726426358607 1.3061951398849487 118
1726426358647 1.6630932092666626 119
1726426358685 2.43056583404541 120
1726426358725 2.2638509273529053 121
1726426358764 1.9891681671142578 122
1726426358803 2.1305856704711914 123
1726426358842 1.8299281597137451 124
1726426358882 1.969861388206482 125
1726426358925 1.3409091234207153 126
1726426358969 1.8088414669036865 127
1726426359008 2.398639440536499 128
1726426359047 1.795719861984253 129
1726426359085 1.795894742012024 130
1726426359123 1.9764306545257568 131
1726426359161 1.656257152557373 132
1726426359200 1.9648396968841553 133
1726426359246 1.7542791366577148 134
1726426359290 1.427444338798523 135
1726426359343 2.4494898319244385 136
1726426359390 1.452817678451538 137
1726426359438 2.537032127380371 138
1726426359487 2.383223295211792 139
1726426359539 2.059730291366577 140
1726426359600 1.1616897583007812 141
1726426359639 2.4496185779571533 142
1726426359682 2.3596534729003906 143
1726426359720 2.0 144
1726426359757 1.0775630474090576 145
1726426359795 2.614529609680176 146
1726426359832 2.4581241607666016 147
1726426359871 2.1268720626831055 148
1726426359911 2.2731356620788574 149
1726426359948 1.9308545589447021 150
1726426359987 1.4722203016281128 151
1726426360025 1.4285058975219727 152
1726426360062 2.0142579078674316 153
1726426360100 1.961943507194519 154
1726426360137 2.4494898319244385 155
1726426360175 0.0 156
1726426360212 2.4494898319244385 157
1726426360251 2.329845428466797 158
1726426360289 2.6900947093963623 159
1726426360326 1.90900456905365 160
1726426360366 1.9773868322372437 161
1726426360404 1.8990604877471924 162
1726426360442 1.9038842916488647 163
1726426360480 2.0289599895477295 164
1726426360518 1.5558483600616455 165
1726426360556 1.607330560684204 166
1726426360593 1.2102766036987305 167
1726426360631 1.7856087684631348 168
1726426360677 1.6642035245895386 169
1726426360726 1.6983917951583862 170
1726426360767 2.3356385231018066 171
1726426360808 1.5262095928192139 172
1726426360852 1.1611942052841187 173
1726426360897 2.7093541622161865 174
1726426360944 2.4494898319244385 175
1726426360993 2.0 176
1726426361040 1.6868797540664673 177
1726426361087 1.4750847816467285 178
1726426361136 2.0015814304351807 179
1726426361184 2.0582664012908936 180
1726426361232 1.0220956802368164 181
1726426361279 1.8635543584823608 182
1726426361326 1.1175841093063354 183
1726426361377 1.4142135381698608 184
1726426361425 0.9433655142784119 185
1726426361478 2.226588487625122 186
1726426361526 1.6753448247909546 187
1726426361573 1.982863187789917 188
1726426361621 2.040065288543701 189
1726426361667 2.5225210189819336 190
1726426361714 1.933042049407959 191
1726426361762 1.5637643337249756 192
1726426361810 1.939670443534851 193
1726426361862 2.1392135620117188 194
1726426361927 2.492206573486328 195
1726426361984 1.9850553274154663 196
1726426362041 0.8263223767280579 197
1726426362097 2.2901766300201416 198
1726426362152 2.054751396179199 199
1726426362207 1.4142135381698608 200
1726426362263 1.9708677530288696 201
1726426362324 2.6498255729675293 202
1726426362383 1.8986327648162842 203
1726426362439 0.05195467174053192 204
1726426362496 2.2055583000183105 205
1726426362551 1.944807767868042 206
1726426362596 2.2144079208374023 207
1726426362643 1.991814136505127 208
1726426362690 2.4763851165771484 209
1726426362738 1.769086480140686 210
1726426362787 2.1833834648132324 211
1726426362837 2.2726876735687256 212
1726426362887 2.3226213455200195 213
1726426362934 2.000385046005249 214
1726426362983 2.0042169094085693 215
1726426363030 1.982698678970337 216
1726426363077 2.0505807399749756 217
1726426363125 1.4641084671020508 218
1726426363173 1.6872336864471436 219
1726426363220 2.3239095211029053 220
1726426363271 2.034975528717041 221
1726426363319 2.1199662685394287 222
1726426363370 1.3499724864959717 223
1726426363419 1.7998275756835938 224
1726426363469 1.8142693042755127 225
1726426363519 1.3278288841247559 226
1726426363567 2.075591564178467 227
1726426363615 1.908682942390442 228
1726426363662 1.7160567045211792 229
1726426363710 2.2367303371429443 230
1726426363761 2.2415964603424072 231
1726426363810 0.0 232
1726426363863 2.7409427165985107 233
1726426363912 1.6347969770431519 234
1726426363960 1.87571382522583 235
1726426364019 2.590294599533081 236
1726426364086 2.2808151245117188 237
1726426364152 2.423673629760742 238
1726426364197 0.7964078783988953 239
1726426364247 1.890705943107605 240
1726426364298 1.466664433479309 241
1726426364347 2.1627070903778076 242
1726426364394 1.8153479099273682 243
1726426364441 2.3479361534118652 244
1726426364491 2.4493014812469482 245
1726426364539 1.4864888191223145 246
1726426364587 2.357855796813965 247
1726426364634 2.4494898319244385 248
1726426364680 2.080453395843506 249
1726426364728 2.3966896533966064 250
1726426364776 2.213893413543701 251
1726426364823 1.9307397603988647 252
1726426364873 2.4494898319244385 253
1726426364921 2.3770484924316406 254
1726426364970 2.636397123336792 255
1726426365024 1.7860699892044067 256
1726426365073 1.559802770614624 257
1726426365122 2.0284841060638428 258
1726426365170 1.7766919136047363 259
1726426365223 2.0 260
1726426365271 2.7364892959594727 261
1726426365318 2.0318191051483154 262
1726426365369 1.961610198020935 263
1726426365416 2.5364389419555664 264
1726426365464 2.777014970779419 265
1726426365512 1.9759999513626099 266
1726426365560 1.129976511001587 267
1726426365607 1.7825649976730347 268
1726426365654 2.39286470413208 269
1726426365699 0.7196764349937439 270
1726426365742 1.667912244796753 271
1726426365786 1.465530276298523 272
1726426365828 1.9309301376342773 273
1726426365872 1.9497815370559692 274
1726426365912 2.746145725250244 275
1726426365952 1.526196002960205 276
1726426365993 2.1139485836029053 277
1726426366033 1.4142135381698608 278
1726426366071 2.367750406265259 279
1726426366110 2.0143203735351562 280
1726426366148 2.2744321823120117 281
1726426366186 1.3824570178985596 282
1726426366224 2.035885810852051 283
1726426366263 1.7887914180755615 284
1726426366300 1.5963008403778076 285
1726426366340 2.1086719036102295 286
1726426366380 2.3729758262634277 287
1726426366417 2.0518507957458496 288
1726426366456 2.2315382957458496 289
1726426366495 2.7390730381011963 290
1726426366534 1.571096658706665 291
1726426366572 2.34531831741333 292
1726426366610 2.2273333072662354 293
1726426366647 1.5278795957565308 294
1726426366685 1.903200387954712 295
1726426366723 2.371112108230591 296
1726426366762 2.0 297
1726426366800 1.6072627305984497 298
1726426366839 1.6367108821868896 299
1726426366880 2.591017723083496 300
1726426366918 2.0690808296203613 301
1726426366955 1.3853768110275269 302
1726426366993 2.432954788208008 303
1726426367032 1.7531477212905884 304
1726426367070 2.239060401916504 305
1726426367108 2.065974473953247 306
1726426367146 1.5060949325561523 307
1726426367184 2.0087971687316895 308
1726426367222 1.8968225717544556 309
1726426367260 1.847986102104187 310
1726426367299 2.182218313217163 311
1726426367338 1.9699101448059082 312
1726426367379 1.7473443746566772 313
1726426367417 1.4028023481369019 314
1726426367456 1.2432371377944946 315
1726426367493 2.3025150299072266 316
1726426367533 2.799172878265381 317
1726426367571 2.36645770072937 318
1726426367609 1.8319436311721802 319
1726426367647 1.6736115217208862 320
1726426367685 2.1811766624450684 321
1726426367730 1.9135102033615112 322
1726426367789 1.982540249824524 323
1726426367831 1.4914917945861816 324
1726426367871 2.7979910373687744 325
1726426367908 0.7252688407897949 326
1726426367946 1.9654520750045776 327
1726426367984 2.1733486652374268 328
1726426368023 1.3511466979980469 329
1726426368061 0.8711438179016113 330
1726426368099 1.1422150135040283 331
1726426368137 1.7704129219055176 332
1726426368175 1.372450590133667 333
1726426368213 2.31056547164917 334
1726426368252 2.10332989692688 335
1726426368291 2.3493740558624268 336
1726426368329 2.233544111251831 337
1726426368370 2.643618583679199 338
1726426368408 2.0 339
1726426368446 2.200087070465088 340
1726426368486 2.142104148864746 341
1726426368529 1.6993298530578613 342
1726426368567 2.050196409225464 343
1726426368606 1.6576273441314697 344
1726426368644 1.977236270904541 345
1726426368683 1.9284635782241821 346
1726426368721 1.4142135381698608 347
1726426368759 1.3422924280166626 348
1726426368798 2.1003355979919434 349
1726426368840 2.024912118911743 350
1726426368880 1.9135842323303223 351
1726426368918 1.4771161079406738 352
1726426368956 1.3462436199188232 353
1726426368996 1.9635984897613525 354
1726426369036 1.3308690786361694 355
1726426369075 2.2181217670440674 356
1726426369115 1.3485355377197266 357
1726426369153 2.4066498279571533 358
1726426369192 2.255450487136841 359
1726426369230 1.2963995933532715 360
1726426369269 1.8708502054214478 361
1726426369308 2.3108391761779785 362
1726426369351 2.1321938037872314 363
1726426369394 2.0882275104522705 364
1726426369434 2.272244691848755 365
1726426369474 1.7224376201629639 366
1726426369514 2.0793309211730957 367
1726426369553 2.330641031265259 368
1726426369592 1.9802662134170532 369
1726426369630 2.065793991088867 370
1726426369669 2.167292833328247 371
1726426369707 2.3812978267669678 372
1726426369752 1.8504011631011963 373
1726426369793 2.199772834777832 374
1726426369832 2.6439054012298584 375
1726426369874 2.110706090927124 376
1726426369913 2.001486301422119 377
1726426369951 2.571686267852783 378
1726426369989 2.3864803314208984 379
1726426370029 2.357633352279663 380
1726426370067 1.8799617290496826 381
1726426370105 1.8227496147155762 382
1726426370145 1.5273568630218506 383
1726426370183 2.3065857887268066 384
1726426370221 1.8752988576889038 385
1726426370261 1.304147720336914 386
1726426370299 2.1188647747039795 387
1726426370339 0.6788948774337769 388
1726426370380 2.481755018234253 389
1726426370427 1.6858739115832577e-07 390
