1727305195005 2.014693021774292 0
1727305195046 2.014693021774292 1
1727305195094 2.014693021774292 2
1727305195135 2.014693021774292 3
1727305195174 2.014693021774292 4
1727305195213 2.014693021774292 5
1727305195251 2.014693021774292 6
1727305195288 2.014693021774292 7
1727305195327 2.014693021774292 8
1727305195365 2.014693021774292 9
1727305195400 2.014693021774292 10
1727305195436 2.014693021774292 11
1727305195471 2.014693021774292 12
1727305195509 2.014693021774292 13
1727305195546 2.014693021774292 14
1727305195579 2.014693021774292 15
1727305195612 2.014693021774292 16
1727305195646 2.014693021774292 17
1727305195681 2.014693021774292 18
1727305195716 2.014693021774292 19
1727305195753 2.014693021774292 20
1727305195791 2.014693021774292 21
1727305195827 2.014693021774292 22
1727305195862 2.014693021774292 23
1727305195898 2.014693021774292 24
1727305195933 2.014693021774292 25
1727305195970 2.014693021774292 26
1727305196005 2.014693021774292 27
1727305196040 2.014693021774292 28
1727305196078 2.014693021774292 29
1727305196115 2.014693021774292 30
1727305196153 2.014693021774292 31
1727305196190 2.014693021774292 32
1727305196227 2.014693021774292 33
1727305196265 2.014693021774292 34
1727305196306 2.014693021774292 35
1727305196345 2.014693021774292 36
1727305196382 2.014693021774292 37
1727305196420 2.014693021774292 38
1727305196458 2.014693021774292 39
1727305196496 2.014693021774292 40
1727305196534 2.014693021774292 41
1727305196572 2.014693021774292 42
1727305196612 2.014693021774292 43
1727305196650 2.014693021774292 44
1727305196688 2.014693021774292 45
1727305196726 2.014693021774292 46
1727305196764 2.014693021774292 47
1727305196801 2.014693021774292 48
1727305196837 2.014693021774292 49
1727305196873 2.014693021774292 50
1727305196911 2.014693021774292 51
1727305196949 2.014693021774292 52
1727305196984 2.014693021774292 53
1727305197019 2.014693021774292 54
1727305197054 2.014693021774292 55
1727305197089 2.014693021774292 56
1727305197125 2.014693021774292 57
1727305197159 2.014693021774292 58
1727305197193 2.014693021774292 59
1727305197230 2.014693021774292 60
1727305197264 2.014693021774292 61
1727305197299 2.014693021774292 62
1727305197335 2.014693021774292 63
1727305197372 2.014693021774292 64
1727305197407 2.014693021774292 65
1727305197443 2.014693021774292 66
1727305197479 2.014693021774292 67
1727305197515 2.014693021774292 68
1727305197550 2.014693021774292 69
1727305197584 2.014693021774292 70
1727305197619 2.014693021774292 71
1727305197654 2.014693021774292 72
1727305197690 2.014693021774292 73
1727305197725 2.014693021774292 74
1727305197760 2.014693021774292 75
1727305197795 2.014693021774292 76
1727305197830 2.014693021774292 77
1727305197866 2.014693021774292 78
1727305197901 2.014693021774292 79
1727305197937 2.014693021774292 80
1727305197974 2.014693021774292 81
1727305198009 2.014693021774292 82
1727305198044 2.014693021774292 83
1727305198079 2.014693021774292 84
1727305198115 2.014693021774292 85
1727305198150 2.014693021774292 86
1727305198190 2.014693021774292 87
1727305198226 2.014693021774292 88
1727305198261 2.014693021774292 89
1727305198299 2.014693021774292 90
1727305198334 2.014693021774292 91
1727305198370 2.014693021774292 92
1727305198407 2.014693021774292 93
1727305198442 2.014693021774292 94
1727305198478 2.014693021774292 95
1727305198515 2.014693021774292 96
1727305198550 2.014693021774292 97
1727305198586 2.014693021774292 98
1727305198623 2.014693021774292 99
1727305198658 2.014693021774292 100
1727305198695 2.014693021774292 101
1727305198730 2.014693021774292 102
1727305198765 2.014693021774292 103
1727305198800 2.014693021774292 104
1727305198838 2.014693021774292 105
1727305198884 2.014693021774292 106
1727305198928 2.014693021774292 107
1727305198962 2.014693021774292 108
1727305198996 2.014693021774292 109
1727305199030 2.014693021774292 110
1727305199063 2.014693021774292 111
1727305199098 2.014693021774292 112
1727305199133 2.014693021774292 113
1727305199168 2.014693021774292 114
1727305199202 2.014693021774292 115
1727305199236 2.014693021774292 116
1727305199271 2.014693021774292 117
1727305199307 2.014693021774292 118
1727305199342 2.014693021774292 119
1727305199376 2.014693021774292 120
1727305199410 2.014693021774292 121
1727305199446 2.014693021774292 122
1727305199482 2.014693021774292 123
1727305199517 2.014693021774292 124
1727305199552 2.014693021774292 125
1727305199586 2.014693021774292 126
1727305199621 2.014693021774292 127
1727305199655 2.014693021774292 128
1727305199689 2.014693021774292 129
1727305199723 2.014693021774292 130
1727305199759 2.014693021774292 131
1727305199795 2.014693021774292 132
1727305199831 2.014693021774292 133
1727305199866 2.014693021774292 134
1727305199901 2.014693021774292 135
1727305199936 2.014693021774292 136
1727305199972 2.014693021774292 137
1727305200007 2.014693021774292 138
1727305200042 2.014693021774292 139
1727305200077 2.014693021774292 140
1727305200112 2.014693021774292 141
1727305200147 2.014693021774292 142
1727305200181 2.014693021774292 143
1727305200218 2.014693021774292 144
1727305200254 2.014693021774292 145
1727305200290 2.014693021774292 146
1727305200326 2.014693021774292 147
1727305200361 2.014693021774292 148
1727305200395 2.014693021774292 149
1727305200431 2.014693021774292 150
1727305200467 2.014693021774292 151
1727305200502 2.014693021774292 152
1727305200537 2.014693021774292 153
1727305200572 2.014693021774292 154
1727305200607 2.014693021774292 155
1727305200642 2.014693021774292 156
1727305200678 2.014693021774292 157
1727305200715 2.014693021774292 158
1727305200762 2.014693021774292 159
1727305200806 2.014693021774292 160
1727305200845 2.014693021774292 161
1727305200879 2.014693021774292 162
1727305200914 2.014693021774292 163
1727305200949 2.014693021774292 164
1727305200985 2.014693021774292 165
1727305201020 2.014693021774292 166
1727305201054 2.014693021774292 167
1727305201088 2.014693021774292 168
1727305201122 2.014693021774292 169
1727305201157 2.014693021774292 170
1727305201195 2.014693021774292 171
1727305201233 2.014693021774292 172
1727305201271 2.014693021774292 173
1727305201309 2.014693021774292 174
1727305201346 2.014693021774292 175
1727305201384 2.014693021774292 176
1727305201421 2.014693021774292 177
1727305201459 2.014693021774292 178
1727305201494 2.014693021774292 179
1727305201536 2.014693021774292 180
1727305201572 2.014693021774292 181
1727305201607 2.014693021774292 182
1727305201649 2.014693021774292 183
1727305201697 2.014693021774292 184
1727305201736 2.014693021774292 185
1727305201775 2.014693021774292 186
1727305201816 2.014693021774292 187
1727305201857 2.014693021774292 188
1727305201907 2.014693021774292 189
1727305201954 2.014693021774292 190
1727305202012 2.014693021774292 191
1727305202057 2.014693021774292 192
1727305202103 2.014693021774292 193
1727305202158 2.014693021774292 194
1727305202212 2.014693021774292 195
1727305202265 2.014693021774292 196
1727305202318 2.014693021774292 197
1727305202371 2.014693021774292 198
1727305202422 2.014693021774292 199
1727305202477 2.014693021774292 200
1727305202533 2.014693021774292 201
1727305202571 2.014693021774292 202
1727305202610 2.014693021774292 203
1727305202648 2.014693021774292 204
1727305202685 2.014693021774292 205
1727305202722 2.014693021774292 206
1727305202759 2.014693021774292 207
1727305202796 2.014693021774292 208
1727305202833 2.014693021774292 209
1727305202869 2.014693021774292 210
1727305202905 2.014693021774292 211
1727305202942 2.014693021774292 212
1727305202980 2.014693021774292 213
1727305203016 2.014693021774292 214
1727305203053 2.014693021774292 215
1727305203090 2.014693021774292 216
1727305203126 2.014693021774292 217
1727305203163 2.014693021774292 218
1727305203199 2.014693021774292 219
1727305203236 2.014693021774292 220
1727305203276 2.014693021774292 221
1727305203313 2.014693021774292 222
1727305203348 2.014693021774292 223
1727305203383 2.014693021774292 224
1727305203417 2.014693021774292 225
1727305203452 2.014693021774292 226
1727305203487 2.014693021774292 227
1727305203522 2.014693021774292 228
1727305203557 2.014693021774292 229
1727305203592 2.014693021774292 230
1727305203629 2.014693021774292 231
1727305203664 2.014693021774292 232
1727305203699 2.014693021774292 233
1727305203734 2.014693021774292 234
1727305203768 2.014693021774292 235
1727305203804 2.014693021774292 236
1727305203840 2.014693021774292 237
1727305203875 2.014693021774292 238
1727305203910 2.014693021774292 239
1727305203946 2.014693021774292 240
1727305203981 2.014693021774292 241
1727305204015 2.014693021774292 242
1727305204051 2.014693021774292 243
1727305204086 2.014693021774292 244
1727305204121 2.014693021774292 245
1727305204157 2.014693021774292 246
1727305204195 2.014693021774292 247
1727305204231 2.014693021774292 248
1727305204269 2.014693021774292 249
1727305204307 2.014693021774292 250
1727305204343 2.014693021774292 251
1727305204380 2.014693021774292 252
1727305204416 2.014693021774292 253
1727305204453 2.014693021774292 254
1727305204491 2.014693021774292 255
1727305204528 2.014693021774292 256
1727305204566 2.014693021774292 257
1727305204604 2.014693021774292 258
1727305204641 2.014693021774292 259
1727305204680 2.014693021774292 260
1727305204717 2.014693021774292 261
1727305204754 2.014693021774292 262
1727305204791 2.014693021774292 263
1727305204827 2.014693021774292 264
1727305204862 2.014693021774292 265
1727305204898 2.014693021774292 266
1727305204935 2.014693021774292 267
1727305204972 2.014693021774292 268
1727305205008 2.014693021774292 269
1727305205043 2.014693021774292 270
1727305205079 2.014693021774292 271
1727305205116 2.014693021774292 272
1727305205153 2.014693021774292 273
1727305205190 2.014693021774292 274
1727305205226 2.014693021774292 275
1727305205263 2.014693021774292 276
1727305205299 2.014693021774292 277
1727305205334 2.014693021774292 278
1727305205370 2.014693021774292 279
1727305205404 2.014693021774292 280
1727305205440 2.014693021774292 281
1727305205474 2.014693021774292 282
1727305205509 2.014693021774292 283
1727305205544 2.014693021774292 284
1727305205579 2.014693021774292 285
1727305205614 2.014693021774292 286
1727305205649 2.014693021774292 287
1727305205683 2.014693021774292 288
1727305205718 2.014693021774292 289
1727305205754 2.014693021774292 290
1727305205791 2.014693021774292 291
1727305205827 2.014693021774292 292
1727305205863 2.014693021774292 293
1727305205899 2.014693021774292 294
1727305205934 2.014693021774292 295
1727305205972 2.014693021774292 296
1727305206007 2.014693021774292 297
1727305206044 2.014693021774292 298
1727305206080 2.014693021774292 299
1727305206115 2.014693021774292 300
1727305206150 2.014693021774292 301
1727305206185 2.014693021774292 302
1727305206220 2.014693021774292 303
1727305206255 2.014693021774292 304
1727305206293 2.014693021774292 305
1727305206335 2.014693021774292 306
1727305206373 2.014693021774292 307
1727305206416 2.014693021774292 308
1727305206456 2.014693021774292 309
1727305206494 2.014693021774292 310
1727305206534 2.014693021774292 311
1727305206579 2.014693021774292 312
1727305206622 2.014693021774292 313
1727305206659 2.014693021774292 314
1727305206696 2.014693021774292 315
1727305206731 2.014693021774292 316
1727305206766 2.014693021774292 317
1727305206803 2.014693021774292 318
1727305206838 2.014693021774292 319
1727305206873 2.014693021774292 320
1727305206908 2.014693021774292 321
1727305206949 2.014693021774292 322
1727305206989 2.014693021774292 323
1727305207028 2.014693021774292 324
1727305207066 2.014693021774292 325
1727305207104 2.014693021774292 326
1727305207140 2.014693021774292 327
1727305207177 2.014693021774292 328
1727305207217 2.014693021774292 329
1727305207254 2.014693021774292 330
1727305207291 2.014693021774292 331
1727305207326 2.014693021774292 332
1727305207362 2.014693021774292 333
1727305207397 2.014693021774292 334
1727305207434 2.014693021774292 335
1727305207469 2.014693021774292 336
1727305207504 2.014693021774292 337
1727305207540 2.014693021774292 338
1727305207575 2.014693021774292 339
1727305207610 2.014693021774292 340
1727305207645 2.014693021774292 341
1727305207679 2.014693021774292 342
1727305207714 2.014693021774292 343
1727305207749 2.014693021774292 344
1727305207783 2.014693021774292 345
1727305207818 2.014693021774292 346
1727305207854 2.014693021774292 347
1727305207892 2.014693021774292 348
1727305207927 2.014693021774292 349
1727305207963 2.014693021774292 350
1727305207998 2.014693021774292 351
1727305208033 2.014693021774292 352
1727305208069 2.014693021774292 353
1727305208104 2.014693021774292 354
1727305208140 2.014693021774292 355
1727305208175 2.014693021774292 356
1727305208211 2.014693021774292 357
1727305208246 2.014693021774292 358
1727305208281 2.014693021774292 359
1727305208318 2.014693021774292 360
1727305208354 2.014693021774292 361
1727305208389 2.014693021774292 362
1727305208424 2.014693021774292 363
1727305208459 2.014693021774292 364
1727305208494 2.014693021774292 365
1727305208529 2.014693021774292 366
1727305208567 2.014693021774292 367
1727305208603 2.014693021774292 368
1727305208639 2.014693021774292 369
1727305208674 2.014693021774292 370
1727305208708 2.014693021774292 371
1727305208743 2.014693021774292 372
1727305208779 2.014693021774292 373
1727305208815 2.014693021774292 374
1727305208851 2.014693021774292 375
1727305208886 2.014693021774292 376
1727305208922 2.014693021774292 377
1727305208958 2.014693021774292 378
1727305208993 2.014693021774292 379
1727305209030 2.014693021774292 380
1727305209066 2.014693021774292 381
1727305209101 2.014693021774292 382
1727305209136 2.014693021774292 383
1727305209170 2.014693021774292 384
1727305209205 2.014693021774292 385
1727305209240 2.014693021774292 386
1727305209275 2.014693021774292 387
1727305209312 2.014693021774292 388
1727305209348 2.014693021774292 389
1727305209384 2.014693021774292 390
1727305209418 2.014693021774292 391
1727305209454 2.014693021774292 392
1727305209490 2.014693021774292 393
1727305209525 2.014693021774292 394
1727305209562 2.014693021774292 395
1727305209596 2.014693021774292 396
1727305209632 2.014693021774292 397
1727305209667 2.014693021774292 398
1727305209703 2.014693021774292 399
1727305209739 2.014693021774292 400
1727305209775 2.014693021774292 401
1727305209811 2.014693021774292 402
1727305209847 2.014693021774292 403
1727305209883 2.014693021774292 404
1727305209920 2.014693021774292 405
1727305209955 2.014693021774292 406
1727305209993 2.014693021774292 407
1727305210027 2.014693021774292 408
1727305210062 2.014693021774292 409
1727305210098 2.014693021774292 410
1727305210134 2.014693021774292 411
1727305210170 2.014693021774292 412
1727305210207 2.014693021774292 413
1727305210243 2.014693021774292 414
1727305210277 2.014693021774292 415
1727305210315 2.014693021774292 416
1727305210355 2.014693021774292 417
1727305210391 2.014693021774292 418
1727305210427 2.014693021774292 419
1727305210463 2.014693021774292 420
1727305210498 2.014693021774292 421
1727305210536 2.014693021774292 422
1727305210572 2.014693021774292 423
1727305210607 2.014693021774292 424
1727305210643 2.014693021774292 425
1727305210678 2.014693021774292 426
1727305210712 2.014693021774292 427
1727305210747 2.014693021774292 428
1727305210783 2.014693021774292 429
1727305210819 2.014693021774292 430
1727305210854 2.014693021774292 431
1727305210890 2.014693021774292 432
1727305210929 2.014693021774292 433
1727305210966 2.014693021774292 434
1727305211006 2.014693021774292 435
1727305211041 2.014693021774292 436
1727305211076 2.014693021774292 437
1727305211111 2.014693021774292 438
1727305211147 2.014693021774292 439
1727305211183 2.014693021774292 440
1727305211218 2.014693021774292 441
1727305211255 2.014693021774292 442
1727305211290 2.014693021774292 443
1727305211326 2.014693021774292 444
1727305211363 2.014693021774292 445
1727305211399 2.014693021774292 446
1727305211437 2.014693021774292 447
1727305211472 2.014693021774292 448
1727305211510 2.014693021774292 449
1727305211546 2.014693021774292 450
1727305211583 2.014693021774292 451
1727305211618 2.014693021774292 452
1727305211653 2.014693021774292 453
1727305211690 2.014693021774292 454
1727305211727 2.014693021774292 455
1727305211763 2.014693021774292 456
1727305211799 2.014693021774292 457
1727305211835 2.014693021774292 458
1727305211871 2.014693021774292 459
1727305211907 2.014693021774292 460
1727305211944 2.014693021774292 461
1727305211980 2.014693021774292 462
1727305212022 2.014693021774292 463
1727305212073 2.014693021774292 464
1727305212118 2.014693021774292 465
1727305212161 2.014693021774292 466
1727305212212 2.014693021774292 467
1727305212260 2.014693021774292 468
1727305212314 2.014693021774292 469
1727305212359 2.014693021774292 470
1727305212402 2.014693021774292 471
1727305212447 2.014693021774292 472
1727305212491 2.014693021774292 473
1727305212535 2.014693021774292 474
1727305212578 2.014693021774292 475
1727305212622 2.014693021774292 476
1727305212667 2.014693021774292 477
1727305212711 2.014693021774292 478
1727305212755 2.014693021774292 479
1727305212808 2.014693021774292 480
1727305212853 2.014693021774292 481
1727305212899 2.014693021774292 482
1727305212945 2.014693021774292 483
1727305213001 2.014693021774292 484
1727305213058 2.014693021774292 485
1727305213116 2.014693021774292 486
1727305213163 2.014693021774292 487
1727305213207 2.014693021774292 488
1727305213261 2.014693021774292 489
1727305213314 2.014693021774292 490
1727305213356 2.014693021774292 491
1727305213396 2.014693021774292 492
1727305213435 2.014693021774292 493
1727305213475 2.014693021774292 494
1727305213514 2.014693021774292 495
1727305213557 2.014693021774292 496
1727305213601 2.014693021774292 497
1727305213638 2.014693021774292 498
1727305213676 2.014693021774292 499
1727305213716 2.014693021774292 500
1727305213755 2.014693021774292 501
1727305213792 2.014693021774292 502
1727305213831 2.014693021774292 503
1727305213878 2.014693021774292 504
1727305213925 2.014693021774292 505
1727305213977 2.014693021774292 506
1727305214023 2.014693021774292 507
1727305214061 2.014693021774292 508
1727305214099 2.014693021774292 509
1727305214137 2.014693021774292 510
1727305214173 2.014693021774292 511
1727305214210 2.014693021774292 512
1727305214246 2.014693021774292 513
1727305214283 2.014693021774292 514
1727305214320 2.014693021774292 515
1727305214358 2.014693021774292 516
1727305214394 2.014693021774292 517
1727305214432 2.014693021774292 518
1727305214467 2.014693021774292 519
1727305214503 2.014693021774292 520
1727305214538 2.014693021774292 521
1727305214574 2.014693021774292 522
1727305214610 2.014693021774292 523
1727305214645 2.014693021774292 524
1727305214679 2.014693021774292 525
1727305214714 2.014693021774292 526
1727305214750 2.014693021774292 527
1727305214785 2.014693021774292 528
1727305214821 2.014693021774292 529
1727305214857 2.014693021774292 530
1727305214893 2.014693021774292 531
1727305214929 2.014693021774292 532
1727305214964 2.014693021774292 533
1727305214999 2.014693021774292 534
1727305215034 2.014693021774292 535
1727305215069 2.014693021774292 536
1727305215106 2.014693021774292 537
1727305215141 2.014693021774292 538
1727305215176 2.014693021774292 539
1727305215212 2.014693021774292 540
1727305215248 2.014693021774292 541
1727305215283 2.014693021774292 542
1727305215319 2.014693021774292 543
1727305215356 2.014693021774292 544
1727305215392 2.014693021774292 545
1727305215428 2.014693021774292 546
1727305215464 2.014693021774292 547
1727305215501 2.014693021774292 548
1727305215536 2.014693021774292 549
1727305215572 2.014693021774292 550
1727305215608 2.014693021774292 551
1727305215643 2.014693021774292 552
1727305215680 2.014693021774292 553
1727305215716 2.014693021774292 554
1727305215752 2.014693021774292 555
1727305215790 2.014693021774292 556
1727305215829 2.014693021774292 557
1727305215866 2.014693021774292 558
1727305215903 2.014693021774292 559
1727305215941 2.014693021774292 560
1727305215979 2.014693021774292 561
1727305216018 2.014693021774292 562
1727305216058 2.014693021774292 563
1727305216097 2.014693021774292 564
1727305216135 2.014693021774292 565
1727305216174 2.014693021774292 566
1727305216215 2.014693021774292 567
1727305216250 2.014693021774292 568
1727305216284 2.014693021774292 569
1727305216321 2.014693021774292 570
1727305216357 2.014693021774292 571
1727305216393 2.014693021774292 572
1727305216428 2.014693021774292 573
1727305216464 2.014693021774292 574
1727305216498 2.014693021774292 575
1727305216536 2.014693021774292 576
1727305216576 2.014693021774292 577
1727305216615 2.014693021774292 578
1727305216654 2.014693021774292 579
1727305216694 2.014693021774292 580
1727305216734 2.014693021774292 581
1727305216775 2.014693021774292 582
1727305216816 2.014693021774292 583
1727305216858 2.014693021774292 584
1727305216900 2.014693021774292 585
1727305216944 2.014693021774292 586
1727305216989 2.014693021774292 587
1727305217033 2.014693021774292 588
1727305217079 2.014693021774292 589
1727305217123 2.014693021774292 590
1727305217167 2.014693021774292 591
1727305217211 2.014693021774292 592
1727305217255 2.014693021774292 593
1727305217300 2.014693021774292 594
1727305217344 2.014693021774292 595
1727305217387 2.014693021774292 596
1727305217428 2.014693021774292 597
1727305217467 2.014693021774292 598
1727305217507 2.014693021774292 599
1727305217546 2.014693021774292 600
1727305217585 2.014693021774292 601
1727305217623 2.014693021774292 602
1727305217661 2.014693021774292 603
1727305217698 2.014693021774292 604
1727305217735 2.014693021774292 605
1727305217771 2.014693021774292 606
1727305217809 2.014693021774292 607
1727305217877 2.014693021774292 608
1727305217934 2.014693021774292 609
1727305217984 2.014693021774292 610
1727305218029 2.014693021774292 611
1727305218069 2.014693021774292 612
1727305218130 2.014693021774292 613
1727305218186 2.014693021774292 614
1727305218224 2.014693021774292 615
1727305218261 2.014693021774292 616
1727305218298 2.014693021774292 617
1727305218341 2.014693021774292 618
1727305218377 2.014693021774292 619
1727305218413 2.014693021774292 620
1727305218449 2.014693021774292 621
1727305218485 2.014693021774292 622
1727305218523 2.014693021774292 623
1727305218558 2.014693021774292 624
1727305218595 2.014693021774292 625
1727305218630 2.014693021774292 626
1727305218665 2.014693021774292 627
1727305218700 2.014693021774292 628
1727305218735 2.014693021774292 629
1727305218770 2.014693021774292 630
1727305218807 2.014693021774292 631
1727305218843 2.014693021774292 632
1727305218877 2.014693021774292 633
1727305218912 2.014693021774292 634
1727305218951 2.014693021774292 635
1727305218987 2.014693021774292 636
1727305219022 2.014693021774292 637
1727305219057 2.014693021774292 638
1727305219093 2.014693021774292 639
1727305219129 2.014693021774292 640
1727305219164 2.014693021774292 641
1727305219199 2.014693021774292 642
1727305219235 2.014693021774292 643
1727305219271 2.014693021774292 644
1727305219306 2.014693021774292 645
1727305219342 2.014693021774292 646
1727305219378 2.014693021774292 647
1727305219413 2.014693021774292 648
1727305219449 2.014693021774292 649
1727305219484 2.014693021774292 650
1727305219519 2.014693021774292 651
1727305219555 2.014693021774292 652
1727305219591 2.014693021774292 653
1727305219628 2.014693021774292 654
1727305219663 2.014693021774292 655
1727305219699 2.014693021774292 656
1727305219737 2.014693021774292 657
1727305219773 2.014693021774292 658
1727305219811 2.014693021774292 659
1727305219851 2.014693021774292 660
1727305219889 2.014693021774292 661
1727305219925 2.014693021774292 662
1727305219961 2.014693021774292 663
1727305220001 2.014693021774292 664
1727305220039 2.014693021774292 665
1727305220075 2.014693021774292 666
1727305220112 2.014693021774292 667
1727305220149 2.014693021774292 668
1727305220184 2.014693021774292 669
1727305220222 2.014693021774292 670
1727305220259 2.014693021774292 671
1727305220294 2.014693021774292 672
1727305220331 2.014693021774292 673
1727305220366 2.014693021774292 674
1727305220402 2.014693021774292 675
1727305220438 2.014693021774292 676
1727305220473 2.014693021774292 677
1727305220509 2.014693021774292 678
1727305220544 2.014693021774292 679
1727305220578 2.014693021774292 680
1727305220613 2.014693021774292 681
1727305220648 2.014693021774292 682
1727305220683 2.014693021774292 683
1727305220718 2.014693021774292 684
1727305220753 2.014693021774292 685
1727305220788 2.014693021774292 686
1727305220823 2.014693021774292 687
1727305220858 2.014693021774292 688
1727305220893 2.014693021774292 689
1727305220929 2.014693021774292 690
1727305220964 2.014693021774292 691
1727305220998 2.014693021774292 692
1727305221034 2.014693021774292 693
1727305221069 2.014693021774292 694
1727305221104 2.014693021774292 695
1727305221139 2.014693021774292 696
1727305221175 2.014693021774292 697
1727305221210 2.014693021774292 698
1727305221245 2.014693021774292 699
1727305221281 2.014693021774292 700
1727305221314 2.014693021774292 701
1727305221351 2.014693021774292 702
1727305221387 2.014693021774292 703
1727305221422 2.014693021774292 704
1727305221460 2.014693021774292 705
1727305221495 2.014693021774292 706
1727305221533 2.014693021774292 707
1727305221572 2.014693021774292 708
1727305221609 2.014693021774292 709
1727305221645 2.014693021774292 710
1727305221684 2.014693021774292 711
1727305221727 2.014693021774292 712
1727305221765 2.014693021774292 713
1727305221803 2.014693021774292 714
1727305221842 2.014693021774292 715
1727305221880 2.014693021774292 716
1727305221918 2.014693021774292 717
1727305221956 2.014693021774292 718
1727305221994 2.014693021774292 719
1727305222029 2.014693021774292 720
1727305222065 2.014693021774292 721
1727305222101 2.014693021774292 722
1727305222144 2.014693021774292 723
1727305222186 2.014693021774292 724
1727305222225 2.014693021774292 725
1727305222263 2.014693021774292 726
1727305222303 2.014693021774292 727
1727305222341 2.014693021774292 728
1727305222377 2.014693021774292 729
1727305222414 2.014693021774292 730
1727305222451 2.014693021774292 731
1727305222487 2.014693021774292 732
1727305222523 2.014693021774292 733
1727305222559 2.014693021774292 734
1727305222596 2.014693021774292 735
1727305222633 2.014693021774292 736
1727305222670 2.014693021774292 737
1727305222708 2.014693021774292 738
1727305222747 2.014693021774292 739
1727305222781 2.014693021774292 740
1727305222816 2.014693021774292 741
1727305222851 2.014693021774292 742
1727305222887 2.014693021774292 743
1727305222923 2.014693021774292 744
1727305222960 2.014693021774292 745
1727305222996 2.014693021774292 746
1727305223032 2.014693021774292 747
1727305223067 2.014693021774292 748
1727305223104 2.014693021774292 749
1727305223141 2.014693021774292 750
1727305223179 2.014693021774292 751
1727305223214 2.014693021774292 752
1727305223250 2.014693021774292 753
1727305223286 2.014693021774292 754
1727305223323 2.014693021774292 755
1727305223359 2.014693021774292 756
1727305223393 2.014693021774292 757
1727305223428 2.014693021774292 758
1727305223464 2.014693021774292 759
1727305223500 2.014693021774292 760
1727305223535 2.014693021774292 761
1727305223570 2.014693021774292 762
1727305223606 2.014693021774292 763
1727305223641 2.014693021774292 764
1727305223677 2.014693021774292 765
1727305223713 2.014693021774292 766
1727305223751 2.014693021774292 767
1727305223787 2.014693021774292 768
1727305223823 2.014693021774292 769
1727305223859 2.014693021774292 770
1727305223894 2.014693021774292 771
1727305223930 2.014693021774292 772
1727305223966 2.014693021774292 773
1727305224001 2.014693021774292 774
1727305224036 2.014693021774292 775
1727305224071 2.014693021774292 776
1727305224107 2.014693021774292 777
1727305224143 2.014693021774292 778
1727305224178 2.014693021774292 779
1727305224213 2.014693021774292 780
1727305224248 2.014693021774292 781
1727305224282 2.014693021774292 782
1727305224319 2.014693021774292 783
1727305224357 2.014693021774292 784
1727305224393 2.014693021774292 785
1727305224429 2.014693021774292 786
1727305224464 2.014693021774292 787
1727305224499 2.014693021774292 788
1727305224535 2.014693021774292 789
1727305224571 2.014693021774292 790
1727305224607 2.014693021774292 791
1727305224643 2.014693021774292 792
1727305224679 2.014693021774292 793
1727305224715 2.014693021774292 794
1727305224750 2.014693021774292 795
1727305224786 2.014693021774292 796
1727305224822 2.014693021774292 797
1727305224858 2.014693021774292 798
1727305224894 2.014693021774292 799
1727305224931 2.014693021774292 800
1727305224967 2.014693021774292 801
1727305225004 2.014693021774292 802
1727305225039 2.014693021774292 803
1727305225075 2.014693021774292 804
1727305225112 2.014693021774292 805
1727305225148 2.014693021774292 806
1727305225185 2.014693021774292 807
1727305225220 2.014693021774292 808
1727305225255 2.014693021774292 809
1727305225291 2.014693021774292 810
1727305225330 2.014693021774292 811
1727305225366 2.014693021774292 812
1727305225402 2.014693021774292 813
1727305225436 2.014693021774292 814
1727305225471 2.014693021774292 815
1727305225507 2.014693021774292 816
1727305225542 2.014693021774292 817
1727305225578 2.014693021774292 818
1727305225615 2.014693021774292 819
1727305225649 2.014693021774292 820
1727305225684 2.014693021774292 821
1727305225719 2.014693021774292 822
1727305225753 2.014693021774292 823
1727305225789 2.014693021774292 824
1727305225824 2.014693021774292 825
1727305225860 2.014693021774292 826
1727305225896 2.014693021774292 827
1727305225933 2.014693021774292 828
1727305225969 2.014693021774292 829
1727305226004 2.014693021774292 830
1727305226041 2.014693021774292 831
1727305226076 2.014693021774292 832
1727305226113 2.014693021774292 833
1727305226150 2.014693021774292 834
1727305226184 2.014693021774292 835
1727305226221 2.014693021774292 836
1727305226256 2.014693021774292 837
1727305226293 2.014693021774292 838
1727305226330 2.014693021774292 839
1727305226366 2.014693021774292 840
1727305226402 2.014693021774292 841
1727305226441 2.014693021774292 842
1727305226478 2.014693021774292 843
1727305226514 2.014693021774292 844
1727305226549 2.014693021774292 845
1727305226585 2.014693021774292 846
1727305226624 2.014693021774292 847
1727305226660 2.014693021774292 848
1727305226696 2.014693021774292 849
1727305226731 2.014693021774292 850
1727305226767 2.014693021774292 851
1727305226807 2.014693021774292 852
1727305226844 2.014693021774292 853
1727305226886 2.014693021774292 854
1727305226924 2.014693021774292 855
1727305226962 2.014693021774292 856
1727305227001 2.014693021774292 857
1727305227040 2.014693021774292 858
1727305227078 2.014693021774292 859
1727305227121 2.014693021774292 860
1727305227160 2.014693021774292 861
1727305227194 2.014693021774292 862
1727305227228 2.014693021774292 863
1727305227263 2.014693021774292 864
1727305227301 2.014693021774292 865
1727305227339 2.014693021774292 866
1727305227377 2.014693021774292 867
1727305227412 2.014693021774292 868
1727305227449 2.014693021774292 869
1727305227486 2.014693021774292 870
1727305227521 2.014693021774292 871
1727305227555 2.014693021774292 872
1727305227590 2.014693021774292 873
1727305227625 2.014693021774292 874
1727305227660 2.014693021774292 875
1727305227695 2.014693021774292 876
1727305227731 2.014693021774292 877
1727305227766 2.014693021774292 878
1727305227801 2.014693021774292 879
1727305227836 2.014693021774292 880
1727305227872 2.014693021774292 881
1727305227908 2.014693021774292 882
1727305227945 2.014693021774292 883
1727305227980 2.014693021774292 884
1727305228015 2.014693021774292 885
1727305228050 2.014693021774292 886
1727305228086 2.014693021774292 887
1727305228122 2.014693021774292 888
1727305228158 2.014693021774292 889
1727305228193 2.014693021774292 890
1727305228228 2.014693021774292 891
1727305228263 2.014693021774292 892
1727305228299 2.014693021774292 893
1727305228334 2.014693021774292 894
1727305228370 2.014693021774292 895
1727305228406 2.014693021774292 896
1727305228441 2.014693021774292 897
1727305228477 2.014693021774292 898
1727305228514 2.014693021774292 899
1727305228550 2.014693021774292 900
1727305228586 2.014693021774292 901
1727305228623 2.014693021774292 902
1727305228658 2.014693021774292 903
1727305228693 2.014693021774292 904
1727305228729 2.014693021774292 905
1727305228764 2.014693021774292 906
1727305228799 2.014693021774292 907
1727305228837 2.014693021774292 908
1727305228874 2.014693021774292 909
1727305228911 2.014693021774292 910
1727305228946 2.014693021774292 911
1727305228985 2.014693021774292 912
1727305229024 2.014693021774292 913
1727305229065 2.014693021774292 914
1727305229105 2.014693021774292 915
1727305229146 2.014693021774292 916
1727305229185 2.014693021774292 917
1727305229222 2.014693021774292 918
1727305229258 2.014693021774292 919
1727305229293 2.014693021774292 920
1727305229330 2.014693021774292 921
1727305229366 2.014693021774292 922
1727305229410 2.014693021774292 923
1727305229444 2.014693021774292 924
1727305229479 2.014693021774292 925
1727305229514 2.014693021774292 926
1727305229548 2.014693021774292 927
1727305229583 2.014693021774292 928
1727305229618 2.014693021774292 929
1727305229652 2.014693021774292 930
1727305229688 2.014693021774292 931
1727305229722 2.014693021774292 932
1727305229758 2.014693021774292 933
1727305229793 2.014693021774292 934
1727305229828 2.014693021774292 935
1727305229863 2.014693021774292 936
1727305229900 2.014693021774292 937
1727305229936 2.014693021774292 938
1727305229971 2.014693021774292 939
1727305230008 2.014693021774292 940
1727305230045 2.014693021774292 941
1727305230080 2.014693021774292 942
1727305230117 2.014693021774292 943
1727305230153 2.014693021774292 944
1727305230189 2.014693021774292 945
1727305230224 2.014693021774292 946
1727305230262 2.014693021774292 947
1727305230298 2.014693021774292 948
1727305230334 2.014693021774292 949
1727305230371 2.014693021774292 950
1727305230407 2.014693021774292 951
1727305230444 2.014693021774292 952
1727305230481 2.014693021774292 953
1727305230518 2.014693021774292 954
1727305230553 2.014693021774292 955
1727305230589 2.014693021774292 956
1727305230627 2.014693021774292 957
1727305230663 2.014693021774292 958
1727305230699 2.014693021774292 959
1727305230735 2.014693021774292 960
1727305230770 2.014693021774292 961
1727305230808 2.014693021774292 962
1727305230845 2.014693021774292 963
1727305230881 2.014693021774292 964
1727305230918 2.014693021774292 965
1727305230954 2.014693021774292 966
1727305230992 2.014693021774292 967
1727305231030 2.014693021774292 968
1727305231069 2.014693021774292 969
1727305231104 2.014693021774292 970
1727305231141 2.014693021774292 971
1727305231178 2.014693021774292 972
1727305231216 2.014693021774292 973
1727305231253 2.014693021774292 974
1727305231299 2.014693021774292 975
1727305231334 2.014693021774292 976
1727305231369 2.014693021774292 977
1727305231403 2.014693021774292 978
1727305231440 2.014693021774292 979
1727305231476 2.014693021774292 980
1727305231514 2.014693021774292 981
1727305231552 2.014693021774292 982
1727305231590 2.014693021774292 983
1727305231629 2.014693021774292 984
1727305231668 2.014693021774292 985
1727305231710 2.014693021774292 986
1727305231758 2.014693021774292 987
1727305231803 2.014693021774292 988
1727305231853 2.014693021774292 989
1727305231901 2.014693021774292 990
1727305231944 2.014693021774292 991
1727305231998 2.014693021774292 992
1727305232054 2.014693021774292 993
1727305232103 2.014693021774292 994
1727305232159 2.014693021774292 995
1727305232215 2.014693021774292 996
1727305232270 2.014693021774292 997
1727305232322 2.014693021774292 998
1727305232374 2.014693021774292 999
