1727303019679 0.2669222354888916 0
1727303019719 8.818537712097168 1
1727303019757 -0.04572570323944092 2
1727303019794 0.03963136672973633 3
1727303019832 -0.010313749313354492 4
1727303019869 0.09145545959472656 5
1727303019905 0.18642187118530273 6
1727303019943 0.08264017105102539 7
1727303019980 0.12225699424743652 8
1727303020016 0.09453034400939941 9
1727303020053 0.2001328468322754 10
1727303020089 0.03690671920776367 11
1727303020125 0.07374000549316406 12
1727303020161 0.10632967948913574 13
1727303020196 0.09073233604431152 14
1727303020232 0.14962100982666016 15
1727303020268 0.0022668838500976562 16
1727303020305 0.15514802932739258 17
1727303020339 0.03915667533874512 18
1727303020375 0.06264209747314453 19
1727303020409 -0.02326369285583496 20
1727303020444 0.05294966697692871 21
1727303020480 -0.017213821411132812 22
1727303020514 0.1274716854095459 23
1727303020551 0.11650824546813965 24
1727303020593 -0.02080368995666504 25
1727303020631 0.03573942184448242 26
1727303020666 0.06155681610107422 27
1727303020707 -0.016175031661987305 28
1727303020746 0.10811877250671387 29
1727303020783 -0.0683445930480957 30
1727303020818 0.18494772911071777 31
1727303020852 0.18287968635559082 32
1727303020887 0.23665571212768555 33
1727303020924 3.9262471199035645 34
1727303020960 0.17094731330871582 35
1727303020997 0.0022687911987304688 36
1727303021033 0.17389440536499023 37
1727303021069 0.16059160232543945 38
1727303021105 0.09830307960510254 39
1727303021140 -0.04060721397399902 40
1727303021176 -0.17986834049224854 41
1727303021212 0.12994813919067383 42
1727303021249 0.19444012641906738 43
1727303021286 -0.27146685123443604 44
1727303021323 -0.01454925537109375 45
1727303021358 -0.08378875255584717 46
1727303021393 0.16904783248901367 47
1727303021427 0.09897232055664062 48
1727303021463 0.09856653213500977 49
1727303021496 0.08059906959533691 50
1727303021531 0.028682947158813477 51
1727303021568 -0.09834766387939453 52
1727303021604 -0.26025891304016113 53
1727303021639 0.1584641933441162 54
1727303021683 -0.07392740249633789 55
1727303021730 0.18828320503234863 56
1727303021770 -0.026258230209350586 57
1727303021815 0.15569043159484863 58
1727303021858 0.17974472045898438 59
1727303021904 0.20302844047546387 60
1727303021962 0.1163625717163086 61
1727303022015 0.05962991714477539 62
1727303022071 -0.7801951169967651 63
1727303022118 0.12632393836975098 64
1727303022161 0.0012156963348388672 65
1727303022203 0.09043669700622559 66
1727303022246 0.09096360206604004 67
1727303022289 0.23524093627929688 68
1727303022332 -0.08927583694458008 69
1727303022376 0.07127666473388672 70
1727303022420 0.02625274658203125 71
1727303022470 0.08222079277038574 72
1727303022514 -0.1000669002532959 73
1727303022560 -0.11781871318817139 74
1727303022606 0.1654050350189209 75
1727303022651 0.059980154037475586 76
1727303022696 0.0163271427154541 77
1727303022740 0.19493508338928223 78
1727303022784 -0.02651381492614746 79
1727303022832 -0.033734917640686035 80
1727303022880 0.12830471992492676 81
1727303022930 -0.0953136682510376 82
1727303022971 -0.214835524559021 83
1727303023011 -0.7801951169967651 84
1727303023049 -0.14311623573303223 85
1727303023088 -0.40134263038635254 86
1727303023125 0.15782999992370605 87
1727303023163 0.08310770988464355 88
1727303023200 0.0972597599029541 89
1727303023236 -0.1883864402770996 90
1727303023272 0.030013084411621094 91
1727303023309 0.22016668319702148 92
1727303023345 0.016040563583374023 93
1727303023380 0.22103142738342285 94
1727303023415 0.24904966354370117 95
1727303023451 0.16766953468322754 96
1727303023486 0.21323561668395996 97
1727303023521 0.03315448760986328 98
1727303023557 -0.10483026504516602 99
1727303023591 0.19693875312805176 100
1727303023627 0.1807553768157959 101
1727303023662 0.1667335033416748 102
1727303023698 -0.0007615089416503906 103
1727303023733 -0.03672504425048828 104
1727303023767 0.04118514060974121 105
1727303023802 -0.07197046279907227 106
1727303023837 0.15335559844970703 107
1727303023871 -0.009158849716186523 108
1727303023910 -0.182214617729187 109
1727303023950 0.10993838310241699 110
1727303023986 0.1473371982574463 111
1727303024022 0.11149239540100098 112
1727303024059 0.18585610389709473 113
1727303024095 0.13237786293029785 114
1727303024131 -0.12932884693145752 115
1727303024167 0.09260249137878418 116
1727303024202 0.010038137435913086 117
1727303024237 0.16691112518310547 118
1727303024272 -0.01690542697906494 119
1727303024308 0.06308150291442871 120
1727303024343 0.19019198417663574 121
1727303024378 0.16527771949768066 122
1727303024415 0.15284371376037598 123
1727303024454 0.004965543746948242 124
1727303024492 -0.11352086067199707 125
1727303024528 0.1834578514099121 126
1727303024564 0.048650503158569336 127
1727303024601 0.10719871520996094 128
1727303024638 0.13738656044006348 129
1727303024674 0.2684953212738037 130
1727303024710 0.1358661651611328 131
1727303024747 0.06449723243713379 132
1727303024783 0.03473401069641113 133
1727303024817 0.08928942680358887 134
1727303024853 0.09184384346008301 135
1727303024888 0.1303541660308838 136
1727303024923 0.014935731887817383 137
1727303024958 0.1886589527130127 138
1727303024995 0.061829566955566406 139
1727303025030 0.1850605010986328 140
1727303025066 0.07166886329650879 141
1727303025100 0.20874476432800293 142
1727303025136 -0.22406470775604248 143
1727303025171 0.22843170166015625 144
1727303025207 0.06633710861206055 145
1727303025242 0.2118244171142578 146
1727303025276 0.08425736427307129 147
1727303025311 -0.10782277584075928 148
1727303025347 -0.13694798946380615 149
1727303025385 0.12572550773620605 150
1727303025423 0.11538553237915039 151
1727303025458 -0.06536364555358887 152
1727303025494 0.1955559253692627 153
1727303025529 -0.1580277681350708 154
1727303025564 -0.020747661590576172 155
1727303025600 0.04929757118225098 156
1727303025635 0.07557964324951172 157
1727303025673 0.06864571571350098 158
1727303025709 0.22448229789733887 159
1727303025745 0.12821006774902344 160
1727303025780 0.005318880081176758 161
1727303025815 0.040093421936035156 162
1727303025849 -0.08540701866149902 163
1727303025882 0.22103118896484375 164
1727303025916 0.061762332916259766 165
1727303025951 0.19045257568359375 166
1727303025988 0.12073326110839844 167
1727303026022 -0.011253118515014648 168
1727303026058 -0.7801951169967651 169
1727303026092 0.06691455841064453 170
1727303026126 0.1318354606628418 171
1727303026160 0.14855313301086426 172
1727303026194 0.09121394157409668 173
1727303026228 -0.08924376964569092 174
1727303026264 0.01831507682800293 175
1727303026300 0.1731882095336914 176
1727303026334 0.09109377861022949 177
1727303026369 0.1376793384552002 178
1727303026405 0.06776976585388184 179
1727303026439 -0.043769121170043945 180
1727303026474 -0.03966116905212402 181
1727303026509 0.13249707221984863 182
1727303026544 0.15005803108215332 183
1727303026578 0.1558067798614502 184
1727303026614 -0.3048819303512573 185
1727303026650 3.9262471199035645 186
1727303026690 -0.02376866340637207 187
1727303026736 -0.008449554443359375 188
1727303026776 0.008743524551391602 189
1727303026816 0.14069318771362305 190
1727303026859 0.2026524543762207 191
1727303026900 0.05230545997619629 192
1727303026941 0.13738656044006348 193
1727303026988 0.1262516975402832 194
1727303027051 0.07953333854675293 195
1727303027109 0.0835275650024414 196
1727303027177 8.818537712097168 197
1727303027239 0.08537006378173828 198
1727303027297 0.2026524543762207 199
1727303027353 0.17644166946411133 200
1727303027409 0.10387754440307617 201
1727303027463 -0.08426690101623535 202
1727303027514 0.10213637351989746 203
1727303027562 0.11653518676757812 204
1727303027601 -0.11226963996887207 205
1727303027641 -0.1440262794494629 206
1727303027680 0.11972451210021973 207
1727303027718 0.18840408325195312 208
1727303027758 0.06308150291442871 209
1727303027795 -0.14618849754333496 210
1727303027833 0.13198018074035645 211
1727303027869 -0.0063877105712890625 212
1727303027905 0.07512021064758301 213
1727303027940 -0.00324249267578125 214
1727303027976 -0.01805257797241211 215
1727303028010 0.1949307918548584 216
1727303028045 0.13521409034729004 217
1727303028082 0.128279447555542 218
1727303028118 0.13438081741333008 219
1727303028154 0.14841270446777344 220
1727303028189 -0.08107268810272217 221
1727303028223 0.09898495674133301 222
1727303028258 0.04440116882324219 223
1727303028293 4.112095832824707 224
1727303028329 -0.015026569366455078 225
1727303028364 0.1134943962097168 226
1727303028399 0.22843146324157715 227
1727303028433 0.12914395332336426 228
1727303028467 0.17894530296325684 229
1727303028502 0.17008304595947266 230
1727303028536 0.032201528549194336 231
1727303028571 4.169336318969727 232
1727303028605 0.17594146728515625 233
1727303028640 0.2037351131439209 234
1727303028675 0.20442557334899902 235
1727303028710 4.276180267333984 236
1727303028746 -0.10006701946258545 237
1727303028780 0.20061755180358887 238
1727303028815 0.1832435131072998 239
1727303028852 0.004558563232421875 240
1727303028886 0.007353067398071289 241
1727303028922 -0.09209334850311279 242
1727303028959 0.04679226875305176 243
1727303028995 0.16580605506896973 244
1727303029032 0.13486123085021973 245
1727303029067 0.03585982322692871 246
1727303029102 0.06640100479125977 247
1727303029139 -0.7801951169967651 248
1727303029173 -0.7801951169967651 249
