1726501918314 0.9727887511253357 0
1726501918386 0.9728514552116394 1
1726501918443 0.9728226661682129 2
1726501918496 0.9727460145950317 3
1726501918551 0.9726352691650391 4
1726501918604 0.972497820854187 5
1726501918663 0.9723377227783203 6
1726501918732 0.9721572399139404 7
1726501918797 0.9719581604003906 8
1726501918859 0.971741795539856 9
1726501918915 0.9715090990066528 10
1726501918973 0.9712601900100708 11
1726501919026 0.9709953665733337 12
1726501919077 0.9707150459289551 13
1726501919143 0.97041916847229 14
1726501919196 0.9701075553894043 15
1726501919244 0.9697799682617188 16
1726501919293 0.969436526298523 17
1726501919341 0.9690765142440796 18
1726501919389 0.9686997532844543 19
1726501919439 0.9683060646057129 20
1726501919490 0.9678946733474731 21
1726501919540 0.9674651622772217 22
1726501919590 0.9670170545578003 23
1726501919643 0.9665496349334717 24
1726501919713 0.9660623669624329 25
1726501919772 0.9655546545982361 26
1726501919837 0.9650257229804993 27
1726501919895 0.9644746780395508 28
1726501919947 0.9639009833335876 29
1726501919999 0.9633036851882935 30
1726501920059 0.9626818299293518 31
1726501920110 0.9620345830917358 32
1726501920159 0.9613609313964844 33
1726501920208 0.9606596827507019 34
1726501920256 0.9599300622940063 35
1726501920316 0.9591708183288574 36
1726501920395 0.9583806991577148 37
1726501920456 0.9575585126876831 38
1726501920520 0.9567027688026428 39
1726501920587 0.9558125734329224 40
1726501920677 0.9548859000205994 41
1726501920746 0.9539217352867126 42
1726501920812 0.9529181718826294 43
1726501920877 0.9518736600875854 44
1726501920939 0.9507865309715271 45
1726501921008 0.9496549367904663 46
1726501921087 0.9484769701957703 47
1726501921158 0.9472506642341614 48
1726501921228 0.9459735751152039 49
1726501921306 0.9446439743041992 50
1726501921396 0.9432592988014221 51
1726501921474 0.941817045211792 52
1726501921566 0.9403148293495178 53
1726501921635 0.9387500286102295 54
1726501921709 0.9371193647384644 55
1726501921773 0.9354205131530762 56
1726501921839 0.9336497783660889 57
1726501921902 0.9318040609359741 58
1726501921968 0.9298801422119141 59
1726501922031 0.9278740882873535 60
1726501922101 0.9257822036743164 61
1726501922171 0.9236005544662476 62
1726501922239 0.9213249683380127 63
1726501922311 0.9189509153366089 64
1726501922370 0.9164736270904541 65
1726501922439 0.913888692855835 66
1726501922508 0.9111907482147217 67
1726501922560 0.9083746671676636 68
1726501922623 0.9054348468780518 69
1726501922688 0.9023659229278564 70
1726501922756 0.8991618752479553 71
1726501922835 0.8958171606063843 72
1726501922904 0.8923254609107971 73
1726501922961 0.8886811137199402 74
1726501923045 0.8848787546157837 75
1726501923116 0.880913257598877 76
1726501923176 0.8767804503440857 77
1726501923232 0.8724769949913025 78
1726501923298 0.8680020570755005 79
1726501923350 0.8633573055267334 80
1726501923401 0.8585485816001892 81
1726501923458 0.8535880446434021 82
1726501923539 0.8484963774681091 83
1726501923607 0.8433069586753845 84
1726501923673 0.8380691409111023 85
1726501923739 0.8328530788421631 86
1726501923799 0.8277425765991211 87
1726501923860 0.8228069543838501 88
1726501923913 0.8180442452430725 89
1726501923981 0.8134105801582336 90
1726501924047 0.8089693784713745 91
1726501924115 0.8049054145812988 92
1726501924170 0.8015550971031189 93
1726501924224 0.799692690372467 94
1726501924281 0.798568606376648 95
1726501924332 0.7965676784515381 96
1726501924383 0.7955260276794434 97
1726501924437 0.7933828234672546 98
1726501924489 0.7924087643623352 99
1726501924543 0.7901570796966553 100
1726501924599 0.7891709804534912 101
1726501924650 0.78690505027771 102
1726501924700 0.7857760190963745 103
1726501924747 0.7836257815361023 104
1726501924796 0.782259464263916 105
1726501924847 0.7802992463111877 106
1726501924907 0.778671383857727 107
1726501924958 0.7768347263336182 108
1726501925007 0.7750128507614136 109
1726501925057 0.7731450796127319 110
1726501925109 0.7712443470954895 111
1726501925161 0.7693172097206116 112
1726501925218 0.7673625349998474 113
1726501925270 0.7653784155845642 114
1726501925322 0.7633639574050903 115
1726501925371 0.7613183856010437 116
1726501925419 0.7592407464981079 117
1726501925473 0.7571303248405457 118
1726501925523 0.7549859881401062 119
1726501925574 0.7528066635131836 120
1726501925624 0.7505912184715271 121
1726501925673 0.7483386993408203 122
1726501925725 0.746047854423523 123
1726501925774 0.74371737241745 124
1726501925823 0.741346001625061 125
1726501925872 0.7389322519302368 126
1726501925921 0.7364751100540161 127
1726501925968 0.7339726090431213 128
1726501926016 0.7314231395721436 129
1726501926072 0.7288255095481873 130
1726501926128 0.7261776924133301 131
1726501926181 0.723477840423584 132
1726501926232 0.7207240462303162 133
1726501926285 0.7179141044616699 134
1726501926336 0.715046226978302 135
1726501926386 0.7121179699897766 136
1726501926436 0.7091265916824341 137
1726501926491 0.706070065498352 138
1726501926544 0.7029450535774231 139
1726501926594 0.6997491717338562 140
1726501926646 0.696479320526123 141
1726501926702 0.6931319236755371 142
1726501926765 0.689703643321991 143
1726501926826 0.6861908435821533 144
1726501926882 0.682589590549469 145
1726501926940 0.6788955926895142 146
1726501926994 0.6751040816307068 147
1726501927048 0.6712104678153992 148
1726501927102 0.6672095060348511 149
1726501927158 0.663095235824585 150
1726501927216 0.658862292766571 151
1726501927282 0.6545035243034363 152
1726501927344 0.6500120162963867 153
1726501927415 0.6453802585601807 154
1726501927478 0.6406002044677734 155
1726501927540 0.6356627345085144 156
1726501927592 0.63055819272995 157
1726501927643 0.6252760887145996 158
1726501927694 0.619805097579956 159
1726501927745 0.6141330003738403 160
1726501927794 0.6082463264465332 161
1726501927849 0.6021305322647095 162
1726501927899 0.5957705974578857 163
1726501927949 0.5891495943069458 164
1726501928001 0.5822499394416809 165
1726501928055 0.5750539302825928 166
1726501928108 0.567543625831604 167
1726501928167 0.5597019195556641 168
1726501928225 0.5515155792236328 169
1726501928284 0.5429786443710327 170
1726501928338 0.5340996384620667 171
1726501928392 0.5249153971672058 172
1726501928457 0.5155202150344849 173
1726501928508 0.5061231851577759 174
1726501928561 0.497156023979187 175
1726501928613 0.4889489412307739 176
1726501928668 0.4803274869918823 177
1726501928727 0.4743427634239197 178
1726501928785 0.47069787979125977 179
1726501928838 0.5011595487594604 180
1726501928888 0.48997434973716736 181
1726501928939 0.4794732332229614 182
1726501928994 0.47067999839782715 183
1726501929049 0.5011948347091675 184
1726501929100 0.48997238278388977 185
1726501929149 0.47948312759399414 186
1726501929198 0.4706808030605316 187
1726501929254 0.5011951327323914 188
1726501929309 0.4899725914001465 189
1726501929357 0.4794832468032837 190
1726501929406 0.4706808924674988 191
1726501929454 0.5011950731277466 192
1726501929502 0.4899725914001465 193
1726501929549 0.47948312759399414 194
1726501929601 0.47068101167678833 195
1726501929654 0.5011950731277466 196
1726501929705 0.4899725914001465 197
1726501929754 0.4794832468032837 198
1726501929806 0.47068095207214355 199
1726501929873 0.5011950731277466 200
1726501929941 0.48997247219085693 201
1726501929997 0.4794832468032837 202
1726501930050 0.47068095207214355 203
1726501930103 0.5011950731277466 204
1726501930155 0.48997247219085693 205
1726501930205 0.4794832468032837 206
1726501930258 0.47068092226982117 207
1726501930309 0.5011950731277466 208
1726501930358 0.48997247219085693 209
1726501930413 0.4794832468032837 210
1726501930462 0.47068101167678833 211
1726501930511 0.5011950731277466 212
1726501930560 0.4899725914001465 213
1726501930611 0.4794832468032837 214
1726501930660 0.47068101167678833 215
1726501930717 0.5011951327323914 216
1726501930768 0.4899725914001465 217
1726501930830 0.4794832468032837 218
1726501930895 0.47068092226982117 219
1726501930961 0.5011951327323914 220
1726501931014 0.48997247219085693 221
1726501931077 0.4794832468032837 222
1726501931125 0.47068095207214355 223
1726501931174 0.5011951923370361 224
1726501931234 0.48997247219085693 225
1726501931291 0.4794832468032837 226
1726501931355 0.47068098187446594 227
1726501931416 0.5011951923370361 228
1726501931466 0.48997247219085693 229
1726501931512 0.4794832468032837 230
1726501931559 0.4706810712814331 231
1726501931607 0.5011950731277466 232
1726501931660 0.4899725914001465 233
1726501931711 0.4794832468032837 234
1726501931761 0.47068098187446594 235
1726501931812 0.5011950731277466 236
1726501931866 0.4899725317955017 237
1726501931921 0.4794832468032837 238
1726501931996 0.4706810712814331 239
1726501932065 0.5011951327323914 240
1726501932110 0.48997247219085693 241
1726501932156 0.4794832468032837 242
1726501932203 0.47068095207214355 243
1726501932248 0.5011950731277466 244
1726501932296 0.4899725914001465 245
1726501932349 0.4794832468032837 246
1726501932409 0.47068098187446594 247
1726501932459 0.5011950731277466 248
1726501932507 0.48997247219085693 249
1726501932554 0.4794832468032837 250
1726501932607 0.47068098187446594 251
1726501932665 0.5011950731277466 252
1726501932718 0.4899725317955017 253
1726501932770 0.4794832468032837 254
1726501932822 0.47068101167678833 255
1726501932873 0.5011951327323914 256
1726501932922 0.4899725914001465 257
1726501932970 0.4794832468032837 258
1726501933019 0.47068095207214355 259
1726501933068 0.5011950731277466 260
1726501933117 0.4899725914001465 261
1726501933166 0.4794832468032837 262
1726501933215 0.47068098187446594 263
1726501933268 0.5011950731277466 264
1726501933320 0.4899725317955017 265
1726501933371 0.4794832468032837 266
1726501933428 0.4706810712814331 267
1726501933479 0.5011951327323914 268
1726501933530 0.48997247219085693 269
1726501933581 0.4794832468032837 270
1726501933630 0.47068095207214355 271
1726501933679 0.5011950731277466 272
1726501933734 0.4899725914001465 273
1726501933794 0.4794832468032837 274
1726501933859 0.47068098187446594 275
1726501933915 0.5011950731277466 276
1726501933973 0.48997247219085693 277
1726501934028 0.4794832468032837 278
1726501934084 0.47068098187446594 279
1726501934142 0.5011950731277466 280
1726501934197 0.4899725317955017 281
1726501934254 0.4794832468032837 282
1726501934306 0.47068101167678833 283
1726501934355 0.5011951327323914 284
1726501934411 0.4899725914001465 285
1726501934475 0.4794832468032837 286
1726501934560 0.47068095207214355 287
1726501934654 0.5011950731277466 288
1726501934718 0.4899725914001465 289
1726501934779 0.4794832468032837 290
1726501934837 0.47068098187446594 291
1726501934893 0.5011950731277466 292
1726501934949 0.4899725317955017 293
1726501935005 0.4794832468032837 294
1726501935061 0.4706810712814331 295
1726501935124 0.5011951327323914 296
1726501935177 0.48997247219085693 297
1726501935231 0.4794832468032837 298
1726501935297 0.47068095207214355 299
1726501935355 0.5011950731277466 300
1726501935413 0.4899725914001465 301
1726501935471 0.4794832468032837 302
1726501935522 0.47068098187446594 303
1726501935577 0.5011950731277466 304
1726501935631 0.48997247219085693 305
1726501935693 0.4794832468032837 306
1726501935748 0.47068098187446594 307
1726501935801 0.5011950731277466 308
1726501935852 0.4899725317955017 309
1726501935904 0.4794832468032837 310
1726501935955 0.47068101167678833 311
1726501936005 0.5011951327323914 312
1726501936054 0.4899725914001465 313
1726501936109 0.4794832468032837 314
1726501936159 0.47068095207214355 315
1726501936210 0.5011950731277466 316
1726501936263 0.4899725914001465 317
1726501936316 0.4794832468032837 318
1726501936365 0.47068098187446594 319
1726501936429 0.5011950731277466 320
1726501936485 0.4899725317955017 321
1726501936534 0.4794832468032837 322
1726501936585 0.4706810712814331 323
1726501936636 0.5011951327323914 324
1726501936684 0.48997247219085693 325
1726501936733 0.4794832468032837 326
1726501936781 0.47068095207214355 327
1726501936829 0.5011950731277466 328
1726501936894 0.4899725914001465 329
1726501936950 0.4794832468032837 330
1726501937003 0.47068098187446594 331
1726501937055 0.5011950731277466 332
1726501937114 0.48997247219085693 333
1726501937170 0.4794832468032837 334
1726501937224 0.47068098187446594 335
1726501937284 0.5011950731277466 336
1726501937346 0.4899725317955017 337
1726501937435 0.4794832468032837 338
1726501937525 0.47068101167678833 339
1726501937590 0.5011951327323914 340
1726501937668 0.4899725914001465 341
1726501937723 0.4794832468032837 342
1726501937774 0.47068095207214355 343
1726501937847 0.5011950731277466 344
1726501937901 0.4899725914001465 345
1726501937952 0.4794832468032837 346
1726501938003 0.47068098187446594 347
1726501938059 0.5011950731277466 348
1726501938115 0.4899725317955017 349
1726501938164 0.4794832468032837 350
1726501938214 0.4706810712814331 351
1726501938272 0.5011951327323914 352
1726501938325 0.48997247219085693 353
1726501938377 0.4794832468032837 354
1726501938435 0.47068095207214355 355
1726501938488 0.5011950731277466 356
1726501938535 0.4899725914001465 357
1726501938591 0.4794832468032837 358
1726501938649 0.47068098187446594 359
1726501938716 0.5011950731277466 360
1726501938767 0.48997247219085693 361
1726501938819 0.4794832468032837 362
1726501938868 0.47068098187446594 363
1726501938916 0.5011950731277466 364
1726501938965 0.4899725317955017 365
1726501939012 0.4794832468032837 366
1726501939059 0.47068101167678833 367
1726501939107 0.5011951327323914 368
1726501939166 0.4899725914001465 369
1726501939215 0.4794832468032837 370
1726501939267 0.47068095207214355 371
1726501939315 0.5011950731277466 372
1726501939365 0.4899725914001465 373
1726501939415 0.4794832468032837 374
1726501939465 0.47068098187446594 375
1726501939511 0.5011950731277466 376
1726501939558 0.4899725317955017 377
1726501939608 0.4794832468032837 378
1726501939656 0.4706810712814331 379
1726501939704 0.5011951327323914 380
1726501939751 0.48997247219085693 381
1726501939798 0.4794832468032837 382
1726501939849 0.47068095207214355 383
1726501939898 0.5011950731277466 384
1726501939946 0.4899725914001465 385
1726501939994 0.4794832468032837 386
1726501940042 0.47068098187446594 387
1726501940091 0.5011950731277466 388
1726501940139 0.48997247219085693 389
1726501940186 0.4794832468032837 390
1726501940234 0.47068098187446594 391
1726501940281 0.5011950731277466 392
1726501940328 0.4899725317955017 393
1726501940378 0.4794832468032837 394
1726501940428 0.47068101167678833 395
1726501940481 0.5011951327323914 396
1726501940528 0.4899725914001465 397
1726501940576 0.4794832468032837 398
1726501940626 0.47068095207214355 399
1726501940674 0.5011950731277466 400
1726501940722 0.4899725914001465 401
1726501940768 0.4794832468032837 402
1726501940815 0.47068098187446594 403
1726501940863 0.5011950731277466 404
1726501940911 0.4899725317955017 405
1726501940958 0.4794832468032837 406
1726501941005 0.4706810712814331 407
1726501941057 0.5011951327323914 408
1726501941119 0.48997247219085693 409
1726501941188 0.4794832468032837 410
1726501941244 0.47068095207214355 411
1726501941292 0.5011950731277466 412
1726501941358 0.4899725914001465 413
1726501941407 0.4794832468032837 414
1726501941472 0.47068098187446594 415
1726501941519 0.5011950731277466 416
1726501941578 0.48997247219085693 417
1726501941643 0.4794832468032837 418
1726501941693 0.47068098187446594 419
1726501941739 0.5011950731277466 420
1726501941788 0.4899725317955017 421
1726501941835 0.4794832468032837 422
1726501941885 0.47068101167678833 423
1726501941954 0.5011951327323914 424
1726501942003 0.4899725914001465 425
1726501942052 0.4794832468032837 426
1726501942101 0.47068095207214355 427
1726501942147 0.5011950731277466 428
1726501942194 0.4899725914001465 429
1726501942245 0.4794832468032837 430
1726501942295 0.47068098187446594 431
1726501942344 0.5011950731277466 432
1726501942392 0.4899725317955017 433
1726501942440 0.4794832468032837 434
1726501942487 0.4706810712814331 435
1726501942535 0.5011951327323914 436
1726501942583 0.48997247219085693 437
1726501942633 0.4794832468032837 438
1726501942681 0.47068095207214355 439
1726501942729 0.5011950731277466 440
1726501942776 0.4899725914001465 441
1726501942824 0.4794832468032837 442
1726501942883 0.47068098187446594 443
1726501942938 0.5011950731277466 444
1726501943038 0.48997247219085693 445
1726501943101 0.4794832468032837 446
1726501943161 0.47068098187446594 447
1726501943218 0.5011950731277466 448
1726501943274 0.4899725317955017 449
1726501943328 0.4794832468032837 450
1726501943382 0.47068101167678833 451
1726501943435 0.5011951327323914 452
1726501943486 0.4899725914001465 453
1726501943537 0.4794832468032837 454
1726501943588 0.47068095207214355 455
1726501943644 0.5011950731277466 456
1726501943705 0.4899725914001465 457
1726501943772 0.4794832468032837 458
1726501943826 0.47068098187446594 459
1726501943886 0.5011950731277466 460
1726501943939 0.4899725317955017 461
1726501943989 0.4794832468032837 462
1726501944037 0.4706810712814331 463
1726501944087 0.5011951327323914 464
1726501944137 0.48997247219085693 465
1726501944190 0.4794832468032837 466
1726501944267 0.47068095207214355 467
1726501944333 0.5011950731277466 468
1726501944385 0.4899725914001465 469
1726501944442 0.4794832468032837 470
1726501944508 0.47068098187446594 471
1726501944562 0.5011950731277466 472
1726501944617 0.48997247219085693 473
1726501944673 0.4794832468032837 474
1726501944724 0.47068098187446594 475
1726501944776 0.5011950731277466 476
1726501944841 0.4899725317955017 477
1726501944901 0.4794832468032837 478
1726501944950 0.47068101167678833 479
1726501944998 0.5011951327323914 480
1726501945048 0.4899725914001465 481
1726501945100 0.4794832468032837 482
1726501945151 0.47068095207214355 483
1726501945202 0.5011950731277466 484
1726501945254 0.4899725914001465 485
1726501945306 0.4794832468032837 486
1726501945356 0.47068098187446594 487
1726501945407 0.5011950731277466 488
1726501945458 0.4899725317955017 489
1726501945509 0.4794832468032837 490
1726501945559 0.4706810712814331 491
1726501945612 0.5011951327323914 492
1726501945663 0.48997247219085693 493
1726501945713 0.4794832468032837 494
1726501945763 0.47068095207214355 495
1726501945813 0.5011950731277466 496
1726501945863 0.4899725914001465 497
1726501945913 0.4794832468032837 498
1726501945964 0.47068098187446594 499
1726501946015 0.5011950731277466 500
1726501946073 0.48997247219085693 501
1726501946135 0.4794832468032837 502
1726501946196 0.47068098187446594 503
1726501946263 0.5011950731277466 504
1726501946315 0.4899725317955017 505
1726501946380 0.4794832468032837 506
1726501946429 0.47068101167678833 507
1726501946476 0.5011951327323914 508
1726501946532 0.4899725914001465 509
1726501946582 0.4794832468032837 510
1726501946638 0.47068095207214355 511
1726501946708 0.5011950731277466 512
1726501946776 0.4899725914001465 513
1726501946842 0.4794832468032837 514
1726501946912 0.47068098187446594 515
1726501946980 0.5011950731277466 516
1726501947040 0.4899725317955017 517
1726501947101 0.4794832468032837 518
1726501947160 0.4706810712814331 519
1726501947220 0.5011951327323914 520
1726501947281 0.48997247219085693 521
1726501947336 0.4794832468032837 522
1726501947394 0.47068095207214355 523
1726501947449 0.5011950731277466 524
1726501947502 0.4899725914001465 525
1726501947555 0.4794832468032837 526
1726501947609 0.47068098187446594 527
1726501947664 0.5011950731277466 528
1726501947716 0.48997247219085693 529
1726501947770 0.4794832468032837 530
1726501947834 0.47068098187446594 531
1726501947903 0.5011950731277466 532
1726501947973 0.4899725317955017 533
1726501948054 0.4794832468032837 534
1726501948137 0.47068101167678833 535
1726501948265 0.5011951327323914 536
1726501948387 0.4899725914001465 537
1726501948535 0.4794832468032837 538
1726501948666 0.47068095207214355 539
1726501948789 0.5011950731277466 540
1726501948886 0.4899725914001465 541
1726501948979 0.4794832468032837 542
1726501949080 0.47068098187446594 543
1726501949161 0.5011950731277466 544
1726501949241 0.4899725317955017 545
1726501949343 0.4794832468032837 546
1726501949439 0.4706810712814331 547
1726501949523 0.5011951327323914 548
1726501949590 0.48997247219085693 549
1726501949652 0.4794832468032837 550
1726501949709 0.47068095207214355 551
1726501949765 0.5011950731277466 552
1726501949819 0.4899725914001465 553
1726501949872 0.4794832468032837 554
1726501949923 0.47068098187446594 555
1726501949974 0.5011950731277466 556
1726501950024 0.48997247219085693 557
1726501950074 0.4794832468032837 558
1726501950123 0.47068098187446594 559
1726501950172 0.5011950731277466 560
1726501950221 0.4899725317955017 561
1726501950270 0.4794832468032837 562
1726501950318 0.47068101167678833 563
1726501950368 0.5011951327323914 564
1726501950419 0.4899725914001465 565
1726501950468 0.4794832468032837 566
1726501950517 0.47068095207214355 567
1726501950565 0.5011950731277466 568
1726501950612 0.4899725914001465 569
1726501950661 0.4794832468032837 570
1726501950709 0.47068098187446594 571
1726501950756 0.5011950731277466 572
1726501950804 0.4899725317955017 573
1726501950852 0.4794832468032837 574
1726501950900 0.4706810712814331 575
1726501950948 0.5011951327323914 576
1726501950996 0.48997247219085693 577
1726501951043 0.4794832468032837 578
1726501951090 0.47068095207214355 579
1726501951139 0.5011950731277466 580
1726501951188 0.4899725914001465 581
1726501951238 0.4794832468032837 582
1726501951287 0.47068098187446594 583
1726501951336 0.5011950731277466 584
1726501951385 0.48997247219085693 585
1726501951438 0.4794832468032837 586
1726501951490 0.47068098187446594 587
1726501951538 0.5011950731277466 588
1726501951586 0.4899725317955017 589
1726501951636 0.4794832468032837 590
1726501951684 0.47068101167678833 591
1726501951738 0.5011951327323914 592
1726501951803 0.4899725914001465 593
1726501951881 0.4794832468032837 594
1726501951960 0.47068095207214355 595
1726501952042 0.5011950731277466 596
1726501952119 0.4899725914001465 597
1726501952203 0.4794832468032837 598
1726501952288 0.47068098187446594 599
1726501952366 0.5011950731277466 600
1726501952445 0.4899725317955017 601
1726501952515 0.4794832468032837 602
1726501952579 0.4706810712814331 603
1726501952641 0.5011951327323914 604
1726501952703 0.48997247219085693 605
1726501952773 0.4794832468032837 606
1726501952839 0.47068095207214355 607
1726501952904 0.5011950731277466 608
1726501952968 0.4899725914001465 609
1726501953032 0.4794832468032837 610
1726501953096 0.47068098187446594 611
1726501953158 0.5011950731277466 612
1726501953215 0.48997247219085693 613
1726501953271 0.4794832468032837 614
1726501953324 0.47068098187446594 615
1726501953377 0.5011950731277466 616
1726501953430 0.4899725317955017 617
1726501953484 0.4794832468032837 618
1726501953554 0.47068101167678833 619
1726501953602 0.5011951327323914 620
1726501953659 0.4899725914001465 621
1726501953715 0.4794832468032837 622
1726501953766 0.47068095207214355 623
1726501953817 0.5011950731277466 624
1726501953866 0.4899725914001465 625
1726501953916 0.4794832468032837 626
1726501953964 0.47068098187446594 627
1726501954011 0.5011950731277466 628
1726501954058 0.4899725317955017 629
1726501954107 0.4794832468032837 630
1726501954156 0.4706810712814331 631
1726501954205 0.5011951327323914 632
1726501954253 0.48997247219085693 633
1726501954300 0.4794832468032837 634
1726501954348 0.47068095207214355 635
1726501954397 0.5011950731277466 636
1726501954445 0.4899725914001465 637
1726501954497 0.4794832468032837 638
1726501954546 0.47068098187446594 639
1726501954595 0.5011950731277466 640
1726501954643 0.48997247219085693 641
1726501954691 0.4794832468032837 642
1726501954741 0.47068098187446594 643
1726501954788 0.5011950731277466 644
1726501954836 0.4899725317955017 645
1726501954884 0.4794832468032837 646
1726501954934 0.47068101167678833 647
1726501954982 0.5011951327323914 648
1726501955031 0.4899725914001465 649
1726501955079 0.4794832468032837 650
1726501955126 0.47068095207214355 651
1726501955175 0.5011950731277466 652
1726501955223 0.4899725914001465 653
1726501955271 0.4794832468032837 654
1726501955319 0.47068098187446594 655
1726501955366 0.5011950731277466 656
1726501955415 0.4899725317955017 657
1726501955463 0.4794832468032837 658
1726501955511 0.4706810712814331 659
1726501955559 0.5011951327323914 660
1726501955607 0.48997247219085693 661
1726501955655 0.4794832468032837 662
1726501955704 0.47068095207214355 663
1726501955751 0.5011950731277466 664
1726501955799 0.4899725914001465 665
1726501955846 0.4794832468032837 666
1726501955894 0.47068098187446594 667
1726501955942 0.5011950731277466 668
1726501955990 0.48997247219085693 669
1726501956037 0.4794832468032837 670
1726501956085 0.47068098187446594 671
1726501956131 0.5011950731277466 672
1726501956179 0.4899725317955017 673
1726501956227 0.4794832468032837 674
1726501956274 0.47068101167678833 675
1726501956322 0.5011951327323914 676
1726501956368 0.4899725914001465 677
1726501956417 0.4794832468032837 678
1726501956464 0.47068095207214355 679
1726501956519 0.5011950731277466 680
1726501956569 0.4899725914001465 681
1726501956618 0.4794832468032837 682
1726501956679 0.47068098187446594 683
1726501956733 0.5011950731277466 684
1726501956780 0.4899725317955017 685
1726501956827 0.4794832468032837 686
1726501956875 0.4706810712814331 687
1726501956922 0.5011951327323914 688
1726501956969 0.48997247219085693 689
1726501957016 0.4794832468032837 690
1726501957062 0.47068095207214355 691
1726501957109 0.5011950731277466 692
1726501957157 0.4899725914001465 693
1726501957204 0.4794832468032837 694
1726501957252 0.47068098187446594 695
1726501957300 0.5011950731277466 696
1726501957346 0.48997247219085693 697
1726501957394 0.4794832468032837 698
1726501957445 0.47068098187446594 699
1726501957493 0.5011950731277466 700
1726501957542 0.4899725317955017 701
1726501957590 0.4794832468032837 702
1726501957643 0.47068101167678833 703
1726501957694 0.5011951327323914 704
1726501957743 0.4899725914001465 705
1726501957791 0.4794832468032837 706
1726501957840 0.47068095207214355 707
1726501957888 0.5011950731277466 708
1726501957936 0.4899725914001465 709
1726501957985 0.4794832468032837 710
1726501958033 0.47068098187446594 711
1726501958082 0.5011950731277466 712
1726501958148 0.4899725317955017 713
1726501958214 0.4794832468032837 714
1726501958267 0.4706810712814331 715
1726501958317 0.5011951327323914 716
1726501958367 0.48997247219085693 717
1726501958419 0.4794832468032837 718
1726501958468 0.47068095207214355 719
1726501958517 0.5011950731277466 720
1726501958564 0.4899725914001465 721
1726501958612 0.4794832468032837 722
1726501958661 0.47068098187446594 723
1726501958709 0.5011950731277466 724
1726501958757 0.48997247219085693 725
1726501958804 0.4794832468032837 726
1726501958850 0.47068098187446594 727
1726501958898 0.5011950731277466 728
1726501958946 0.4899725317955017 729
1726501958993 0.4794832468032837 730
1726501959039 0.47068101167678833 731
1726501959086 0.5011951327323914 732
1726501959132 0.4899725914001465 733
1726501959180 0.4794832468032837 734
1726501959228 0.47068095207214355 735
1726501959275 0.5011950731277466 736
1726501959321 0.4899725914001465 737
1726501959368 0.4794832468032837 738
1726501959417 0.47068098187446594 739
1726501959464 0.5011950731277466 740
1726501959512 0.4899725317955017 741
1726501959559 0.4794832468032837 742
1726501959606 0.4706810712814331 743
1726501959652 0.5011951327323914 744
1726501959700 0.48997247219085693 745
1726501959747 0.4794832468032837 746
1726501959794 0.47068095207214355 747
1726501959841 0.5011950731277466 748
1726501959890 0.4899725914001465 749
1726501959943 0.4794832468032837 750
1726501959992 0.47068098187446594 751
1726501960041 0.5011950731277466 752
1726501960089 0.48997247219085693 753
1726501960138 0.4794832468032837 754
1726501960186 0.47068098187446594 755
1726501960236 0.5011950731277466 756
1726501960284 0.4899725317955017 757
1726501960331 0.4794832468032837 758
1726501960380 0.47068101167678833 759
1726501960433 0.5011951327323914 760
1726501960481 0.4899725914001465 761
1726501960529 0.4794832468032837 762
1726501960576 0.47068095207214355 763
1726501960623 0.5011950731277466 764
1726501960670 0.4899725914001465 765
1726501960717 0.4794832468032837 766
1726501960765 0.47068098187446594 767
1726501960811 0.5011950731277466 768
1726501960858 0.4899725317955017 769
1726501960905 0.4794832468032837 770
1726501960953 0.4706810712814331 771
1726501961001 0.5011951327323914 772
1726501961048 0.48997247219085693 773
1726501961103 0.4794832468032837 774
1726501961162 0.47068095207214355 775
1726501961218 0.5011950731277466 776
1726501961272 0.4899725914001465 777
1726501961343 0.4794832468032837 778
1726501961395 0.47068098187446594 779
1726501961461 0.5011950731277466 780
1726501961526 0.48997247219085693 781
1726501961595 0.4794832468032837 782
1726501961663 0.47068098187446594 783
1726501961732 0.5011950731277466 784
1726501961808 0.4899725317955017 785
1726501961868 0.4794832468032837 786
1726501961932 0.47068101167678833 787
1726501962003 0.5011951327323914 788
1726501962074 0.4899725914001465 789
1726501962142 0.4794832468032837 790
1726501962218 0.47068095207214355 791
1726501962286 0.5011950731277466 792
1726501962350 0.4899725914001465 793
1726501962417 0.4794832468032837 794
1726501962477 0.47068098187446594 795
1726501962533 0.5011950731277466 796
1726501962591 0.4899725317955017 797
1726501962649 0.4794832468032837 798
1726501962707 0.4706810712814331 799
1726501962763 0.5011951327323914 800
1726501962822 0.48997247219085693 801
1726501962890 0.4794832468032837 802
1726501962959 0.47068095207214355 803
1726501963006 0.5011950731277466 804
1726501963054 0.4899725914001465 805
1726501963101 0.4794832468032837 806
1726501963147 0.47068098187446594 807
1726501963195 0.5011950731277466 808
1726501963242 0.48997247219085693 809
1726501963289 0.4794832468032837 810
1726501963337 0.47068098187446594 811
1726501963384 0.5011950731277466 812
1726501963433 0.4899725317955017 813
1726501963481 0.4794832468032837 814
1726501963529 0.47068101167678833 815
1726501963576 0.5011951327323914 816
1726501963623 0.4899725914001465 817
1726501963671 0.4794832468032837 818
1726501963719 0.47068095207214355 819
1726501963766 0.5011950731277466 820
1726501963813 0.4899725914001465 821
1726501963861 0.4794832468032837 822
1726501963909 0.47068098187446594 823
1726501963957 0.5011950731277466 824
1726501964015 0.4899725317955017 825
1726501964074 0.4794832468032837 826
1726501964135 0.4706810712814331 827
1726501964199 0.5011951327323914 828
1726501964262 0.48997247219085693 829
1726501964327 0.4794832468032837 830
1726501964382 0.47068095207214355 831
1726501964435 0.5011950731277466 832
1726501964492 0.4899725914001465 833
1726501964544 0.4794832468032837 834
1726501964594 0.47068098187446594 835
1726501964644 0.5011950731277466 836
1726501964694 0.48997247219085693 837
1726501964743 0.4794832468032837 838
1726501964791 0.47068098187446594 839
1726501964840 0.5011950731277466 840
1726501964888 0.4899725317955017 841
1726501964938 0.4794832468032837 842
1726501964987 0.47068101167678833 843
1726501965035 0.5011951327323914 844
1726501965084 0.4899725914001465 845
1726501965133 0.4794832468032837 846
1726501965182 0.47068095207214355 847
1726501965230 0.5011950731277466 848
1726501965278 0.4899725914001465 849
1726501965327 0.4794832468032837 850
1726501965375 0.47068098187446594 851
1726501965424 0.5011950731277466 852
1726501965473 0.4899725317955017 853
1726501965520 0.4794832468032837 854
1726501965571 0.4706810712814331 855
1726501965648 0.5011951327323914 856
1726501965708 0.48997247219085693 857
1726501965769 0.4794832468032837 858
1726501965825 0.47068095207214355 859
1726501965880 0.5011950731277466 860
1726501965936 0.4899725914001465 861
1726501966012 0.4794832468032837 862
1726501966058 0.47068098187446594 863
1726501966106 0.5011950731277466 864
1726501966153 0.48997247219085693 865
1726501966208 0.4794832468032837 866
1726501966274 0.47068098187446594 867
1726501966332 0.5011950731277466 868
1726501966389 0.4899725317955017 869
1726501966444 0.4794832468032837 870
1726501966491 0.47068101167678833 871
1726501966538 0.5011951327323914 872
1726501966584 0.4899725914001465 873
1726501966631 0.4794832468032837 874
1726501966678 0.47068095207214355 875
1726501966726 0.5011950731277466 876
1726501966772 0.4899725914001465 877
1726501966819 0.4794832468032837 878
1726501966865 0.47068098187446594 879
1726501966912 0.5011950731277466 880
1726501966960 0.4899725317955017 881
1726501967008 0.4794832468032837 882
1726501967057 0.4706810712814331 883
1726501967103 0.5011951327323914 884
1726501967149 0.48997247219085693 885
1726501967199 0.4794832468032837 886
1726501967250 0.47068095207214355 887
1726501967301 0.5011950731277466 888
1726501967353 0.4899725914001465 889
1726501967401 0.4794832468032837 890
1726501967449 0.47068098187446594 891
1726501967496 0.5011950731277466 892
1726501967544 0.48997247219085693 893
1726501967591 0.4794832468032837 894
1726501967639 0.47068098187446594 895
1726501967691 0.5011950731277466 896
1726501967739 0.4899725317955017 897
1726501967787 0.4794832468032837 898
1726501967835 0.47068101167678833 899
1726501967883 0.5011951327323914 900
1726501967935 0.4899725914001465 901
1726501967986 0.4794832468032837 902
1726501968033 0.47068095207214355 903
1726501968080 0.5011950731277466 904
1726501968127 0.4899725914001465 905
1726501968174 0.4794832468032837 906
1726501968236 0.47068098187446594 907
1726501968288 0.5011950731277466 908
1726501968347 0.4899725317955017 909
1726501968403 0.4794832468032837 910
1726501968478 0.4706810712814331 911
1726501968526 0.5011951327323914 912
1726501968571 0.48997247219085693 913
1726501968617 0.4794832468032837 914
1726501968686 0.47068095207214355 915
1726501968739 0.5011950731277466 916
1726501968795 0.4899725914001465 917
1726501968846 0.4794832468032837 918
1726501968893 0.47068098187446594 919
1726501968945 0.5011950731277466 920
1726501968995 0.48997247219085693 921
1726501969043 0.4794832468032837 922
1726501969105 0.47068098187446594 923
1726501969158 0.5011950731277466 924
1726501969212 0.4899725317955017 925
1726501969264 0.4794832468032837 926
1726501969311 0.47068101167678833 927
1726501969364 0.5011951327323914 928
1726501969417 0.4899725914001465 929
1726501969482 0.4794832468032837 930
1726501969527 0.47068095207214355 931
1726501969576 0.5011950731277466 932
1726501969621 0.4899725914001465 933
1726501969671 0.4794832468032837 934
1726501969721 0.47068098187446594 935
1726501969767 0.5011950731277466 936
1726501969818 0.4899725317955017 937
1726501969863 0.4794832468032837 938
1726501969917 0.4706810712814331 939
1726501969970 0.5011951327323914 940
1726501970019 0.48997247219085693 941
1726501970065 0.4794832468032837 942
1726501970111 0.47068095207214355 943
1726501970157 0.5011950731277466 944
1726501970206 0.4899725914001465 945
1726501970258 0.4794832468032837 946
1726501970309 0.47068098187446594 947
1726501970361 0.5011950731277466 948
1726501970412 0.48997247219085693 949
1726501970469 0.4794832468032837 950
1726501970526 0.47068098187446594 951
1726501970572 0.5011950731277466 952
1726501970620 0.4899725317955017 953
1726501970668 0.4794832468032837 954
1726501970720 0.47068101167678833 955
1726501970776 0.5011951327323914 956
1726501970823 0.4899725914001465 957
1726501970871 0.4794832468032837 958
1726501970925 0.47068095207214355 959
1726501970975 0.5011950731277466 960
1726501971023 0.4899725914001465 961
1726501971073 0.4794832468032837 962
1726501971120 0.47068098187446594 963
1726501971166 0.5011950731277466 964
1726501971214 0.4899725317955017 965
1726501971261 0.4794832468032837 966
1726501971313 0.4706810712814331 967
1726501971388 0.5011951327323914 968
1726501971464 0.48997247219085693 969
1726501971516 0.4794832468032837 970
1726501971571 0.47068095207214355 971
1726501971629 0.5011950731277466 972
1726501971682 0.4899725914001465 973
1726501971730 0.4794832468032837 974
1726501971777 0.47068098187446594 975
1726501971827 0.5011950731277466 976
1726501971885 0.48997247219085693 977
1726501971929 0.4794832468032837 978
1726501971978 0.47068098187446594 979
1726501972024 0.5011950731277466 980
1726501972069 0.4899725317955017 981
1726501972115 0.4794832468032837 982
1726501972160 0.47068101167678833 983
1726501972207 0.5011951327323914 984
1726501972253 0.4899725914001465 985
1726501972301 0.4794832468032837 986
1726501972348 0.47068095207214355 987
1726501972396 0.5011950731277466 988
1726501972444 0.4899725914001465 989
1726501972492 0.4794832468032837 990
1726501972539 0.47068098187446594 991
1726501972586 0.5011950731277466 992
1726501972633 0.4899725317955017 993
1726501972680 0.4794832468032837 994
1726501972728 0.4706810712814331 995
1726501972781 0.5011951327323914 996
1726501972835 0.48997247219085693 997
1726501972909 0.4794832468032837 998
1726501972985 0.47068095207214355 999
