1726422946928 2e-05 0
1726422946973 -0.024437308311462402 1
1726422947018 0.02734673023223877 2
1726422947065 -0.0028426647186279297 3
1726422947112 -0.012900352478027344 4
1726422947160 0.0145416259765625 5
1726422947201 0.009059667587280273 6
1726422947243 0.00394439697265625 7
1726422947283 -0.001676321029663086 8
1726422947329 0.002054572105407715 9
1726422947371 -0.010386109352111816 10
1726422947412 0.006621360778808594 11
1726422947454 -0.003919005393981934 12
1726422947496 -0.009839415550231934 13
1726422947536 0.011417865753173828 14
1726422947579 -0.002981901168823242 15
1726422947623 -0.0072939395904541016 16
1726422947666 0.006267905235290527 17
1726422947713 -0.008819937705993652 18
1726422947765 -0.025901198387145996 19
1726422947810 0.03419911861419678 20
1726422947855 -0.001650094985961914 21
1726422947912 -0.008880615234375 22
1726422947968 -0.0073010921478271484 23
1726422948018 0.014757871627807617 24
1726422948059 -0.006076335906982422 25
1726422948102 -0.009241580963134766 26
1726422948152 -0.012916326522827148 27
1726422948208 -0.013407230377197266 28
1726422948252 0.02020549774169922 29
1726422948316 0.024188518524169922 30
1726422948360 0.01024782657623291 31
1726422948402 -0.0027098655700683594 32
1726422948442 -0.008530855178833008 33
1726422948480 -0.02313244342803955 34
1726422948523 0.011567115783691406 35
1726422948566 -0.0004912614822387695 36
1726422948605 0.0062514543533325195 37
1726422948644 0.005874991416931152 38
1726422948685 0.009381294250488281 39
1726422948725 -0.018146634101867676 40
1726422948767 -0.010098814964294434 41
1726422948811 0.00538027286529541 42
1726422948856 0.015347123146057129 43
1726422948901 0.011415600776672363 44
1726422948940 -0.011552810668945312 45
1726422948986 0.0005948543548583984 46
1726422949037 0.0020380020141601562 47
1726422949076 -0.0014462471008300781 48
1726422949119 -0.00024890899658203125 49
1726422949161 -0.00040221214294433594 50
1726422949201 0.003865957260131836 51
1726422949243 -0.0027053356170654297 52
1726422949285 -0.0014281272888183594 53
1726422949324 -0.012641668319702148 54
1726422949365 0.00796961784362793 55
1726422949406 0.011200428009033203 56
1726422949447 -0.011598348617553711 57
1726422949489 -0.009775638580322266 58
1726422949544 0.0038213729858398438 59
1726422949596 -0.006646513938903809 60
1726422949638 0.01827096939086914 61
1726422949683 0.0043811798095703125 62
1726422949728 0.0016722679138183594 63
1726422949771 -0.014494538307189941 64
1726422949814 0.015554070472717285 65
1726422949855 -0.0034492015838623047 66
1726422949896 0.0034093856811523438 67
1726422949936 -0.0011428594589233398 68
1726422949979 -0.012206554412841797 69
1726422950020 0.0036143064498901367 70
1726422950061 -0.01593315601348877 71
1726422950105 0.0003019571304321289 72
1726422950151 0.0022699832916259766 73
1726422950196 0.015709280967712402 74
1726422950239 -0.006481170654296875 75
1726422950285 -0.009891152381896973 76
1726422950331 -0.01986551284790039 77
1726422950376 0.013425469398498535 78
1726422950418 0.007651686668395996 79
1726422950462 0.01576387882232666 80
1726422950506 0.008569836616516113 81
1726422950551 -0.00854504108428955 82
1726422950599 0.0047081708908081055 83
1726422950649 -0.02555859088897705 84
1726422950692 0.009414911270141602 85
1726422950732 -0.0013382434844970703 86
1726422950776 -0.003540515899658203 87
1726422950825 -0.0034912824630737305 88
1726422950880 0.007017016410827637 89
1726422950944 0.012156963348388672 90
1726422951000 -0.005581378936767578 91
1726422951051 -0.03194570541381836 92
1726422951102 0.015909790992736816 93
1726422951140 -0.00909268856048584 94
1726422951179 -0.006998896598815918 95
1726422951218 0.0016309022903442383 96
1726422951257 0.004565715789794922 97
1726422951296 0.012494325637817383 98
1726422951336 -0.0042803287506103516 99
1726422951376 0.013009071350097656 100
1726422951416 0.003899693489074707 101
1726422951459 0.00930631160736084 102
1726422951512 -0.022306442260742188 103
1726422951552 0.0035096406936645508 104
1726422951594 0.007331490516662598 105
1726422951634 0.0008976459503173828 106
1726422951673 0.015406012535095215 107
1726422951716 -0.004197239875793457 108
1726422951755 0.0012432336807250977 109
1726422951799 -0.005041956901550293 110
1726422951842 -0.018317222595214844 111
1726422951883 -0.009335875511169434 112
1726422951925 0.01993703842163086 113
1726422951967 -0.01639735698699951 114
1726422952010 0.010972142219543457 115
1726422952058 0.01075899600982666 116
1726422952106 -0.004075050354003906 117
1726422952148 -0.026766300201416016 118
1726422952190 0.01841139793395996 119
1726422952243 -0.0059566497802734375 120
1726422952306 -0.013897418975830078 121
1726422952378 0.01384425163269043 122
1726422952428 0.006953001022338867 123
1726422952475 -0.025828123092651367 124
1726422952545 -0.010979890823364258 125
1726422952595 0.020827889442443848 126
1726422952641 -0.007571101188659668 127
1726422952689 0.026597976684570312 128
1726422952740 0.016911983489990234 129
1726422952791 0.003341197967529297 130
1726422952860 0.0009207725524902344 131
1726422952911 -0.007997989654541016 132
1726422952965 -0.0018393993377685547 133
1726422953009 0.007564902305603027 134
1726422953062 -0.00254666805267334 135
1726422953112 -0.012139081954956055 136
1726422953157 -0.009198904037475586 137
1726422953198 0.0007812976837158203 138
1726422953245 0.01552736759185791 139
1726422953290 -0.0319746732711792 140
1726422953339 0.00759577751159668 141
1726422953382 -0.002233266830444336 142
1726422953431 -0.03674149513244629 143
1726422953473 0.03205442428588867 144
1726422953515 -0.0006175041198730469 145
1726422953554 -0.005437970161437988 146
1726422953595 0.007738828659057617 147
1726422953634 0.02299511432647705 148
1726422953675 -0.009330272674560547 149
1726422953735 0.016261816024780273 150
1726422953779 -0.01746344566345215 151
1726422953825 -0.03589797019958496 152
1726422953878 0.0427396297454834 153
1726422953928 -0.017055511474609375 154
1726422953968 0.00015079975128173828 155
1726422954008 0.020558714866638184 156
1726422954050 0.006300210952758789 157
1726422954090 -0.007346630096435547 158
1726422954128 -0.006989955902099609 159
1726422954169 0.0006775856018066406 160
1726422954211 -0.010477662086486816 161
1726422954258 0.004572391510009766 162
1726422954298 0.004020094871520996 163
1726422954338 -0.004464864730834961 164
1726422954377 0.004636287689208984 165
1726422954417 0.010889768600463867 166
1726422954460 -0.008874058723449707 167
1726422954497 0.013480067253112793 168
1726422954538 0.0026998519897460938 169
1726422954579 -7.30752944946289e-05 170
1726422954622 -0.002644062042236328 171
1726422954665 -0.004061460494995117 172
1726422954712 -0.00973963737487793 173
1726422954756 -0.001720428466796875 174
1726422954796 0.019178271293640137 175
1726422954839 0.0034564733505249023 176
1726422954881 -0.0010726451873779297 177
1726422954922 -0.013332128524780273 178
1726422954962 -0.008307337760925293 179
1726422955003 0.017762184143066406 180
1726422955043 -0.019637584686279297 181
1726422955083 -0.005146980285644531 182
1726422955124 -0.007784843444824219 183
1726422955165 0.01829373836517334 184
1726422955203 -0.016662240028381348 185
1726422955247 0.009438753128051758 186
1726422955288 -0.0046803951263427734 187
1726422955328 -0.03533148765563965 188
1726422955367 0.03332626819610596 189
1726422955407 0.01971149444580078 190
1726422955449 -0.01722586154937744 191
1726422955489 0.024535775184631348 192
1726422955531 -0.021616339683532715 193
1726422955571 -0.00848388671875 194
1726422955617 0.003622293472290039 195
1726422955671 0.006784796714782715 196
1726422955714 0.02178788185119629 197
1726422955758 -0.002256035804748535 198
1726422955803 -0.00823056697845459 199
1726422955849 -0.0005583763122558594 200
1726422955895 0.0034683942794799805 201
1726422955942 -0.0035817623138427734 202
1726422955991 -0.012155890464782715 203
1726422956042 0.0037256479263305664 204
1726422956096 0.0026128292083740234 205
1726422956154 -0.00535893440246582 206
1726422956203 8.046627044677734e-05 207
1726422956250 0.004323244094848633 208
1726422956300 -0.011766195297241211 209
1726422956349 0.021220088005065918 210
1726422956398 -0.031700968742370605 211
1726422956447 0.009209275245666504 212
1726422956501 0.01937413215637207 213
1726422956552 -0.009816408157348633 214
1726422956604 -0.00271761417388916 215
1726422956655 -0.010017037391662598 216
1726422956705 0.006560325622558594 217
1726422956758 0.0165407657623291 218
1726422956823 -0.02078866958618164 219
1726422956897 0.009607434272766113 220
1726422956969 0.00831305980682373 221
1726422957028 0.003999233245849609 222
1726422957077 -0.007961153984069824 223
1726422957127 -0.0005028247833251953 224
1726422957178 0.0024756193161010742 225
1726422957227 0.007297039031982422 226
1726422957277 -0.03657698631286621 227
1726422957329 0.030443668365478516 228
1726422957388 -0.004742860794067383 229
1726422957461 -0.0003744363784790039 230
1726422957532 0.0130234956741333 231
1726422957600 -0.017316579818725586 232
1726422957661 0.00942683219909668 233
1726422957722 0.0016595125198364258 234
1726422957782 0.0020405054092407227 235
1726422957842 -0.014889240264892578 236
1726422957902 0.004835724830627441 237
1726422957966 0.018772482872009277 238
1726422958033 0.004147768020629883 239
1726422958102 -0.005234241485595703 240
1726422958167 -0.001808762550354004 241
1726422958239 -0.00586700439453125 242
1726422958298 -0.0014823675155639648 243
1726422958356 0.003997087478637695 244
1726422958416 0.0011589527130126953 245
1726422958480 -0.015896916389465332 246
1726422958538 0.00872957706451416 247
1726422958606 -0.006188869476318359 248
1726422958656 0.013502240180969238 249
1726422958707 -0.020798325538635254 250
1726422958778 0.010278820991516113 251
1726422958847 0.009098291397094727 252
1726422958904 0.007921934127807617 253
1726422958953 0.0007346868515014648 254
1726422959003 -0.0021049976348876953 255
1726422959058 0.010517239570617676 256
1726422959117 -0.007100462913513184 257
1726422959169 0.004945635795593262 258
1726422959217 -0.018985867500305176 259
1726422959268 0.00953519344329834 260
1726422959322 -0.0016013383865356445 261
1726422959372 -0.003381967544555664 262
1726422959422 0.006234407424926758 263
1726422959472 0.0032329559326171875 264
1726422959522 -0.028540611267089844 265
1726422959576 0.014944791793823242 266
1726422959629 0.0059735774993896484 267
1726422959679 -0.005675792694091797 268
1726422959736 -0.0018106698989868164 269
1726422959796 0.00914013385772705 270
1726422959846 -0.007993221282958984 271
1726422959896 0.0034313201904296875 272
1726422959951 -0.013863801956176758 273
1726422960000 0.009437918663024902 274
1726422960046 -0.0032722949981689453 275
1726422960092 0.006603717803955078 276
1726422960137 -0.02575504779815674 277
1726422960182 0.008559942245483398 278
1726422960225 0.0045899152755737305 279
1726422960270 0.00913095474243164 280
1726422960315 0.003384709358215332 281
1726422960361 0.006678223609924316 282
1726422960409 -0.005474090576171875 283
1726422960454 -0.001341104507446289 284
1726422960499 0.013348937034606934 285
1726422960550 -0.006765842437744141 286
1726422960596 -0.00739598274230957 287
1726422960641 0.006904959678649902 288
1726422960684 -0.018951416015625 289
1726422960726 -0.024255037307739258 290
1726422960768 0.015363097190856934 291
1726422960809 0.021497249603271484 292
1726422960851 -0.02303481101989746 293
1726422960893 -0.015953540802001953 294
1726422960934 0.014790773391723633 295
1726422960979 -0.012911558151245117 296
1726422961031 0.01109170913696289 297
1726422961077 0.019171953201293945 298
1726422961118 0.021371126174926758 299
1726422961164 -0.04501676559448242 300
1726422961211 0.030510902404785156 301
1726422961258 -0.02058100700378418 302
1726422961304 0.014511346817016602 303
1726422961346 -0.017038583755493164 304
1726422961391 0.011324048042297363 305
1726422961432 -0.000786900520324707 306
1726422961477 -0.000733494758605957 307
1726422961526 0.010311484336853027 308
1726422961578 0.004749417304992676 309
1726422961621 0.00010597705841064453 310
1726422961664 -0.012602090835571289 311
1726422961706 -0.011734724044799805 312
1726422961752 0.029946088790893555 313
1726422961792 0.0011017322540283203 314
1726422961841 -0.015859365463256836 315
1726422961896 0.018383026123046875 316
1726422961948 0.0028089284896850586 317
1726422961997 0.00029671192169189453 318
1726422962048 -0.0026106834411621094 319
1726422962101 -0.010173559188842773 320
1726422962169 0.005606293678283691 321
1726422962220 -0.0006324052810668945 322
1726422962272 -0.006893038749694824 323
1726422962323 0.012156248092651367 324
1726422962379 -0.015304088592529297 325
1726422962442 0.009690046310424805 326
1726422962513 0.004409670829772949 327
1726422962569 -0.006285548210144043 328
1726422962631 -0.0005106925964355469 329
1726422962695 -0.011484980583190918 330
1726422962749 0.021823644638061523 331
1726422962802 0.0012586116790771484 332
1726422962855 -0.012536764144897461 333
1726422962919 -0.005466938018798828 334
1726422962978 -0.006363511085510254 335
1726422963031 0.019590020179748535 336
1726422963085 0.004796266555786133 337
1726422963140 -0.0001895427703857422 338
1726422963188 -0.01558387279510498 339
1726422963233 -0.0009914636611938477 340
1726422963278 -0.0031740665435791016 341
1726422963322 0.015004277229309082 342
1726422963366 0.0030034780502319336 343
1726422963409 0.001280069351196289 344
1726422963452 -0.00376129150390625 345
1726422963494 0.0029609203338623047 346
1726422963537 -0.011245369911193848 347
1726422963585 -0.013030529022216797 348
1726422963627 -0.02662956714630127 349
1726422963674 0.01030731201171875 350
1726422963727 0.032003045082092285 351
1726422963772 -0.006594538688659668 352
1726422963813 0.010492682456970215 353
1726422963853 -0.018840432167053223 354
1726422963892 -0.008336901664733887 355
1726422963932 0.006688714027404785 356
1726422963974 0.014841318130493164 357
1726422964015 -0.012830853462219238 358
1726422964055 -0.014601588249206543 359
1726422964098 0.006279468536376953 360
1726422964140 0.01476597785949707 361
1726422964183 0.009247541427612305 362
1726422964225 -0.02266073226928711 363
1726422964266 0.020731329917907715 364
1726422964306 -0.004932761192321777 365
1726422964349 -0.012154221534729004 366
1726422964389 0.01603066921234131 367
1726422964431 -0.0069048404693603516 368
1726422964472 0.0023813247680664062 369
1726422964512 -0.0003151893615722656 370
1726422964554 0.011760473251342773 371
1726422964595 -0.00754547119140625 372
1726422964635 0.0022199153900146484 373
1726422964678 -0.007861495018005371 374
1726422964720 -0.008167147636413574 375
1726422964763 0.018474102020263672 376
1726422964806 0.008208990097045898 377
1726422964852 -0.02793741226196289 378
1726422964897 0.0057718753814697266 379
1726422964940 0.009124994277954102 380
1726422964984 -0.014830589294433594 381
1726422965026 -0.010252714157104492 382
1726422965066 0.013189554214477539 383
1726422965106 -0.0019137859344482422 384
1726422965149 0.012172937393188477 385
1726422965190 0.00468289852142334 386
1726422965230 -0.008800625801086426 387
1726422965272 -0.030795574188232422 388
1726422965313 -0.00044143199920654297 389
1726422965365 -0.000973820686340332 390
1726422965437 0.025038838386535645 391
1726422965491 0.007128000259399414 392
1726422965533 -0.034194350242614746 393
1726422965583 0.011977076530456543 394
1726422965624 0.008457779884338379 395
1726422965665 0.010045766830444336 396
1726422965718 -0.003371715545654297 397
1726422965772 0.006673693656921387 398
1726422965823 -0.007539629936218262 399
1726422965864 -0.025639653205871582 400
1726422965909 0.01171255111694336 401
1726422965951 -0.0012040138244628906 402
1726422965992 0.02901434898376465 403
1726422966033 -0.00563967227935791 404
1726422966074 -0.007426023483276367 405
1726422966115 -0.021432876586914062 406
1726422966157 0.03531014919281006 407
1726422966195 -0.028325915336608887 408
1726422966236 0.003629326820373535 409
1726422966276 0.008916616439819336 410
1726422966315 0.008269190788269043 411
1726422966357 -0.022984623908996582 412
1726422966399 0.0014352798461914062 413
1726422966440 0.02746129035949707 414
1726422966481 0.009337425231933594 415
1726422966522 0.006371140480041504 416
1726422966566 -0.0032608509063720703 417
1726422966610 -0.0007598400115966797 418
1726422966652 -0.026491522789001465 419
1726422966698 -0.002241373062133789 420
1726422966741 7.021427154541016e-05 421
1726422966784 0.02085697650909424 422
1726422966826 -0.027192354202270508 423
1726422966868 -0.0033723115921020508 424
1726422966912 -0.006940126419067383 425
1726422966953 0.014284253120422363 426
1726422966995 0.013486027717590332 427
1726422967036 -0.005435585975646973 428
1726422967078 -0.0013920068740844727 429
1726422967134 0.007861971855163574 430
1726422967183 0.010959982872009277 431
1726422967229 -0.02695178985595703 432
1726422967273 0.011732816696166992 433
1726422967318 0.017541885375976562 434
1726422967363 -0.003621816635131836 435
1726422967405 -0.004689693450927734 436
1726422967450 0.0010309219360351562 437
1726422967499 -0.005060434341430664 438
1726422967554 0.0072214603424072266 439
1726422967596 -0.010900020599365234 440
1726422967639 -0.01591801643371582 441
1726422967681 0.005151152610778809 442
1726422967725 -0.011038422584533691 443
1726422967766 3.62396240234375e-05 444
1726422967809 0.021064281463623047 445
1726422967851 -0.0075331926345825195 446
1726422967891 0.017275214195251465 447
1726422967935 0.0065882205963134766 448
1726422967977 0.002293825149536133 449
1726422968018 -0.0013861656188964844 450
1726422968060 -0.004639863967895508 451
1726422968102 0.0062972307205200195 452
1726422968145 -0.026125550270080566 453
1726422968189 -0.001283884048461914 454
1726422968230 0.01967477798461914 455
1726422968272 -0.0005081892013549805 456
1726422968315 0.003960013389587402 457
1726422968359 0.0055849552154541016 458
1726422968405 -0.00875401496887207 459
1726422968461 -0.0023840665817260742 460
1726422968509 -0.009676337242126465 461
1726422968564 -0.008068084716796875 462
1726422968605 0.029413342475891113 463
1726422968645 0.004153013229370117 464
1726422968686 -0.00047075748443603516 465
1726422968727 -0.0041904449462890625 466
1726422968769 -0.013466835021972656 467
1726422968809 -0.0033283233642578125 468
1726422968852 0.010274648666381836 469
1726422968895 -0.016286134719848633 470
1726422968939 -0.010612249374389648 471
1726422968983 -0.01603519916534424 472
1726422969024 0.0019919872283935547 473
1726422969066 0.034620046615600586 474
1726422969107 0.004161477088928223 475
1726422969148 -0.008965015411376953 476
1726422969190 0.01362919807434082 477
1726422969233 -0.013544201850891113 478
1726422969274 -0.012665152549743652 479
1726422969316 0.010944604873657227 480
1726422969357 0.011228322982788086 481
1726422969398 0.00503993034362793 482
1726422969439 -0.023762106895446777 483
1726422969480 -0.010533809661865234 484
1726422969523 0.009120345115661621 485
1726422969565 -0.039160728454589844 486
1726422969606 0.022589802742004395 487
1726422969648 0.006937623023986816 488
1726422969689 -0.018785595893859863 489
1726422969731 0.006145954132080078 490
1726422969777 0.0038983821868896484 491
1726422969820 0.012383341789245605 492
1726422969865 0.024837970733642578 493
1726422969908 0.003304004669189453 494
1726422969961 -0.006125450134277344 495
1726422970004 -0.0030519962310791016 496
1726422970046 0.010154485702514648 497
1726422970088 -0.0033347606658935547 498
1726422970128 -0.012181878089904785 499
1726422970171 0.010323166847229004 500
1726422970212 -0.00018405914306640625 501
1726422970254 0.004731416702270508 502
1726422970295 -0.022224068641662598 503
1726422970336 -0.007698416709899902 504
1726422970377 -0.02989029884338379 505
1726422970420 0.030997753143310547 506
1726422970465 0.013836979866027832 507
1726422970509 0.01844775676727295 508
1726422970552 -0.0019009113311767578 509
1726422970596 -0.014588594436645508 510
1726422970639 -0.00025844573974609375 511
1726422970684 -0.0012454986572265625 512
1726422970737 -0.028260469436645508 513
1726422970783 0.024802684783935547 514
1726422970831 0.017137527465820312 515
1726422970878 -0.0015056133270263672 516
1726422970929 0.010126113891601562 517
1726422970981 -0.017089366912841797 518
1726422971032 0.009659290313720703 519
1726422971082 -0.009836912155151367 520
1726422971133 -0.006569981575012207 521
1726422971183 0.006707906723022461 522
1726422971238 -0.014799237251281738 523
1726422971294 0.016095638275146484 524
1726422971352 -0.027461767196655273 525
1726422971405 0.01245725154876709 526
1726422971457 0.0018085241317749023 527
1726422971508 -0.011515617370605469 528
1726422971561 0.032764315605163574 529
1726422971612 0.0028368234634399414 530
1726422971664 -0.0057839155197143555 531
1726422971729 -0.007917523384094238 532
1726422971780 -0.021120548248291016 533
1726422971830 -0.007739067077636719 534
1726422971880 -0.02797222137451172 535
1726422971943 0.026745319366455078 536
1726422971995 -0.0030286312103271484 537
1726422972045 0.02155005931854248 538
1726422972097 0.022007107734680176 539
1726422972162 -0.026631593704223633 540
1726422972213 0.016195178031921387 541
1726422972263 0.012192130088806152 542
1726422972314 0.006499648094177246 543
1726422972365 -0.0038872957229614258 544
1726422972418 -0.0009543895721435547 545
1726422972470 -0.013621926307678223 546
1726422972522 0.009435772895812988 547
1726422972574 0.008447051048278809 548
1726422972627 -0.027403593063354492 549
1726422972677 0.006610274314880371 550
1726422972731 0.00930023193359375 551
1726422972785 0.008381843566894531 552
1726422972839 -0.010208606719970703 553
1726422972891 -0.01124274730682373 554
1726422972943 0.013340353965759277 555
1726422972994 2.396106719970703e-05 556
1726422973044 -0.0021642446517944336 557
1726422973097 -0.01291048526763916 558
1726422973148 -0.002147078514099121 559
1726422973198 0.010020732879638672 560
1726422973247 0.0017650127410888672 561
1726422973297 -0.007395267486572266 562
1726422973348 0.002675294876098633 563
1726422973397 0.011863946914672852 564
1726422973447 -0.012329578399658203 565
1726422973504 -0.009130358695983887 566
1726422973574 -0.004710674285888672 567
1726422973629 0.018473029136657715 568
1726422973679 0.0008369684219360352 569
1726422973743 -0.017282843589782715 570
1726422973798 -0.0010639429092407227 571
1726422973848 0.008296012878417969 572
1726422973898 -0.0014878511428833008 573
1726422973949 -0.0014230012893676758 574
1726422974000 -0.020143508911132812 575
1726422974051 -0.0132676362991333 576
1726422974100 0.04895305633544922 577
1726422974153 -0.013971805572509766 578
1726422974207 0.0037000179290771484 579
1726422974260 0.007783174514770508 580
1726422974320 -0.0031228065490722656 581
1726422974395 0.0013527870178222656 582
1726422974470 0.007983207702636719 583
1726422974534 0.00014162063598632812 584
1726422974591 0.0007803440093994141 585
1726422974646 0.005827188491821289 586
1726422974702 -0.004557609558105469 587
1726422974753 -0.024896621704101562 588
1726422974801 0.0021140575408935547 589
1726422974847 -0.002371668815612793 590
1726422974894 0.01760733127593994 591
1726422974942 0.00765538215637207 592
1726422974990 -0.0004985332489013672 593
1726422975049 -0.028702735900878906 594
1726422975091 -0.0061187744140625 595
1726422975133 -0.010010004043579102 596
1726422975176 0.008854389190673828 597
1726422975219 -0.006566643714904785 598
1726422975259 -0.013841986656188965 599
1726422975299 0.020420193672180176 600
1726422975341 0.03847014904022217 601
1726422975381 0.00011992454528808594 602
1726422975422 -0.006395697593688965 603
1726422975464 -0.0019849538803100586 604
1726422975505 -0.00502622127532959 605
1726422975547 -0.008849620819091797 606
1726422975591 0.005833983421325684 607
1726422975632 0.0148162841796875 608
1726422975675 -0.007004737854003906 609
1726422975717 -0.007926702499389648 610
1726422975761 0.014745712280273438 611
1726422975803 -0.01357126235961914 612
1726422975845 -0.017292499542236328 613
1726422975889 -0.0002657175064086914 614
1726422975933 0.0032482147216796875 615
1726422975976 0.01780688762664795 616
1726422976031 -0.04890930652618408 617
1726422976074 0.019251704216003418 618
1726422976117 -0.0006501674652099609 619
1726422976169 0.006190657615661621 620
1726422976213 0.01926708221435547 621
1726422976256 0.011188626289367676 622
1726422976303 -0.0055577754974365234 623
1726422976346 -0.02698957920074463 624
1726422976394 0.0017412900924682617 625
1726422976439 0.0044171810150146484 626
1726422976485 0.010684370994567871 627
1726422976533 0.0055294036865234375 628
1726422976580 0.0008175373077392578 629
1726422976624 0.009882330894470215 630
1726422976670 -0.01622331142425537 631
1726422976711 0.005362510681152344 632
1726422976752 -5.328655242919922e-05 633
1726422976794 0.004235029220581055 634
1726422976833 0.0013172626495361328 635
1726422976875 0.013949394226074219 636
1726422976915 0.0021953582763671875 637
1726422976960 -0.0006994009017944336 638
1726422977003 -0.012120246887207031 639
1726422977047 -0.005420565605163574 640
1726422977089 0.0029528141021728516 641
1726422977132 0.015353798866271973 642
1726422977176 0.0009354352951049805 643
1726422977219 -0.0027637481689453125 644
1726422977265 -0.017746448516845703 645
1726422977307 0.007017612457275391 646
1726422977351 0.005912303924560547 647
1726422977394 0.007858514785766602 648
1726422977437 -0.007325410842895508 649
1726422977483 0.009062528610229492 650
1726422977530 -0.0018829107284545898 651
1726422977575 -0.010244369506835938 652
1726422977619 -0.004411816596984863 653
1726422977663 -0.012555480003356934 654
1726422977709 0.02121150493621826 655
1726422977753 -0.01004481315612793 656
1726422977800 -0.016658902168273926 657
1726422977855 0.023667454719543457 658
1726422977902 -0.00021135807037353516 659
1726422977945 0.007172346115112305 660
1726422977987 -0.012867093086242676 661
1726422978031 -0.006851911544799805 662
1726422978072 0.022594451904296875 663
1726422978115 -0.020229458808898926 664
1726422978157 0.01390993595123291 665
1726422978200 -0.03348815441131592 666
1726422978244 0.0020540952682495117 667
1726422978286 -0.007146120071411133 668
1726422978329 0.03246498107910156 669
1726422978370 0.005003809928894043 670
1726422978413 -0.004873871803283691 671
1726422978457 -0.002113819122314453 672
1726422978500 -0.0008870363235473633 673
1726422978543 -0.02998816967010498 674
1726422978586 0.021470308303833008 675
1726422978632 0.016514301300048828 676
1726422978677 -0.007776737213134766 677
1726422978721 -0.005009174346923828 678
1726422978763 0.0017718076705932617 679
1726422978809 0.0013695955276489258 680
1726422978853 0.011125683784484863 681
1726422978894 -0.009036421775817871 682
1726422978937 -0.0005617141723632812 683
1726422978981 0.009102582931518555 684
1726422979028 0.004188179969787598 685
1726422979071 -0.02413499355316162 686
1726422979124 0.0073201656341552734 687
1726422979171 -0.010746002197265625 688
1726422979216 0.00800323486328125 689
1726422979258 -0.023725032806396484 690
1726422979307 0.009241580963134766 691
1726422979353 0.003833293914794922 692
1726422979397 0.0001938343048095703 693
1726422979439 0.01262509822845459 694
1726422979486 -0.010501742362976074 695
1726422979524 0.007628679275512695 696
1726422979563 0.0002834796905517578 697
1726422979602 -0.016503095626831055 698
1726422979643 0.007079124450683594 699
1726422979686 -0.0008853673934936523 700
1726422979726 0.009888410568237305 701
1726422979769 0.008026719093322754 702
1726422979811 -0.0027441978454589844 703
1726422979853 -0.003338456153869629 704
1726422979895 -0.013267874717712402 705
1726422979936 -0.018508195877075195 706
1726422979978 0.017392635345458984 707
1726422980018 -0.014317989349365234 708
1726422980069 -0.017547607421875 709
1726422980115 -3.5762786865234375e-06 710
1726422980157 -3.337860107421875e-06 711
1726422980198 0.022847414016723633 712
1726422980241 0.022913336753845215 713
1726422980284 -0.0127333402633667 714
1726422980326 -0.006188511848449707 715
1726422980370 -0.00602877140045166 716
1726422980426 0.0300445556640625 717
1726422980475 -0.008147716522216797 718
1726422980527 -0.00507807731628418 719
1726422980570 -0.038806915283203125 720
1726422980620 -0.0011203289031982422 721
1726422980672 0.006881594657897949 722
1726422980720 0.0014623403549194336 723
1726422980761 0.04110002517700195 724
1726422980801 -0.012417078018188477 725
1726422980845 0.013597488403320312 726
1726422980893 0.00542449951171875 727
1726422980936 0.003228425979614258 728
1726422980981 0.010046720504760742 729
1726422981026 -0.003369569778442383 730
1726422981072 -0.02737271785736084 731
1726422981118 0.00014913082122802734 732
1726422981162 0.011746764183044434 733
1726422981207 -0.0004984140396118164 734
1726422981251 -0.026073932647705078 735
1726422981296 -0.017047882080078125 736
1726422981340 0.028801441192626953 737
1726422981384 0.023271918296813965 738
1726422981428 -0.001871347427368164 739
1726422981472 0.006381392478942871 740
1726422981516 -0.0010418891906738281 741
1726422981561 0.0017818212509155273 742
1726422981603 -0.02091062068939209 743
1726422981645 0.01343381404876709 744
1726422981688 -0.0015660524368286133 745
1726422981730 -0.00557255744934082 746
1726422981771 -0.008489608764648438 747
1726422981813 0.016532540321350098 748
1726422981854 0.005368590354919434 749
1726422981895 -0.0011768341064453125 750
1726422981936 -0.0025157928466796875 751
1726422981979 -0.006530284881591797 752
1726422982023 -0.026552796363830566 753
1726422982064 0.013158202171325684 754
1726422982107 0.005196094512939453 755
1726422982149 0.005580782890319824 756
1726422982191 -0.01242971420288086 757
1726422982235 -0.024361610412597656 758
1726422982279 0.015361666679382324 759
1726422982321 0.011976957321166992 760
1726422982363 0.008295536041259766 761
1726422982406 -0.00033283233642578125 762
1726422982453 0.0029577016830444336 763
1726422982497 -0.001958131790161133 764
1726422982541 -0.009167790412902832 765
1726422982587 -0.0010154247283935547 766
1726422982631 0.004002571105957031 767
1726422982675 0.006035804748535156 768
1726422982720 -0.0006967782974243164 769
1726422982764 0.002083897590637207 770
1726422982806 -0.00037360191345214844 771
1726422982849 0.006158947944641113 772
1726422982893 -0.007870197296142578 773
1726422982937 -0.007401108741760254 774
1726422982981 -0.0004780292510986328 775
1726422983029 -0.0004994869232177734 776
1726422983075 0.0009064674377441406 777
1726422983121 0.0036183595657348633 778
1726422983166 -0.00950312614440918 779
1726422983229 0.022492647171020508 780
1726422983281 -0.005202174186706543 781
1726422983332 -0.014452695846557617 782
1726422983391 -0.0005460977554321289 783
1726422983440 -0.0010874271392822266 784
1726422983485 0.0016013383865356445 785
1726422983527 0.01164257526397705 786
1726422983569 -0.0035309791564941406 787
1726422983609 0.006617546081542969 788
1726422983659 -0.0034328699111938477 789
1726422983702 0.0061838626861572266 790
1726422983748 -0.012467026710510254 791
1726422983795 -0.009982585906982422 792
1726422983839 0.02035200595855713 793
1726422983880 0.00696253776550293 794
1726422983926 -0.028557538986206055 795
1726422983970 -0.0030257701873779297 796
1726422984013 0.01537466049194336 797
1726422984053 -0.0004736185073852539 798
1726422984095 0.0054628849029541016 799
1726422984136 -0.009056806564331055 800
1726422984182 0.0022182464599609375 801
1726422984223 -0.0006399154663085938 802
1726422984264 -0.0006004571914672852 803
1726422984308 0.009731650352478027 804
1726422984350 0.0016798973083496094 805
1726422984394 -0.003485560417175293 806
1726422984436 -0.007468819618225098 807
1726422984479 -0.0005267858505249023 808
1726422984520 -0.00020873546600341797 809
1726422984563 0.005021214485168457 810
1726422984605 0.01765894889831543 811
1726422984646 -0.016633987426757812 812
1726422984689 -0.005522251129150391 813
1726422984738 -0.005010843276977539 814
1726422984781 0.0007114410400390625 815
1726422984824 0.025307178497314453 816
1726422984869 -0.012679219245910645 817
1726422984913 0.0062255859375 818
1726422984955 -0.014518976211547852 819
1726422984997 -0.00033211708068847656 820
1726422985038 -0.009515881538391113 821
1726422985078 0.019609451293945312 822
1726422985123 0.014426112174987793 823
1726422985165 -0.004070878028869629 824
1726422985206 -0.0009083747863769531 825
1726422985250 0.00867915153503418 826
1726422985293 -0.006763339042663574 827
1726422985337 -0.0004723072052001953 828
1726422985380 -0.0043746232986450195 829
1726422985424 -0.021912574768066406 830
1726422985468 0.020683765411376953 831
1726422985509 -0.007210731506347656 832
1726422985551 -0.002473115921020508 833
1726422985593 -0.007452964782714844 834
1726422985636 0.006602048873901367 835
1726422985694 0.012875556945800781 836
1726422985740 -0.003464937210083008 837
1726422985788 -0.026184916496276855 838
1726422985837 -0.0005486011505126953 839
1726422985885 -0.0005608797073364258 840
1726422985947 0.001490950584411621 841
1726422986008 0.00244748592376709 842
1726422986074 -0.0035178661346435547 843
1726422986129 -0.0008827447891235352 844
1726422986180 0.0093001127243042 845
1726422986231 0.01567840576171875 846
1726422986286 -0.03337693214416504 847
1726422986338 0.011445999145507812 848
1726422986389 -0.0035829544067382812 849
1726422986442 0.034383416175842285 850
1726422986511 -7.30752944946289e-05 851
1726422986566 -0.00036978721618652344 852
1726422986618 -0.004890918731689453 853
1726422986669 0.00807809829711914 854
1726422986721 -0.014222979545593262 855
1726422986784 -0.009587526321411133 856
1726422986847 -0.0191725492477417 857
1726422986898 0.0059555768966674805 858
1726422986952 -0.0024182796478271484 859
1726422987003 -0.0014797449111938477 860
1726422987053 -0.004638552665710449 861
1726422987106 0.018607020378112793 862
1726422987161 -0.0011246204376220703 863
1726422987215 -0.001223921775817871 864
1726422987269 -0.001344919204711914 865
1726422987323 -0.00034248828887939453 866
1726422987380 0.007894277572631836 867
1726422987431 -0.000840306282043457 868
1726422987483 0.011525630950927734 869
1726422987535 -0.024999260902404785 870
1726422987588 -0.0027959346771240234 871
1726422987642 -0.003386259078979492 872
1726422987695 0.024414658546447754 873
1726422987750 -0.006336569786071777 874
1726422987810 0.008815765380859375 875
1726422987875 0.01580667495727539 876
1726422987926 -0.001562356948852539 877
1726422987980 -0.0018984079360961914 878
1726422988045 -0.010709524154663086 879
1726422988106 -0.013580679893493652 880
1726422988158 0.008782505989074707 881
1726422988211 0.002832770347595215 882
1726422988262 0.005861043930053711 883
1726422988314 0.012578964233398438 884
1726422988367 -0.0006422996520996094 885
1726422988422 -0.009185791015625 886
1726422988474 -0.0022357702255249023 887
1726422988524 -0.0016930103302001953 888
1726422988575 0.008204102516174316 889
1726422988625 0.0005524158477783203 890
1726422988675 -0.01126086711883545 891
1726422988724 0.003301382064819336 892
1726422988774 0.002489924430847168 893
1726422988823 -0.008655309677124023 894
1726422988874 0.012653589248657227 895
1726422988927 0.0026819705963134766 896
1726422988987 -0.014752864837646484 897
1726422989040 -0.005728006362915039 898
1726422989088 0.006005525588989258 899
1726422989140 0.007950782775878906 900
1726422989190 0.0036257505416870117 901
1726422989241 -0.014105916023254395 902
1726422989292 -0.0003031492233276367 903
1726422989343 0.0010001659393310547 904
1726422989395 0.007318854331970215 905
1726422989448 -0.015901565551757812 906
1726422989498 0.009424805641174316 907
1726422989555 0.0003350973129272461 908
1726422989614 -0.008097171783447266 909
1726422989677 0.009470701217651367 910
1726422989730 0.011633753776550293 911
1726422989782 -0.007379889488220215 912
1726422989832 -0.0016393661499023438 913
1726422989887 -0.0035523176193237305 914
1726422989945 -0.0015900135040283203 915
1726422989995 -0.0011898279190063477 916
1726422990039 0.0029336214065551758 917
1726422990088 0.002901434898376465 918
1726422990143 0.006048440933227539 919
1726422990196 -0.0012760162353515625 920
1726422990242 -0.0016779899597167969 921
1726422990285 -0.010705947875976562 922
1726422990326 -0.00047600269317626953 923
1726422990367 0.006447434425354004 924
1726422990407 -0.0011641979217529297 925
1726422990446 -0.00038909912109375 926
1726422990487 -0.00039696693420410156 927
1726422990529 -0.0004050731658935547 928
1726422990568 -0.0004138946533203125 929
1726422990609 -0.0004229545593261719 930
1726422990649 -0.0018949508666992188 931
1726422990688 -0.00048732757568359375 932
1726422990730 -0.014784574508666992 933
1726422990770 -0.0011775493621826172 934
1726422990809 -0.0012546777725219727 935
1726422990848 0.007175803184509277 936
1726422990887 0.004503965377807617 937
1726422990928 -0.011318683624267578 938
1726422990974 -0.027492284774780273 939
1726422991021 -3.838539123535156e-05 940
1726422991065 -3.910064697265625e-05 941
1726422991112 -4.029273986816406e-05 942
1726422991152 -4.124641418457031e-05 943
1726422991193 -4.1961669921875e-05 944
1726422991235 -4.303455352783203e-05 945
1726422991288 -4.398822784423828e-05 946
1726422991335 -4.506111145019531e-05 947
1726422991376 -4.6253204345703125e-05 948
1726422991423 -4.7206878662109375e-05 949
1726422991461 -4.839897155761719e-05 950
1726422991500 0.012560606002807617 951
1726422991538 -0.0013110637664794922 952
1726422991576 -0.010288476943969727 953
1726422991615 -4.6133995056152344e-05 954
1726422991654 -4.696846008300781e-05 955
1726422991693 -4.851818084716797e-05 956
1726422991733 -4.935264587402344e-05 957
1726422991783 -5.066394805908203e-05 958
1726422991833 -5.1856040954589844e-05 959
1726422991888 -5.316734313964844e-05 960
1726422991938 -5.447864532470703e-05 961
1726422991985 -5.5670738220214844e-05 962
1726422992031 -5.733966827392578e-05 963
1726422992083 -5.8531761169433594e-05 964
1726422992144 -6.008148193359375e-05 965
1726422992202 -0.003560304641723633 966
1726422992244 -4.482269287109375e-05 967
1726422992284 -4.5299530029296875e-05 968
1726422992327 -4.57763671875e-05 969
1726422992373 -4.649162292480469e-05 970
1726422992420 -4.7206878662109375e-05 971
1726422992475 -4.792213439941406e-05 972
1726422992536 -4.863739013671875e-05 973
1726422992582 -4.947185516357422e-05 974
1726422992624 -5.0067901611328125e-05 975
1726422992665 -5.0902366638183594e-05 976
1726422992709 -5.161762237548828e-05 977
1726422992750 -5.257129669189453e-05 978
1726422992797 -5.340576171875e-05 979
1726422992839 -5.412101745605469e-05 980
1726422992879 -5.507469177246094e-05 981
1726422992923 0.0013315677642822266 982
1726422992968 -3.695487976074219e-05 983
1726422993017 -3.743171691894531e-05 984
1726422993059 -3.7789344787597656e-05 985
1726422993112 -3.826618194580078e-05 986
1726422993166 -0.0012371540069580078 987
1726422993212 -0.00019884109497070312 988
1726422993270 -0.006559491157531738 989
1726422993319 -0.0014275312423706055 990
1726422993363 -0.0004260540008544922 991
1726422993414 -0.0004661083221435547 992
1726422993469 -0.0005137920379638672 993
1726422993516 -0.0005714893341064453 994
1726422993561 -0.0006427764892578125 995
1726422993605 -0.0007331371307373047 996
1726422993651 -0.0004929304122924805 997
1726422993699 -0.0004595518112182617 998
1726422993747 -0.0005033016204833984 999
