1727306204303 2.3202311992645264 0
1727306204340 2.105656623840332 1
1727306204375 1.9411303997039795 2
1727306204410 1.989620327949524 3
1727306204445 2.0433762073516846 4
1727306204481 2.177312135696411 5
1727306204516 2.1156487464904785 6
1727306204552 2.109907627105713 7
1727306204588 2.1004598140716553 8
1727306204622 1.9667961597442627 9
1727306204658 2.034853219985962 10
1727306204693 2.1352620124816895 11
1727306204728 2.1156487464904785 12
1727306204764 1.335769772529602 13
1727306204800 2.06547212600708 14
1727306204836 2.1689021587371826 15
1727306204871 1.950097680091858 16
1727306204906 2.0624969005584717 17
1727306204942 1.9706978797912598 18
1727306204977 2.218201160430908 19
1727306205012 2.1073615550994873 20
1727306205048 2.166323184967041 21
1727306205085 2.184143304824829 22
1727306205122 2.197936534881592 23
1727306205157 2.048290491104126 24
1727306205192 2.157202959060669 25
1727306205227 1.9635558128356934 26
1727306205263 2.095956325531006 27
1727306205299 2.2348597049713135 28
1727306205335 2.191695213317871 29
1727306205371 2.223437786102295 30
1727306205406 2.107515335083008 31
1727306205443 1.9529244899749756 32
1727306205479 2.1294820308685303 33
1727306205515 1.9949960708618164 34
1727306205551 2.0667836666107178 35
1727306205586 2.169114351272583 36
1727306205622 2.132218360900879 37
1727306205657 2.077468156814575 38
1727306205695 1.9125237464904785 39
1727306205731 2.1973960399627686 40
1727306205767 2.186150312423706 41
1727306205803 1.923844814300537 42
1727306205839 2.0911598205566406 43
1727306205875 2.1142830848693848 44
1727306205912 1.9462544918060303 45
1727306205948 2.2795095443725586 46
1727306205984 2.0887417793273926 47
1727306206020 1.9387778043746948 48
1727306206055 2.2610623836517334 49
1727306206091 2.174470901489258 50
1727306206127 2.093482494354248 51
1727306206163 2.10728120803833 52
1727306206199 2.1718332767486572 53
1727306206236 1.9374665021896362 54
1727306206276 2.173157215118408 55
1727306206318 2.2074270248413086 56
1727306206361 1.9107588529586792 57
1727306206402 1.8488847017288208 58
1727306206444 2.0405454635620117 59
1727306206486 1.7998335361480713 60
1727306206526 2.0967812538146973 61
1727306206567 2.0271623134613037 62
1727306206604 2.0575742721557617 63
1727306206642 2.1767826080322266 64
1727306206681 2.146284580230713 65
1727306206722 1.9642513990402222 66
1727306206777 2.1201906204223633 67
1727306206825 2.0850813388824463 68
1727306206873 2.1190037727355957 69
1727306206926 2.0198142528533936 70
1727306206979 1.9608954191207886 71
1727306207027 2.0260205268859863 72
1727306207073 2.0443785190582275 73
1727306207120 1.9647055864334106 74
1727306207171 2.1406755447387695 75
1727306207217 2.015662908554077 76
1727306207262 2.141299247741699 77
1727306207310 2.1813573837280273 78
1727306207354 1.335769772529602 79
1727306207403 2.17283296585083 80
1727306207452 2.0479512214660645 81
1727306207501 2.0895802974700928 82
1727306207547 2.073514699935913 83
1727306207596 2.114626884460449 84
1727306207644 1.990862250328064 85
1727306207696 1.335769772529602 86
1727306207750 2.232938289642334 87
1727306207796 2.2339677810668945 88
1727306207846 2.210598945617676 89
1727306207894 2.177896022796631 90
1727306207940 1.9935922622680664 91
1727306207986 2.197936534881592 92
1727306208028 2.048082113265991 93
1727306208070 2.1913414001464844 94
1727306208112 2.208151340484619 95
1727306208152 2.236490488052368 96
1727306208191 1.7701587677001953 97
1727306208230 1.9921061992645264 98
1727306208267 2.1612982749938965 99
1727306208305 2.1264383792877197 100
1727306208343 1.9848153591156006 101
1727306208380 2.012035608291626 102
1727306208417 1.9471304416656494 103
1727306208454 1.521618366241455 104
1727306208490 1.9205565452575684 105
1727306208527 2.1333069801330566 106
1727306208563 2.1217241287231445 107
1727306208601 2.1723592281341553 108
1727306208638 2.163417339324951 109
1727306208675 2.043200969696045 110
1727306208711 1.521618366241455 111
1727306208749 2.0987164974212646 112
1727306208787 2.2145800590515137 113
1727306208824 2.0750412940979004 114
1727306208860 2.2224559783935547 115
1727306208896 2.081902027130127 116
1727306208932 2.1658809185028076 117
1727306208968 1.9148321151733398 118
1727306209004 2.2621819972991943 119
1727306209041 2.132218360900879 120
1727306209077 2.0443785190582275 121
1727306209113 2.132218360900879 122
1727306209149 2.1607022285461426 123
1727306209186 1.6133503913879395 124
1727306209223 2.162999153137207 125
1727306209260 2.12363600730896 126
1727306209298 2.1020588874816895 127
1727306209335 2.150398015975952 128
1727306209372 2.1506431102752686 129
1727306209408 2.015218496322632 130
1727306209443 2.113475799560547 131
1727306209482 2.123281955718994 132
1727306209522 1.98863685131073 133
1727306209558 2.1915435791015625 134
1727306209594 2.203097105026245 135
1727306209631 2.14017391204834 136
1727306209667 2.014469861984253 137
1727306209703 2.1685380935668945 138
1727306209739 2.1094985008239746 139
1727306209775 2.1169981956481934 140
1727306209811 2.036355972290039 141
1727306209850 2.11462664604187 142
1727306209889 2.164323329925537 143
1727306209929 2.0234827995300293 144
1727306209967 2.0725040435791016 145
1727306210005 2.2342875003814697 146
1727306210043 1.9775846004486084 147
1727306210080 1.9900307655334473 148
1727306210116 2.1616647243499756 149
1727306210154 2.035168409347534 150
1727306210191 2.1691136360168457 151
1727306210227 2.0329065322875977 152
1727306210262 2.212717294692993 153
1727306210298 2.0592100620269775 154
1727306210334 2.1824100017547607 155
1727306210371 2.2726004123687744 156
1727306210407 2.0133867263793945 157
1727306210443 2.0955708026885986 158
1727306210479 1.8519642353057861 159
1727306210515 1.9958091974258423 160
1727306210551 2.0870985984802246 161
1727306210587 2.2361276149749756 162
1727306210623 2.2184042930603027 163
1727306210658 2.202224016189575 164
1727306210693 2.1962878704071045 165
1727306210730 1.913341999053955 166
1727306210767 2.083400011062622 167
1727306210803 2.1284396648406982 168
1727306210839 2.114777088165283 169
1727306210876 2.1285171508789062 170
1727306210915 2.1395115852355957 171
1727306210952 2.118945360183716 172
1727306210989 2.25614070892334 173
1727306211025 2.1878812313079834 174
1727306211060 2.0438687801361084 175
1727306211096 2.033846616744995 176
1727306211133 2.1169981956481934 177
1727306211170 1.8352735042572021 178
1727306211206 2.180192708969116 179
1727306211242 2.198493480682373 180
1727306211278 2.1354875564575195 181
1727306211315 1.800451397895813 182
1727306211352 1.9734586477279663 183
1727306211389 1.2344979047775269 184
1727306211425 1.9506508111953735 185
1727306211461 1.9520690441131592 186
1727306211498 2.2124156951904297 187
1727306211534 2.18135666847229 188
1727306211570 2.2566654682159424 189
1727306211607 2.0850822925567627 190
1727306211645 2.10709810256958 191
1727306211681 2.1051642894744873 192
1727306211718 1.6892215013504028 193
1727306211754 2.086573600769043 194
1727306211790 2.2091965675354004 195
1727306211826 1.734851598739624 196
1727306211862 2.0021798610687256 197
1727306211900 1.7854950428009033 198
1727306211936 2.0870985984802246 199
1727306211971 2.1019935607910156 200
1727306212007 2.1689021587371826 201
1727306212042 2.015228509902954 202
1727306212079 2.1529181003570557 203
1727306212115 2.1511054039001465 204
1727306212150 2.1212992668151855 205
1727306212187 2.2352471351623535 206
1727306212223 2.0597920417785645 207
1727306212258 2.1233606338500977 208
1727306212293 2.071500301361084 209
1727306212329 1.9501625299453735 210
1727306212366 2.138540744781494 211
1727306212401 1.8753381967544556 212
1727306212436 1.9894955158233643 213
1727306212471 2.1142799854278564 214
1727306212506 2.045287609100342 215
1727306212556 2.025200128555298 216
1727306212609 2.211954116821289 217
1727306212653 2.040051221847534 218
1727306212697 2.1115591526031494 219
1727306212741 2.1156487464904785 220
1727306212785 2.165083408355713 221
1727306212836 2.1179134845733643 222
1727306212883 1.9935921430587769 223
1727306212928 2.0215578079223633 224
1727306212973 2.2291336059570312 225
1727306213020 2.162999153137207 226
1727306213065 2.007315158843994 227
1727306213119 1.9249353408813477 228
1727306213164 1.6074045896530151 229
1727306213210 2.0454649925231934 230
1727306213255 1.5788588523864746 231
1727306213299 2.0608925819396973 232
1727306213343 2.0605664253234863 233
1727306213387 2.20802640914917 234
1727306213432 2.0827651023864746 235
1727306213479 2.1233603954315186 236
1727306213524 2.03336238861084 237
1727306213570 2.1408376693725586 238
1727306213619 2.1031014919281006 239
1727306213669 2.161006212234497 240
1727306213715 2.0604584217071533 241
1727306213767 2.168048858642578 242
1727306213830 1.9528191089630127 243
1727306213881 2.175429105758667 244
1727306213934 2.178144931793213 245
1727306213977 1.9771720170974731 246
1727306214019 2.01332950592041 247
1727306214060 2.0943665504455566 248
1727306214098 1.850031852722168 249
1727306214137 2.102238416671753 250
1727306214174 2.1268842220306396 251
1727306214212 2.1506431102752686 252
1727306214249 1.335769772529602 253
1727306214287 2.125030994415283 254
1727306214324 1.5788588523864746 255
1727306214363 2.089211940765381 256
1727306214401 2.214782238006592 257
1727306214437 2.0921249389648438 258
1727306214473 1.8828418254852295 259
1727306214509 1.2344979047775269 260
1727306214546 2.085273504257202 261
1727306214582 2.168797016143799 262
1727306214619 1.961667537689209 263
1727306214654 2.153970956802368 264
1727306214690 1.5788588523864746 265
1727306214726 2.1624398231506348 266
1727306214763 2.126185417175293 267
1727306214800 2.1042680740356445 268
1727306214835 2.0169570446014404 269
1727306214870 2.0120389461517334 270
1727306214907 1.8696931600570679 271
1727306214947 2.149352550506592 272
1727306214986 1.7131043672561646 273
1727306215024 2.2476606369018555 274
1727306215060 2.0131545066833496 275
1727306215097 2.026686191558838 276
1727306215135 1.8759024143218994 277
1727306215171 2.045488119125366 278
1727306215207 1.9951292276382446 279
1727306215243 2.006592273712158 280
1727306215279 2.210599184036255 281
1727306215318 2.0397791862487793 282
1727306215354 2.0759334564208984 283
1727306215393 2.0587756633758545 284
1727306215430 2.0776023864746094 285
1727306215467 2.115701198577881 286
1727306215506 2.0197665691375732 287
1727306215545 1.2344979047775269 288
1727306215581 1.2344979047775269 289
