1727306456098 0.0 0
1727306456138 0.0 1
1727306456178 0.0 2
1727306456220 0.0 3
1727306456261 0.0 4
1727306456303 0.0 5
1727306456342 0.0 6
1727306456383 0.0 7
1727306456424 0.0 8
1727306456465 0.0 9
1727306456506 0.0 10
1727306456547 0.0 11
1727306456587 0.0 12
1727306456630 0.0 13
1727306456673 0.0 14
1727306456714 0.0 15
1727306456756 0.0 16
1727306456797 0.0 17
1727306456837 0.0 18
1727306456878 0.0 19
1727306456918 0.0 20
1727306456960 0.0 21
1727306457001 0.0 22
1727306457044 0.0 23
1727306457089 0.0 24
1727306457129 0.0 25
1727306457169 0.0 26
1727306457211 0.0 27
1727306457253 0.0 28
1727306457295 0.0 29
1727306457338 0.0 30
1727306457387 0.0 31
1727306457427 0.0 32
1727306457468 0.0 33
1727306457509 0.0 34
1727306457551 0.0 35
1727306457590 0.0 36
1727306457631 0.0 37
1727306457670 0.0 38
1727306457709 0.0 39
1727306457747 0.0 40
1727306457792 0.0 41
1727306457838 0.0 42
1727306457881 0.0 43
1727306457922 0.0 44
1727306457964 0.0 45
1727306458006 0.0 46
1727306458047 0.0 47
1727306458089 0.0 48
1727306458130 0.0 49
1727306458172 0.0 50
1727306458214 0.0 51
1727306458255 0.0 52
1727306458299 0.0 53
1727306458340 0.0 54
1727306458380 0.0 55
1727306458421 0.0 56
1727306458462 0.0 57
1727306458506 0.0 58
1727306458547 4.605170249938965 59
1727306458588 0.0 60
1727306458629 0.0 61
1727306458671 0.0 62
1727306458713 0.0 63
1727306458754 0.0 64
1727306458796 0.0 65
1727306458837 0.0 66
1727306458877 0.0 67
1727306458918 0.0 68
1727306458959 0.0 69
1727306459001 0.0 70
1727306459042 0.0 71
1727306459086 0.0 72
1727306459126 0.0 73
1727306459168 0.0 74
1727306459210 0.0 75
1727306459251 0.0 76
1727306459291 0.0 77
1727306459332 0.0 78
1727306459374 0.0 79
1727306459415 4.605170249938965 80
1727306459454 0.0 81
1727306459495 0.0 82
1727306459536 0.0 83
1727306459576 0.0 84
1727306459617 0.0 85
1727306459658 0.0 86
1727306459700 0.0 87
1727306459739 0.0 88
1727306459781 0.0 89
1727306459822 0.0 90
1727306459863 0.0 91
1727306459905 0.0 92
1727306459947 0.0 93
1727306459989 0.0 94
1727306460034 0.0 95
1727306460076 0.0 96
1727306460115 0.0 97
1727306460156 0.0 98
1727306460196 0.0 99
1727306460236 0.0 100
1727306460276 0.0 101
1727306460316 0.0 102
1727306460367 0.0 103
1727306460414 0.0 104
1727306460458 0.0 105
1727306460501 0.0 106
1727306460544 0.0 107
1727306460585 0.0 108
1727306460628 0.0 109
1727306460669 0.0 110
1727306460714 0.0 111
1727306460756 0.0 112
1727306460798 0.0 113
1727306460841 0.0 114
1727306460888 0.0 115
1727306460931 0.0 116
1727306460976 0.0 117
1727306461023 0.0 118
1727306461067 0.0 119
1727306461109 0.0 120
1727306461150 0.0 121
1727306461192 0.0 122
1727306461232 0.0 123
1727306461274 0.0 124
1727306461314 0.0 125
1727306461355 0.0 126
1727306461396 0.0 127
1727306461441 0.0 128
1727306461491 0.0 129
1727306461537 0.0 130
1727306461579 0.0 131
1727306461618 0.0 132
1727306461659 0.0 133
1727306461699 0.0 134
1727306461746 0.0 135
1727306461790 0.0 136
1727306461836 0.0 137
1727306461889 0.0 138
1727306461938 0.0 139
1727306461987 0.0 140
1727306462035 0.0 141
1727306462087 0.0 142
1727306462139 0.0 143
1727306462188 0.0 144
1727306462235 0.0 145
1727306462286 0.0 146
1727306462339 0.0 147
1727306462386 0.0 148
1727306462432 0.0 149
1727306462478 0.0 150
1727306462525 0.0 151
1727306462582 0.0 152
1727306462635 0.0 153
1727306462688 0.0 154
1727306462737 0.0 155
1727306462790 0.0 156
1727306462846 0.0 157
1727306462896 0.0 158
1727306462947 0.0 159
1727306463002 0.0 160
1727306463051 0.0 161
1727306463097 0.0 162
1727306463141 0.0 163
1727306463183 0.0 164
1727306463224 0.0 165
1727306463264 0.0 166
1727306463304 0.0 167
1727306463343 0.0 168
1727306463381 0.0 169
1727306463421 0.0 170
1727306463461 0.0 171
1727306463499 0.0 172
1727306463539 0.0 173
1727306463579 0.0 174
1727306463618 0.0 175
1727306463656 0.0 176
1727306463695 0.0 177
1727306463733 0.0 178
1727306463772 0.0 179
1727306463810 0.0 180
1727306463848 0.0 181
1727306463886 0.0 182
1727306463922 0.0 183
1727306463960 0.0 184
1727306463998 0.0 185
1727306464038 0.0 186
1727306464075 0.0 187
1727306464111 0.0 188
1727306464148 0.0 189
1727306464186 0.0 190
1727306464225 0.0 191
1727306464263 0.0 192
1727306464303 0.0 193
1727306464340 0.0 194
1727306464381 0.0 195
1727306464420 0.0 196
1727306464459 0.0 197
1727306464498 0.0 198
1727306464538 0.0 199
1727306464577 0.0 200
