1726427392512 1.4472365379333496 0
1726427392553 1.379982590675354 1
1726427392593 1.3694809675216675 2
1726427392633 1.3776962757110596 3
1726427392673 1.3909438848495483 4
1726427392713 1.4079400300979614 5
1726427392755 1.3778345584869385 6
1726427392795 1.3776962757110596 7
1726427392835 1.4276962280273438 8
1726427392876 1.4102740287780762 9
1726427392916 1.3776962757110596 10
1726427392956 1.4241410493850708 11
1726427392997 1.3781647682189941 12
1726427393038 1.3778636455535889 13
1726427393078 1.4393821954727173 14
1726427393119 1.432823896408081 15
1726427393159 1.4276962280273438 16
1726427393199 1.4292317628860474 17
1726427393240 1.3801164627075195 18
1726427393281 1.388932704925537 19
1726427393321 1.4003674983978271 20
1726427393362 1.3948113918304443 21
1726427393403 1.4247740507125854 22
1726427393443 1.4139420986175537 23
1726427393483 1.3754452466964722 24
1726427393525 1.416334867477417 25
1726427393564 1.382189154624939 26
1726427393606 1.441282033920288 27
1726427393647 1.3776962757110596 28
1726427393688 1.407231330871582 29
1726427393729 1.40943443775177 30
1726427393772 1.3776962757110596 31
1726427393816 1.3819721937179565 32
1726427393861 1.4064971208572388 33
1726427393906 1.3909610509872437 34
1726427393953 1.3853257894515991 35
1726427393997 1.3776962757110596 36
1726427394040 1.3776962757110596 37
1726427394082 1.4322686195373535 38
1726427394124 1.4443029165267944 39
1726427394167 1.4017467498779297 40
1726427394209 1.420619010925293 41
1726427394253 1.3794280290603638 42
1726427394297 1.4024124145507812 43
1726427394346 1.4176265001296997 44
1726427394395 1.4385663270950317 45
1726427394444 1.3981293439865112 46
1726427394519 1.3776962757110596 47
1726427394577 1.3920180797576904 48
1726427394617 1.4116928577423096 49
1726427394661 1.4056565761566162 50
1726427394702 1.3789372444152832 51
1726427394742 1.432268500328064 52
1726427394782 1.4276962280273438 53
1726427394822 1.4017468690872192 54
1726427394862 1.3831627368927002 55
1726427394901 1.4144765138626099 56
1726427394942 1.4263584613800049 57
1726427394982 1.366826057434082 58
1726427395023 1.4172847270965576 59
1726427395070 1.4182374477386475 60
1726427395111 1.408860683441162 61
1726427395153 1.432268500328064 62
1726427395194 1.432268500328064 63
1726427395245 1.420619010925293 64
1726427395299 1.4243876934051514 65
1726427395351 1.351746678352356 66
1726427395413 1.432268500328064 67
1726427395470 1.42863929271698 68
1726427395523 1.425927996635437 69
1726427395579 1.4264118671417236 70
1726427395626 1.3776962757110596 71
1726427395677 1.3822685480117798 72
1726427395738 1.3776962757110596 73
1726427395800 1.3776962757110596 74
1726427395865 1.4306612014770508 75
1726427395938 1.4354113340377808 76
1726427396010 1.3776962757110596 77
1726427396072 1.4342612028121948 78
1726427396127 1.432268500328064 79
1726427396175 1.3782893419265747 80
1726427396223 1.4276962280273438 81
1726427396273 1.4449877738952637 82
1726427396322 1.4136345386505127 83
1726427396376 1.421342134475708 84
1726427396427 1.418705940246582 85
1726427396477 1.453183650970459 86
1726427396537 1.432268500328064 87
1726427396587 1.4135359525680542 88
1726427396636 1.4276962280273438 89
1726427396689 1.3776962757110596 90
1726427396739 1.4318363666534424 91
1726427396790 1.3776962757110596 92
1726427396841 1.3990849256515503 93
1726427396895 1.4017467498779297 94
1726427396949 1.3776962757110596 95
1726427397021 1.4178338050842285 96
1726427397094 1.4265851974487305 97
1726427397154 1.3775542974472046 98
1726427397206 1.450893521308899 99
1726427397257 1.4032931327819824 100
1726427397308 1.3728737831115723 101
1726427397358 1.4276962280273438 102
1726427397408 1.4042688608169556 103
1726427397457 1.4015060663223267 104
1726427397507 1.424096703529358 105
1726427397561 1.4072726964950562 106
1726427397611 1.4090509414672852 107
1726427397660 1.3771533966064453 108
1726427397710 1.3776962757110596 109
1726427397760 1.4263120889663696 110
1726427397810 1.406135082244873 111
1726427397860 1.4241489171981812 112
1726427397909 1.4017468690872192 113
1726427397959 1.3673157691955566 114
1726427398009 1.4220051765441895 115
1726427398059 1.3776962757110596 116
1726427398111 1.3822685480117798 117
1726427398161 1.4398787021636963 118
1726427398214 1.4221556186676025 119
1726427398266 1.4010729789733887 120
1726427398318 1.4061654806137085 121
1726427398373 1.4244117736816406 122
1726427398424 1.4017468690872192 123
1726427398474 1.3776962757110596 124
1726427398525 1.3631433248519897 125
1726427398574 1.432268500328064 126
1726427398623 1.407663345336914 127
1726427398673 1.4017468690872192 128
1726427398724 1.434276819229126 129
1726427398777 1.38221275806427 130
1726427398829 1.4338831901550293 131
1726427398883 1.3776962757110596 132
1726427398934 1.4060193300247192 133
1726427398987 1.432268500328064 134
1726427399051 1.3804707527160645 135
1726427399130 1.4309536218643188 136
1726427399207 1.4275529384613037 137
1726427399270 1.4282851219177246 138
1726427399321 1.4195573329925537 139
1726427399378 1.4285013675689697 140
1726427399455 1.4299767017364502 141
1726427399517 1.4276962280273438 142
1726427399578 1.4088962078094482 143
1726427399631 1.420619010925293 144
1726427399697 1.4125909805297852 145
1726427399770 1.436720848083496 146
1726427399842 1.4185948371887207 147
1726427399891 1.420619010925293 148
1726427399941 1.381035327911377 149
1726427400000 1.423721432685852 150
1726427400052 1.3825571537017822 151
1726427400107 1.3800722360610962 152
1726427400157 1.4317797422409058 153
1726427400206 1.3929840326309204 154
1726427400257 1.4210350513458252 155
1726427400308 1.442549705505371 156
1726427400359 1.4103598594665527 157
1726427400409 1.4269802570343018 158
1726427400459 1.4150822162628174 159
1726427400515 1.3819503784179688 160
1726427400574 1.3822685480117798 161
1726427400635 1.4069101810455322 162
1726427400701 1.410959005355835 163
1726427400760 1.432268500328064 164
1726427400814 1.3517467975616455 165
1726427400866 1.3776962757110596 166
1726427400941 1.4217276573181152 167
1726427401002 1.4286208152770996 168
1726427401060 1.3776962757110596 169
1726427401135 1.432268500328064 170
1726427401204 1.420619010925293 171
1726427401264 1.4342732429504395 172
1726427401319 1.4450503587722778 173
1726427401376 1.4113521575927734 174
1726427401433 1.3678877353668213 175
1726427401495 1.4340952634811401 176
1726427401544 1.409515142440796 177
1726427401594 1.409797191619873 178
1726427401643 1.4276962280273438 179
1726427401695 1.3840162754058838 180
1726427401752 1.3517467975616455 181
1726427401803 1.3801847696304321 182
1726427401863 1.4019883871078491 183
1726427401917 1.4017468690872192 184
1726427401973 1.402928113937378 185
1726427402017 1.3517467975616455 186
1726427402060 1.4242961406707764 187
1726427402101 1.3802587985992432 188
1726427402141 1.4145214557647705 189
1726427402179 1.4336150884628296 190
1726427402220 1.4276962280273438 191
1726427402267 1.4276962280273438 192
1726427402310 1.3776962757110596 193
1726427402356 1.418141484260559 194
1726427402396 1.4356353282928467 195
1726427402437 1.4312753677368164 196
1726427402477 1.4483429193496704 197
1726427402521 1.4435368776321411 198
1726427402573 1.4276962280273438 199
1726427402626 1.3714908361434937 200
1726427402670 1.4298250675201416 201
1726427402715 1.4320026636123657 202
1726427402773 1.4045360088348389 203
1726427402821 1.3776962757110596 204
1726427402870 1.4062011241912842 205
1726427402917 1.3747533559799194 206
1726427402969 1.4319725036621094 207
1726427403020 1.4017468690872192 208
1726427403072 1.39447021484375 209
1726427403120 1.4276962280273438 210
1726427403172 1.4045549631118774 211
1726427403225 1.4152216911315918 212
1726427403277 1.382172703742981 213
1726427403324 1.4067693948745728 214
1726427403364 1.4276962280273438 215
1726427403404 1.4247262477874756 216
1726427403445 1.3776962757110596 217
1726427403487 1.4167397022247314 218
1726427403535 1.3776962757110596 219
1726427403587 1.3711028099060059 220
1726427403634 1.3761265277862549 221
1726427403676 1.397956132888794 222
1726427403720 1.403078317642212 223
1726427403759 1.40020751953125 224
1726427403798 1.432268500328064 225
1726427403840 1.416713833808899 226
1726427403883 1.4489977359771729 227
1726427403928 1.3776962757110596 228
1726427403969 1.4234700202941895 229
1726427404016 1.4309664964675903 230
1726427404059 1.4256832599639893 231
1726427404099 1.43476402759552 232
1726427404141 1.4408376216888428 233
1726427404181 1.44450044631958 234
1726427404226 1.3765296936035156 235
1726427404270 1.440840482711792 236
1726427404315 1.4276962280273438 237
1726427404357 1.4395239353179932 238
1726427404401 1.3845634460449219 239
1726427404444 1.402486801147461 240
1726427404489 1.4105323553085327 241
1726427404535 1.4274059534072876 242
1726427404576 1.4080252647399902 243
1726427404620 1.4236665964126587 244
1726427404669 1.4017467498779297 245
1726427404715 1.432268500328064 246
1726427404766 1.4152271747589111 247
1726427404806 1.3776962757110596 248
1726427404844 1.4132332801818848 249
1726427404884 1.4345710277557373 250
1726427404923 1.4172389507293701 251
1726427404963 1.4260592460632324 252
1726427405003 1.41484534740448 253
1726427405045 1.4139156341552734 254
1726427405089 1.4300734996795654 255
1726427405131 1.3842271566390991 256
1726427405177 1.41677987575531 257
1726427405224 1.420843482017517 258
1726427405269 1.4201875925064087 259
1726427405312 1.351746678352356 260
1726427405357 1.4118956327438354 261
1726427405401 1.3816814422607422 262
1726427405445 1.3984825611114502 263
1726427405490 1.4511628150939941 264
1726427405536 1.432268500328064 265
1726427405579 1.372791051864624 266
1726427405623 1.4139161109924316 267
1726427405669 1.4017468690872192 268
1726427405719 1.4021176099777222 269
1726427405766 1.3776962757110596 270
1726427405811 1.4399237632751465 271
1726427405852 1.3988230228424072 272
1726427405901 1.420619010925293 273
1726427405947 1.4374033212661743 274
1726427405990 1.3822684288024902 275
1726427406038 1.3970472812652588 276
1726427406084 1.432268500328064 277
1726427406132 1.353191614151001 278
1726427406176 1.409522533416748 279
1726427406217 1.4231010675430298 280
1726427406265 1.4144229888916016 281
1726427406309 1.4145174026489258 282
1726427406354 1.4406023025512695 283
1726427406406 1.432268500328064 284
1726427406463 1.3776962757110596 285
1726427406522 1.407961368560791 286
1726427406561 1.3864272832870483 287
1726427406600 1.3595507144927979 288
1726427406639 1.4316012859344482 289
1726427406678 1.432268500328064 290
1726427406719 1.389237880706787 291
1726427406764 1.4349498748779297 292
1726427406807 1.4346725940704346 293
1726427406846 1.382767677307129 294
1726427406886 1.4250171184539795 295
1726427406928 1.4017468690872192 296
1726427406971 1.432268500328064 297
1726427407016 1.4002054929733276 298
1726427407060 1.3773425817489624 299
1726427407100 1.4528429508209229 300
1726427407139 1.4206191301345825 301
1726427407181 1.4280600547790527 302
1726427407227 1.3714065551757812 303
1726427407272 1.4323230981826782 304
1726427407313 1.4276962280273438 305
1726427407360 1.3822681903839111 306
1726427407408 1.3776962757110596 307
1726427407455 1.4102882146835327 308
1726427407497 1.379927396774292 309
1726427407540 1.3825933933258057 310
1726427407584 1.3517467975616455 311
1726427407626 1.4297006130218506 312
1726427407670 1.3812284469604492 313
1726427407712 1.420619010925293 314
1726427407754 1.420619010925293 315
1726427407795 1.4276962280273438 316
1726427407844 1.4492254257202148 317
1726427407896 1.445346474647522 318
1726427407942 1.4259240627288818 319
1726427407991 1.4272360801696777 320
1726427408048 1.4304091930389404 321
1726427408097 1.4272959232330322 322
1726427408135 1.439197301864624 323
1726427408173 1.3652888536453247 324
1726427408212 1.3776962757110596 325
1726427408251 1.3637250661849976 326
1726427408290 1.4243457317352295 327
1726427408335 1.4260780811309814 328
1726427408376 1.432268500328064 329
1726427408416 1.4243069887161255 330
1726427408456 1.4046015739440918 331
1726427408496 1.4085404872894287 332
1726427408536 1.4047839641571045 333
1726427408578 1.4265538454055786 334
1726427408623 1.4303932189941406 335
1726427408672 1.432268500328064 336
1726427408720 1.351746678352356 337
1726427408764 1.360994577407837 338
1726427408809 1.3822685480117798 339
1726427408852 1.4017467498779297 340
1726427408893 1.4319851398468018 341
1726427408935 1.3973453044891357 342
1726427408977 1.4276962280273438 343
1726427409019 1.420620083808899 344
1726427409063 1.4230012893676758 345
1726427409105 1.4133762121200562 346
1726427409146 1.4175560474395752 347
1726427409187 1.3822685480117798 348
1726427409228 1.405851125717163 349
1726427409268 1.394747018814087 350
1726427409311 1.3645645380020142 351
1726427409352 1.420619010925293 352
1726427409397 1.4087051153182983 353
1726427409444 1.3776962757110596 354
1726427409496 1.4300061464309692 355
1726427409547 1.420619010925293 356
1726427409596 1.3776962757110596 357
1726427409646 1.369213342666626 358
1726427409697 1.380492091178894 359
1726427409749 1.406355619430542 360
1726427409801 1.4318304061889648 361
1726427409854 1.391884684562683 362
1726427409909 1.429802417755127 363
1726427409960 1.4017467498779297 364
1726427410011 1.4301695823669434 365
1726427410064 1.4278178215026855 366
1726427410116 1.4161297082901 367
1726427410167 1.4017468690872192 368
1726427410219 1.395276427268982 369
1726427410270 1.4297209978103638 370
1726427410322 1.4215601682662964 371
1726427410383 1.414137840270996 372
1726427410441 1.4096262454986572 373
1726427410495 1.4166371822357178 374
1726427410548 1.3776962757110596 375
1726427410600 1.4056975841522217 376
1726427410654 1.376157283782959 377
1726427410711 1.3822685480117798 378
1726427410762 1.432268500328064 379
1726427410814 1.4136515855789185 380
1726427410866 1.3896812200546265 381
1726427410922 1.408545732498169 382
1726427410976 1.4414973258972168 383
1726427411027 1.3823124170303345 384
1726427411080 1.3801465034484863 385
1726427411132 1.4084794521331787 386
1726427411182 1.432268500328064 387
1726427411256 1.4088199138641357 388
1726427411319 1.3936753273010254 389
1726427411376 1.4058219194412231 390
1726427411451 1.3829044103622437 391
1726427411523 1.4070580005645752 392
1726427411593 1.4151347875595093 393
1726427411662 1.4045915603637695 394
1726427411731 1.3822685480117798 395
1726427411803 1.432268500328064 396
1726427411872 1.449568271636963 397
1726427411939 1.4206191301345825 398
1726427411992 1.420619010925293 399
1726427412039 1.3683571815490723 400
1726427412087 1.394200325012207 401
1726427412139 1.4063316583633423 402
1726427412209 1.432268500328064 403
1726427412273 1.418319582939148 404
1726427412322 1.3909473419189453 405
1726427412370 1.377509355545044 406
1726427412418 1.4290046691894531 407
1726427412468 1.418656587600708 408
1726427412519 1.3573099374771118 409
1726427412569 1.380025863647461 410
1726427412623 1.4149516820907593 411
1726427412674 1.4017468690872192 412
1726427412728 1.4275528192520142 413
1726427412781 1.4170827865600586 414
1726427412832 1.3776962757110596 415
1726427412885 1.3919025659561157 416
1726427412939 1.432268500328064 417
1726427413004 1.4310320615768433 418
1726427413058 1.4017468690872192 419
1726427413109 1.4468755722045898 420
1726427413159 1.4398744106292725 421
1726427413211 1.4276962280273438 422
1726427413263 1.3906962871551514 423
1726427413315 1.3821531534194946 424
1726427413365 1.4516470432281494 425
1726427413417 1.4329174757003784 426
1726427413477 1.453183650970459 427
1726427413544 1.3776960372924805 428
1726427413606 1.3824777603149414 429
1726427413655 1.4276962280273438 430
1726427413706 1.3929859399795532 431
1726427413758 1.4169580936431885 432
1726427413808 1.4017467498779297 433
1726427413859 1.4350804090499878 434
1726427413909 1.4276962280273438 435
1726427413958 1.417576789855957 436
1726427414008 1.4363106489181519 437
1726427414061 1.4276962280273438 438
1726427414114 1.432268500328064 439
1726427414166 1.4220916032791138 440
1726427414216 1.3986642360687256 441
1726427414267 1.4244325160980225 442
1726427414318 1.4206191301345825 443
1726427414383 1.41935396194458 444
1726427414432 1.4174546003341675 445
1726427414481 1.4211225509643555 446
1726427414535 1.4148881435394287 447
1726427414586 1.4041599035263062 448
1726427414638 1.424045205116272 449
1726427414692 1.4076870679855347 450
1726427414747 1.3776962757110596 451
1726427414802 1.3880360126495361 452
1726427414855 1.3776962757110596 453
1726427414905 1.3776962757110596 454
1726427414956 1.4408413171768188 455
1726427415008 1.4276962280273438 456
1726427415061 1.371952772140503 457
1726427415114 1.4045939445495605 458
1726427415165 1.3776962757110596 459
1726427415215 1.4406194686889648 460
1726427415265 1.4017468690872192 461
1726427415315 1.4247395992279053 462
1726427415365 1.4276962280273438 463
1726427415415 1.4054816961288452 464
1726427415465 1.3776962757110596 465
1726427415515 1.395201563835144 466
1726427415564 1.4259161949157715 467
1726427415615 1.3782727718353271 468
1726427415665 1.4045852422714233 469
1726427415714 1.3589844703674316 470
1726427415763 1.3776962757110596 471
1726427415816 1.4078528881072998 472
1726427415864 1.3822685480117798 473
1726427415914 1.4182507991790771 474
1726427415963 1.453183650970459 475
1726427416012 1.3891403675079346 476
1726427416062 1.4463236331939697 477
1726427416112 1.3799952268600464 478
1726427416161 1.4017467498779297 479
1726427416213 1.431313157081604 480
1726427416262 1.4375531673431396 481
1726427416316 1.4276962280273438 482
1726427416361 1.4318602085113525 483
1726427416407 1.4117956161499023 484
1726427416451 1.4033830165863037 485
1726427416496 1.4040557146072388 486
1726427416540 1.4290269613265991 487
1726427416592 1.4017468690872192 488
1726427416645 1.432268500328064 489
1726427416697 1.4017467498779297 490
1726427416737 1.4024369716644287 491
1726427416776 1.3776962757110596 492
1726427416816 1.3684581518173218 493
1726427416855 1.3776962757110596 494
1726427416894 1.433342695236206 495
1726427416933 1.410022497177124 496
1726427416973 1.4171279668807983 497
1726427417012 1.4216405153274536 498
1726427417053 1.4232091903686523 499
1726427417094 1.4276962280273438 500
1726427417134 1.432268500328064 501
1726427417174 1.4016871452331543 502
1726427417214 1.368340015411377 503
1726427417253 1.3776962757110596 504
1726427417293 1.4232556819915771 505
1726427417335 1.3822685480117798 506
1726427417375 1.3520917892456055 507
1726427417415 1.4276962280273438 508
1726427417456 1.4410899877548218 509
1726427417497 1.432268500328064 510
1726427417538 1.3822685480117798 511
1726427417580 1.4497636556625366 512
1726427417620 1.4171797037124634 513
1726427417661 1.420619010925293 514
1726427417702 1.4276962280273438 515
1726427417743 1.4472554922103882 516
1726427417783 1.4052156209945679 517
1726427417825 1.3776962757110596 518
1726427417865 1.434197187423706 519
1726427417906 1.3819149732589722 520
1726427417947 1.43906831741333 521
1726427417987 1.4017468690872192 522
1726427418027 1.3921279907226562 523
1726427418068 1.3781474828720093 524
1726427418108 1.395847201347351 525
1726427418149 1.4276962280273438 526
1726427418190 1.4276962280273438 527
1726427418230 1.3994776010513306 528
1726427418270 1.3776962757110596 529
1726427418311 1.369563341140747 530
1726427418352 1.4189627170562744 531
1726427418392 1.432268500328064 532
1726427418432 1.386356234550476 533
1726427418472 1.3796662092208862 534
1726427418512 1.3625447750091553 535
1726427418552 1.4230320453643799 536
1726427418593 1.3776962757110596 537
1726427418633 1.405789852142334 538
1726427418673 1.4268503189086914 539
1726427418713 1.453183650970459 540
1726427418754 1.4269870519638062 541
1726427418793 1.4380367994308472 542
1726427418834 1.4276962280273438 543
1726427418874 1.4017468690872192 544
1726427418915 1.431486964225769 545
1726427418955 1.3900461196899414 546
1726427418994 1.3585693836212158 547
1726427419034 1.3797447681427002 548
1726427419075 1.4083616733551025 549
1726427419115 1.4017468690872192 550
1726427419156 1.4249968528747559 551
1726427419196 1.3776962757110596 552
1726427419236 1.3822648525238037 553
1726427419276 1.3684916496276855 554
1726427419316 1.4413552284240723 555
1726427419358 1.446010708808899 556
1726427419398 1.4375078678131104 557
1726427419437 1.3776962757110596 558
1726427419477 1.432268500328064 559
1726427419518 1.3829553127288818 560
1726427419560 1.4508017301559448 561
1726427419602 1.3962068557739258 562
1726427419645 1.4052016735076904 563
1726427419686 1.374983787536621 564
1726427419726 1.380350112915039 565
1726427419768 1.3776962757110596 566
1726427419811 1.371199131011963 567
1726427419857 1.4112167358398438 568
1726427419899 1.4480504989624023 569
1726427419958 1.4326739311218262 570
1726427420008 1.426748275756836 571
1726427420046 1.4206290245056152 572
1726427420086 1.409338116645813 573
1726427420126 1.4239985942840576 574
1726427420166 1.3776962757110596 575
1726427420205 1.3776962757110596 576
