1726437145083 1.3769512176513672 0
1726437145166 -0.0 1
1726437145198 1.371630072593689 2
1726437145229 1.2987949848175049 3
1726437145263 1.2987949848175049 4
1726437145296 1.5567724704742432 5
1726437145331 1.4056390523910522 6
1726437145362 1.2586878538131714 7
1726437145396 1.2944426536560059 8
1726437145433 1.4170749187469482 9
1726437145467 1.5436973571777344 10
1726437145499 1.2837727069854736 11
1726437145532 1.0308897495269775 12
1726437145564 1.063725233078003 13
1726437145596 0.7615949511528015 14
1726437145627 0.8094498515129089 15
1726437145659 0.6118453741073608 16
1726437145691 1.2626912593841553 17
1726437145724 0.8112781047821045 18
1726437145758 1.0419707298278809 19
1726437145792 0.9897657632827759 20
1726437145828 1.3275916576385498 21
1726437145861 0.8466911315917969 22
1726437145892 1.3184973001480103 23
1726437145923 1.3345229625701904 24
1726437145954 1.200429081916809 25
1726437145985 0.9544340372085571 26
1726437146013 1.2987949848175049 27
1726437146042 1.4352294206619263 28
1726437146072 1.2181053161621094 29
1726437146107 1.3216753005981445 30
1726437146138 1.0205731391906738 31
1726437146167 0.9370723366737366 32
1726437146197 0.8542782664299011 33
1726437146227 1.0 34
1726437146256 0.99384605884552 35
1726437146285 1.327671766281128 36
1726437146315 1.5041775703430176 37
1726437146345 1.567753553390503 38
1726437146374 1.4245872497558594 39
1726437146404 1.1676394939422607 40
1726437146434 1.185387372970581 41
1726437146462 1.5 42
1726437146491 1.097909688949585 43
1726437146520 1.2805078029632568 44
1726437146549 1.5664551258087158 45
1726437146579 1.5773606300354004 46
1726437146608 1.4252057075500488 47
1726437146636 1.1480071544647217 48
1726437146664 0.43174898624420166 49
1726437146693 1.3138707876205444 50
1726437146723 1.3592907190322876 51
1726437146752 1.4216313362121582 52
1726437146781 1.3993430137634277 53
1726437146809 0.5435644388198853 54
1726437146839 0.9544340372085571 55
1726437146869 1.2506933212280273 56
1726437146898 1.4614484310150146 57
1726437146931 1.5332143306732178 58
1726437146959 1.5347870588302612 59
1726437146988 1.3540518283843994 60
1726437147019 0.8670774698257446 61
1726437147051 0.9788200855255127 62
1726437147082 1.5612781047821045 63
1726437147111 1.2506650686264038 64
1726437147143 1.2192292213439941 65
1726437147172 1.3718516826629639 66
1726437147200 1.5028936862945557 67
1726437147230 1.5314419269561768 68
1726437147258 1.2495019435882568 69
1726437147288 1.5612781047821045 70
1726437147317 1.560702919960022 71
1726437147347 1.2566208839416504 72
1726437147383 1.3089345693588257 73
1726437147414 0.9107363820075989 74
1726437147445 1.0061314105987549 75
1726437147476 1.4093142747879028 76
1726437147506 0.9544340372085571 77
1726437147539 1.2987949848175049 78
1726437147570 1.5215568542480469 79
1726437147600 1.5790985822677612 80
1726437147630 1.5490238666534424 81
1726437147662 1.260289192199707 82
1726437147693 0.9906138181686401 83
1726437147723 1.5266348123550415 84
1726437147754 1.5615381002426147 85
1726437147787 1.5559148788452148 86
1726437147817 1.5612781047821045 87
1726437147847 1.3438622951507568 88
1726437147883 0.8221825957298279 89
1726437147915 1.4266000986099243 90
1726437147946 1.2987949848175049 91
1726437147975 1.2402563095092773 92
1726437148005 0.9544340372085571 93
1726437148035 0.9491276741027832 94
1726437148069 1.4098492860794067 95
1726437148100 1.05538010597229 96
1726437148131 1.4056390523910522 97
1726437148162 1.5697561502456665 98
1726437148193 0.8889272212982178 99
1726437148223 0.6987320184707642 100
1726437148253 1.1526823043823242 101
1726437148283 0.6922513246536255 102
1726437148314 1.2029457092285156 103
1726437148348 0.8436299562454224 104
1726437148378 1.324578046798706 105
1726437148408 1.4917504787445068 106
1726437148437 1.168105959892273 107
1726437148466 1.2987949848175049 108
1726437148495 1.5 109
1726437148525 1.5727758407592773 110
1726437148554 1.5 111
