1726234540033 1.519524335861206 0
1726234540071 1.4982688426971436 1
1726234540110 1.5448964834213257 2
1726234540149 1.1115320920944214 3
1726234540186 1.3106635808944702 4
1726234540224 1.4777482748031616 5
1726234540265 1.5716123580932617 6
1726234540309 1.4306981563568115 7
1726234540350 1.2501554489135742 8
1726234540389 1.4409081935882568 9
1726234540428 1.391533374786377 10
1726234540467 1.4316123723983765 11
1726234540506 1.4963719844818115 12
1726234540545 1.4609615802764893 13
1726234540584 1.4830620288848877 14
1726234540622 1.565768837928772 15
1726234540661 1.486002802848816 16
1726234540699 1.3522440195083618 17
1726234540737 1.3009182214736938 18
1726234540775 1.2320022583007812 19
1726234540814 1.1637178659439087 20
1726234540852 1.3977024555206299 21
1726234540890 1.1806389093399048 22
1726234540928 0.9345176219940186 23
1726234540967 0.7988019585609436 24
1726234541005 1.3972487449645996 25
1726234541043 1.1925342082977295 26
1726234541080 1.4480798244476318 27
1726234541118 1.4712746143341064 28
1726234541156 1.5804171562194824 29
1726234541194 1.5144726037979126 30
1726234541232 1.58077073097229 31
1726234541270 1.576822280883789 32
1726234541310 1.5600402355194092 33
1726234541347 1.5434409379959106 34
1726234541384 1.4876930713653564 35
1726234541423 1.542008876800537 36
1726234541462 1.3948173522949219 37
1726234541502 1.289064645767212 38
1726234541543 1.5454330444335938 39
1726234541590 1.578126072883606 40
1726234541629 1.5745177268981934 41
1726234541667 1.481307029724121 42
1726234541705 1.4599848985671997 43
1726234541745 1.546997308731079 44
1726234541785 1.583560824394226 45
1726234541831 1.5749890804290771 46
1726234541869 1.5542395114898682 47
1726234541907 1.5473570823669434 48
1726234541946 1.3884456157684326 49
1726234541983 1.5323764085769653 50
1726234542021 1.4078209400177002 51
1726234542062 1.378040075302124 52
1726234542102 0.8552983403205872 53
1726234542142 1.0026744604110718 54
1726234542182 0.7724781036376953 55
1726234542222 1.2707676887512207 56
1726234542266 1.0727784633636475 57
1726234542311 1.4397883415222168 58
1726234542360 1.1767443418502808 59
1726234542398 1.3174591064453125 60
1726234542442 1.028225064277649 61
1726234542493 1.2979737520217896 62
1726234542538 1.3655303716659546 63
1726234542574 1.4918348789215088 64
1726234542611 1.5157240629196167 65
1726234542649 1.3971956968307495 66
1726234542689 1.4869874715805054 67
1726234542736 1.3153327703475952 68
1726234542785 1.4106829166412354 69
1726234542823 1.4374735355377197 70
1726234542864 1.4339245557785034 71
1726234542911 1.5122240781784058 72
1726234542951 1.579453706741333 73
1726234542991 1.534780740737915 74
1726234543038 1.5798313617706299 75
1726234543083 1.2990957498550415 76
1726234543121 1.1905008554458618 77
1726234543169 1.1856729984283447 78
1726234543215 1.343984842300415 79
1726234543258 1.2878865003585815 80
1726234543298 1.4203152656555176 81
1726234543340 1.5611231327056885 82
1726234543385 1.5635230541229248 83
1726234543425 1.363919734954834 84
1726234543462 1.474692463874817 85
1726234543510 1.476829171180725 86
1726234543553 1.3389039039611816 87
1726234543593 1.469146490097046 88
1726234543633 1.5461080074310303 89
1726234543673 1.5331380367279053 90
1726234543709 1.498399019241333 91
1726234543749 1.4697113037109375 92
1726234543794 1.5671666860580444 93
1726234543833 1.5122685432434082 94
1726234543880 1.5145506858825684 95
1726234543931 1.1537641286849976 96
1726234543973 1.4891517162322998 97
1726234544010 1.572522521018982 98
1726234544048 1.4445843696594238 99
1726234544084 1.558527946472168 100
1726234544122 1.4464154243469238 101
1726234544159 1.4918018579483032 102
1726234544195 1.4011436700820923 103
1726234544232 1.522525668144226 104
1726234544269 1.406861424446106 105
1726234544306 1.5508527755737305 106
1726234544344 1.4702508449554443 107
1726234544381 1.5815807580947876 108
1726234544417 1.5789097547531128 109
1726234544455 1.5110642910003662 110
1726234544492 1.1473627090454102 111
1726234544529 1.3335753679275513 112
1726234544567 1.3032450675964355 113
1726234544605 1.3954839706420898 114
1726234544642 1.487666368484497 115
1726234544680 1.549842357635498 116
1726234544717 1.4508395195007324 117
1726234544754 1.4633724689483643 118
1726234544791 1.4361860752105713 119
1726234544829 1.4838440418243408 120
1726234544866 1.3764495849609375 121
1726234544904 1.4648833274841309 122
1726234544942 1.3585655689239502 123
1726234544978 1.4634690284729004 124
1726234545015 1.488195776939392 125
1726234545052 1.2998954057693481 126
1726234545089 1.4981675148010254 127
1726234545126 1.5798189640045166 128
1726234545163 1.3928580284118652 129
1726234545199 1.4969398975372314 130
1726234545236 1.3099454641342163 131
1726234545273 1.2923178672790527 132
1726234545311 1.1244639158248901 133
1726234545350 1.2300593852996826 134
1726234545398 1.3534775972366333 135
1726234545441 1.2151130437850952 136
1726234545485 1.278359055519104 137
1726234545528 1.3670265674591064 138
1726234545572 1.4852935075759888 139
1726234545610 1.4956547021865845 140
1726234545652 1.5452322959899902 141
1726234545693 1.37282133102417 142
1726234545731 1.363974690437317 143
1726234545778 1.5092103481292725 144
1726234545825 1.3826967477798462 145
1726234545865 1.3927841186523438 146
1726234545920 1.4390554428100586 147
1726234545962 1.5619080066680908 148
1726234546000 1.563280463218689 149
1726234546049 1.4264576435089111 150
1726234546102 1.390394687652588 151
1726234546151 1.3588111400604248 152
1726234546187 1.4223273992538452 153
1726234546225 1.2381514310836792 154
1726234546264 1.2572877407073975 155
1726234546302 1.5548830032348633 156
1726234546340 1.4938606023788452 157
1726234546379 1.308016061782837 158
1726234546425 1.5076076984405518 159
1726234546469 1.4212676286697388 160
1726234546508 1.5740816593170166 161
1726234546557 1.575226068496704 162
1726234546596 1.5496444702148438 163
1726234546637 1.58208429813385 164
1726234546675 1.5228619575500488 165
1726234546724 1.4753303527832031 166
1726234546767 1.4753423929214478 167
1726234546806 1.4732577800750732 168
1726234546850 1.436362624168396 169
1726234546902 1.5637264251708984 170
1726234546945 1.5737172365188599 171
1726234546981 1.5807502269744873 172
1726234547017 1.5412896871566772 173
1726234547054 1.4949324131011963 174
1726234547089 1.5480881929397583 175
1726234547126 1.525864839553833 176
1726234547162 1.4886177778244019 177
1726234547197 1.5481500625610352 178
1726234547233 1.520430564880371 179
1726234547269 1.4020726680755615 180
1726234547307 1.2526068687438965 181
1726234547343 1.4638211727142334 182
1726234547379 1.5377469062805176 183
1726234547415 1.5464811325073242 184
1726234547451 1.5555980205535889 185
1726234547488 1.4852375984191895 186
1726234547524 1.5269432067871094 187
1726234547561 1.470838189125061 188
1726234547598 1.3716495037078857 189
1726234547634 1.2153019905090332 190
1726234547673 1.2998700141906738 191
1726234547710 1.5712177753448486 192
1726234547746 1.5685162544250488 193
1726234547782 1.568972110748291 194
1726234547819 1.5847554206848145 195
1726234547855 1.4855605363845825 196
1726234547891 1.5763652324676514 197
1726234547928 1.5839478969573975 198
1726234547964 1.5394699573516846 199
1726234548000 1.2998607158660889 200
1726234548041 1.497536301612854 201
1726234548080 1.441803216934204 202
1726234548125 1.546830177307129 203
1726234548182 1.5677567720413208 204
1726234548248 1.4805881977081299 205
1726234548310 1.5537664890289307 206
1726234548366 1.5358326435089111 207
1726234548427 1.4084417819976807 208
1726234548492 1.5019843578338623 209
1726234548541 1.5738794803619385 210
1726234548587 1.4120373725891113 211
1726234548631 1.4866671562194824 212
1726234548667 1.5670475959777832 213
1726234548703 1.5800158977508545 214
1726234548739 1.5693705081939697 215
1726234548775 1.304296851158142 216
1726234548812 1.4835164546966553 217
1726234548849 1.5782865285873413 218
1726234548885 1.4547467231750488 219
1726234548921 1.4306174516677856 220
1726234548957 1.472569465637207 221
1726234548997 1.496448040008545 222
1726234549038 1.2122538089752197 223
1726234549086 0.9046945571899414 224
1726234549125 1.1583484411239624 225
1726234549163 0.7360591888427734 226
1726234549199 1.0525791645050049 227
1726234549235 1.283735752105713 228
1726234549271 1.465242862701416 229
1726234549308 1.4659881591796875 230
1726234549344 1.5697619915008545 231
1726234549380 1.375169277191162 232
1726234549416 1.4617948532104492 233
1726234549453 1.5698977708816528 234
1726234549489 1.5189498662948608 235
1726234549525 1.584397315979004 236
1726234549561 1.5462355613708496 237
1726234549597 1.5174453258514404 238
1726234549634 1.1586010456085205 239
1726234549671 1.1748310327529907 240
1726234549707 1.5454497337341309 241
1726234549743 1.4307427406311035 242
1726234549780 1.393051266670227 243
1726234549817 1.4849376678466797 244
1726234549854 1.1183595657348633 245
1726234549890 1.4241011142730713 246
1726234549926 1.5328062772750854 247
1726234549962 1.5496509075164795 248
1726234549999 1.513670802116394 249
1726234550036 1.4714926481246948 250
1726234550073 1.5351221561431885 251
1726234550110 1.390533447265625 252
1726234550146 1.5706868171691895 253
1726234550183 1.5271672010421753 254
1726234550221 1.5541077852249146 255
1726234550258 1.5673733949661255 256
1726234550294 1.5619516372680664 257
1726234550333 1.5507698059082031 258
1726234550371 1.5237411260604858 259
1726234550409 1.2188645601272583 260
1726234550446 1.4020881652832031 261
1726234550485 1.4403362274169922 262
1726234550526 1.4151089191436768 263
1726234550565 1.0358235836029053 264
1726234550603 1.111583948135376 265
1726234550643 1.2670202255249023 266
1726234550683 1.2432812452316284 267
1726234550720 0.967932939529419 268
1726234550758 1.4812562465667725 269
1726234550797 1.1168646812438965 270
1726234550836 1.4590449333190918 271
1726234550873 1.4800773859024048 272
1726234550911 1.305876612663269 273
1726234550949 1.2480632066726685 274
1726234550987 1.1933156251907349 275
1726234551024 1.4790220260620117 276
1726234551062 1.4430335760116577 277
1726234551101 1.2932478189468384 278
1726234551139 1.2647855281829834 279
1726234551176 1.4671087265014648 280
1726234551214 1.5698740482330322 281
1726234551252 1.4358677864074707 282
1726234551290 1.5471265316009521 283
1726234551330 1.4664568901062012 284
1726234551368 1.399702787399292 285
1726234551406 1.3281071186065674 286
1726234551444 1.3997046947479248 287
1726234551481 1.3759105205535889 288
1726234551519 1.3137457370758057 289
1726234551558 1.2941784858703613 290
1726234551597 1.403130054473877 291
1726234551634 1.4491279125213623 292
1726234551671 1.2441017627716064 293
1726234551710 1.101848840713501 294
1726234551748 1.2702456712722778 295
1726234551786 1.468338131904602 296
1726234551825 1.5420467853546143 297
1726234551863 1.2848750352859497 298
1726234551901 1.2384593486785889 299
1726234551938 1.4665316343307495 300
1726234551976 1.4894003868103027 301
1726234552015 1.3431413173675537 302
1726234552053 1.236633539199829 303
1726234552091 1.0801178216934204 304
1726234552129 1.476956844329834 305
1726234552167 1.4942532777786255 306
1726234552205 1.4328975677490234 307
1726234552242 1.4879140853881836 308
1726234552280 1.4035648107528687 309
1726234552319 1.4235560894012451 310
1726234552357 1.571699619293213 311
1726234552394 1.5287492275238037 312
1726234552431 1.530419111251831 313
1726234552470 1.4754178524017334 314
1726234552508 1.574960470199585 315
1726234552546 1.5773571729660034 316
1726234552583 1.5757497549057007 317
1726234552622 1.5555601119995117 318
1726234552660 1.561721920967102 319
1726234552697 1.5825262069702148 320
1726234552734 1.523432731628418 321
1726234552773 1.5767009258270264 322
1726234552811 1.5161070823669434 323
1726234552848 1.5437633991241455 324
1726234552886 1.5792217254638672 325
1726234552924 1.4633498191833496 326
1726234552962 1.4172463417053223 327
1726234552999 1.4030416011810303 328
1726234553037 1.4960216283798218 329
1726234553076 1.5444263219833374 330
1726234553113 1.545047640800476 331
1726234553150 1.5760852098464966 332
1726234553188 1.5762054920196533 333
1726234553226 1.5235414505004883 334
1726234553264 1.565873384475708 335
1726234553300 1.5734000205993652 336
1726234553338 1.5610311031341553 337
1726234553377 1.582361102104187 338
1726234553416 1.5120912790298462 339
1726234553453 1.5428919792175293 340
1726234553494 1.480372667312622 341
1726234553533 1.5498771667480469 342
1726234553570 1.4485039710998535 343
1726234553608 1.4283522367477417 344
1726234553645 1.4446468353271484 345
1726234553684 1.5681395530700684 346
1726234553722 1.5733330249786377 347
1726234553759 1.4959440231323242 348
1726234553796 1.5818450450897217 349
1726234553834 1.5604315996170044 350
1726234553872 1.5710320472717285 351
1726234553910 1.5664615631103516 352
1726234553948 1.5140995979309082 353
1726234553986 1.3721609115600586 354
1726234554024 1.3550009727478027 355
1726234554061 1.1275105476379395 356
1726234554099 1.3045189380645752 357
1726234554138 1.0449748039245605 358
1726234554176 0.974997878074646 359
1726234554213 0.936627209186554 360
1726234554250 1.2251942157745361 361
1726234554287 1.375989556312561 362
1726234554326 1.3160285949707031 363
1726234554363 1.3053452968597412 364
1726234554401 1.4326578378677368 365
1726234554439 1.3614000082015991 366
1726234554479 1.3271770477294922 367
1726234554520 1.3638496398925781 368
1726234554557 1.3977047204971313 369
1726234554595 1.5176513195037842 370
1726234554633 1.4913382530212402 371
1726234554669 1.5090017318725586 372
1726234554707 1.55332350730896 373
1726234554744 1.5210381746292114 374
1726234554782 1.4832382202148438 375
1726234554819 1.386354684829712 376
1726234554858 1.4114251136779785 377
1726234554896 1.5602102279663086 378
1726234554934 1.559249997138977 379
1726234554971 1.5239074230194092 380
1726234555008 1.553911805152893 381
1726234555046 1.5605783462524414 382
1726234555085 1.521353006362915 383
1726234555122 1.485080599784851 384
1726234555160 1.4625061750411987 385
1726234555198 1.5848891735076904 386
1726234555235 1.5178331136703491 387
1726234555272 1.5142288208007812 388
1726234555310 1.5689375400543213 389
1726234555350 1.4557071924209595 390
1726234555388 1.2396650314331055 391
1726234555425 1.2662935256958008 392
1726234555462 1.1957670450210571 393
1726234555500 0.9814388751983643 394
1726234555538 1.1474838256835938 395
1726234555575 1.2494827508926392 396
1726234555615 1.2033112049102783 397
1726234555656 1.1530005931854248 398
1726234555694 1.267968773841858 399
1726234555733 0.9446359872817993 400
1726234555772 1.3367137908935547 401
1726234555810 1.2733768224716187 402
1726234555848 0.8723613023757935 403
1726234555885 1.3189482688903809 404
1726234555923 1.535109281539917 405
1726234555961 1.4530906677246094 406
1726234555998 1.2107895612716675 407
1726234556041 1.3286813497543335 408
1726234556080 1.327038049697876 409
1726234556117 0.9981841444969177 410
1726234556155 1.2873865365982056 411
1726234556192 1.4791903495788574 412
1726234556230 1.4776487350463867 413
1726234556267 1.1341888904571533 414
1726234556304 1.3768929243087769 415
1726234556343 1.5364797115325928 416
1726234556381 1.5109474658966064 417
1726234556418 1.5118069648742676 418
1726234556456 1.43818998336792 419
1726234556494 1.372427225112915 420
1726234556531 1.2870599031448364 421
1726234556568 1.4406330585479736 422
1726234556607 1.548689365386963 423
1726234556646 1.582235336303711 424
1726234556684 1.5431665182113647 425
1726234556721 1.5208008289337158 426
1726234556759 1.5493874549865723 427
1726234556797 1.5140336751937866 428
1726234556835 1.393686294555664 429
1726234556872 1.3143188953399658 430
1726234556911 1.365261197090149 431
1726234556951 1.5708215236663818 432
1726234556990 1.5456345081329346 433
1726234557027 1.5563979148864746 434
1726234557066 1.5439679622650146 435
1726234557105 1.4090144634246826 436
1726234557143 1.3953770399093628 437
1726234557181 1.5121147632598877 438
1726234557218 1.5110571384429932 439
1726234557256 1.5444636344909668 440
1726234557294 1.5766611099243164 441
1726234557331 1.5311881303787231 442
1726234557368 1.5220173597335815 443
1726234557406 1.323783040046692 444
1726234557444 1.3306810855865479 445
1726234557481 1.4410160779953003 446
1726234557519 1.567723035812378 447
1726234557558 1.397282600402832 448
1726234557598 1.2658122777938843 449
1726234557639 1.2116936445236206 450
1726234557680 1.357141375541687 451
1726234557720 1.339348316192627 452
1726234557761 0.8533978462219238 453
1726234557808 1.0305002927780151 454
1726234557849 1.0898447036743164 455
1726234557888 1.4834601879119873 456
1726234557935 1.5504854917526245 457
1726234557979 1.5722154378890991 458
1726234558026 1.5437461137771606 459
1726234558083 1.5740580558776855 460
1726234558122 1.5797879695892334 461
1726234558167 1.4814590215682983 462
1726234558207 1.57908296585083 463
1726234558245 1.3106095790863037 464
1726234558286 1.4008926153182983 465
1726234558328 1.4813133478164673 466
1726234558370 1.417778491973877 467
1726234558416 1.5798687934875488 468
1726234558466 1.5599467754364014 469
1726234558507 1.4434607028961182 470
1726234558547 1.447695016860962 471
1726234558585 1.4902448654174805 472
1726234558624 1.2797205448150635 473
1726234558665 1.1734700202941895 474
1726234558711 1.427274227142334 475
1726234558753 1.4143729209899902 476
1726234558795 1.3441920280456543 477
1726234558834 1.4969815015792847 478
1726234558876 1.502424955368042 479
1726234558919 1.4639133214950562 480
1726234558966 1.3492391109466553 481
1726234559005 1.5582232475280762 482
1726234559043 1.5641040802001953 483
1726234559082 1.4246054887771606 484
1726234559122 1.3949339389801025 485
1726234559166 1.3904372453689575 486
1726234559211 1.3947196006774902 487
1726234559263 1.3964295387268066 488
1726234559310 1.1111851930618286 489
1726234559346 1.383332371711731 490
1726234559382 1.3748106956481934 491
1726234559418 1.3477582931518555 492
1726234559455 1.3567826747894287 493
1726234559491 1.2596091032028198 494
1726234559530 1.5613666772842407 495
1726234559570 1.5837950706481934 496
1726234559606 1.502036213874817 497
1726234559643 1.2445878982543945 498
1726234559681 0.8510189056396484 499
1726234559719 0.9939512014389038 500
1726234559762 1.0658416748046875 501
1726234559815 1.1374341249465942 502
1726234559863 1.1812543869018555 503
1726234559905 1.1415455341339111 504
1726234559942 1.1561193466186523 505
1726234559982 1.5454951524734497 506
1726234560027 1.5697922706604004 507
1726234560074 1.530045509338379 508
1726234560116 1.4416468143463135 509
1726234560154 1.4207091331481934 510
1726234560214 1.3819714784622192 511
1726234560296 1.4607319831848145 512
1726234560335 1.4795618057250977 513
1726234560371 1.5512950420379639 514
1726234560408 1.475608229637146 515
1726234560447 1.3989142179489136 516
1726234560486 1.5730938911437988 517
1726234560524 1.545371174812317 518
1726234560563 1.4564744234085083 519
1726234560600 1.4990334510803223 520
1726234560636 1.45095956325531 521
1726234560674 1.4036006927490234 522
1726234560718 1.3534566164016724 523
1726234560763 1.5271408557891846 524
1726234560806 1.5677497386932373 525
1726234560849 1.5414080619812012 526
1726234560890 1.5774662494659424 527
1726234560929 1.578529953956604 528
1726234560968 1.4947304725646973 529
1726234561015 1.3568531274795532 530
1726234561068 1.350508689880371 531
1726234561121 1.580907940864563 532
1726234561162 1.5808724164962769 533
1726234561212 1.5363764762878418 534
1726234561255 1.4973363876342773 535
1726234561294 1.5663443803787231 536
1726234561334 1.5683763027191162 537
1726234561382 1.4835752248764038 538
1726234561420 1.40987229347229 539
1726234561456 1.0638394355773926 540
1726234561493 1.341199278831482 541
1726234561529 1.4748992919921875 542
1726234561567 1.5765414237976074 543
1726234561604 1.5539932250976562 544
1726234561644 1.3717278242111206 545
1726234561683 1.425095796585083 546
1726234561721 1.4313971996307373 547
1726234561757 1.4925962686538696 548
1726234561794 1.4934124946594238 549
1726234561831 1.4827382564544678 550
1726234561868 1.4796648025512695 551
1726234561904 1.5822515487670898 552
1726234561942 1.5480676889419556 553
1726234561979 1.544938325881958 554
1726234562016 1.357357144355774 555
1726234562053 1.3544232845306396 556
1726234562093 1.4240047931671143 557
1726234562130 1.3810880184173584 558
1726234562166 1.3720669746398926 559
1726234562202 1.5332977771759033 560
1726234562239 1.4782698154449463 561
1726234562276 1.4205474853515625 562
1726234562313 1.5319265127182007 563
1726234562350 1.5551822185516357 564
1726234562386 1.4009056091308594 565
1726234562422 1.2876513004302979 566
1726234562458 1.411128044128418 567
1726234562494 1.335486650466919 568
1726234562530 1.2776789665222168 569
1726234562566 1.3322710990905762 570
1726234562602 1.5146737098693848 571
1726234562640 1.5124897956848145 572
1726234562676 1.4807039499282837 573
1726234562712 1.5238243341445923 574
1726234562749 1.5252251625061035 575
1726234562785 1.4362163543701172 576
1726234562822 1.4532710313796997 577
1726234562859 1.4597914218902588 578
1726234562896 1.5188817977905273 579
1726234562934 1.518240213394165 580
1726234562970 1.3261511325836182 581
1726234563009 1.4084421396255493 582
1726234563050 1.4109433889389038 583
1726234563100 1.4409281015396118 584
1726234563164 1.4466794729232788 585
1726234563209 1.5022070407867432 586
1726234563257 1.5514793395996094 587
1726234563304 1.533583641052246 588
1726234563344 1.554973840713501 589
1726234563384 1.5130655765533447 590
1726234563424 1.5397741794586182 591
1726234563459 1.512399435043335 592
1726234563496 1.5034315586090088 593
1726234563532 1.504920244216919 594
1726234563569 1.4605329036712646 595
1726234563606 1.5154067277908325 596
1726234563644 1.5149283409118652 597
1726234563680 1.523813009262085 598
1726234563716 1.513061285018921 599
1726234563753 1.337396264076233 600
1726234563790 1.5438965559005737 601
1726234563827 1.5512504577636719 602
1726234563864 1.5624947547912598 603
1726234563901 1.576693058013916 604
1726234563938 1.535090446472168 605
1726234563976 1.5395424365997314 606
1726234564012 1.5438883304595947 607
1726234564049 1.5670490264892578 608
1726234564086 1.5282304286956787 609
1726234564124 1.504887580871582 610
1726234564160 1.5495884418487549 611
1726234564197 1.552833914756775 612
1726234564233 1.460959553718567 613
1726234564269 1.532051920890808 614
1726234564307 1.5340309143066406 615
1726234564343 1.5822259187698364 616
1726234564380 1.4876066446304321 617
1726234564417 1.4517368078231812 618
1726234564453 1.447716474533081 619
1726234564490 1.4453126192092896 620
1726234564528 1.450269341468811 621
1726234564565 1.5191655158996582 622
1726234564601 1.5175995826721191 623
1726234564638 1.5642073154449463 624
1726234564675 1.5637633800506592 625
1726234564712 1.578059196472168 626
1726234564748 1.5331439971923828 627
1726234564784 1.5028948783874512 628
1726234564820 1.513029932975769 629
1726234564857 1.5726191997528076 630
1726234564895 1.5515964031219482 631
1726234564936 1.5478770732879639 632
1726234564975 1.4775633811950684 633
1726234565013 1.4772779941558838 634
1726234565051 1.5137921571731567 635
1726234565089 1.5141879320144653 636
1726234565128 1.5145857334136963 637
1726234565165 1.579676628112793 638
1726234565204 1.5782663822174072 639
1726234565241 1.5766088962554932 640
1726234565278 1.5746779441833496 641
1726234565316 1.5724401473999023 642
1726234565355 1.4435030221939087 643
1726234565393 1.4477030038833618 644
1726234565430 1.4233750104904175 645
1726234565468 1.4339755773544312 646
1726234565507 1.445095181465149 647
1726234565545 1.45702064037323 648
1726234565582 1.4704545736312866 649
1726234565620 1.4731836318969727 650
1726234565659 1.4732391834259033 651
1726234565698 1.4732950925827026 652
1726234565736 1.4733514785766602 653
1726234565773 1.4734079837799072 654
1726234565811 1.473465085029602 655
1726234565852 1.473522663116455 656
1726234565896 1.4735805988311768 657
1726234565938 1.473638892173767 658
1726234565984 1.2163118124008179 659
1726234566028 1.1366276741027832 660
1726234566068 1.403752326965332 661
1726234566110 1.4028668403625488 662
1726234566152 1.4459350109100342 663
1726234566193 1.4461718797683716 664
1726234566234 1.4464130401611328 665
1726234566280 1.4466580152511597 666
1726234566326 1.4469068050384521 667
1726234566367 1.4471590518951416 668
1726234566412 1.3073961734771729 669
1726234566450 1.3131181001663208 670
1726234566494 1.3187344074249268 671
1726234566539 1.3242470026016235 672
1726234566589 1.329657793045044 673
1726234566634 1.3349683284759521 674
1726234566678 1.4928357601165771 675
1726234566728 1.4858626127243042 676
1726234566767 1.3514606952667236 677
1726234566805 1.4433107376098633 678
1726234566844 1.4464097023010254 679
1726234566884 1.4652618169784546 680
1726234566928 1.507476806640625 681
1726234566979 1.5075037479400635 682
1726234567015 1.5803954601287842 683
1726234567051 1.581002950668335 684
1726234567088 1.5815308094024658 685
1726234567126 1.581977128982544 686
1726234567165 1.5823405981063843 687
1726234567207 1.5444703102111816 688
1726234567246 1.5817378759384155 689
1726234567298 1.5303130149841309 690
1726234567360 1.5548181533813477 691
1726234567410 1.5835256576538086 692
1726234567465 1.5831875801086426 693
1726234567512 1.582725167274475 694
1726234567559 1.5459144115447998 695
1726234567605 1.5464980602264404 696
1726234567650 1.5465238094329834 697
1726234567696 1.5410029888153076 698
1726234567736 1.5435445308685303 699
1726234567776 1.5440287590026855 700
1726234567811 1.5670753717422485 701
1726234567847 1.570439100265503 702
1726234567884 1.514909029006958 703
1726234567922 1.5191293954849243 704
1726234567959 1.503485083580017 705
1726234567997 1.5041943788528442 706
1726234568034 1.5048747062683105 707
1726234568070 1.5070955753326416 708
1726234568107 1.5092930793762207 709
1726234568144 1.5114669799804688 710
1726234568180 1.5136170387268066 711
1726234568216 1.559080958366394 712
1726234568252 1.4613133668899536 713
1726234568289 1.454756736755371 714
1726234568325 1.4761220216751099 715
1726234568362 1.4768004417419434 716
1726234568399 1.4774879217147827 717
1726234568436 1.4781842231750488 718
1726234568473 1.4788897037506104 719
1726234568509 1.4796037673950195 720
1726234568546 1.4803271293640137 721
1726234568582 1.481059193611145 722
1726234568619 1.4818000793457031 723
1726234568656 1.482549786567688 724
1726234568693 1.4833080768585205 725
1726234568730 1.4840751886367798 726
1726234568766 1.4848508834838867 727
1726234568803 1.4028496742248535 728
1726234568839 1.3791197538375854 729
1726234568877 1.3776707649230957 730
1726234568918 1.3681814670562744 731
1726234568957 1.3714793920516968 732
1726234569002 1.4801678657531738 733
1726234569050 1.4806766510009766 734
1726234569085 1.4811060428619385 735
1726234569123 1.4814434051513672 736
1726234569160 1.5646467208862305 737
1726234569197 1.569115400314331 738
1726234569234 1.5679986476898193 739
1726234569271 1.5662670135498047 740
1726234569309 1.5671989917755127 741
1726234569346 1.568090796470642 742
1726234569385 1.5689380168914795 743
1726234569422 1.569735050201416 744
1726234569459 1.5704765319824219 745
1726234569497 1.571155071258545 746
1726234569534 1.5717629194259644 747
1726234569571 1.5722901821136475 748
1726234569608 1.5175988674163818 749
1726234569646 1.5207633972167969 750
1726234569683 1.523354172706604 751
1726234569720 1.526089072227478 752
1726234569757 1.5287621021270752 753
1726234569795 1.5313735008239746 754
1726234569832 1.533922791481018 755
1726234569869 1.5364104509353638 756
1726234569906 1.5388364791870117 757
1726234569943 1.5412003993988037 758
1726234569980 1.5434516668319702 759
1726234570017 1.545164942741394 760
1726234570054 1.5468478202819824 761
1726234570091 1.5484997034072876 762
1726234570129 1.5501201152801514 763
1726234570167 1.5517083406448364 764
1726234570204 1.553263783454895 765
1726234570242 1.5547858476638794 766
1726234570279 1.5562735795974731 767
1726234570317 1.557726502418518 768
1726234570355 1.5591436624526978 769
1726234570409 1.560524344444275 770
1726234570463 1.5612781047821045 771
1726234570511 1.5612781047821045 772
