1726433920010 2e-05 0
1726433920064 0.16741719841957092 1
1726433920129 -0.11503879725933075 2
1726433920186 0.022923365235328674 3
1726433920255 -0.029439032077789307 4
1726433920312 0.1775939166545868 5
1726433920369 5.842535138130188 6
1726433920433 -4.904902458190918 7
1726433920487 -0.8455999195575714 8
1726433920547 -0.297512412071228 9
1726433920606 -0.1037963330745697 10
1726433920661 0.031447216868400574 11
1726433920718 -0.03417965769767761 12
1726433920777 0.07146243751049042 13
1726433920832 0.057057350873947144 14
1726433920894 -0.12650272250175476 15
1726433920951 0.036211878061294556 16
1726433921014 0.6710489094257355 17
1726433921070 -0.5565825700759888 18
1726433921128 -0.04388493299484253 19
1726433921190 0.01705816388130188 20
1726433921252 0.17393237352371216 21
1726433921317 -0.20085379481315613 22
1726433921374 -0.06246744096279144 23
1726433921435 -0.04366280138492584 24
1726433921492 0.003175780177116394 25
1726433921552 0.15995877981185913 26
1726433921617 -0.1416529268026352 27
1726433921678 0.06473806500434875 28
1726433921739 -0.0811210498213768 29
1726433921807 0.06320594251155853 30
1726433921874 0.010604582726955414 31
1726433921935 0.04971019923686981 32
1726433921998 0.3443254828453064 33
1726433922051 -0.4490172863006592 34
1726433922105 0.08077087998390198 35
1726433922159 0.12428399920463562 36
1726433922213 0.08135372400283813 37
1726433922275 -0.19384193420410156 38
1726433922338 0.6927011013031006 39
1726433922392 -0.17416918277740479 40
1726433922445 -0.11059844493865967 41
1726433922503 -0.2363525927066803 42
1726433922562 -0.06165429949760437 43
1726433922629 -0.2079688459634781 44
1726433922694 0.021303638815879822 45
1726433922745 -0.035329729318618774 46
1726433922792 0.1000095009803772 47
1726433922840 -0.07970505952835083 48
1726433922886 0.10409614443778992 49
1726433922933 0.01868516206741333 50
1726433922979 0.6296059191226959 51
1726433923027 -0.7612540125846863 52
1726433923076 0.02978038787841797 53
1726433923127 0.24484732747077942 54
1726433923173 -0.2076500654220581 55
1726433923227 0.04124492406845093 56
1726433923280 -0.04924629628658295 57
1726433923326 -0.022721417248249054 58
1726433923370 -0.02933775633573532 59
1726433923420 -0.005293592810630798 60
1726433923464 0.0066716670989990234 61
1726433923505 0.031866639852523804 62
1726433923545 1.040170818567276 63
1726433923586 -0.7104572951793671 64
1726433923628 -0.277168869972229 65
1726433923669 0.22530198097229004 66
1726433923710 0.11071646213531494 67
1726433923751 -0.3635907769203186 68
1726433923793 -0.018264025449752808 69
1726433923835 0.014850571751594543 70
1726433923876 0.013860449194908142 71
1726433923921 -0.026483982801437378 72
1726433923964 -0.01706583797931671 73
1726433924006 0.011171296238899231 74
1726433924048 0.18142220377922058 75
1726433924090 -0.18014362454414368 76
1726433924132 -0.008237019181251526 77
1726433924176 0.09093618392944336 78
1726433924218 -0.1184171512722969 79
1726433924260 -0.027764540165662766 80
1726433924303 0.02714535966515541 81
1726433924353 0.0019338279962539673 82
1726433924416 0.004388555884361267 83
1726433924460 -0.010390758514404297 84
1726433924503 0.029567964375019073 85
1726433924548 0.002616889774799347 86
1726433924592 0.06804706156253815 87
1726433924645 -0.10528472065925598 88
1726433924688 0.01935066282749176 89
1726433924730 -0.02724941074848175 90
1726433924772 0.13392920792102814 91
1726433924812 -0.13357817381620407 92
1726433924855 0.3552787974476814 93
1726433924898 0.11237183213233948 94
1726433924940 0.03579556941986084 95
1726433924983 -0.48322319984436035 96
1726433925025 0.3520055115222931 97
1726433925067 -0.29122699797153473 98
1726433925110 -0.05810321867465973 99
1726433925153 0.04293425381183624 100
1726433925196 0.019292905926704407 101
1726433925240 0.21505528688430786 102
1726433925284 0.5183192193508148 103
1726433925327 -0.5768758058547974 104
1726433925370 0.1902676224708557 105
1726433925413 -0.24167628586292267 106
1726433925457 0.23599906265735626 107
1726433925500 0.13723129034042358 108
1726433925542 -0.20666226744651794 109
1726433925585 0.0990617573261261 110
1726433925628 -0.1242922842502594 111
1726433925671 -0.1606973260641098 112
1726433925714 0.11368785798549652 113
1726433925756 0.011948704719543457 114
1726433925799 -0.12859569489955902 115
1726433925842 -0.06635318696498871 116
1726433925884 -0.09068572521209717 117
1726433925934 0.013753697276115417 118
1726433925988 -0.011454179883003235 119
1726433926034 0.0961034893989563 120
1726433926078 -0.1024622842669487 121
1726433926123 0.18229687958955765 122
1726433926169 -0.22818652540445328 123
1726433926213 0.01660928875207901 124
1726433926257 0.0769088938832283 125
1726433926300 0.1767241433262825 126
1726433926343 -0.09182405471801758 127
1726433926388 -0.13937222957611084 128
1726433926431 0.11482807993888855 129
1726433926474 0.0179767906665802 130
1726433926516 0.00954371690750122 131
1726433926560 0.011767804622650146 132
1726433926603 0.08923155069351196 133
1726433926645 -0.1930018812417984 134
1726433926688 -0.03491155803203583 135
1726433926729 0.050973162055015564 136
1726433926772 -0.048097819089889526 137
1726433926815 -0.017029061913490295 138
1726433926857 -0.003510594367980957 139
1726433926899 -0.016086935997009277 140
1726433926941 0.02196100354194641 141
1726433926984 -0.01771262288093567 142
1726433927027 0.08240997791290283 143
1726433927069 -0.0736992359161377 144
1726433927111 -0.0163496732711792 145
1726433927154 0.01727461814880371 146
1726433927197 0.004722271114587784 147
1726433927239 0.04071344807744026 148
1726433927281 -0.013854220509529114 149
1726433927323 0.07396586984395981 150
1726433927365 0.03622245788574219 151
1726433927407 -0.12496168166399002 152
1726433927451 0.0005525574088096619 153
1726433927498 -0.00853671133518219 154
1726433927550 0.04204908013343811 155
1726433927600 0.18857958912849426 156
1726433927642 -0.03445345163345337 157
1726433927684 0.20823454856872559 158
1726433927725 -0.27965590357780457 159
1726433927765 0.20078405737876892 160
1726433927809 0.0632098913192749 161
1726433927852 0.14786303043365479 162
1726433927894 -0.05127990245819092 163
1726433927936 -0.28325265645980835 164
1726433927978 -0.18539196252822876 165
1726433928019 -0.0035114288330078125 166
1726433928065 0.048641204833984375 167
1726433928109 0.019001618027687073 168
1726433928153 0.37529824674129486 169
1726433928197 -0.02003517746925354 170
1726433928240 -0.3553772270679474 171
1726433928282 0.22674143314361572 172
1726433928323 -0.24408793449401855 173
1726433928365 -0.07359820604324341 174
1726433928406 -0.009595513343811035 175
1726433928447 0.2631245255470276 176
1726433928490 0.029969632625579834 177
1726433928531 -0.06042361259460449 178
1726433928572 -0.003339111804962158 179
1726433928615 0.006504952907562256 180
1726433928656 0.2704641819000244 181
1726433928698 -0.2971406579017639 182
1726433928742 0.034309208393096924 183
1726433928784 0.16717591881752014 184
1726433928826 0.2888684570789337 185
1726433928869 -0.5063496679067612 186
1726433928914 -0.07253874838352203 187
1726433928957 0.01039394736289978 188
1726433928999 -0.04419347643852234 189
1726433929042 0.12949198484420776 190
1726433929083 -0.12997035682201385 191
1726433929125 0.04635919630527496 192
1726433929169 -0.03787583112716675 193
1726433929211 0.12200573086738586 194
1726433929253 0.09993341565132141 195
1726433929295 -0.31586429476737976 196
1726433929337 0.16394171118736267 197
1726433929380 0.1335349678993225 198
1726433929421 0.15318819880485535 199
1726433929469 -0.20698928833007812 200
1726433929516 -0.02271711826324463 201
1726433929571 0.005000293254852295 202
1726433929629 -0.021005704998970032 203
1726433929673 0.19317249953746796 204
1726433929722 -0.066558837890625 205
1726433929765 -0.11959657073020935 206
1726433929814 -0.17740994691848755 207
1726433929860 0.14287175238132477 208
1726433929913 0.09919072687625885 209
1726433929960 -0.21762216091156006 210
1726433930013 -0.031544432044029236 211
1726433930067 -0.005769647657871246 212
1726433930120 0.3015146479010582 213
1726433930178 0.15675422549247742 214
1726433930239 -0.478841807693243 215
1726433930303 0.20731177553534508 216
1726433930362 0.24896538257598877 217
1726433930429 -0.34283632040023804 218
1726433930491 -0.024204149842262268 219
1726433930549 -0.05890147387981415 220
1726433930614 0.1390773206949234 221
1726433930683 -0.14474810659885406 222
1726433930742 -0.004946589469909668 223
1726433930812 -0.0003445148468017578 224
1726433930876 -0.007518410682678223 225
1726433930946 -0.02718031406402588 226
1726433931014 -0.0020589828491210938 227
1726433931073 0.020224586129188538 228
1726433931137 -0.011407628655433655 229
1726433931195 -0.0058182477951049805 230
1726433931256 0.04490472376346588 231
1726433931315 -0.04839421808719635 232
1726433931379 0.005529165267944336 233
1726433931443 0.004895925521850586 234
1726433931499 0.08694823831319809 235
1726433931554 -0.06554742902517319 236
1726433931610 0.16168195009231567 237
1726433931667 0.15590670704841614 238
1726433931728 -0.2141430377960205 239
1726433931793 -0.02948339283466339 240
1726433931852 0.04476679861545563 241
1726433931916 -0.11663129925727844 242
1726433931979 0.07006949186325073 243
1726433932043 -0.07118767499923706 244
1726433932105 0.3271123766899109 245
1726433932165 -0.007885992527008057 246
1726433932220 -0.2382804900407791 247
1726433932276 0.023791149258613586 248
1726433932336 0.0267467200756073 249
1726433932390 -0.12481352686882019 250
1726433932446 -0.016086697578430176 251
1726433932505 0.25568562746047974 252
1726433932560 -0.010089993476867676 253
1726433932615 -0.19276803731918335 254
1726433932671 0.08004701137542725 255
1726433932732 -0.1208348274230957 256
1726433932786 -0.006270051002502441 257
1726433932843 0.08920541405677795 258
1726433932901 -0.004380255937576294 259
1726433932961 0.022605150938034058 260
1726433933024 -0.10693225264549255 261
1726433933077 0.039787426590919495 262
1726433933134 -0.04455555975437164 263
1726433933192 -0.016378164291381836 264
1726433933252 0.09209035336971283 265
1726433933306 -0.0022231191396713257 266
1726433933364 0.31499621272087097 267
1726433933433 -0.2582699656486511 268
1726433933496 -0.10879865288734436 269
1726433933565 -0.0013654232025146484 270
1726433933628 0.011755622923374176 271
1726433933686 -0.02933133766055107 272
1726433933751 0.07387525215744972 273
1726433933812 -0.07247038930654526 274
1726433933875 -0.0078665092587471 275
1726433933937 -0.011453866958618164 276
1726433933999 -0.0011565685272216797 277
1726433934062 0.07048973441123962 278
1726433934129 0.008063182234764099 279
1726433934190 0.0034819096326828003 280
1726433934246 -0.0810236930847168 281
1726433934302 0.03612601011991501 282
1726433934363 0.05123404413461685 283
1726433934427 -0.07689276337623596 284
1726433934491 0.005074262619018555 285
1726433934549 0.023692794144153595 286
1726433934613 0.1061515137553215 287
1726433934677 0.054700687527656555 288
1726433934737 -0.1860751509666443 289
1726433934790 0.005185883492231369 290
1726433934844 -0.013112988322973251 291
1726433934902 0.12625113129615784 292
1726433934970 -0.12917721271514893 293
1726433935037 -0.012958407402038574 294
1726433935100 0.06615105271339417 295
1726433935160 -0.04636624455451965 296
1726433935221 0.025393813848495483 297
1726433935281 -0.012393563985824585 298
1726433935343 -0.007377266883850098 299
1726433935402 0.022855043411254883 300
1726433935456 -0.027605533599853516 301
1726433935513 0.005825161933898926 302
1726433935571 0.013983607292175293 303
1726433935641 -0.01493692398071289 304
1726433935709 0.0853533148765564 305
1726433935767 0.023164302110671997 306
1726433935830 -0.07832758873701096 307
1726433935887 0.09472545236349106 308
1726433935942 0.35417914390563965 309
1726433936003 0.024220705032348633 310
1726433936067 -0.32436396181583405 311
1726433936130 -0.029895052313804626 312
1726433936198 0.5701324343681335 313
1726433936261 -0.6020287573337555 314
1726433936320 -0.09992493689060211 315
1726433936375 -0.020546570420265198 316
1726433936438 0.022557497024536133 317
1726433936497 -0.00395357608795166 318
1726433936558 -0.0005421638488769531 319
1726433936624 0.04209427535533905 320
1726433936695 0.07393576204776764 321
1726433936754 -0.017607152462005615 322
1726433936812 -0.11771047115325928 323
1726433936874 0.004615068435668945 324
1726433936929 -0.009204406291246414 325
1726433936993 0.029555100947618484 326
1726433937060 -0.0011028051376342773 327
1726433937127 -0.009471416473388672 328
1726433937184 -0.0021163225173950195 329
1726433937244 0.1376277506351471 330
1726433937301 0.08852848410606384 331
1726433937366 0.03939768671989441 332
1726433937421 -0.027286380529403687 333
1726433937475 0.34756308794021606 334
1726433937532 -0.13088959455490112 335
1726433937594 -0.3392483592033386 336
1726433937650 -0.04244190454483032 337
1726433937715 -0.05806133896112442 338
1726433937779 0.03294330835342407 339
1726433937844 -0.010890752077102661 340
1726433937901 0.060777224600315094 341
1726433937967 -0.009137630462646484 342
1726433938025 -0.10424014925956726 343
1726433938082 0.00017917156219482422 344
1726433938145 0.007782578468322754 345
1726433938201 -0.0031698942184448242 346
1726433938256 -0.003501415252685547 347
1726433938312 0.07036422938108444 348
1726433938363 -0.0026181861758232117 349
1726433938409 -0.055497050285339355 350
1726433938456 0.012697279453277588 351
1726433938505 0.00828021764755249 352
1726433938550 0.031379520893096924 353
1726433938595 -0.059263624250888824 354
1726433938639 -0.036955736577510834 355
1726433938691 0.021258831024169922 356
1726433938740 -0.013519635424017906 357
1726433938788 -0.0077147576957941055 358
1726433938833 0.14583554863929749 359
1726433938881 -0.07465910911560059 360
1726433938926 -0.058030396699905396 361
1726433938977 -0.00822603702545166 362
1726433939025 0.011008620262145996 363
1726433939072 0.047060608863830566 364
1726433939120 -0.017375826835632324 365
1726433939168 -0.0019643306732177734 366
1726433939215 0.06587976217269897 367
1726433939260 0.07632450759410858 368
1726433939308 0.024891182780265808 369
1726433939359 -0.05754891037940979 370
1726433939423 0.10942023992538452 371
1726433939483 0.03252285718917847 372
1726433939544 -0.19383549690246582 373
1726433939598 -0.03936421871185303 374
1726433939643 0.003828883171081543 375
1726433939690 -0.017349720001220703 376
1726433939737 0.005122184753417969 377
1726433939788 0.04707014560699463 378
1726433939842 -0.04055130481719971 379
1726433939892 0.03205373138189316 380
1726433939936 -0.06200971454381943 381
1726433939981 0.026222705841064453 382
1726433940023 -0.015659451484680176 383
1726433940066 -0.0017703771591186523 384
1726433940125 0.005511708557605743 385
1726433940172 0.0069133564829826355 386
1726433940218 -0.002579927444458008 387
1726433940263 -0.003177165985107422 388
1726433940313 -0.0021305084228515625 389
1726433940371 0.14653612673282623 390
1726433940428 -0.12635066360235214 391
1726433940475 -0.010115616023540497 392
1726433940519 -0.00116700679063797 393
1726433940562 0.0031821206212043762 394
1726433940603 0.0017532110214233398 395
1726433940644 0.15614856779575348 396
1726433940694 -0.03936655819416046 397
1726433940745 -0.06400802731513977 398
1726433940795 -0.052813202142715454 399
1726433940845 -0.005048036575317383 400
1726433940897 -0.001097559928894043 401
1726433940948 0.1997685432434082 402
1726433940998 -0.14000758528709412 403
1726433941047 0.20237970352172852 404
1726433941098 -0.21555940061807632 405
1726433941144 -0.09568368643522263 406
1726433941189 0.014518022537231445 407
1726433941239 0.10576674342155457 408
1726433941289 -0.0512978732585907 409
1726433941334 -0.07434117794036865 410
1726433941380 -9.167194366455078e-05 411
1726433941424 -6.639957427978516e-05 412
1726433941472 -4.4465065002441406e-05 413
1726433941517 -4.553794860839844e-05 414
1726433941562 0.0315554141998291 415
1726433941609 0.005342960357666016 416
1726433941658 -0.0029571056365966797 417
1726433941705 0.029253005981445312 418
1726433941754 0.0326898992061615 419
1726433941802 0.024076849222183228 420
1726433941858 -0.08259451389312744 421
1726433941907 -0.011492729187011719 422
1726433941971 -0.0004628896713256836 423
1726433942018 0.08419616520404816 424
1726433942083 0.03219597041606903 425
1726433942135 -0.07818424701690674 426
1726433942183 -0.017243266105651855 427
1726433942239 0.09252476692199707 428
1726433942289 -0.11316990852355957 429
1726433942342 0.042807966470718384 430
1726433942394 0.03221161663532257 431
1726433942441 -0.02134832739830017 432
1726433942495 0.009678244590759277 433
1726433942543 -0.015442952513694763 434
1726433942587 0.08182618021965027 435
1726433942631 0.17939800024032593 436
1726433942677 -0.26855069398880005 437
1726433942722 0.013078056275844574 438
1726433942766 -0.025154277682304382 439
1726433942814 0.00856395810842514 440
1726433942858 -0.0018062591552734375 441
1726433942906 -0.003949522972106934 442
1726433942953 0.010962367057800293 443
1726433942999 -0.024061083793640137 444
1726433943046 -0.0009877681732177734 445
1726433943091 0.211450457572937 446
1726433943134 0.03459852933883667 447
1726433943185 -0.22467530518770218 448
1726433943228 -0.02141433209180832 449
1726433943273 0.0224074125289917 450
1726433943316 -0.00041222572326660156 451
1726433943364 -0.015958547592163086 452
1726433943409 -0.004753232002258301 453
1726433943453 -0.0011192560195922852 454
1726433943499 0.010499425232410431 455
1726433943544 -0.02158171683549881 456
1726433943589 -0.004100799560546875 457
1726433943639 -0.0058013200759887695 458
1726433943689 0.0402524471282959 459
1726433943735 0.0022077560424804688 460
1726433943780 0.0008269250392913818 461
1726433943823 0.12988509237766266 462
1726433943868 -0.14436064660549164 463
1726433943913 -0.000719904899597168 464
1726433943955 -0.000759124755859375 465
1726433944001 -0.0008039474487304688 466
1726433944043 0.004343017935752869 467
1726433944090 -0.023623213171958923 468
1726433944137 -0.0017859935760498047 469
1726433944190 0.024040579795837402 470
1726433944236 -0.009521961212158203 471
1726433944284 -0.0014230012893676758 472
1726433944335 0.03502596914768219 473
1726433944385 -0.057481542229652405 474
1726433944438 -0.002079010009765625 475
1726433944498 0.060247547924518585 476
1726433944556 -0.044120579957962036 477
1726433944620 0.08120947331190109 478
1726433944673 0.11189435422420502 479
1726433944720 -0.10716435313224792 480
1726433944777 -0.025370657444000244 481
1726433944832 -0.052731260657310486 482
1726433944887 -0.0017234086990356445 483
1726433944947 0.004058420658111572 484
1726433945005 0.006133615970611572 485
1726433945060 0.0020263195037841797 486
1726433945113 0.009732581675052643 487
1726433945178 0.003678940236568451 488
1726433945237 0.06045946478843689 489
1726433945299 0.009058058261871338 490
1726433945356 -0.033572256565093994 491
1726433945409 -0.05278334021568298 492
1726433945466 0.002948526293039322 493
1726433945531 -0.01992988958954811 494
1726433945592 0.019802555441856384 495
1726433945658 -0.033367738127708435 496
1726433945722 -0.002127528190612793 497
1726433945783 0.036521896719932556 498
1726433945839 0.015506520867347717 499
1726433945905 -0.02474689483642578 500
1726433945977 -0.0004591941833496094 501
1726433946039 -0.014240264892578125 502
1726433946099 0.005522727966308594 503
1726433946157 -0.0007183551788330078 504
1726433946226 -0.0007430315017700195 505
1726433946287 0.04322279989719391 506
1726433946349 0.1326950639486313 507
1726433946408 -0.1611703634262085 508
1726433946474 -0.0018802881240844727 509
1726433946533 -0.002440214157104492 510
1726433946591 0.010593771934509277 511
1726433946653 -0.0016368627548217773 512
1726433946715 -0.0005384683609008789 513
1726433946772 -0.0005652904510498047 514
1726433946826 -0.018921852111816406 515
1726433946880 0.0006722211837768555 516
1726433946935 -0.0067816972732543945 517
1726433946993 -0.01463782787322998 518
1726433947054 0.029959768056869507 519
1726433947114 -0.036217063665390015 520
1726433947178 -1.2874603271484375e-05 521
1726433947240 -0.0014863014221191406 522
1726433947293 -6.67572021484375e-05 523
1726433947352 -6.902217864990234e-05 524
1726433947414 0.00897836685180664 525
1726433947478 -0.0026123523712158203 526
1726433947534 0.010875463485717773 527
1726433947595 -0.0077648162841796875 528
1726433947649 0.004219770431518555 529
1726433947703 0.018124699592590332 530
1726433947764 -0.00334012508392334 531
1726433947821 0.010231733322143555 532
1726433947885 -0.008316397666931152 533
1726433947940 0.021412134170532227 534
1726433947998 -0.0009038448333740234 535
1726433948055 -0.020290255546569824 536
1726433948109 -0.005530118942260742 537
1726433948172 0.019222170114517212 538
1726433948229 0.017318055033683777 539
1726433948284 -0.022173479199409485 540
1726433948342 -0.002366185188293457 541
1726433948401 -0.008539557456970215 542
1726433948464 0.01779484748840332 543
1726433948525 0.009757399559020996 544
1726433948589 0.005983829498291016 545
1726433948652 0.020155169069767 546
1726433948706 -0.0010886266827583313 547
1726433948760 0.04663980007171631 548
1726433948813 0.00757715106010437 549
1726433948874 -0.04276411235332489 550
1726433948939 -0.03491498529911041 551
1726433948996 -0.0002614259719848633 552
1726433949053 -0.0042417049407958984 553
1726433949117 -0.00036466121673583984 554
1726433949183 -0.0003794431686401367 555
1726433949241 -0.0003952980041503906 556
1726433949299 -0.00041234493255615234 557
1726433949358 -0.0004305839538574219 558
1726433949418 -0.00045049190521240234 559
1726433949483 -0.0004718303680419922 560
1726433949553 0.0016412138938903809 561
1726433949617 0.005617678165435791 562
1726433949676 0.0005027055740356445 563
1726433949740 -0.01446390151977539 564
1726433949799 -0.004500031471252441 565
1726433949857 0.019336342811584473 566
1726433949916 -0.003710508346557617 567
1726433949985 -0.005278944969177246 568
1726433950057 -0.003815174102783203 569
1726433950122 -0.0012569427490234375 570
1726433950186 -4.582107067108154e-05 571
1726433950245 0.059369757771492004 572
1726433950306 -0.036216408014297485 573
1726433950364 -0.0002225637435913086 574
1726433950429 -0.003001093864440918 575
1726433950487 -0.0007369518280029297 576
1726433950551 -0.0076215267181396484 577
1726433950611 0.013199329376220703 578
1726433950667 -0.0003311634063720703 579
1726433950727 -0.0018589496612548828 580
1726433950786 0.07671859860420227 581
1726433950842 -0.023869693279266357 582
1726433950898 -0.016949467360973358 583
1726433950963 -0.06373587995767593 584
1726433951023 -0.019507169723510742 585
1726433951083 -0.001983046531677246 586
1726433951143 -0.002335786819458008 587
1726433951200 -0.002874135971069336 588
1726433951264 0.036957502365112305 589
1726433951328 -0.0009448528289794922 590
1726433951396 0.00909435749053955 591
1726433951451 -0.0074149370193481445 592
1726433951512 -0.005731940269470215 593
1726433951568 -0.0031800270080566406 594
1726433951624 -0.001460433006286621 595
1726433951687 -0.0016620159149169922 596
1726433951750 -0.0019199848175048828 597
1726433951815 -0.0022629499435424805 598
1726433951875 -0.0027457475662231445 599
1726433951936 -0.0034966468811035156 600
1726433951996 -0.00494694709777832 601
1726433952057 -0.01206660270690918 602
1726433952116 -0.002574443817138672 603
1726433952181 0.001262245699763298 604
1726433952236 0.0025119204074144363 605
1726433952291 -0.0029754638671875 606
1726433952344 -0.004369258880615234 607
1726433952402 -0.0024036169052124023 608
1726433952461 -0.0018531084060668945 609
1726433952525 0.0017862319946289062 610
1726433952590 -4.5299530029296875e-06 611
1726433952657 -4.5299530029296875e-06 612
1726433952720 0.03688478469848633 613
1726433952791 -0.0017583370208740234 614
1726433952849 0.023540019989013672 615
1726433952911 -0.002360224723815918 616
1726433952968 -0.014008283615112305 617
1726433953023 -0.0014390945434570312 618
1726433953086 -0.001693129539489746 619
1726433953137 -0.0020236968994140625 620
1726433953186 -0.0035543441772460938 621
1726433953235 -0.0028858184814453125 622
1726433953282 0.0005326271057128906 623
1726433953328 -0.002526998519897461 624
1726433953373 -0.001469254493713379 625
1726433953417 -0.003960371017456055 626
1726433953461 -0.0052678585052490234 627
1726433953505 -0.0007212162017822266 628
1726433953552 -0.0007474422454833984 629
1726433953597 -0.0007758140563964844 630
1726433953640 -0.0008062124252319336 631
1726433953686 -0.0008394718170166016 632
1726433953729 -0.0008758306503295898 633
1726433953774 -0.0009156465530395508 634
1726433953822 -0.010550260543823242 635
1726433953873 0.015730619430541992 636
1726433953918 -0.001033186912536621 637
1726433953968 0.03708101809024811 638
1726433954015 -0.03731633722782135 639
1726433954062 -0.0027254819869995117 640
1726433954108 -0.001849532127380371 641
1726433954157 -0.007895946502685547 642
1726433954201 -0.0029085874557495117 643
1726433954257 -0.0015581846237182617 644
1726433954306 -0.008397698402404785 645
1726433954348 -0.002705097198486328 646
1726433954394 -0.00032842159271240234 647
1726433954437 0.0007483959197998047 648
1726433954481 -6.365776062011719e-05 649
1726433954530 -6.4849853515625e-05 650
1726433954573 -6.568431854248047e-05 651
1726433954617 -6.699562072753906e-05 652
1726433954664 -6.794929504394531e-05 653
1726433954707 -6.937980651855469e-05 654
1726433954754 -7.045269012451172e-05 655
1726433954797 -7.164478302001953e-05 656
1726433954842 -7.283687591552734e-05 657
1726433954886 -7.450580596923828e-05 658
1726433954930 -7.557868957519531e-05 659
1726433954973 -7.700920104980469e-05 660
1726433955017 -7.843971252441406e-05 661
1726433955065 -8.0108642578125e-05 662
1726433955113 0.008530855178833008 663
1726433955180 -0.0035109519958496094 664
1726433955233 -0.0050203800201416016 665
1726433955289 -0.0035147666931152344 666
1726433955344 -0.0009664297103881836 667
1726433955397 0.02227288857102394 668
1726433955454 -0.015718165785074234 669
1726433955522 -0.0004286766052246094 670
1726433955576 -0.0004538297653198242 671
1726433955637 0.003502488136291504 672
1726433955712 -0.0012716054916381836 673
1726433955784 -0.0002084970474243164 674
1726433955852 -0.00021588802337646484 675
1726433955908 -0.0002238750457763672 676
1726433955970 -0.0002321004867553711 677
1726433956038 -0.00024080276489257812 678
1726433956092 -0.0002497434616088867 679
1726433956147 -0.0002595186233520508 680
1726433956202 -0.0002696514129638672 681
1726433956259 -0.00028002262115478516 682
1726433956323 -0.00020778179168701172 683
1726433956396 -0.0001270771026611328 684
1726433956457 -0.0013132095336914062 685
1726433956516 -0.00018072128295898438 686
1726433956573 -0.00018894672393798828 687
1726433956629 -0.00019741058349609375 688
1726433956687 -0.00020682811737060547 689
1726433956744 0.017696738243103027 690
1726433956794 -0.0012825727462768555 691
1726433956840 -0.0013784170150756836 692
1726433956886 -0.001495957374572754 693
1726433956938 -0.0016461610794067383 694
1726433956984 0.0046411920338869095 695
1726433957032 0.0021790098398923874 696
1726433957076 -0.0013053417205810547 697
1726433957130 -0.0014039278030395508 698
1726433957196 -0.001529097557067871 699
1726433957247 -0.0016936063766479492 700
1726433957296 -0.0019230842590332031 701
1726433957346 -0.002629995346069336 702
1726433957386 -0.0001556873321533203 703
1726433957432 -0.0008919239044189453 704
1726433957475 -0.00019979476928710938 705
1726433957518 -0.00020587444305419922 706
1726433957566 -0.0002123117446899414 707
1726433957609 -0.00021910667419433594 708
1726433957653 -0.0002257823944091797 709
1726433957695 -0.00023317337036132812 710
1726433957742 -0.00024056434631347656 711
1726433957788 -0.00024819374084472656 712
1726433957840 -0.00025641918182373047 713
1726433957898 -0.0002645254135131836 714
1726433957977 -0.0002733469009399414 715
1726433958031 -0.0002824068069458008 716
1726433958076 -0.00029158592224121094 717
1726433958119 -0.00030171871185302734 718
1726433958162 -0.00031185150146484375 719
1726433958214 -0.0003222227096557617 720
1726433958260 0.018449939787387848 721
1726433958300 -0.012420929968357086 722
1726433958342 -0.00014495849609375 723
1726433958383 -0.007000327110290527 724
1726433958425 -0.0001347064971923828 725
1726433958471 -0.00013935565948486328 726
1726433958512 -0.0001443624496459961 727
1726433958553 -0.0001494884490966797 728
1726433958603 -0.0001552104949951172 729
1726433958658 -0.00016105175018310547 730
1726433958708 -0.00016760826110839844 731
1726433958751 -0.00017452239990234375 732
1726433958794 -0.0001819133758544922 733
1726433958836 -0.00018990039825439453 734
1726433958879 -0.00019872188568115234 735
1726433958924 -0.00020813941955566406 736
1726433958973 0.0002630949020385742 737
1726433959022 -0.00020551681518554688 738
1726433959073 -0.0002155303955078125 739
1726433959123 -0.00022661685943603516 740
1726433959188 -0.00023865699768066406 741
1726433959233 -0.00025200843811035156 742
1726433959273 -0.00026667118072509766 743
1726433959314 -0.0002830028533935547 744
1726433959361 -0.000301361083984375 745
1726433959403 -0.00032210350036621094 746
1726433959447 -0.0003453493118286133 747
1726433959494 -0.00037217140197753906 748
1726433959544 -0.0004031658172607422 749
1726433959586 -0.00043892860412597656 750
1726433959630 0.004341006278991699 751
1726433959672 -0.00047957897186279297 752
1726433959716 -0.000517725944519043 753
1726433959766 -0.000561833381652832 754
1726433959812 -0.000613093376159668 755
1726433959871 -0.0006736516952514648 756
1726433959921 -0.0007462501525878906 757
1726433959977 -0.0007097721099853516 758
1726433960028 -0.0005701780319213867 759
1726433960085 -0.0006101131439208984 760
1726433960142 -0.0006551742553710938 761
1726433960198 -0.0007075071334838867 762
1726433960251 -0.0007683038711547852 763
1726433960304 0.007167973672039807 764
1726433960363 -0.0007734681712463498 765
1726433960439 0.0006191730499267578 766
1726433960509 -0.0003095865249633789 767
1726433960582 -0.00016689300537109375 768
1726433960654 -0.00011742115020751953 769
1726433960727 0.01175391674041748 770
1726433960785 -6.914138793945312e-05 771
1726433960845 0.003629446029663086 772
1726433960902 -0.002587437629699707 773
1726433960969 -4.172325134277344e-05 774
1726433961038 -4.303455352783203e-05 775
1726433961100 -4.4226646423339844e-05 776
1726433961154 -4.601478576660156e-05 777
1726433961210 0.0006674528121948242 778
1726433961273 -0.0007188320159912109 779
1726433961336 -0.0003516674041748047 780
1726433961401 -3.5762786865234375e-06 781
1726433961464 -3.6954879760742188e-06 782
1726433961526 -3.5762786865234375e-06 783
1726433961586 -3.6954879760742188e-06 784
1726433961650 -3.814697265625e-06 785
1726433961713 -3.5762786865234375e-06 786
1726433961777 -3.933906555175781e-06 787
1726433961836 -3.814697265625e-06 788
1726433961900 -3.933906555175781e-06 789
1726433961964 -3.814697265625e-06 790
1726433962031 -4.0531158447265625e-06 791
1726433962097 -4.0531158447265625e-06 792
1726433962163 -0.0006687641143798828 793
1726433962230 -2.0503997802734375e-05 794
1726433962295 -2.09808349609375e-05 795
1726433962364 -2.1457672119140625e-05 796
1726433962424 -2.181529998779297e-05 797
1726433962484 -2.2292137145996094e-05 798
1726433962540 -2.2649765014648438e-05 799
1726433962603 -2.3245811462402344e-05 800
1726433962658 0.006222844123840332 801
1726433962712 -0.005390048027038574 802
1726433962777 -0.0003072023391723633 803
1726433962840 -6.127357482910156e-05 804
1726433962905 -6.270408630371094e-05 805
1726433962963 -0.001663804054260254 806
1726433963028 -0.003916740417480469 807
1726433963098 -0.00017273426055908203 808
1726433963172 -0.00017833709716796875 809
1726433963244 -0.00018405914306640625 810
1726433963302 -0.00017714500427246094 811
1726433963365 -6.103515625e-05 812
1726433963433 -6.186962127685547e-05 813
1726433963503 -6.330013275146484e-05 814
1726433963563 -6.437301635742188e-05 815
1726433963628 -6.556510925292969e-05 816
1726433963690 -6.687641143798828e-05 817
1726433963751 -6.80685043334961e-05 818
1726433963808 -6.949901580810547e-05 819
1726433963874 -0.0001684427261352539 820
1726433963943 -0.0002415180206298828 821
1726433964009 -0.00024771690368652344 822
1726433964070 -0.0002542734146118164 823
1726433964141 -0.0002605915069580078 824
1726433964199 -0.0002671480178833008 825
1726433964255 -0.00027430057525634766 826
1726433964319 -0.00025904178619384766 827
1726433964375 -0.0001595020294189453 828
1726433964444 -6.258487701416016e-05 829
1726433964505 -6.35385513305664e-05 830
1726433964569 -6.4849853515625e-05 831
1726433964631 -6.556510925292969e-05 832
1726433964687 -6.699562072753906e-05 833
1726433964753 -6.794929504394531e-05 834
1726433964816 -6.914138793945312e-05 835
1726433964883 -7.021427154541016e-05 836
1726433964949 -7.164478302001953e-05 837
1726433965014 -7.295608520507812e-05 838
1726433965081 -7.390975952148438e-05 839
1726433965144 -7.581710815429688e-05 840
1726433965205 -7.677078247070312e-05 841
1726433965265 -7.832050323486328e-05 842
1726433965323 -7.998943328857422e-05 843
1726433965383 -8.130073547363281e-05 844
1726433965455 -8.320808410644531e-05 845
1726433965516 -8.463859558105469e-05 846
1726433965575 -8.654594421386719e-05 847
1726433965637 -8.83340835571289e-05 848
1726433965698 -9.02414321899414e-05 849
1726433965764 -9.202957153320312e-05 850
1726433965829 -9.417533874511719e-05 851
1726433965888 -9.632110595703125e-05 852
1726433965960 -9.846687316894531e-05 853
1726433966031 -0.00010061264038085938 854
1726433966102 -0.00010323524475097656 855
1726433966155 -0.00010561943054199219 856
1726433966221 -0.00010824203491210938 857
1726433966282 -0.00011110305786132812 858
1726433966339 -0.00011372566223144531 859
1726433966395 -0.00011682510375976562 860
1726433966457 -0.00011992454528808594 861
1726433966522 -0.0001232624053955078 862
1726433966587 0.00023221969604492188 863
1726433966650 -0.00012028217315673828 864
1726433966716 -0.00012362003326416016 865
1726433966778 -0.00012683868408203125 866
1726433966842 -0.0001308917999267578 867
1726433966912 -0.00013458728790283203 868
1726433966973 -0.0001386404037475586 869
1726433967036 -0.0001430511474609375 870
1726433967105 -0.0001475811004638672 871
1726433967164 -0.00015234947204589844 872
1726433967226 -0.0001575946807861328 873
1726433967281 -0.00016307830810546875 874
1726433967338 -0.00016880035400390625 875
1726433967398 -0.00017523765563964844 876
1726433967460 -0.0001819133758544922 877
1726433967516 -0.00018894672393798828 878
1726433967586 -0.00019681453704833984 879
1726433967652 -0.00020503997802734375 880
1726433967717 -0.00021398067474365234 881
1726433967779 -0.00022399425506591797 882
1726433967848 -0.0002346038818359375 883
1726433967913 -0.0002460479736328125 884
1726433967970 -0.0004622936248779297 885
1726433968030 -0.00028443336486816406 886
1726433968094 -0.00030159950256347656 887
1726433968156 -0.00032067298889160156 888
1726433968223 -0.00034165382385253906 889
1726433968310 -0.0003662109375 890
1726433968367 -0.00039386749267578125 891
1726433968419 -0.0004259347915649414 892
1726433968471 -0.00046384334564208984 893
1726433968522 -0.0005083084106445312 894
1726433968571 -0.0005626678466796875 895
1726433968619 -0.0006289482116699219 896
1726433968669 -0.0007138252258300781 897
1726433968714 -0.0008246898651123047 898
1726433968761 -0.000978231430053711 899
1726433968811 -0.0012061595916748047 900
1726433968858 -0.0015900135040283203 901
1726433968911 -0.0024442672729492188 902
1726433968957 -0.0019538402557373047 903
1726433969001 0.0 904
