1726502383383 0.031264130026102066 0
1726502383437 0.022897720336914062 1
1726502383492 0.017144178971648216 2
1726502383546 0.013000166974961758 3
1726502383599 0.009938204661011696 4
1726502383665 0.007639575283974409 5
1726502383722 0.005895399954169989 6
1726502383774 0.004561698529869318 7
1726502383830 0.0035362483467906713 8
1726502383900 0.0027447582688182592 9
1726502383959 0.002131640911102295 10
1726502384010 0.001655495259910822 11
1726502384065 0.0012850284110754728 12
1726502384119 0.000996279763057828 13
1726502384172 0.000770699989516288 14
1726502384233 0.0005940914270468056 15
1726502384299 0.0004555702325887978 16
1726502384358 0.00034670831519179046 17
1726502384407 0.0002608656941447407 18
1726502384457 0.0001929163991007954 19
1726502384506 0.0001386761578032747 20
1726502384555 9.51409456320107e-05 21
1726502384608 5.979537672828883e-05 22
1726502384663 3.0875205993652344e-05 23
1726502384716 6.699570803903043e-06 24
1726502384764 -1.3864031643606722e-05 25
1726502384814 -3.1745454180054367e-05 26
1726502384872 -4.775523848365992e-05 27
1726502384925 -6.244184623938054e-05 28
1726502384978 -7.638931856490672e-05 29
1726502385031 -8.981226710602641e-05 30
1726502385081 -0.00010333061800338328 31
1726502385133 -0.00011692047701217234 32
1726502385186 -0.00013104677782393992 33
1726502385244 -0.00014592413208447397 34
1726502385319 -0.0001616239605937153 35
1726502385381 -0.0001785636122804135 36
1726502385448 -0.00019671919289976358 37
1726502385500 -0.00021646026289090514 38
1726502385548 -0.0002377629280090332 39
1726502385599 -0.00026103260461241007 40
1726502385648 -0.0002863883855752647 41
1726502385700 -0.0003140210756100714 42
1726502385749 -0.00034421688178554177 43
1726502385811 -0.00037735706428065896 44
1726502385870 -0.00041353702545166016 45
1726502385923 -0.00045299530029296875 46
1726502385977 -0.0004963040119037032 47
1726502386031 -0.000543570495210588 48
1726502386101 -0.0005954623920843005 49
1726502386179 -0.0006522058974951506 50
1726502386244 -0.0007141827372834086 51
1726502386300 -0.0007821561302989721 52
1726502386362 -0.0008564114104956388 53
1726502386424 -0.000937676290050149 54
1726502386487 -0.0010266662575304508 55
1726502386555 -0.0011238695587962866 56
1726502386640 -0.001230144640430808 57
1726502386713 -0.0013464211951941252 58
1726502386786 -0.00147340283729136 59
1726502386860 -0.0016121622174978256 60
1726502386927 -0.0017637847922742367 61
1726502386991 -0.0019292710348963737 62
1726502387049 -0.002110016066581011 63
1726502387106 -0.0023072483018040657 64
1726502387161 -0.0025223023258149624 65
1726502387216 -0.0027567860670387745 66
1726502387270 -0.00301207322627306 67
1726502387321 -0.0032900935038924217 68
1726502387374 -0.00359266996383667 69
1726502387425 -0.003921664319932461 70
1726502387482 -0.004278982058167458 71
1726502387532 -0.004666841588914394 72
1726502387585 -0.0050871847197413445 73
1726502387635 -0.0055425046011805534 74
1726502387687 -0.006034934893250465 75
1726502387739 -0.0065667033195495605 76
1726502387791 -0.007140243425965309 77
1726502387847 -0.007757389917969704 78
1726502387908 -0.008420109748840332 79
1726502387975 -0.009130455553531647 80
1726502388037 -0.009889768436551094 81
1726502388096 -0.010699084028601646 82
1726502388151 -0.011558879166841507 83
1726502388207 -0.012469053268432617 84
1726502388263 -0.013428904116153717 85
1726502388322 -0.014436125755310059 86
1726502388375 -0.015487946569919586 87
1726502388425 -0.016580093652009964 88
1726502388478 -0.01770688220858574 89
1726502388529 -0.018861088901758194 90
1726502388583 -0.02003464847803116 91
1726502388635 -0.021217383444309235 92
1726502388687 -0.0223984494805336 93
1726502388740 -0.023566290736198425 94
1726502388793 -0.024709321558475494 95
1726502388843 -0.025814935564994812 96
1726502388895 -0.026871956884860992 97
1726502388946 -0.027868174016475677 98
1726502388999 -0.028792046010494232 99
1726502389050 -0.029630474746227264 100
1726502389103 -0.030369505286216736 101
1726502389153 -0.030994534492492676 102
1726502389211 -0.031493596732616425 103
1726502389277 -0.03186190873384476 104
1726502389349 -0.032106995582580566 105
1726502389409 -0.032250359654426575 106
1726502389461 -0.03232288360595703 107
1726502389511 -0.03235447406768799 108
1726502389564 -0.03236667811870575 109
1726502389618 -0.032370805740356445 110
1726502389677 -0.03237214684486389 111
1726502389743 -0.032372623682022095 112
1726502389800 -0.03237275779247284 113
1726502389852 -0.03237283229827881 114
1726502389906 -0.03237290680408478 115
1726502389959 -0.03237298130989075 116
1726502390020 -0.03237287700176239 117
1726502390080 -0.03237284719944 118
1726502390134 -0.032372817397117615 119
1726502390191 -0.03237287700176239 120
1726502390244 -0.03237287700176239 121
1726502390294 -0.03237287700176239 122
1726502390348 -0.03237278759479523 123
1726502390399 -0.032372817397117615 124
1726502390451 -0.03237283229827881 125
1726502390502 -0.03237280249595642 126
1726502390554 -0.032372936606407166 127
1726502390610 -0.03237295150756836 128
