1727301501121 0.30527234077453613 0
1727301501173 0.08633947372436523 1
1727301501208 0.06780552864074707 2
1727301501243 0.1645677089691162 3
1727301501279 -0.011672019958496094 4
1727301501313 4.169336318969727 5
1727301501348 0.15744638442993164 6
1727301501383 -0.1011652946472168 7
1727301501418 0.13133549690246582 8
1727301501451 0.12140011787414551 9
1727301501485 0.005925416946411133 10
1727301501518 0.054666996002197266 11
1727301501551 -0.012741327285766602 12
1727301501584 -0.1936875581741333 13
1727301501617 0.10520267486572266 14
1727301501650 3.9262471199035645 15
1727301501683 0.20439982414245605 16
1727301501716 0.1514284610748291 17
1727301501750 0.1421339511871338 18
1727301501784 0.218245267868042 19
1727301501821 -0.05044841766357422 20
1727301501860 0.054285287857055664 21
1727301501897 0.0689091682434082 22
1727301501933 0.10667157173156738 23
1727301501968 0.0958857536315918 24
1727301502005 0.1438586711883545 25
1727301502041 0.04003405570983887 26
1727301502078 0.0634772777557373 27
1727301502113 0.08206391334533691 28
1727301502147 -0.09422564506530762 29
1727301502181 -0.6789239645004272 30
1727301502214 0.1876060962677002 31
1727301502250 0.022114276885986328 32
1727301502285 0.053377628326416016 33
1727301502319 -0.009147167205810547 34
1727301502354 0.1663217544555664 35
1727301502388 0.04042506217956543 36
1727301502421 0.06335186958312988 37
1727301502454 0.061963558197021484 38
1727301502490 0.09145522117614746 39
1727301502525 0.09878659248352051 40
1727301502560 0.09308290481567383 41
1727301502599 4.747267723083496 42
1727301502635 0.22734451293945312 43
1727301502673 0.01094365119934082 44
1727301502712 0.16059160232543945 45
1727301502751 -0.24453425407409668 46
1727301502788 0.01858687400817871 47
1727301502823 0.2060990333557129 48
1727301502860 0.1522519588470459 49
1727301502895 -0.044228196144104004 50
1727301502933 3.9262471199035645 51
1727301502970 0.1580061912536621 52
1727301503015 0.1886589527130127 53
1727301503057 -0.0620572566986084 54
1727301503107 -0.09521782398223877 55
1727301503155 0.09320855140686035 56
1727301503195 0.07806229591369629 57
1727301503234 0.2648165225982666 58
1727301503271 -0.07507860660552979 59
1727301503309 -0.07329487800598145 60
1727301503346 0.11041450500488281 61
1727301503382 0.053258419036865234 62
1727301503419 -0.11390268802642822 63
1727301503456 4.112095832824707 64
1727301503492 0.1220252513885498 65
1727301503530 -0.06063199043273926 66
1727301503566 0.17203617095947266 67
1727301503601 -0.14161574840545654 68
1727301503636 -0.10091948509216309 69
1727301503671 -0.016046881675720215 70
1727301503708 -0.19299077987670898 71
1727301503745 0.13518023490905762 72
1727301503782 0.0757894515991211 73
1727301503817 0.061240434646606445 74
1727301503851 0.04932975769042969 75
1727301503885 0.08357596397399902 76
1727301503919 -0.125732421875 77
1727301503959 0.04961133003234863 78
1727301504003 0.19896578788757324 79
1727301504047 0.006864786148071289 80
1727301504088 -0.073616623878479 81
1727301504129 0.12413954734802246 82
1727301504176 -0.07044410705566406 83
1727301504220 0.12821030616760254 84
1727301504258 0.06583714485168457 85
1727301504294 0.1853032112121582 86
1727301504334 0.039131879806518555 87
1727301504373 -0.16830170154571533 88
1727301504413 0.029175519943237305 89
1727301504451 -0.01819479465484619 90
1727301504489 0.11712813377380371 91
1727301504525 0.08036565780639648 92
1727301504561 -0.7801949977874756 93
1727301504598 0.07697772979736328 94
1727301504634 -0.0381929874420166 95
1727301504670 0.0709538459777832 96
1727301504709 0.13605332374572754 97
1727301504747 0.08584046363830566 98
1727301504781 0.14746546745300293 99
1727301504815 0.1086122989654541 100
1727301504849 -0.008492469787597656 101
1727301504884 0.14275765419006348 102
1727301504918 -0.10529875755310059 103
1727301504952 0.11003899574279785 104
1727301504986 0.08499431610107422 105
1727301505021 0.02232503890991211 106
1727301505055 0.13986778259277344 107
1727301505089 0.1917109489440918 108
1727301505123 0.09240508079528809 109
1727301505156 0.1274716854095459 110
1727301505189 0.17531967163085938 111
1727301505225 0.08263993263244629 112
1727301505265 -0.07619142532348633 113
1727301505305 0.04462313652038574 114
1727301505347 0.13310480117797852 115
1727301505383 0.05091547966003418 116
1727301505420 0.22103142738342285 117
1727301505454 -0.24250972270965576 118
1727301505488 -0.06951618194580078 119
1727301505523 0.039803266525268555 120
1727301505557 0.11632418632507324 121
1727301505593 -0.020443081855773926 122
1727301505628 0.13486123085021973 123
1727301505662 0.06714940071105957 124
1727301505695 0.028682947158813477 125
1727301505729 0.11648821830749512 126
1727301505762 0.09625840187072754 127
1727301505796 0.02904677391052246 128
1727301505830 0.0770106315612793 129
1727301505865 0.12555384635925293 130
1727301505898 0.1571638584136963 131
1727301505932 -0.016655325889587402 132
1727301505965 0.03364062309265137 133
1727301505998 -0.013422489166259766 134
1727301506032 0.09148907661437988 135
1727301506065 0.11944150924682617 136
1727301506098 0.13794922828674316 137
1727301506132 0.0301206111907959 138
1727301506165 0.13710618019104004 139
1727301506199 0.09863805770874023 140
1727301506232 0.10757303237915039 141
1727301506266 0.0606386661529541 142
1727301506299 0.08056998252868652 143
1727301506333 0.12241649627685547 144
1727301506365 0.060220956802368164 145
1727301506398 0.1502547264099121 146
1727301506431 0.13388991355895996 147
1727301506464 0.1360013484954834 148
1727301506497 0.1594698429107666 149
1727301506532 0.14000868797302246 150
1727301506565 0.1955556869506836 151
1727301506599 0.1997392177581787 152
1727301506633 3.9850926399230957 153
1727301506667 0.01825547218322754 154
1727301506701 0.13653182983398438 155
1727301506734 0.0627439022064209 156
1727301506769 0.07279372215270996 157
1727301506803 -0.023867487907409668 158
1727301506836 -0.01229715347290039 159
1727301506870 0.08287835121154785 160
1727301506904 4.112095832824707 161
1727301506937 0.028185606002807617 162
1727301506970 -0.7743802070617676 163
1727301507004 0.20264339447021484 164
1727301507038 0.10861444473266602 165
1727301507071 4.33366060256958 166
1727301507104 0.16445255279541016 167
1727301507137 0.07364726066589355 168
1727301507171 0.2060990333557129 169
1727301507204 -0.07224678993225098 170
1727301507237 0.0007245540618896484 171
1727301507271 -0.32675111293792725 172
1727301507305 0.13256287574768066 173
1727301507339 0.05540299415588379 174
1727301507372 0.18642187118530273 175
1727301507406 0.12553954124450684 176
1727301507439 0.08492493629455566 177
1727301507472 0.1466672420501709 178
1727301507505 -0.07220888137817383 179
1727301507538 -0.007727861404418945 180
1727301507571 0.12775015830993652 181
1727301507606 -0.007642030715942383 182
1727301507644 -0.008492469787597656 183
1727301507679 -0.7800055742263794 184
1727301507713 -0.7801951169967651 185
1727301507748 0.05118989944458008 186
1727301507781 -0.07878589630126953 187
1727301507815 -0.12644636631011963 188
1727301507848 -0.4358344078063965 189
1727301507882 0.06670212745666504 190
1727301507916 0.049333810806274414 191
1727301507950 0.038011789321899414 192
1727301507983 -0.08999454975128174 193
1727301508017 3.9262471199035645 194
1727301508050 -0.08309507369995117 195
1727301508084 0.24790263175964355 196
1727301508118 0.07597017288208008 197
1727301508155 -0.20597481727600098 198
1727301508189 0.09863162040710449 199
1727301508223 0.07878947257995605 200
1727301508256 -0.04247283935546875 201
1727301508290 0.05195736885070801 202
1727301508323 0.04993033409118652 203
1727301508357 -0.7801951169967651 204
1727301508391 -0.7801951169967651 205
