1726501452234 0.0 0
1726501452309 0.0 1
1726501452403 0.0 2
1726501452476 0.0 3
1726501452532 0.0 4
1726501452581 0.0 5
1726501452629 0.0 6
1726501452677 0.0 7
1726501452726 0.0 8
1726501452775 0.0 9
1726501452825 0.0 10
1726501452874 0.0 11
1726501452923 0.0 12
1726501452973 0.0 13
1726501453023 0.0 14
1726501453073 0.0 15
1726501453122 0.0 16
1726501453173 0.0 17
1726501453221 0.0 18
1726501453271 0.0 19
1726501453323 0.0 20
1726501453374 0.0 21
1726501453423 0.0 22
1726501453472 0.0 23
1726501453522 0.0 24
1726501453573 0.0 25
1726501453623 0.0 26
1726501453673 0.0 27
1726501453722 0.0 28
1726501453772 0.0 29
1726501453822 0.0 30
1726501453873 0.0 31
1726501453922 0.0 32
1726501453975 0.0 33
1726501454024 0.0 34
1726501454075 0.0 35
1726501454125 0.0 36
1726501454175 0.0 37
1726501454224 0.0 38
1726501454274 0.0 39
1726501454323 0.0 40
1726501454378 0.0 41
1726501454428 0.0 42
1726501454478 0.0 43
1726501454527 0.0 44
1726501454578 0.0 45
1726501454631 0.0 46
1726501454686 0.0 47
1726501454739 0.0 48
1726501454791 0.0 49
1726501454844 0.0 50
1726501454896 0.0 51
1726501454948 0.0 52
1726501455000 0.0 53
1726501455051 0.0 54
1726501455105 0.0 55
1726501455156 0.0 56
1726501455206 0.0 57
1726501455257 0.0 58
1726501455308 0.0 59
1726501455363 0.0 60
1726501455423 0.0 61
1726501455473 0.0 62
1726501455522 0.0 63
1726501455570 0.0 64
1726501455620 0.0 65
1726501455669 0.0 66
1726501455719 0.0 67
1726501455769 0.0 68
1726501455818 0.0 69
1726501455870 0.0 70
1726501455919 0.0 71
1726501455968 0.0 72
1726501456019 0.0 73
1726501456069 0.0 74
1726501456119 0.0 75
1726501456168 0.0 76
1726501456217 0.0 77
1726501456265 0.0 78
1726501456314 0.0 79
1726501456365 0.0 80
1726501456414 0.0 81
1726501456464 0.0 82
1726501456512 0.0 83
1726501456562 0.0 84
1726501456614 0.0 85
1726501456663 0.0 86
1726501456712 0.0 87
1726501456762 0.0 88
1726501456811 0.0 89
1726501456862 0.0 90
1726501456913 0.0 91
1726501456972 0.0 92
1726501457028 0.0 93
1726501457081 0.0 94
1726501457133 0.0 95
1726501457213 0.0 96
1726501457263 0.0 97
1726501457316 0.0 98
1726501457368 0.0 99
1726501457425 0.0 100
1726501457482 0.0 101
1726501457537 0.0 102
1726501457589 0.0 103
1726501457643 0.0 104
1726501457709 0.0 105
1726501457763 0.0 106
1726501457815 0.0 107
1726501457870 0.0 108
1726501457919 0.0 109
1726501458003 0.0 110
1726501458049 0.0 111
1726501458098 0.0 112
1726501458145 0.0 113
1726501458192 0.0 114
1726501458239 0.0 115
1726501458287 0.0 116
1726501458338 0.0 117
1726501458387 0.0 118
1726501458435 0.0 119
1726501458483 0.0 120
1726501458532 0.0 121
1726501458581 0.0 122
1726501458630 0.0 123
1726501458681 0.0 124
1726501458731 0.0 125
1726501458781 0.0 126
1726501458830 0.0 127
1726501458883 0.0 128
1726501458932 0.0 129
1726501458982 0.0 130
1726501459032 0.0 131
1726501459082 0.0 132
1726501459132 0.0 133
1726501459181 0.0 134
1726501459233 0.0 135
1726501459282 0.0 136
1726501459332 0.0 137
1726501459387 0.0 138
1726501459442 0.0 139
1726501459499 0.0 140
1726501459549 0.0 141
1726501459602 0.0 142
1726501459652 0.0 143
1726501459704 0.0 144
1726501459757 0.0 145
1726501459822 0.0 146
1726501459881 0.0 147
1726501459928 0.0 148
1726501459977 0.0 149
1726501460029 0.0 150
1726501460108 0.0 151
1726501460154 0.0 152
1726501460205 0.0 153
1726501460266 0.0 154
1726501460320 0.0 155
1726501460368 0.0 156
1726501460416 0.0 157
1726501460464 0.0 158
1726501460512 0.0 159
1726501460567 0.0 160
1726501460623 0.0 161
1726501460681 0.0 162
1726501460734 0.0 163
1726501460784 0.0 164
1726501460836 0.0 165
1726501460887 0.0 166
1726501460939 0.0 167
1726501460995 0.0 168
1726501461045 0.0 169
1726501461100 0.0 170
1726501461152 0.0 171
1726501461203 0.0 172
1726501461252 0.0 173
1726501461305 0.0 174
1726501461367 0.0 175
1726501461418 0.0 176
1726501461469 0.0 177
1726501461518 0.0 178
1726501461570 0.0 179
1726501461640 0.0 180
1726501461687 0.0 181
1726501461734 0.0 182
1726501461783 0.0 183
1726501461832 0.0 184
1726501461885 0.0 185
1726501461937 0.0 186
1726501461986 0.0 187
1726501462035 0.0 188
1726501462085 0.0 189
1726501462139 0.0 190
1726501462203 0.0 191
1726501462259 0.0 192
1726501462315 0.0 193
1726501462390 0.0 194
1726501462445 0.0 195
1726501462508 0.0 196
1726501462556 0.0 197
1726501462613 0.0 198
1726501462666 0.0 199
1726501462718 0.0 200
1726501462767 0.0 201
1726501462817 0.0 202
1726501462871 0.0 203
1726501462919 0.0 204
1726501462967 0.0 205
1726501463016 0.0 206
1726501463068 0.0 207
1726501463125 0.0 208
1726501463185 0.0 209
1726501463241 0.0 210
1726501463296 0.0 211
1726501463351 0.0 212
1726501463404 0.0 213
1726501463456 0.0 214
1726501463514 0.0 215
1726501463573 0.0 216
1726501463631 0.0 217
1726501463692 0.0 218
1726501463752 0.0 219
1726501463800 0.0 220
1726501463850 0.0 221
1726501463907 0.0 222
1726501463966 0.0 223
1726501464015 0.0 224
1726501464073 0.0 225
