1727301939287 2e-05 0
1727301939327 3.572011709213257 1
1727301939362 4.848143100738525 2
1727301939399 5.099019527435303 3
1727301939434 4.898979663848877 4
1727301939469 4.0 5
1727301939504 4.898979663848877 6
1727301939539 5.099019527435303 7
1727301939578 4.690415859222412 8
1727301939615 5.291502475738525 9
1727301939651 4.046926021575928 10
1727301939688 4.41685152053833 11
1727301939724 5.4424309730529785 12
1727301939761 5.395373821258545 13
1727301939795 4.874228477478027 14
1727301939831 5.321535587310791 15
1727301939867 4.71699333190918 16
1727301939903 4.4631757736206055 17
1727301939938 4.4721360206604 18
1727301939974 4.690415859222412 19
1727301940009 5.099019527435303 20
1727301940043 4.4721360206604 21
1727301940080 4.869690895080566 22
1727301940121 4.659816741943359 23
1727301940160 4.898979663848877 24
1727301940202 4.242640495300293 25
1727301940242 4.898979663848877 26
1727301940288 4.4721360206604 27
1727301940333 5.099019527435303 28
1727301940376 5.099019527435303 29
1727301940418 4.690415859222412 30
1727301940466 4.690415859222412 31
1727301940506 4.4721360206604 32
1727301940545 5.291502475738525 33
1727301940583 5.099019527435303 34
1727301940622 4.245461940765381 35
1727301940658 4.87904691696167 36
1727301940695 5.291502475738525 37
1727301940731 5.099019527435303 38
1727301940768 4.690415859222412 39
1727301940824 4.699984073638916 40
1727301940877 5.219389915466309 41
1727301940931 4.898979663848877 42
1727301940977 5.291502475738525 43
1727301941018 4.898979663848877 44
1727301941054 4.690415859222412 45
1727301941090 4.242640495300293 46
1727301941126 4.690415859222412 47
1727301941162 5.099019527435303 48
1727301941201 4.690415859222412 49
1727301941238 5.4772257804870605 50
1727301941275 5.291502475738525 51
1727301941309 5.097993850708008 52
1727301941347 4.89791202545166 53
1727301941381 4.690415859222412 54
1727301941416 4.898979663848877 55
1727301941451 4.690415859222412 56
1727301941489 5.291502475738525 57
1727301941525 4.4721360206604 58
1727301941559 4.898979663848877 59
1727301941594 5.291502475738525 60
1727301941628 4.690415859222412 61
1727301941662 4.0 62
1727301941699 5.252852916717529 63
1727301941733 4.4771599769592285 64
1727301941768 4.649463176727295 65
1727301941805 4.4721360206604 66
1727301941841 4.690415859222412 67
1727301941878 4.690415859222412 68
1727301941914 4.551782131195068 69
1727301941950 4.551782131195068 70
1727301941983 5.4772257804870605 71
1727301942017 5.099019527435303 72
1727301942056 4.4721360206604 73
1727301942095 4.4721360206604 74
1727301942134 4.0 75
1727301942171 4.898979663848877 76
1727301942207 4.4721360206604 77
1727301942243 5.099019527435303 78
1727301942280 4.242640495300293 79
1727301942317 4.242640495300293 80
1727301942354 0.0 81
