1727300496211 2.014693021774292 0
1727300496251 2.014693021774292 1
1727300496286 2.014693021774292 2
1727300496321 2.014693021774292 3
1727300496357 2.014693021774292 4
1727300496391 2.014693021774292 5
1727300496432 2.014693021774292 6
1727300496467 2.014693021774292 7
1727300496502 2.014693021774292 8
1727300496537 2.014693021774292 9
1727300496571 2.014693021774292 10
1727300496608 2.014693021774292 11
1727300496651 2.014693021774292 12
1727300496688 2.014693021774292 13
1727300496724 2.014693021774292 14
1727300496760 2.014693021774292 15
1727300496799 2.014693021774292 16
1727300496837 2.014693021774292 17
1727300496875 2.014693021774292 18
1727300496913 2.014693021774292 19
1727300496951 2.014693021774292 20
1727300496986 2.014693021774292 21
1727300497023 2.014693021774292 22
1727300497063 2.014693021774292 23
1727300497109 2.014693021774292 24
1727300497149 2.014693021774292 25
1727300497189 2.014693021774292 26
1727300497231 2.014693021774292 27
1727300497269 2.014693021774292 28
1727300497308 2.014693021774292 29
1727300497354 2.014693021774292 30
1727300497407 2.014693021774292 31
1727300497458 2.014693021774292 32
1727300497510 2.014693021774292 33
1727300497561 2.014693021774292 34
1727300497614 2.014693021774292 35
1727300497659 2.014693021774292 36
1727300497703 2.014693021774292 37
1727300497744 2.014693021774292 38
1727300497787 2.014693021774292 39
1727300497843 2.014693021774292 40
1727300497898 2.014693021774292 41
1727300497951 2.014693021774292 42
1727300497998 2.014693021774292 43
1727300498038 2.014693021774292 44
1727300498080 2.014693021774292 45
1727300498121 2.014693021774292 46
1727300498162 2.014693021774292 47
1727300498206 2.014693021774292 48
1727300498248 2.014693021774292 49
1727300498290 2.014693021774292 50
1727300498332 2.014693021774292 51
1727300498379 2.014693021774292 52
1727300498433 2.014693021774292 53
1727300498485 2.014693021774292 54
1727300498536 2.014693021774292 55
1727300498590 2.014693021774292 56
1727300498641 2.014693021774292 57
1727300498699 2.014693021774292 58
1727300498760 2.014693021774292 59
1727300498814 2.014693021774292 60
1727300498864 2.014693021774292 61
1727300498916 2.014693021774292 62
1727300498966 2.014693021774292 63
1727300499014 2.014693021774292 64
1727300499056 2.014693021774292 65
1727300499103 2.014693021774292 66
1727300499156 2.014693021774292 67
1727300499203 2.014693021774292 68
1727300499255 2.014693021774292 69
1727300499302 2.014693021774292 70
1727300499342 2.014693021774292 71
1727300499385 2.014693021774292 72
1727300499439 2.014693021774292 73
1727300499485 2.014693021774292 74
1727300499526 2.014693021774292 75
1727300499567 2.014693021774292 76
1727300499621 2.014693021774292 77
1727300499665 2.014693021774292 78
1727300499708 2.014693021774292 79
1727300499747 2.014693021774292 80
1727300499784 2.014693021774292 81
1727300499822 2.014693021774292 82
1727300499859 2.014693021774292 83
1727300499894 2.014693021774292 84
1727300499929 2.014693021774292 85
1727300499964 2.014693021774292 86
1727300499998 2.014693021774292 87
1727300500032 2.014693021774292 88
1727300500066 2.014693021774292 89
1727300500100 2.014693021774292 90
1727300500135 2.014693021774292 91
1727300500170 2.014693021774292 92
1727300500203 2.014693021774292 93
1727300500237 2.014693021774292 94
1727300500271 2.014693021774292 95
1727300500304 2.014693021774292 96
1727300500338 2.014693021774292 97
1727300500372 2.014693021774292 98
1727300500408 2.014693021774292 99
1727300500442 2.014693021774292 100
1727300500475 2.014693021774292 101
1727300500509 2.014693021774292 102
1727300500542 2.014693021774292 103
1727300500578 2.014693021774292 104
1727300500613 2.014693021774292 105
1727300500647 2.014693021774292 106
1727300500681 2.014693021774292 107
1727300500718 2.014693021774292 108
1727300500751 2.014693021774292 109
1727300500783 2.014693021774292 110
1727300500816 2.014693021774292 111
1727300500851 2.014693021774292 112
1727300500884 2.014693021774292 113
1727300500920 2.014693021774292 114
1727300500954 2.014693021774292 115
1727300500989 2.014693021774292 116
1727300501037 2.014693021774292 117
1727300501084 2.014693021774292 118
1727300501123 2.014693021774292 119
1727300501160 2.014693021774292 120
1727300501196 2.014693021774292 121
1727300501235 2.014693021774292 122
1727300501273 2.014693021774292 123
1727300501310 2.014693021774292 124
1727300501345 2.014693021774292 125
1727300501379 2.014693021774292 126
1727300501418 2.014693021774292 127
1727300501456 2.014693021774292 128
1727300501491 2.014693021774292 129
1727300501527 2.014693021774292 130
1727300501563 2.014693021774292 131
1727300501599 2.014693021774292 132
1727300501634 2.014693021774292 133
1727300501670 2.014693021774292 134
1727300501705 2.014693021774292 135
1727300501742 2.014693021774292 136
1727300501787 2.014693021774292 137
1727300501825 2.014693021774292 138
1727300501860 2.014693021774292 139
1727300501894 2.014693021774292 140
1727300501927 2.014693021774292 141
1727300501962 2.014693021774292 142
1727300501996 2.014693021774292 143
1727300502033 2.014693021774292 144
1727300502082 2.014693021774292 145
1727300502132 2.014693021774292 146
1727300502169 2.014693021774292 147
1727300502201 2.014693021774292 148
1727300502233 2.014693021774292 149
1727300502264 2.014693021774292 150
1727300502297 2.014693021774292 151
1727300502329 2.014693021774292 152
1727300502361 2.014693021774292 153
1727300502394 2.014693021774292 154
1727300502426 2.014693021774292 155
1727300502458 2.014693021774292 156
1727300502490 2.014693021774292 157
1727300502522 2.014693021774292 158
1727300502554 2.014693021774292 159
1727300502588 2.014693021774292 160
1727300502620 2.014693021774292 161
1727300502652 2.014693021774292 162
1727300502684 2.014693021774292 163
1727300502717 2.014693021774292 164
1727300502749 2.014693021774292 165
1727300502782 2.014693021774292 166
1727300502817 2.014693021774292 167
1727300502850 2.014693021774292 168
1727300502882 2.014693021774292 169
1727300502914 2.014693021774292 170
1727300502946 2.014693021774292 171
1727300502978 2.014693021774292 172
1727300503011 2.014693021774292 173
1727300503044 2.014693021774292 174
1727300503077 2.014693021774292 175
1727300503110 2.014693021774292 176
1727300503144 2.014693021774292 177
1727300503176 2.014693021774292 178
1727300503209 2.014693021774292 179
1727300503242 2.014693021774292 180
1727300503274 2.014693021774292 181
1727300503307 2.014693021774292 182
1727300503339 2.014693021774292 183
1727300503371 2.014693021774292 184
1727300503404 2.014693021774292 185
1727300503439 2.014693021774292 186
1727300503472 2.014693021774292 187
1727300503507 2.014693021774292 188
1727300503541 2.014693021774292 189
1727300503576 2.014693021774292 190
1727300503609 2.014693021774292 191
1727300503643 2.014693021774292 192
1727300503675 2.014693021774292 193
1727300503708 2.014693021774292 194
1727300503741 2.014693021774292 195
1727300503774 2.014693021774292 196
1727300503806 2.014693021774292 197
1727300503839 2.014693021774292 198
1727300503872 2.014693021774292 199
1727300503904 2.014693021774292 200
1727300503937 2.014693021774292 201
1727300503972 2.014693021774292 202
1727300504006 2.014693021774292 203
1727300504038 2.014693021774292 204
1727300504070 2.014693021774292 205
1727300504103 2.014693021774292 206
1727300504136 2.014693021774292 207
1727300504169 2.014693021774292 208
1727300504202 2.014693021774292 209
1727300504235 2.014693021774292 210
1727300504268 2.014693021774292 211
1727300504300 2.014693021774292 212
1727300504333 2.014693021774292 213
1727300504366 2.014693021774292 214
1727300504399 2.014693021774292 215
1727300504433 2.014693021774292 216
1727300504466 2.014693021774292 217
1727300504498 2.014693021774292 218
1727300504532 2.014693021774292 219
1727300504568 2.014693021774292 220
1727300504603 2.014693021774292 221
1727300504636 2.014693021774292 222
1727300504669 2.014693021774292 223
1727300504702 2.014693021774292 224
1727300504735 2.014693021774292 225
1727300504768 2.014693021774292 226
1727300504801 2.014693021774292 227
1727300504834 2.014693021774292 228
1727300504869 2.014693021774292 229
1727300504908 2.014693021774292 230
1727300504951 2.014693021774292 231
1727300504994 2.014693021774292 232
1727300505038 2.014693021774292 233
1727300505081 2.014693021774292 234
1727300505123 2.014693021774292 235
1727300505159 2.014693021774292 236
1727300505197 2.014693021774292 237
1727300505231 2.014693021774292 238
1727300505264 2.014693021774292 239
1727300505297 2.014693021774292 240
1727300505332 2.014693021774292 241
1727300505367 2.014693021774292 242
1727300505401 2.014693021774292 243
1727300505435 2.014693021774292 244
1727300505468 2.014693021774292 245
1727300505501 2.014693021774292 246
1727300505534 2.014693021774292 247
1727300505566 2.014693021774292 248
1727300505601 2.014693021774292 249
1727300505638 2.014693021774292 250
1727300505676 2.014693021774292 251
1727300505711 2.014693021774292 252
1727300505746 2.014693021774292 253
1727300505784 2.014693021774292 254
1727300505819 2.014693021774292 255
1727300505854 2.014693021774292 256
1727300505892 2.014693021774292 257
1727300505927 2.014693021774292 258
1727300505962 2.014693021774292 259
1727300505999 2.014693021774292 260
1727300506033 2.014693021774292 261
1727300506067 2.014693021774292 262
1727300506110 2.014693021774292 263
1727300506154 2.014693021774292 264
1727300506197 2.014693021774292 265
1727300506232 2.014693021774292 266
1727300506270 2.014693021774292 267
1727300506315 2.014693021774292 268
1727300506354 2.014693021774292 269
1727300506399 2.014693021774292 270
1727300506436 2.014693021774292 271
1727300506473 2.014693021774292 272
1727300506510 2.014693021774292 273
1727300506547 2.014693021774292 274
1727300506583 2.014693021774292 275
1727300506617 2.014693021774292 276
1727300506653 2.014693021774292 277
1727300506689 2.014693021774292 278
1727300506730 2.014693021774292 279
1727300506779 2.014693021774292 280
1727300506835 2.014693021774292 281
1727300506877 2.014693021774292 282
1727300506918 2.014693021774292 283
1727300506959 2.014693021774292 284
1727300507001 2.014693021774292 285
1727300507041 2.014693021774292 286
1727300507083 2.014693021774292 287
1727300507124 2.014693021774292 288
1727300507165 2.014693021774292 289
1727300507208 2.014693021774292 290
1727300507249 2.014693021774292 291
1727300507295 2.014693021774292 292
1727300507359 2.014693021774292 293
1727300507416 2.014693021774292 294
1727300507470 2.014693021774292 295
1727300507514 2.014693021774292 296
1727300507554 2.014693021774292 297
1727300507597 2.014693021774292 298
1727300507633 2.014693021774292 299
1727300507670 2.014693021774292 300
1727300507707 2.014693021774292 301
1727300507743 2.014693021774292 302
1727300507778 2.014693021774292 303
1727300507814 2.014693021774292 304
1727300507850 2.014693021774292 305
1727300507884 2.014693021774292 306
1727300507920 2.014693021774292 307
1727300507954 2.014693021774292 308
1727300507988 2.014693021774292 309
1727300508022 2.014693021774292 310
1727300508055 2.014693021774292 311
1727300508089 2.014693021774292 312
1727300508123 2.014693021774292 313
1727300508156 2.014693021774292 314
1727300508189 2.014693021774292 315
1727300508222 2.014693021774292 316
1727300508255 2.014693021774292 317
1727300508291 2.014693021774292 318
1727300508325 2.014693021774292 319
1727300508362 2.014693021774292 320
1727300508397 2.014693021774292 321
1727300508430 2.014693021774292 322
1727300508466 2.014693021774292 323
1727300508508 2.014693021774292 324
1727300508552 2.014693021774292 325
1727300508587 2.014693021774292 326
1727300508621 2.014693021774292 327
1727300508656 2.014693021774292 328
1727300508690 2.014693021774292 329
1727300508726 2.014693021774292 330
1727300508764 2.014693021774292 331
1727300508799 2.014693021774292 332
1727300508834 2.014693021774292 333
1727300508867 2.014693021774292 334
1727300508901 2.014693021774292 335
1727300508935 2.014693021774292 336
1727300508969 2.014693021774292 337
1727300509003 2.014693021774292 338
1727300509038 2.014693021774292 339
1727300509071 2.014693021774292 340
1727300509107 2.014693021774292 341
1727300509144 2.014693021774292 342
1727300509180 2.014693021774292 343
1727300509215 2.014693021774292 344
1727300509251 2.014693021774292 345
1727300509287 2.014693021774292 346
1727300509323 2.014693021774292 347
