1726422852656 0.0 0
1726422852704 0.0 1
1726422852753 0.0 2
1726422852802 0.0 3
1726422852852 0.0 4
1726422852901 0.0 5
1726422852950 0.0 6
1726422852999 0.0 7
1726422853048 0.0 8
1726422853096 0.0 9
1726422853145 0.0 10
1726422853194 0.0 11
1726422853245 0.0 12
1726422853295 0.0 13
1726422853344 0.0 14
1726422853393 0.0 15
1726422853443 0.0 16
1726422853491 0.0 17
1726422853541 0.0 18
1726422853593 0.0 19
1726422853644 0.0 20
1726422853693 0.0 21
1726422853742 0.0 22
1726422853790 0.0 23
1726422853840 0.0 24
1726422853891 0.0 25
1726422853940 0.0 26
1726422853989 0.0 27
1726422854040 0.0 28
1726422854089 0.0 29
1726422854138 0.0 30
1726422854188 0.0 31
1726422854238 0.0 32
1726422854287 0.0 33
1726422854335 0.0 34
1726422854380 0.0 35
1726422854425 0.0 36
1726422854467 0.0 37
1726422854510 0.0 38
1726422854552 0.0 39
1726422854593 0.0 40
1726422854634 0.0 41
1726422854675 0.0 42
1726422854715 0.0 43
1726422854755 0.0 44
1726422854796 0.0 45
1726422854835 0.0 46
1726422854874 0.0 47
1726422854914 0.0 48
1726422854954 0.0 49
1726422854994 0.0 50
1726422855035 0.0 51
1726422855075 0.0 52
1726422855114 0.0 53
1726422855158 0.0 54
1726422855201 0.0 55
1726422855241 0.0 56
1726422855283 0.0 57
1726422855323 0.0 58
1726422855363 0.0 59
1726422855403 0.0 60
1726422855443 0.0 61
1726422855482 0.0 62
1726422855522 0.0 63
1726422855562 0.0 64
1726422855601 0.0 65
1726422855641 0.0 66
1726422855680 0.0 67
1726422855719 0.0 68
1726422855759 0.0 69
1726422855798 0.0 70
1726422855837 0.0 71
1726422855877 0.0 72
1726422855917 0.0 73
1726422855956 0.0 74
1726422855995 0.0 75
1726422856035 0.0 76
1726422856074 0.0 77
1726422856113 0.0 78
1726422856153 0.0 79
1726422856194 0.0 80
1726422856233 0.0 81
1726422856272 0.0 82
1726422856312 0.0 83
1726422856351 0.0 84
1726422856390 0.0 85
1726422856430 0.0 86
1726422856469 0.0 87
1726422856509 0.0 88
1726422856548 0.0 89
1726422856588 0.0 90
1726422856627 0.0 91
1726422856666 0.0 92
1726422856705 0.0 93
1726422856746 0.0 94
1726422856786 0.0 95
1726422856824 0.0 96
1726422856864 0.0 97
1726422856903 0.0 98
1726422856943 0.0 99
1726422856982 0.0 100
1726422857022 0.0 101
1726422857061 0.0 102
1726422857101 0.0 103
1726422857140 0.0 104
1726422857179 0.0 105
1726422857220 0.0 106
1726422857260 0.0 107
1726422857299 0.0 108
1726422857341 0.0 109
1726422857384 0.0 110
1726422857441 0.0 111
1726422857498 0.0 112
1726422857547 0.0 113
1726422857607 0.0 114
1726422857660 0.0 115
1726422857699 0.0 116
1726422857741 0.0 117
1726422857788 0.0 118
1726422857833 0.0 119
1726422857877 0.0 120
1726422857917 0.0 121
1726422857956 0.0 122
1726422857994 0.0 123
1726422858031 0.0 124
1726422858069 0.0 125
1726422858107 0.0 126
1726422858146 0.0 127
1726422858183 0.0 128
1726422858221 0.0 129
1726422858259 0.0 130
1726422858297 0.0 131
1726422858334 0.0 132
1726422858372 0.0 133
1726422858410 0.0 134
1726422858448 0.0 135
1726422858485 0.0 136
1726422858524 0.0 137
1726422858563 0.0 138
1726422858601 0.0 139
1726422858639 0.0 140
1726422858677 0.0 141
1726422858716 0.0 142
1726422858755 0.0 143
1726422858795 0.0 144
1726422858834 0.0 145
1726422858873 0.0 146
1726422858911 0.0 147
1726422858951 0.0 148
1726422858990 0.0 149
1726422859029 0.0 150
1726422859069 0.0 151
1726422859108 0.0 152
1726422859147 0.0 153
1726422859187 0.0 154
1726422859226 0.0 155
1726422859266 0.0 156
1726422859306 0.0 157
1726422859344 0.0 158
1726422859383 0.0 159
1726422859422 0.0 160
1726422859461 0.0 161
1726422859501 0.0 162
1726422859539 0.0 163
1726422859579 0.0 164
1726422859618 0.0 165
1726422859657 0.0 166
1726422859696 0.0 167
1726422859736 0.0 168
1726422859776 0.0 169
1726422859814 0.0 170
1726422859854 0.0 171
1726422859893 0.0 172
1726422859932 0.0 173
1726422859971 0.0 174
1726422860011 0.0 175
1726422860050 0.0 176
1726422860088 0.0 177
1726422860127 0.0 178
1726422860167 0.0 179
1726422860206 0.0 180
1726422860246 0.0 181
1726422860289 0.0 182
1726422860329 0.0 183
1726422860369 0.0 184
1726422860409 0.0 185
1726422860449 0.0 186
1726422860491 0.0 187
1726422860532 0.0 188
1726422860571 0.0 189
1726422860610 0.0 190
1726422860650 0.0 191
1726422860689 0.0 192
1726422860728 0.0 193
1726422860768 0.0 194
1726422860808 0.0 195
1726422860847 0.0 196
1726422860886 0.0 197
1726422860928 0.0 198
1726422860968 0.0 199
1726422861007 0.0 200
1726422861047 0.0 201
1726422861086 0.0 202
1726422861125 0.0 203
1726422861164 0.0 204
1726422861204 0.0 205
1726422861243 0.0 206
1726422861282 0.0 207
1726422861322 0.0 208
1726422861361 0.0 209
1726422861400 0.0 210
1726422861440 0.0 211
1726422861478 0.0 212
1726422861518 0.0 213
1726422861559 0.0 214
1726422861598 0.0 215
1726422861637 0.0 216
1726422861676 0.0 217
1726422861716 0.0 218
1726422861755 0.0 219
1726422861794 0.0 220
1726422861834 0.0 221
1726422861873 0.0 222
1726422861911 0.0 223
1726422861951 0.0 224
1726422861990 0.0 225
1726422862030 0.0 226
1726422862069 0.0 227
1726422862108 0.0 228
1726422862148 0.0 229
1726422862187 0.0 230
1726422862227 0.0 231
1726422862266 0.0 232
1726422862305 0.0 233
1726422862344 0.0 234
1726422862384 0.0 235
1726422862424 0.0 236
1726422862463 0.0 237
1726422862507 0.0 238
1726422862546 0.0 239
1726422862585 0.0 240
1726422862625 0.0 241
1726422862664 0.0 242
1726422862703 0.0 243
1726422862743 0.0 244
1726422862783 0.0 245
1726422862823 0.0 246
1726422862862 0.0 247
1726422862901 0.0 248
1726422862940 0.0 249
1726422862980 0.0 250
1726422863020 0.0 251
1726422863059 0.0 252
1726422863098 0.0 253
1726422863137 0.0 254
1726422863176 0.0 255
1726422863215 0.0 256
1726422863255 0.0 257
1726422863294 0.0 258
1726422863334 0.0 259
1726422863375 0.0 260
1726422863414 0.0 261
1726422863452 0.0 262
1726422863491 0.0 263
1726422863532 0.0 264
1726422863571 0.0 265
1726422863610 0.0 266
1726422863649 0.0 267
1726422863688 0.0 268
1726422863727 0.0 269
1726422863766 0.0 270
1726422863805 0.0 271
1726422863844 0.0 272
1726422863883 0.0 273
1726422863923 0.0 274
1726422863962 0.0 275
1726422864001 0.0 276
1726422864042 0.0 277
1726422864081 0.0 278
1726422864120 0.0 279
1726422864160 0.0 280
1726422864200 0.0 281
1726422864239 0.0 282
1726422864279 0.0 283
1726422864319 0.0 284
1726422864358 0.0 285
1726422864398 0.0 286
1726422864438 0.0 287
1726422864477 0.0 288
1726422864517 0.0 289
1726422864559 0.0 290
1726422864599 0.0 291
1726422864638 0.0 292
1726422864678 0.0 293
1726422864717 0.0 294
1726422864757 0.0 295
1726422864798 0.0 296
1726422864837 0.0 297
1726422864875 0.0 298
1726422864915 0.0 299
1726422864954 0.0 300
1726422864993 0.0 301
1726422865033 0.0 302
1726422865073 0.0 303
1726422865112 0.0 304
1726422865152 0.0 305
1726422865191 0.0 306
1726422865231 0.0 307
1726422865271 0.0 308
1726422865310 0.0 309
1726422865350 0.0 310
1726422865391 0.0 311
1726422865432 0.0 312
1726422865473 0.0 313
1726422865512 0.0 314
1726422865552 0.0 315
1726422865592 0.0 316
1726422865632 0.0 317
1726422865673 0.0 318
1726422865716 0.0 319
1726422865759 0.0 320
1726422865805 0.0 321
1726422865849 0.0 322
1726422865896 0.0 323
1726422865942 0.0 324
1726422865989 0.0 325
1726422866037 0.0 326
1726422866084 0.0 327
1726422866132 0.0 328
1726422866180 0.0 329
1726422866228 0.0 330
1726422866276 0.0 331
1726422866323 0.0 332
1726422866371 0.0 333
1726422866422 0.0 334
1726422866473 0.0 335
1726422866526 0.0 336
1726422866576 0.0 337
1726422866625 0.0 338
1726422866674 0.0 339
1726422866722 0.0 340
1726422866771 0.0 341
1726422866819 0.0 342
1726422866867 0.0 343
1726422866916 0.0 344
1726422866965 0.0 345
1726422867012 0.0 346
1726422867061 0.0 347
1726422867109 0.0 348
1726422867157 0.0 349
1726422867204 0.0 350
1726422867253 0.0 351
1726422867302 0.0 352
1726422867349 0.0 353
1726422867408 0.0 354
1726422867475 0.0 355
1726422867558 0.0 356
1726422867627 0.0 357
1726422867702 0.0 358
1726422867784 0.0 359
1726422867865 0.0 360
1726422867943 0.0 361
1726422868025 0.0 362
1726422868104 0.0 363
1726422868183 0.0 364
1726422868264 0.0 365
1726422868342 0.0 366
1726422868401 0.0 367
1726422868457 0.0 368
1726422868515 0.0 369
1726422868575 0.0 370
1726422868632 0.0 371
1726422868691 0.0 372
1726422868751 0.0 373
1726422868811 0.0 374
1726422868868 0.0 375
1726422868943 0.0 376
1726422869014 0.0 377
1726422869080 0.0 378
1726422869128 0.0 379
1726422869175 0.0 380
1726422869223 0.0 381
1726422869272 0.0 382
1726422869323 0.0 383
1726422869378 0.0 384
1726422869429 0.0 385
1726422869479 0.0 386
1726422869528 0.0 387
1726422869577 0.0 388
1726422869627 0.0 389
1726422869676 0.0 390
1726422869726 0.0 391
1726422869773 0.0 392
1726422869820 0.0 393
1726422869864 0.0 394
1726422869907 0.0 395
1726422869950 0.0 396
1726422869993 0.0 397
1726422870035 0.0 398
1726422870076 0.0 399
1726422870118 0.0 400
1726422870163 0.0 401
1726422870205 0.0 402
1726422870246 0.0 403
1726422870291 0.0 404
1726422870337 0.0 405
1726422870377 0.0 406
1726422870417 0.0 407
1726422870459 0.0 408
1726422870502 0.0 409
1726422870545 0.0 410
1726422870584 0.0 411
1726422870623 0.0 412
1726422870662 0.0 413
1726422870701 0.0 414
1726422870740 0.0 415
1726422870780 0.0 416
1726422870820 0.0 417
1726422870859 0.0 418
1726422870900 0.0 419
1726422870941 0.0 420
1726422870980 0.0 421
1726422871019 0.0 422
1726422871058 0.0 423
1726422871098 0.0 424
1726422871137 0.0 425
1726422871176 0.0 426
1726422871215 0.0 427
1726422871254 0.0 428
1726422871293 0.0 429
1726422871332 0.0 430
1726422871371 0.0 431
1726422871410 0.0 432
1726422871449 0.0 433
1726422871488 0.0 434
1726422871527 0.0 435
1726422871566 0.0 436
1726422871606 0.0 437
1726422871645 0.0 438
1726422871684 0.0 439
1726422871723 0.0 440
1726422871763 0.0 441
1726422871802 0.0 442
1726422871841 0.0 443
1726422871880 0.0 444
1726422871920 0.0 445
1726422871958 0.0 446
1726422871998 0.0 447
1726422872037 0.0 448
1726422872076 0.0 449
1726422872115 0.0 450
1726422872155 0.0 451
1726422872194 0.0 452
1726422872233 0.0 453
1726422872272 0.0 454
1726422872312 0.0 455
1726422872352 0.0 456
1726422872390 0.0 457
1726422872431 0.0 458
1726422872470 0.0 459
1726422872511 0.0 460
1726422872551 0.0 461
1726422872591 0.0 462
1726422872629 0.0 463
1726422872669 0.0 464
1726422872708 0.0 465
1726422872747 0.0 466
1726422872786 0.0 467
1726422872826 0.0 468
1726422872866 0.0 469
1726422872904 0.0 470
1726422872945 0.0 471
1726422872984 0.0 472
1726422873023 0.0 473
1726422873063 0.0 474
1726422873102 0.0 475
1726422873141 0.0 476
1726422873181 0.0 477
1726422873220 0.0 478
1726422873259 0.0 479
1726422873299 0.0 480
1726422873339 0.0 481
1726422873378 0.0 482
1726422873417 0.0 483
1726422873456 0.0 484
1726422873496 0.0 485
1726422873536 0.0 486
1726422873576 0.0 487
1726422873616 0.0 488
1726422873656 0.0 489
1726422873694 0.0 490
1726422873734 0.0 491
1726422873774 0.0 492
1726422873829 0.0 493
1726422873879 0.0 494
1726422873923 0.0 495
1726422873964 0.0 496
1726422874005 0.0 497
1726422874044 0.0 498
1726422874085 0.0 499
1726422874125 0.0 500
1726422874164 0.0 501
1726422874204 0.0 502
1726422874243 0.0 503
1726422874282 0.0 504
1726422874322 0.0 505
1726422874362 0.0 506
1726422874401 0.0 507
1726422874440 0.0 508
1726422874479 0.0 509
1726422874518 0.0 510
1726422874558 0.0 511
1726422874597 0.0 512
1726422874636 0.0 513
1726422874675 0.0 514
1726422874714 0.0 515
1726422874754 0.0 516
1726422874794 0.0 517
1726422874833 0.0 518
1726422874874 0.0 519
1726422874913 0.0 520
1726422874952 0.0 521
1726422874992 0.0 522
1726422875031 0.0 523
1726422875071 0.0 524
1726422875110 0.0 525
1726422875150 0.0 526
1726422875189 0.0 527
1726422875228 0.0 528
1726422875268 0.0 529
1726422875307 0.0 530
1726422875347 0.0 531
1726422875387 0.0 532
1726422875426 0.0 533
1726422875465 0.0 534
1726422875504 0.0 535
1726422875543 0.0 536
1726422875582 0.0 537
1726422875623 0.0 538
1726422875667 0.0 539
1726422875712 0.0 540
1726422875755 0.0 541
1726422875798 0.0 542
1726422875848 0.0 543
1726422875906 0.0 544
1726422875959 0.0 545
1726422876000 0.0 546
1726422876040 0.0 547
1726422876094 0.0 548
1726422876148 0.0 549
1726422876204 0.0 550
1726422876244 0.0 551
1726422876283 0.0 552
1726422876320 0.0 553
1726422876358 0.0 554
1726422876396 0.0 555
1726422876435 0.0 556
1726422876473 0.0 557
1726422876511 0.0 558
1726422876550 0.0 559
1726422876589 0.0 560
1726422876627 0.0 561
1726422876665 0.0 562
1726422876704 0.0 563
1726422876743 0.0 564
1726422876781 0.0 565
1726422876820 0.0 566
1726422876858 0.0 567
1726422876896 0.0 568
1726422876935 0.0 569
1726422876973 0.0 570
1726422877011 0.0 571
1726422877050 0.0 572
1726422877089 0.0 573
1726422877128 0.0 574
1726422877167 0.0 575
1726422877206 0.0 576
1726422877245 0.0 577
1726422877284 0.0 578
1726422877324 0.0 579
1726422877363 0.0 580
1726422877402 0.0 581
1726422877441 0.0 582
1726422877481 0.0 583
1726422877521 0.0 584
1726422877560 0.0 585
1726422877601 0.0 586
1726422877640 0.0 587
1726422877679 0.0 588
1726422877718 0.0 589
1726422877759 0.0 590
1726422877798 0.0 591
1726422877838 0.0 592
1726422877877 0.0 593
1726422877916 0.0 594
1726422877956 0.0 595
1726422877995 0.0 596
1726422878033 0.0 597
1726422878073 0.0 598
1726422878113 0.0 599
1726422878152 0.0 600
1726422878191 0.0 601
1726422878230 0.0 602
1726422878270 0.0 603
1726422878309 0.0 604
1726422878349 0.0 605
1726422878388 0.0 606
1726422878428 0.0 607
1726422878467 0.0 608
1726422878507 0.0 609
1726422878546 0.0 610
1726422878586 0.0 611
1726422878625 0.0 612
1726422878664 0.0 613
1726422878703 0.0 614
1726422878743 0.0 615
1726422878782 0.0 616
1726422878822 0.0 617
1726422878862 0.0 618
1726422878902 0.0 619
1726422878941 0.0 620
1726422878982 0.0 621
1726422879021 0.0 622
1726422879060 0.0 623
1726422879099 0.0 624
1726422879139 0.0 625
1726422879177 0.0 626
1726422879216 0.0 627
1726422879255 0.0 628
1726422879294 0.0 629
1726422879333 0.0 630
1726422879372 0.0 631
1726422879412 0.0 632
1726422879451 0.0 633
1726422879489 0.0 634
1726422879529 0.0 635
1726422879568 0.0 636
1726422879607 0.0 637
1726422879645 0.0 638
1726422879685 0.0 639
1726422879723 0.0 640
1726422879762 0.0 641
1726422879801 0.0 642
1726422879840 0.0 643
1726422879879 0.0 644
1726422879917 0.0 645
1726422879956 0.0 646
1726422879995 0.0 647
1726422880033 0.0 648
1726422880072 0.0 649
1726422880111 0.0 650
1726422880152 0.0 651
1726422880190 0.0 652
1726422880229 0.0 653
1726422880268 0.0 654
1726422880307 0.0 655
1726422880347 0.0 656
1726422880386 0.0 657
1726422880425 0.0 658
1726422880463 0.0 659
1726422880505 0.0 660
1726422880544 0.0 661
1726422880583 0.0 662
1726422880623 0.0 663
1726422880671 0.0 664
1726422880730 0.0 665
1726422880781 0.0 666
1726422880825 0.0 667
1726422880880 0.0 668
1726422880947 0.0 669
1726422881000 0.0 670
1726422881046 0.0 671
1726422881093 0.0 672
1726422881141 0.0 673
1726422881205 0.0 674
1726422881255 0.0 675
1726422881302 0.0 676
1726422881349 0.0 677
1726422881396 0.0 678
1726422881444 0.0 679
1726422881492 0.0 680
1726422881540 0.0 681
1726422881587 0.0 682
1726422881636 0.0 683
1726422881685 0.0 684
1726422881732 0.0 685
1726422881781 0.0 686
1726422881829 0.0 687
1726422881877 0.0 688
1726422881925 0.0 689
1726422881973 0.0 690
1726422882025 0.0 691
1726422882072 0.0 692
1726422882120 0.0 693
1726422882168 0.0 694
1726422882216 0.0 695
1726422882264 0.0 696
1726422882313 0.0 697
1726422882360 0.0 698
1726422882410 0.0 699
1726422882458 0.0 700
1726422882510 0.0 701
1726422882559 0.0 702
1726422882609 0.0 703
1726422882657 0.0 704
1726422882707 0.0 705
1726422882755 0.0 706
1726422882803 0.0 707
1726422882852 0.0 708
1726422882900 0.0 709
1726422882951 0.0 710
1726422882999 0.0 711
1726422883046 0.0 712
1726422883094 0.0 713
1726422883143 0.0 714
1726422883192 0.0 715
1726422883239 0.0 716
1726422883302 0.0 717
1726422883350 0.0 718
1726422883397 0.0 719
1726422883445 0.0 720
1726422883492 0.0 721
1726422883540 0.0 722
1726422883588 0.0 723
1726422883638 0.0 724
1726422883686 0.0 725
1726422883733 0.0 726
1726422883782 0.0 727
1726422883831 0.0 728
1726422883882 0.0 729
1726422883930 0.0 730
1726422883999 0.0 731
1726422884046 0.0 732
1726422884093 0.0 733
1726422884140 0.0 734
1726422884187 0.0 735
1726422884235 0.0 736
1726422884282 0.0 737
1726422884330 0.0 738
1726422884378 0.0 739
1726422884426 0.0 740
1726422884474 0.0 741
1726422884521 0.0 742
1726422884566 0.0 743
1726422884610 0.0 744
1726422884653 0.0 745
1726422884723 0.0 746
1726422884766 0.0 747
1726422884807 0.0 748
1726422884847 0.0 749
1726422884888 0.0 750
1726422884927 0.0 751
1726422884967 0.0 752
1726422885008 0.0 753
1726422885047 0.0 754
1726422885085 0.0 755
1726422885125 0.0 756
1726422885164 0.0 757
1726422885203 0.0 758
1726422885243 0.0 759
1726422885282 0.0 760
1726422885322 0.0 761
1726422885361 0.0 762
1726422885400 0.0 763
1726422885440 0.0 764
1726422885479 0.0 765
1726422885518 0.0 766
1726422885559 0.0 767
1726422885599 0.0 768
1726422885639 0.0 769
1726422885679 0.0 770
1726422885719 0.0 771
1726422885759 0.0 772
1726422885799 0.0 773
1726422885838 0.0 774
1726422885880 0.0 775
1726422885921 0.0 776
1726422885961 0.0 777
1726422886001 0.0 778
1726422886041 0.0 779
1726422886082 0.0 780
1726422886123 0.0 781
1726422886163 0.0 782
1726422886203 0.0 783
1726422886242 0.0 784
1726422886281 0.0 785
1726422886321 0.0 786
1726422886361 0.0 787
1726422886400 0.0 788
1726422886440 0.0 789
1726422886480 0.0 790
1726422886519 0.0 791
1726422886559 0.0 792
1726422886598 0.0 793
1726422886637 0.0 794
1726422886677 0.0 795
1726422886716 0.0 796
1726422886756 0.0 797
1726422886795 0.0 798
1726422886834 0.0 799
1726422886875 0.0 800
1726422886914 0.0 801
1726422886954 0.0 802
1726422886993 0.0 803
1726422887033 0.0 804
1726422887072 0.0 805
1726422887113 0.0 806
1726422887157 0.0 807
1726422887201 0.0 808
1726422887242 0.0 809
1726422887280 0.0 810
1726422887319 0.0 811
1726422887358 0.0 812
1726422887397 0.0 813
1726422887436 0.0 814
1726422887475 0.0 815
1726422887514 0.0 816
1726422887552 0.0 817
1726422887592 0.0 818
1726422887632 0.0 819
1726422887677 0.0 820
1726422887718 0.0 821
1726422887771 0.0 822
1726422887818 0.0 823
1726422887862 0.0 824
1726422887910 0.0 825
1726422887952 0.0 826
1726422887990 0.0 827
1726422888028 0.0 828
1726422888065 0.0 829
1726422888104 0.0 830
1726422888142 0.0 831
1726422888181 0.0 832
1726422888219 0.0 833
1726422888257 0.0 834
1726422888296 0.0 835
1726422888335 0.0 836
1726422888373 0.0 837
1726422888412 0.0 838
1726422888451 0.0 839
1726422888490 0.0 840
1726422888531 0.0 841
1726422888572 0.0 842
1726422888613 0.0 843
1726422888654 0.0 844
1726422888698 0.0 845
1726422888737 0.0 846
1726422888776 0.0 847
1726422888815 0.0 848
1726422888855 0.0 849
1726422888894 0.0 850
1726422888933 0.0 851
1726422888972 0.0 852
1726422889011 0.0 853
1726422889050 0.0 854
1726422889089 0.0 855
1726422889130 0.0 856
1726422889169 0.0 857
1726422889211 0.0 858
1726422889255 0.0 859
1726422889299 0.0 860
1726422889342 0.0 861
1726422889385 0.0 862
1726422889424 0.0 863
1726422889462 0.0 864
1726422889502 0.0 865
1726422889542 0.0 866
1726422889583 0.0 867
1726422889623 0.0 868
1726422889664 0.0 869
1726422889707 0.0 870
1726422889749 0.0 871
1726422889793 0.0 872
1726422889840 0.0 873
1726422889888 0.0 874
1726422889939 0.0 875
1726422889981 0.0 876
1726422890031 0.0 877
1726422890070 0.0 878
1726422890109 0.0 879
1726422890152 0.0 880
1726422890195 0.0 881
1726422890245 0.0 882
1726422890283 0.0 883
1726422890322 0.0 884
1726422890367 0.0 885
1726422890409 0.0 886
1726422890447 0.0 887
1726422890486 0.0 888
1726422890523 0.0 889
1726422890560 0.0 890
1726422890598 0.0 891
1726422890637 0.0 892
1726422890674 0.0 893
1726422890712 0.0 894
1726422890749 0.0 895
1726422890788 0.0 896
1726422890826 0.0 897
1726422890865 0.0 898
1726422890904 0.0 899
1726422890945 0.0 900
1726422890986 0.0 901
1726422891027 0.0 902
1726422891067 0.0 903
1726422891106 0.0 904
1726422891146 0.0 905
1726422891185 0.0 906
1726422891224 0.0 907
1726422891263 0.0 908
1726422891302 0.0 909
1726422891341 0.0 910
1726422891380 0.0 911
1726422891419 0.0 912
1726422891458 0.0 913
1726422891498 0.0 914
1726422891537 0.0 915
1726422891576 0.0 916
1726422891616 0.0 917
1726422891656 0.0 918
1726422891695 0.0 919
1726422891736 0.0 920
1726422891775 0.0 921
1726422891814 0.0 922
1726422891854 0.0 923
1726422891894 0.0 924
1726422891934 0.0 925
1726422891974 0.0 926
1726422892013 0.0 927
1726422892055 0.0 928
1726422892096 0.0 929
1726422892138 0.0 930
1726422892180 0.0 931
1726422892222 0.0 932
1726422892265 0.0 933
1726422892314 0.0 934
1726422892354 0.0 935
1726422892396 0.0 936
1726422892441 0.0 937
1726422892481 0.0 938
1726422892522 0.0 939
1726422892561 0.0 940
1726422892599 0.0 941
1726422892638 0.0 942
1726422892677 0.0 943
1726422892716 0.0 944
1726422892755 0.0 945
1726422892795 0.0 946
1726422892835 0.0 947
1726422892874 0.0 948
1726422892914 0.0 949
1726422892954 0.0 950
1726422892993 0.0 951
1726422893032 0.0 952
1726422893072 0.0 953
1726422893112 0.0 954
1726422893152 0.0 955
1726422893192 0.0 956
1726422893231 0.0 957
1726422893270 0.0 958
1726422893309 0.0 959
1726422893350 0.0 960
1726422893389 0.0 961
1726422893428 0.0 962
1726422893468 0.0 963
1726422893507 0.0 964
1726422893546 0.0 965
1726422893586 0.0 966
1726422893626 0.0 967
1726422893666 0.0 968
1726422893705 0.0 969
1726422893744 0.0 970
1726422893784 0.0 971
1726422893824 0.0 972
1726422893864 0.0 973
1726422893908 0.0 974
1726422893948 0.0 975
1726422893989 0.0 976
1726422894028 0.0 977
1726422894067 0.0 978
1726422894108 0.0 979
1726422894148 0.0 980
1726422894187 0.0 981
1726422894227 0.0 982
1726422894266 0.0 983
1726422894305 0.0 984
1726422894344 0.0 985
1726422894385 0.0 986
1726422894425 0.0 987
1726422894464 0.0 988
1726422894504 0.0 989
1726422894543 0.0 990
1726422894582 0.0 991
1726422894622 0.0 992
1726422894661 0.0 993
1726422894700 0.0 994
1726422894740 0.0 995
1726422894780 0.0 996
1726422894819 0.0 997
1726422894858 0.0 998
1726422894898 0.0 999
