1726234347742 0.08095836639404297 0
1726234347784 0.07001948356628418 1
1726234347829 0.06731247901916504 2
1726234347871 0.06577873229980469 3
1726234347907 0.06321501731872559 4
1726234347943 0.07794189453125 5
1726234347981 0.07240307331085205 6
1726234348025 0.06176042556762695 7
1726234348070 0.07489204406738281 8
1726234348110 0.07555055618286133 9
1726234348165 0.054137587547302246 10
1726234348207 0.07757532596588135 11
1726234348249 0.06126976013183594 12
1726234348295 0.0396876335144043 13
1726234348341 0.048566460609436035 14
1726234348382 0.026947379112243652 15
1726234348425 0.0589219331741333 16
1726234348463 0.0638202428817749 17
1726234348512 0.05898702144622803 18
1726234348568 0.05971252918243408 19
1726234348620 0.04912889003753662 20
1726234348665 0.05165600776672363 21
1726234348706 0.06218099594116211 22
1726234348752 0.05972492694854736 23
1726234348793 0.058956265449523926 24
1726234348840 0.06555831432342529 25
1726234348877 0.07650649547576904 26
1726234348913 0.05723118782043457 27
1726234348978 0.0752493143081665 28
1726234349016 0.07767891883850098 29
1726234349055 0.06675124168395996 30
1726234349094 0.07658052444458008 31
1726234349138 0.06717371940612793 32
1726234349187 0.05803871154785156 33
1726234349236 0.04416847229003906 34
1726234349285 0.05313754081726074 35
1726234349327 0.059745073318481445 36
1726234349366 0.05275583267211914 37
1726234349405 0.05030965805053711 38
1726234349445 0.062074899673461914 39
1726234349487 0.05679941177368164 40
1726234349533 0.05053675174713135 41
1726234349576 0.07189154624938965 42
1726234349618 0.06857538223266602 43
1726234349657 0.07280707359313965 44
1726234349696 0.07849442958831787 45
1726234349735 0.0755612850189209 46
1726234349775 0.059600234031677246 47
1726234349811 0.04791855812072754 48
1726234349848 0.06661272048950195 49
1726234349886 0.07997965812683105 50
1726234349922 0.05676555633544922 51
1726234349960 0.04240918159484863 52
1726234349997 0.045886993408203125 53
1726234350036 0.06529021263122559 54
1726234350076 0.07173871994018555 55
1726234350113 0.06803274154663086 56
1726234350151 0.05927705764770508 57
1726234350188 0.05226564407348633 58
1726234350225 0.05795407295227051 59
1726234350262 0.04788613319396973 60
1726234350299 0.06127619743347168 61
1726234350336 0.029268741607666016 62
1726234350373 0.061224937438964844 63
1726234350411 0.07590508460998535 64
1726234350448 0.07387030124664307 65
1726234350486 0.05422043800354004 66
1726234350523 0.06251406669616699 67
1726234350560 0.056330204010009766 68
1726234350597 0.07009410858154297 69
1726234350635 0.07557666301727295 70
1726234350674 0.06571459770202637 71
1726234350711 0.05213165283203125 72
1726234350748 0.03409099578857422 73
1726234350786 0.04705929756164551 74
1726234350825 0.06920838356018066 75
1726234350869 0.07842683792114258 76
1726234350909 0.0755307674407959 77
1726234350950 0.05520737171173096 78
1726234350991 0.037615299224853516 79
1726234351031 0.023030638694763184 80
1726234351076 0.041654109954833984 81
1726234351118 0.05729353427886963 82
1726234351165 0.06680846214294434 83
1726234351210 0.07589352130889893 84
1726234351246 0.05305683612823486 85
1726234351284 0.06268584728240967 86
1726234351320 0.0691518783569336 87
1726234351358 0.0722435712814331 88
1726234351396 0.07455289363861084 89
1726234351434 0.07189774513244629 90
1726234351471 0.0738292932510376 91
1726234351510 0.06555294990539551 92
1726234351547 0.07170462608337402 93
1726234351586 0.06468033790588379 94
1726234351625 0.060579657554626465 95
1726234351662 0.05899548530578613 96
1726234351701 0.07220292091369629 97
1726234351739 0.07671427726745605 98
1726234351777 0.07354521751403809 99
1726234351816 0.0699148178100586 100
1726234351871 0.06874954700469971 101
1726234351917 0.07877922058105469 102
1726234351971 0.07698464393615723 103
1726234352016 0.07734620571136475 104
1726234352058 0.07130312919616699 105
1726234352096 0.07895612716674805 106
1726234352135 0.07367682456970215 107
1726234352177 0.06414675712585449 108
1726234352218 0.05662643909454346 109
1726234352260 0.04993152618408203 110
1726234352298 0.06675541400909424 111
1726234352337 0.07711660861968994 112
1726234352378 0.06574416160583496 113
1726234352419 0.06479835510253906 114
1726234352463 0.05239701271057129 115
1726234352509 0.04179668426513672 116
1726234352549 0.05968356132507324 117
1726234352586 0.05650162696838379 118
1726234352624 0.06758475303649902 119
1726234352660 0.06734800338745117 120
1726234352697 0.06137800216674805 121
1726234352734 0.06461954116821289 122
1726234352771 0.045708298683166504 123
1726234352809 0.07659876346588135 124
1726234352846 0.07007920742034912 125
1726234352883 0.07077455520629883 126
1726234352920 0.07369577884674072 127
1726234352957 0.05840957164764404 128
1726234352994 0.05791926383972168 129
1726234353030 0.05732381343841553 130
1726234353067 0.07127523422241211 131
1726234353104 0.06336164474487305 132
1726234353142 0.04416477680206299 133
1726234353179 0.06300652027130127 134
1726234353216 0.08020150661468506 135
1726234353253 0.07621479034423828 136
1726234353291 0.08079290390014648 137
1726234353329 0.0786733627319336 138
1726234353367 0.07287788391113281 139
1726234353405 0.08106529712677002 140
1726234353443 0.06668782234191895 141
1726234353480 0.05634307861328125 142
1726234353519 0.06748104095458984 143
1726234353556 0.0763629674911499 144
1726234353595 0.07025301456451416 145
1726234353633 0.0659036636352539 146
1726234353671 0.06158888339996338 147
1726234353709 0.05138099193572998 148
1726234353746 0.05068933963775635 149
1726234353784 0.058469176292419434 150
1726234353823 0.032204627990722656 151
1726234353862 0.0526583194732666 152
1726234353901 0.07492661476135254 153
1726234353939 0.075569748878479 154
1726234353977 0.07684612274169922 155
1726234354015 0.07969284057617188 156
1726234354053 0.08191657066345215 157
1726234354091 0.06732571125030518 158
1726234354129 0.06886553764343262 159
1726234354167 0.07811152935028076 160
1726234354205 0.06845688819885254 161
1726234354242 0.07032632827758789 162
1726234354280 0.07427525520324707 163
1726234354318 0.04735136032104492 164
1726234354360 0.06404495239257812 165
1726234354398 0.07444095611572266 166
1726234354437 0.07718133926391602 167
1726234354475 0.08011770248413086 168
1726234354514 0.060880184173583984 169
1726234354552 0.07996368408203125 170
1726234354590 0.07513880729675293 171
1726234354629 0.060763001441955566 172
1726234354667 0.06239938735961914 173
1726234354705 0.06294083595275879 174
1726234354742 0.05137002468109131 175
1726234354780 0.056429147720336914 176
1726234354818 0.0663754940032959 177
1726234354856 0.04490327835083008 178
1726234354894 0.07838964462280273 179
1726234354932 0.06815552711486816 180
1726234354971 0.05060923099517822 181
1726234355009 0.052961111068725586 182
1726234355047 0.04434478282928467 183
1726234355085 0.051576852798461914 184
1726234355123 0.07023358345031738 185
1726234355161 0.0641481876373291 186
1726234355199 0.055585384368896484 187
1726234355237 0.045757293701171875 188
1726234355274 0.0770796537399292 189
1726234355312 0.07301855087280273 190
1726234355350 0.0730893611907959 191
1726234355389 0.0780642032623291 192
1726234355427 0.08011150360107422 193
1726234355464 0.06481945514678955 194
1726234355503 0.06198751926422119 195
1726234355541 0.06977272033691406 196
1726234355579 0.0628359317779541 197
1726234355617 0.057474613189697266 198
1726234355656 0.06419026851654053 199
1726234355694 0.05886507034301758 200
1726234355732 0.05952048301696777 201
1726234355770 0.05541586875915527 202
1726234355808 0.05262589454650879 203
1726234355845 0.05684399604797363 204
1726234355883 0.06689000129699707 205
1726234355922 0.062084317207336426 206
1726234355966 0.05975186824798584 207
1726234356010 0.07535421848297119 208
1726234356051 0.04510641098022461 209
1726234356098 0.040143728256225586 210
1726234356138 0.0482790470123291 211
1726234356177 0.05189180374145508 212
1726234356216 0.0373079776763916 213
1726234356255 0.0587766170501709 214
1726234356293 0.0426480770111084 215
1726234356332 0.06883811950683594 216
1726234356370 0.07622420787811279 217
1726234356409 0.07577133178710938 218
1726234356447 0.06041717529296875 219
1726234356486 0.05309557914733887 220
1726234356525 0.04519915580749512 221
1726234356562 0.03860330581665039 222
1726234356601 0.03301644325256348 223
1726234356640 0.05787479877471924 224
1726234356678 0.0535275936126709 225
1726234356717 0.057062387466430664 226
1726234356754 0.07139050960540771 227
1726234356793 0.07770681381225586 228
1726234356831 0.06091487407684326 229
1726234356869 0.06176590919494629 230
1726234356908 0.06809413433074951 231
1726234356946 0.05715489387512207 232
1726234356984 0.05527353286743164 233
1726234357021 0.06442725658416748 234
1726234357059 0.06561720371246338 235
1726234357097 0.06004774570465088 236
1726234357136 0.05552113056182861 237
1726234357175 0.04935920238494873 238
1726234357213 0.07094287872314453 239
1726234357250 0.06940293312072754 240
1726234357288 0.049558162689208984 241
1726234357326 0.05390572547912598 242
1726234357365 0.05776500701904297 243
1726234357404 0.080657958984375 244
1726234357441 0.07423925399780273 245
1726234357478 0.06764936447143555 246
1726234357517 0.06738293170928955 247
1726234357556 0.06796324253082275 248
1726234357594 0.06289803981781006 249
1726234357631 0.06627464294433594 250
1726234357670 0.037564754486083984 251
1726234357708 0.02141261100769043 252
1726234357746 0.03261756896972656 253
1726234357784 0.02026045322418213 254
1726234357821 0.02269434928894043 255
1726234357859 0.03201699256896973 256
1726234357898 0.078482985496521 257
1726234357936 0.05862593650817871 258
1726234357974 0.07438325881958008 259
1726234358013 0.07025957107543945 260
1726234358050 0.052452802658081055 261
1726234358088 0.08121705055236816 262
1726234358125 0.07338345050811768 263
1726234358164 0.06705236434936523 264
1726234358203 0.06703066825866699 265
1726234358241 0.06357777118682861 266
1726234358278 0.04488790035247803 267
1726234358316 0.050538063049316406 268
1726234358354 0.0466001033782959 269
1726234358392 0.07356607913970947 270
1726234358430 0.06966423988342285 271
1726234358468 0.06528425216674805 272
1726234358506 0.05753755569458008 273
1726234358544 0.07939672470092773 274
1726234358582 0.05986928939819336 275
1726234358620 0.05519556999206543 276
1726234358659 0.026920557022094727 277
1726234358697 0.06644964218139648 278
1726234358734 0.057967424392700195 279
1726234358773 0.07260453701019287 280
1726234358811 0.07471084594726562 281
1726234358849 0.07825231552124023 282
1726234358889 0.07361412048339844 283
1726234358927 0.06545150279998779 284
1726234358965 0.059371232986450195 285
1726234359002 0.06381475925445557 286
1726234359041 0.06337547302246094 287
1726234359081 0.050393104553222656 288
1726234359118 0.04076671600341797 289
1726234359156 0.07756853103637695 290
1726234359194 0.07520914077758789 291
1726234359232 0.07471060752868652 292
1726234359269 0.07181429862976074 293
1726234359307 0.07233476638793945 294
1726234359345 0.07756960391998291 295
1726234359383 0.08156085014343262 296
1726234359421 0.06214630603790283 297
1726234359459 0.07866442203521729 298
1726234359496 0.06599617004394531 299
1726234359535 0.06282687187194824 300
1726234359573 0.07409524917602539 301
1726234359611 0.06746447086334229 302
1726234359648 0.06715106964111328 303
1726234359686 0.07027935981750488 304
1726234359725 0.056142568588256836 305
1726234359762 0.05830872058868408 306
1726234359800 0.06664252281188965 307
1726234359840 0.0770721435546875 308
1726234359878 0.07388520240783691 309
1726234359917 0.07636809349060059 310
1726234359956 0.07389044761657715 311
1726234359994 0.050751686096191406 312
1726234360032 0.057157039642333984 313
1726234360070 0.05895984172821045 314
1726234360108 0.06378507614135742 315
1726234360148 0.07135486602783203 316
1726234360187 0.06602239608764648 317
1726234360225 0.06300985813140869 318
1726234360263 0.06817984580993652 319
1726234360302 0.051659345626831055 320
1726234360340 0.056265830993652344 321
1726234360379 0.056917428970336914 322
1726234360417 0.06022214889526367 323
1726234360455 0.05154454708099365 324
1726234360493 0.07188248634338379 325
1726234360532 0.06148362159729004 326
1726234360570 0.04759776592254639 327
1726234360608 0.07460665702819824 328
1726234360646 0.07323241233825684 329
1726234360684 0.08206677436828613 330
1726234360722 0.06157958507537842 331
1726234360759 0.07649040222167969 332
1726234360798 0.061682820320129395 333
1726234360835 0.07569098472595215 334
1726234360875 0.0735166072845459 335
1726234360914 0.07934236526489258 336
1726234360952 0.08064150810241699 337
1726234360990 0.07732284069061279 338
1726234361028 0.0764319896697998 339
1726234361070 0.08075261116027832 340
1726234361112 0.06979227066040039 341
1726234361153 0.06073153018951416 342
1726234361191 0.07522988319396973 343
1726234361230 0.07485604286193848 344
1726234361269 0.06871771812438965 345
1726234361308 0.0656663179397583 346
1726234361347 0.06772923469543457 347
1726234361386 0.06022953987121582 348
1726234361424 0.05861771106719971 349
1726234361462 0.04700183868408203 350
1726234361500 0.05136919021606445 351
1726234361539 0.06770467758178711 352
1726234361577 0.07258713245391846 353
1726234361615 0.06554436683654785 354
1726234361653 0.04318666458129883 355
1726234361690 0.07151627540588379 356
1726234361729 0.07215499877929688 357
1726234361767 0.07807254791259766 358
1726234361805 0.06809115409851074 359
1726234361844 0.07044816017150879 360
1726234361882 0.0751030445098877 361
1726234361921 0.0778806209564209 362
1726234361959 0.07567548751831055 363
1726234361997 0.06879448890686035 364
1726234362035 0.06421506404876709 365
1726234362073 0.07569754123687744 366
1726234362111 0.07037675380706787 367
1726234362148 0.06528115272521973 368
1726234362187 0.08192753791809082 369
1726234362225 0.06978976726531982 370
1726234362263 0.0750722885131836 371
1726234362311 0.0605999231338501 372
1726234362358 0.04884052276611328 373
1726234362412 0.06283879280090332 374
1726234362474 0.060268521308898926 375
1726234362538 0.051531314849853516 376
1726234362598 0.07420825958251953 377
1726234362647 0.05615687370300293 378
1726234362695 0.06836557388305664 379
1726234362745 0.06216859817504883 380
1726234362803 0.07610857486724854 381
1726234362851 0.07729959487915039 382
1726234362898 0.07852840423583984 383
1726234362947 0.08138656616210938 384
1726234362996 0.08195745944976807 385
1726234363044 0.06416070461273193 386
1726234363092 0.0641469955444336 387
1726234363141 0.05540800094604492 388
1726234363189 0.030127286911010742 389
1726234363238 0.044263362884521484 390
1726234363288 0.06876862049102783 391
1726234363339 0.07204186916351318 392
1726234363388 0.07131433486938477 393
1726234363437 0.05480027198791504 394
1726234363486 0.060297250747680664 395
1726234363538 0.0771026611328125 396
1726234363582 0.0754079818725586 397
1726234363626 0.07085931301116943 398
1726234363669 0.0682835578918457 399
1726234363710 0.07259988784790039 400
1726234363754 0.07601022720336914 401
1726234363799 0.05196213722229004 402
1726234363844 0.05070602893829346 403
1726234363897 0.06377625465393066 404
1726234363952 0.0684964656829834 405
1726234363994 0.04218947887420654 406
1726234364039 0.028573274612426758 407
1726234364095 0.027082204818725586 408
1726234364136 0.07849502563476562 409
1726234364175 0.07753121852874756 410
1726234364213 0.0532984733581543 411
1726234364251 0.05026841163635254 412
1726234364288 0.05630946159362793 413
1726234364326 0.058504462242126465 414
1726234364364 0.0571742057800293 415
1726234364402 0.05864548683166504 416
1726234364440 0.057421207427978516 417
1726234364477 0.06860470771789551 418
1726234364515 0.06625819206237793 419
1726234364554 0.06946873664855957 420
1726234364592 0.0800321102142334 421
1726234364630 0.06567764282226562 422
1726234364668 0.047315120697021484 423
1726234364706 0.033844947814941406 424
1726234364744 0.06010746955871582 425
1726234364781 0.059317588806152344 426
1726234364819 0.0500035285949707 427
1726234364857 0.04943370819091797 428
1726234364894 0.04612445831298828 429
1726234364933 0.057654619216918945 430
1726234364971 0.07921087741851807 431
1726234365010 0.07692158222198486 432
1726234365048 0.03603231906890869 433
1726234365086 0.043439626693725586 434
1726234365123 0.058567047119140625 435
1726234365161 0.0510404109954834 436
1726234365201 0.06611752510070801 437
1726234365238 0.052390456199645996 438
1726234365276 0.0810936689376831 439
1726234365314 0.0755455493927002 440
1726234365353 0.08144402503967285 441
1726234365390 0.06839263439178467 442
1726234365428 0.0775156021118164 443
1726234365466 0.05098426342010498 444
1726234365505 0.05494856834411621 445
1726234365544 0.04359030723571777 446
1726234365582 0.04294168949127197 447
1726234365620 0.04825127124786377 448
1726234365658 0.041570425033569336 449
1726234365697 0.0548553466796875 450
1726234365743 0.05974173545837402 451
1726234365798 0.05290508270263672 452
1726234365861 0.041924476623535156 453
1726234365904 0.046736717224121094 454
1726234365943 0.03187870979309082 455
1726234365982 0.05801403522491455 456
1726234366031 0.07317709922790527 457
1726234366079 0.07319092750549316 458
1726234366119 0.07939732074737549 459
1726234366161 0.07379436492919922 460
1726234366200 0.07651567459106445 461
1726234366244 0.07981336116790771 462
1726234366282 0.06159353256225586 463
1726234366329 0.07267534732818604 464
1726234366373 0.059827208518981934 465
1726234366443 0.060469627380371094 466
1726234366484 0.06906163692474365 467
1726234366524 0.06918179988861084 468
1726234366561 0.07652068138122559 469
1726234366597 0.075164794921875 470
1726234366634 0.07831084728240967 471
1726234366670 0.045446157455444336 472
1726234366707 0.0444180965423584 473
1726234366744 0.07551383972167969 474
1726234366781 0.07404828071594238 475
1726234366817 0.07093071937561035 476
1726234366854 0.05966627597808838 477
1726234366891 0.04238009452819824 478
1726234366928 0.047039031982421875 479
1726234366964 0.0383988618850708 480
1726234367002 0.06150972843170166 481
1726234367044 0.05994009971618652 482
1726234367084 0.06308341026306152 483
1726234367122 0.06658148765563965 484
1726234367159 0.07552444934844971 485
1726234367197 0.07246565818786621 486
1726234367234 0.06085562705993652 487
1726234367272 0.055222511291503906 488
1726234367309 0.060720205307006836 489
1726234367347 0.06778883934020996 490
1726234367384 0.0725870132446289 491
1726234367422 0.05195045471191406 492
1726234367461 0.049458861351013184 493
1726234367498 0.03761696815490723 494
1726234367537 0.032168030738830566 495
1726234367576 0.05653095245361328 496
1726234367615 0.03142845630645752 497
1726234367653 0.03821587562561035 498
1726234367692 0.02801668643951416 499
1726234367730 0.05915379524230957 500
1726234367768 0.056614041328430176 501
1726234367805 0.05822610855102539 502
1726234367844 0.05679440498352051 503
1726234367882 0.059268951416015625 504
1726234367919 0.04347240924835205 505
1726234367958 0.042877912521362305 506
1726234367996 0.07207739353179932 507
1726234368033 0.05271267890930176 508
1726234368071 0.04624509811401367 509
1726234368108 0.04787278175354004 510
1726234368146 0.030268430709838867 511
1726234368184 0.0228806734085083 512
1726234368222 0.04592251777648926 513
1726234368259 0.05259859561920166 514
1726234368297 0.051611900329589844 515
1726234368335 0.05100715160369873 516
1726234368373 0.046100735664367676 517
1726234368410 0.04290485382080078 518
1726234368448 0.04328131675720215 519
1726234368486 0.06034040451049805 520
1726234368525 0.0603175163269043 521
1726234368580 0.06920337677001953 522
1726234368625 0.04211902618408203 523
1726234368664 0.051694273948669434 524
1726234368703 0.04515814781188965 525
1726234368741 0.04414010047912598 526
1726234368780 0.030884742736816406 527
1726234368818 0.0637962818145752 528
1726234368856 0.06383097171783447 529
1726234368895 0.06534373760223389 530
1726234368934 0.07451844215393066 531
1726234368972 0.08063197135925293 532
1726234369010 0.07472658157348633 533
1726234369049 0.04892599582672119 534
1726234369088 0.0569995641708374 535
1726234369126 0.05205345153808594 536
1726234369165 0.04680907726287842 537
1726234369205 0.042278409004211426 538
1726234369243 0.04739820957183838 539
1726234369282 0.047742605209350586 540
1726234369321 0.06118142604827881 541
1726234369359 0.05351686477661133 542
1726234369397 0.0399097204208374 543
1726234369436 0.03982341289520264 544
1726234369474 0.05440402030944824 545
1726234369512 0.06289863586425781 546
1726234369550 0.0654524564743042 547
1726234369588 0.05550229549407959 548
1726234369627 0.05145907402038574 549
1726234369665 0.03872489929199219 550
1726234369704 0.04540610313415527 551
1726234369742 0.059102416038513184 552
1726234369780 0.05348050594329834 553
1726234369818 0.0701826810836792 554
1726234369856 0.06094038486480713 555
1726234369895 0.07357633113861084 556
1726234369934 0.06520628929138184 557
1726234369972 0.05006754398345947 558
1726234370011 0.0749291181564331 559
1726234370049 0.07023930549621582 560
1726234370087 0.06105542182922363 561
1726234370125 0.05955541133880615 562
1726234370163 0.05265247821807861 563
1726234370201 0.051301002502441406 564
1726234370240 0.06654191017150879 565
1726234370280 0.08173942565917969 566
1726234370318 0.07502245903015137 567
1726234370356 0.0599057674407959 568
1726234370395 0.059017062187194824 569
1726234370435 0.06228673458099365 570
1726234370474 0.056644439697265625 571
1726234370513 0.05078577995300293 572
1726234370554 0.04636228084564209 573
1726234370594 0.06471920013427734 574
1726234370634 0.06497526168823242 575
1726234370674 0.02134108543395996 576
1726234370713 0.011265158653259277 577
1726234370751 0.035588979721069336 578
1726234370791 0.01681661605834961 579
1726234370830 0.01416170597076416 580
1726234370870 0.04916572570800781 581
1726234370910 0.03813982009887695 582
1726234370950 0.035405516624450684 583
1726234370990 0.03213024139404297 584
1726234371030 0.02801692485809326 585
1726234371071 0.02441847324371338 586
1726234371112 0.020814180374145508 587
1726234371152 0.0331035852432251 588
1726234371193 0.03223121166229248 589
1726234371235 0.03130829334259033 590
1726234371277 0.03032541275024414 591
1726234371322 0.03826427459716797 592
1726234371367 0.04857206344604492 593
1726234371416 0.04760932922363281 594
1726234371476 0.04686880111694336 595
1726234371519 0.04609489440917969 596
1726234371563 0.045284271240234375 597
1726234371604 0.03241097927093506 598
1726234371645 0.033264875411987305 599
1726234371686 0.053110361099243164 600
1726234371728 0.05206096172332764 601
1726234371773 0.03845489025115967 602
1726234371821 0.032012224197387695 603
1726234371866 0.03350961208343506 604
1726234371915 0.0322418212890625 605
1726234371958 0.030879616737365723 606
1726234371999 0.027869105339050293 607
1726234372041 0.021318912506103516 608
1726234372082 0.04003763198852539 609
1726234372126 0.03629100322723389 610
1726234372168 0.027385354042053223 611
1726234372210 0.007171154022216797 612
1726234372253 0.007011771202087402 613
1726234372306 -0.001376032829284668 614
1726234372357 -0.0018166303634643555 615
1726234372400 -0.0022791624069213867 616
1726234372443 0.04142940044403076 617
1726234372483 0.040451765060424805 618
1726234372526 0.01201176643371582 619
1726234372568 0.00855255126953125 620
1726234372613 0.0070078372955322266 621
1726234372656 -0.0011761188507080078 622
1726234372697 0.0013723373413085938 623
1726234372740 0.0023279190063476562 624
1726234372781 -0.006431221961975098 625
1726234372823 -0.009281635284423828 626
1726234372862 -0.009670019149780273 627
1726234372901 0.015076994895935059 628
1726234372941 0.007368683815002441 629
1726234372982 0.043126821517944336 630
1726234373022 0.03865611553192139 631
1726234373062 0.04212045669555664 632
1726234373103 0.03714108467102051 633
1726234373145 0.024093270301818848 634
1726234373186 0.021027445793151855 635
1726234373229 0.01799607276916504 636
1726234373269 0.0162503719329834 637
1726234373308 0.011281371116638184 638
1726234373348 0.01932346820831299 639
1726234373388 0.015100240707397461 640
1726234373429 0.008984565734863281 641
1726234373471 0.006737470626831055 642
1726234373512 0.006650567054748535 643
1726234373552 0.006361961364746094 644
1726234373594 0.006061553955078125 645
1726234373635 -0.0031478404998779297 646
1726234373676 -0.009752273559570312 647
1726234373720 -0.01003122329711914 648
1726234373767 -0.010312438011169434 649
1726234373811 -9.739398956298828e-05 650
1726234373853 -0.0004341602325439453 651
1726234373897 -0.0007734298706054688 652
1726234373940 0.015358805656433105 653
1726234373982 0.013707518577575684 654
1726234374025 0.013451218605041504 655
1726234374067 0.013193607330322266 656
1726234374110 0.013193130493164062 657
1726234374151 0.013040661811828613 658
1726234374194 0.013850212097167969 659
1726234374236 0.011813640594482422 660
1726234374276 0.0416262149810791 661
1726234374317 0.040720462799072266 662
1726234374360 0.03640913963317871 663
1726234374404 0.03507542610168457 664
1726234374445 0.03360438346862793 665
1726234374486 0.042334914207458496 666
1726234374531 0.05223345756530762 667
1726234374574 0.05097639560699463 668
1726234374628 0.04950714111328125 669
1726234374681 0.05465841293334961 670
1726234374728 0.0552670955657959 671
1726234374768 0.06155037879943848 672
1726234374807 0.06588196754455566 673
1726234374848 0.06487321853637695 674
1726234374887 0.058547019958496094 675
1726234374927 0.04949820041656494 676
1726234374967 0.04654741287231445 677
1726234375007 0.05184757709503174 678
1726234375049 0.06392145156860352 679
1726234375090 0.04814481735229492 680
1726234375129 0.04649245738983154 681
1726234375169 0.01426076889038086 682
1726234375212 0.011770009994506836 683
1726234375254 0.007905960083007812 684
1726234375297 0.007905960083007812 685
