1727298093992 2e-05 0
1727298094034 -0.12514328956604004 1
1727298094070 0.012954473495483398 2
1727298094111 -0.0665740966796875 3
1727298094149 0.05658102035522461 4
1727298094194 -0.1069788932800293 5
1727298094229 0.035058021545410156 6
1727298094266 0.038598060607910156 7
1727298094306 0.06374311447143555 8
1727298094344 -0.08193135261535645 9
1727298094386 0.011883735656738281 10
1727298094434 0.11167263984680176 11
1727298094475 -0.07033896446228027 12
1727298094512 -0.010464906692504883 13
1727298094551 0.002124786376953125 14
1727298094593 0.10310554504394531 15
1727298094630 -0.1409130096435547 16
1727298094674 -0.009198665618896484 17
1727298094721 0.12595796585083008 18
1727298094768 -0.08712053298950195 19
1727298094807 -0.0049266815185546875 20
1727298094844 -0.15137934684753418 21
1727298094881 0.2923588752746582 22
1727298094922 -0.10767245292663574 23
1727298094961 -0.11307239532470703 24
1727298094998 -0.0583956241607666 25
1727298095043 0.1960620880126953 26
1727298095088 0.04522967338562012 27
1727298095132 -0.15340685844421387 28
1727298095181 0.08852148056030273 29
1727298095229 0.06124997138977051 30
1727298095277 -0.03207039833068848 31
1727298095327 -0.015723228454589844 32
1727298095379 0.035698652267456055 33
1727298095419 -0.0745241641998291 34
1727298095461 0.05395793914794922 35
1727298095502 -0.08101534843444824 36
1727298095543 -0.0674734115600586 37
1727298095584 0.05133318901062012 38
1727298095630 -0.00854349136352539 39
1727298095671 0.08106875419616699 40
1727298095711 -0.05629277229309082 41
1727298095754 0.0834343433380127 42
1727298095794 -0.012043476104736328 43
1727298095835 -0.2672276496887207 44
1727298095881 0.047242820262908936 45
1727298095930 0.07291227579116821 46
1727298095983 0.05994391441345215 47
1727298096032 -0.1348433494567871 48
1727298096078 0.22380733489990234 49
1727298096114 -0.17520809173583984 50
1727298096150 0.15931391716003418 51
1727298096190 -0.05930185317993164 52
1727298096226 0.06283450126647949 53
1727298096261 -0.10787630081176758 54
1727298096297 0.06327152252197266 55
1727298096346 -0.03387808799743652 56
1727298096392 0.11454653739929199 57
1727298096438 0.060868263244628906 58
1727298096486 -0.08190345764160156 59
1727298096538 -0.044104814529418945 60
1727298096595 -0.011355161666870117 61
1727298096654 0.10050535202026367 62
1727298096700 -0.1477212905883789 63
1727298096742 0.12352120876312256 64
1727298096783 -0.10514533519744873 65
1727298096830 0.04322338104248047 66
1727298096867 -0.02705550193786621 67
1727298096903 0.14376148581504822 68
1727298096952 -0.1691957414150238 69
1727298096990 0.068572998046875 70
1727298097029 0.005079030990600586 71
1727298097079 0.0020194053649902344 72
1727298097125 -0.14806795120239258 73
1727298097170 0.0999755859375 74
1727298097219 0.020773649215698242 75
1727298097266 0.07661628723144531 76
1727298097310 -0.1048893928527832 77
1727298097353 -0.09189033508300781 78
1727298097397 0.10281634330749512 79
1727298097445 -0.16653728485107422 80
1727298097489 0.23948359489440918 81
1727298097526 -0.03515625 82
1727298097563 0.0298311710357666 83
1727298097601 -0.02521824836730957 84
1727298097638 -0.012644767761230469 85
1727298097674 -0.018479585647583008 86
1727298097710 -0.13527202606201172 87
1727298097747 -0.07022738456726074 88
1727298097785 0.17694449424743652 89
1727298097822 -0.1186990737915039 90
1727298097861 0.1427931785583496 91
1727298097896 -0.056852102279663086 92
1727298097934 -0.22344136238098145 93
1727298097980 0.17102742195129395 94
1727298098018 0.16367554664611816 95
1727298098053 -0.07095050811767578 96
1727298098089 -0.10604381561279297 97
1727298098125 0.17876935005187988 98
1727298098169 0.015155062079429626 99
1727298098212 -0.11040137708187103 100
1727298098265 0.11800646781921387 101
1727298098308 -0.10390663146972656 102
1727298098355 0.03842926025390625 103
1727298098396 -0.23000144958496094 104
1727298098432 0.17829370498657227 105
1727298098468 0.09653925895690918 106
1727298098505 0.024527788162231445 107
1727298098542 -0.14938092231750488 108
1727298098578 0.12506389617919922 109
1727298098615 -0.058088064193725586 110
1727298098657 -0.022693395614624023 111
1727298098704 0.061817169189453125 112
1727298098747 -0.041550636291503906 113
1727298098792 -0.01332712173461914 114
1727298098834 -0.002636432647705078 115
1727298098879 0.020383596420288086 116
1727298098922 -0.13870763778686523 117
1727298098966 0.1854245662689209 118
1727298099006 -0.11813783645629883 119
1727298099041 0.15007948875427246 120
1727298099076 -0.11275982856750488 121
1727298099114 0.10149192810058594 122
1727298099151 -0.11845278739929199 123
1727298099196 0.04436495900154114 124
1727298099239 0.07186385989189148 125
1727298099278 -0.0415499210357666 126
1727298099316 -0.04079937934875488 127
1727298099354 0.03782057762145996 128
1727298099391 0.0003979206085205078 129
1727298099426 -0.06720399856567383 130
1727298099462 0.04616212844848633 131
1727298099499 0.1722816526889801 132
1727298099536 -0.17761626839637756 133
1727298099578 -0.05800509452819824 134
1727298099625 0.006896495819091797 135
1727298099668 0.13216114044189453 136
1727298099711 -0.12370514869689941 137
1727298099757 0.14234638214111328 138
1727298099802 -0.1459970474243164 139
1727298099846 0.05771279335021973 140
1727298099893 0.07408642768859863 141
1727298099938 -0.17457079887390137 142
1727298099982 0.1408226490020752 143
1727298100026 -0.06503081321716309 144
1727298100067 0.08225631713867188 145
1727298100112 -0.11434125900268555 146
1727298100151 0.06806278228759766 147
1727298100189 0.01784348487854004 148
1727298100231 -0.0939481258392334 149
1727298100279 0.004231929779052734 150
1727298100324 0.12779450416564941 151
1727298100367 -0.17775940895080566 152
1727298100401 0.10613656044006348 153
1727298100437 0.04255795478820801 154
1727298100473 0.03205251693725586 155
1727298100509 -0.11754584312438965 156
1727298100555 0.09279847145080566 157
1727298100600 0.004179954528808594 158
1727298100646 -0.09558582305908203 159
1727298100689 0.02697157859802246 160
1727298100727 0.1005699634552002 161
1727298100766 -0.045923471450805664 162
1727298100803 -0.04155397415161133 163
1727298100839 0.014894962310791016 164
1727298100879 -0.12642288208007812 165
1727298100916 0.21912217140197754 166
1727298100958 -0.07635378837585449 167
1727298101003 0.06677699089050293 168
1727298101045 -0.14923477172851562 169
1727298101081 0.0001494884490966797 170
1727298101119 0.1554126739501953 171
1727298101157 -0.1689145565032959 172
1727298101194 -0.04233288764953613 173
1727298101229 0.06779909133911133 174
1727298101264 0.12952399253845215 175
1727298101299 -0.0008289813995361328 176
1727298101335 -0.18321967124938965 177
1727298101377 0.18078136444091797 178
1727298101413 -0.058065176010131836 179
1727298101449 -0.0334627628326416 180
1727298101485 0.022357940673828125 181
1727298101521 -0.10910391807556152 182
1727298101557 0.04947543144226074 183
1727298101594 -0.2205355167388916 184
1727298101632 0.31224679946899414 185
1727298101668 0.005636692047119141 186
1727298101710 0.06576681137084961 187
1727298101754 -0.06962919235229492 188
1727298101798 -0.05387520790100098 189
1727298101842 -0.011945724487304688 190
1727298101887 0.06009221076965332 191
1727298101930 0.03599429130554199 192
1727298101975 -0.17230558395385742 193
1727298102016 0.17282867431640625 194
1727298102053 -0.028043031692504883 195
1727298102090 0.01812291145324707 196
1727298102128 -0.018625974655151367 197
1727298102165 -0.005697727203369141 198
1727298102201 -0.23741447925567627 199
1727298102238 0.18280112743377686 200
1727298102275 0.10275506973266602 201
1727298102311 -0.09927964210510254 202
1727298102348 0.10998368263244629 203
1727298102390 -0.23302268981933594 204
1727298102429 0.18432068824768066 205
1727298102467 -0.14058423042297363 206
1727298102503 0.12165617942810059 207
1727298102539 0.03567767143249512 208
1727298102575 -0.06189751625061035 209
1727298102612 0.03892970085144043 210
1727298102653 -0.04091167449951172 211
1727298102690 0.027593374252319336 212
1727298102725 -0.004983425140380859 213
1727298102762 0.03671622276306152 214
1727298102809 -0.0386810302734375 215
1727298102846 0.005804538726806641 216
1727298102884 -0.168914794921875 217
1727298102922 0.18413901329040527 218
1727298102960 -0.0038902759552001953 219
1727298102996 -0.03367924690246582 220
1727298103031 -0.0705258846282959 221
1727298103072 0.07758283615112305 222
1727298103114 -0.12999796867370605 223
1727298103153 0.15140175819396973 224
1727298103195 -0.03262448310852051 225
1727298103238 0.07672262191772461 226
1727298103274 -0.19196724891662598 227
1727298103314 0.10518074035644531 228
1727298103351 0.00822591781616211 229
1727298103394 0.04339265823364258 230
1727298103431 -0.07755446434020996 231
1727298103467 -0.006279706954956055 232
1727298103507 0.0760498046875 233
1727298103545 0.06566309928894043 234
1727298103582 -0.23157644271850586 235
1727298103625 0.18132972717285156 236
1727298103670 -0.005785226821899414 237
1727298103706 0.005919694900512695 238
1727298103741 -0.021455764770507812 239
1727298103778 0.03789496421813965 240
1727298103815 -0.1240696907043457 241
1727298103853 -0.27774620056152344 242
1727298103889 0.2270817756652832 243
1727298103931 0.10809612274169922 244
1727298103969 -0.13436174392700195 245
1727298104006 0.13338899612426758 246
1727298104041 0.07019710540771484 247
1727298104076 -0.0091400146484375 248
1727298104111 -0.08569478988647461 249
1727298104150 0.06088089942932129 250
1727298104187 0.0009596347808837891 251
1727298104223 -0.019306182861328125 252
1727298104259 -0.09258770942687988 253
1727298104294 0.10796189308166504 254
1727298104329 -0.05433058738708496 255
1727298104367 0.05054783821105957 256
1727298104413 0.02680373191833496 257
1727298104455 -0.15730786323547363 258
1727298104491 0.18394136428833008 259
1727298104529 -0.14429378509521484 260
1727298104567 -0.10709285736083984 261
1727298104606 0.17990660667419434 262
1727298104645 0.1366843581199646 263
1727298104682 -0.12576884031295776 264
1727298104718 0.05034041404724121 265
1727298104754 -0.06247830390930176 266
1727298104798 0.015504837036132812 267
1727298104845 -0.0006971359252929688 268
1727298104893 0.04121589660644531 269
1727298104938 -0.03513813018798828 270
1727298104994 -0.13661670684814453 271
1727298105033 0.12634873390197754 272
1727298105069 -0.04620957374572754 273
1727298105104 0.08066534996032715 274
1727298105147 -0.1056525707244873 275
1727298105189 0.08019304275512695 276
1727298105233 -0.05810952186584473 277
1727298105278 -0.012364864349365234 278
1727298105322 0.0009555816650390625 279
1727298105362 -0.08160972595214844 280
1727298105398 0.1927788257598877 281
1727298105434 -0.136549711227417 282
1727298105470 0.04616110026836395 283
1727298105508 -0.10366575419902802 284
1727298105545 0.1078040599822998 285
1727298105580 -0.04218268394470215 286
1727298105616 -0.06625771522521973 287
1727298105652 0.07672333717346191 288
1727298105688 -0.05918240547180176 289
1727298105726 0.12364077568054199 290
1727298105763 -0.07300281524658203 291
1727298105811 -0.20772004127502441 292
1727298105854 0.21801137924194336 293
1727298105900 0.1238412857055664 294
1727298105945 -0.17254352569580078 295
1727298105993 -0.09337425231933594 296
1727298106040 0.271187424659729 297
1727298106075 -0.04957854747772217 298
1727298106110 0.0001537799835205078 299
1727298106160 -0.05975604057312012 300
1727298106207 -0.025676488876342773 301
1727298106259 -0.06771516799926758 302
1727298106300 0.1467587947845459 303
1727298106344 -0.029363632202148438 304
1727298106390 -0.022259235382080078 305
1727298106430 -0.01978302001953125 306
1727298106465 -0.008375167846679688 307
1727298106502 0.08520889282226562 308
1727298106539 -0.011254072189331055 309
1727298106575 -0.04968380928039551 310
1727298106610 -0.03992724418640137 311
1727298106655 0.05279946327209473 312
1727298106706 0.023713350296020508 313
1727298106759 -0.08161449432373047 314
1727298106809 0.08129048347473145 315
1727298106854 -0.014842510223388672 316
1727298106909 -0.015899658203125 317
1727298106954 0.044706106185913086 318
1727298107004 -0.08207511901855469 319
1727298107057 0.02255845069885254 320
1727298107107 -0.05728030204772949 321
1727298107156 0.11118173599243164 322
1727298107211 0.02589130401611328 323
1727298107263 -0.1526961326599121 324
1727298107313 -0.009560108184814453 325
1727298107364 0.1315162181854248 326
1727298107422 0.03729248046875 327
1727298107469 -0.028269529342651367 328
1727298107522 -0.017946243286132812 329
1727298107579 -0.12096524238586426 330
1727298107631 0.14620232582092285 331
1727298107690 -0.08848381042480469 332
1727298107743 0.013975143432617188 333
1727298107801 -0.12500524520874023 334
1727298107849 0.13025283813476562 335
1727298107901 -0.0795602798461914 336
1727298107950 0.15583038330078125 337
1727298108007 0.03080463409423828 338
1727298108063 -0.20837020874023438 339
1727298108121 0.1932828426361084 340
1727298108174 -0.10024452209472656 341
1727298108227 -0.013763427734375 342
1727298108272 0.1545886993408203 343
1727298108310 -0.02797985076904297 344
1727298108355 -0.1522352695465088 345
1727298108402 0.06110119819641113 346
1727298108438 0.06843757629394531 347
1727298108487 -0.036557912826538086 348
1727298108531 0.0658407211303711 349
1727298108567 -0.08068037033081055 350
1727298108606 0.06462335586547852 351
1727298108647 -0.19992637634277344 352
1727298108681 0.18094801902770996 353
1727298108716 -0.20700740814208984 354
1727298108757 -0.09530758857727051 355
1727298108796 -0.13270175457000732 356
1727298108834 -0.06675577163696289 357
1727298108870 -0.09149444103240967 358
1727298108908 -0.04446899890899658 359
1727298108944 -0.03533589839935303 360
1727298108979 0.5250005722045898 361
1727298109025 0.12176203727722168 362
1727298109060 -0.025684118270874023 363
1727298109099 0.09041666984558105 364
1727298109135 -0.041571855545043945 365
1727298109174 -0.2864041328430176 366
1727298109211 -0.20997977256774902 367
1727298109248 -0.11249256134033203 368
1727298109284 -0.10491740703582764 369
1727298109319 -0.028710126876831055 370
1727298109355 0.5292314291000366 371
1727298109391 0.11787223815917969 372
1727298109430 -0.03371763229370117 373
1727298109470 -0.015136480331420898 374
1727298109541 -0.2121565341949463 375
1727298109606 -0.1923508644104004 376
1727298109655 0.31638193130493164 377
1727298109716 -0.08420228958129883 378
1727298109765 -0.06553387641906738 379
1727298109828 -0.009611710906028748 380
1727298109888 0.077384814620018 381
1727298109952 -0.05483126640319824 382
1727298110015 -0.05079078674316406 383
1727298110055 -0.03895235061645508 384
1727298110110 -0.053597331047058105 385
1727298110161 -0.08531582355499268 386
1727298110205 -0.09824442863464355 387
1727298110246 -0.018776893615722656 388
1727298110284 -0.0184323787689209 389
1727298110324 -0.019196033477783203 390
1727298110362 -0.022290706634521484 391
1727298110402 -0.026506423950195312 392
1727298110439 -0.0318218469619751 393
1727298110475 -0.043625473976135254 394
1727298110515 -0.04750370979309082 395
1727298110566 -0.002567768096923828 396
1727298110605 -0.002818465232849121 397
1727298110642 -0.0031229257583618164 398
1727298110680 -0.0035017728805541992 399
1727298110720 -0.003986954689025879 400
1727298110770 -0.004632353782653809 401
1727298110810 -0.003325939178466797 402
1727298110850 -0.0030652284622192383 403
1727298110889 -0.003458738327026367 404
1727298110936 -0.003980040550231934 405
1727298110974 -0.004712581634521484 406
1727298111015 -0.0058405399322509766 407
1727298111055 -0.007901668548583984 408
1727298111092 -0.013088464736938477 409
1727298111133 0.0 410
