1727303190417 2.3028647899627686 0
1727303190455 1.9598119258880615 1
1727303190492 1.8949482440948486 2
1727303190532 1.9179418087005615 3
1727303190573 2.166409730911255 4
1727303190612 2.032262086868286 5
1727303190651 2.076404094696045 6
1727303190689 2.118945360183716 7
1727303190728 2.0451927185058594 8
1727303190767 2.2459640502929688 9
1727303190810 2.211954116821289 10
1727303190851 2.183583974838257 11
1727303190893 1.958227276802063 12
1727303190933 2.1836318969726562 13
1727303190974 2.0052247047424316 14
1727303191014 2.0779011249542236 15
1727303191055 2.055638551712036 16
1727303191096 2.0366322994232178 17
1727303191135 2.067111015319824 18
1727303191172 1.9618065357208252 19
1727303191212 2.03181791305542 20
1727303191251 2.208026170730591 21
1727303191290 2.0872409343719482 22
1727303191329 2.1344523429870605 23
1727303191368 2.1962876319885254 24
1727303191405 2.0070509910583496 25
1727303191443 2.1388473510742188 26
1727303191482 2.174470901489258 27
1727303191521 2.018223524093628 28
1727303191559 2.1285171508789062 29
1727303191597 2.063965320587158 30
1727303191636 2.179682493209839 31
1727303191677 2.0278429985046387 32
1727303191729 2.0873117446899414 33
1727303191783 1.9780585765838623 34
1727303191838 2.0526204109191895 35
1727303191890 2.1869750022888184 36
1727303191940 1.8701906204223633 37
1727303191986 2.0700907707214355 38
1727303192032 2.2625956535339355 39
1727303192076 2.2038955688476562 40
1727303192123 2.129589557647705 41
1727303192169 2.156790256500244 42
1727303192215 2.18961238861084 43
1727303192261 2.1285171508789062 44
1727303192310 2.1911346912384033 45
1727303192363 2.1003623008728027 46
1727303192410 1.8151049613952637 47
1727303192457 2.1602823734283447 48
1727303192504 2.1198959350585938 49
1727303192552 2.2444396018981934 50
1727303192598 1.983597993850708 51
1727303192643 2.0528595447540283 52
1727303192688 1.972732663154602 53
1727303192731 2.04146146774292 54
1727303192773 2.020015239715576 55
1727303192815 2.0600883960723877 56
1727303192856 2.1109962463378906 57
1727303192898 2.245785713195801 58
1727303192945 1.9237260818481445 59
1727303192985 2.0019114017486572 60
1727303193024 2.1495461463928223 61
1727303193062 2.2407724857330322 62
1727303193100 1.9760327339172363 63
1727303193146 2.1251955032348633 64
1727303193193 2.04074764251709 65
1727303193233 2.0551114082336426 66
1727303193273 2.072373867034912 67
1727303193312 1.9193793535232544 68
1727303193352 2.098266124725342 69
1727303193391 2.0451927185058594 70
1727303193430 2.0689783096313477 71
1727303193467 2.1542491912841797 72
1727303193505 2.1029505729675293 73
1727303193545 1.521618366241455 74
1727303193585 2.260958194732666 75
1727303193624 2.238830804824829 76
1727303193664 2.201367139816284 77
1727303193706 2.168482780456543 78
1727303193745 2.117950916290283 79
1727303193784 1.9997141361236572 80
1727303193824 2.1903297901153564 81
1727303193864 2.0062196254730225 82
1727303193904 2.1834495067596436 83
1727303193944 1.8707081079483032 84
1727303193984 2.0736637115478516 85
1727303194022 1.8834214210510254 86
1727303194062 2.226006507873535 87
1727303194102 2.166034698486328 88
1727303194146 2.1587414741516113 89
1727303194187 2.0014359951019287 90
1727303194224 2.069085121154785 91
1727303194263 2.069894313812256 92
1727303194302 2.212264060974121 93
1727303194340 2.0867390632629395 94
1727303194379 2.0549917221069336 95
1727303194418 2.06547212600708 96
1727303194458 2.1399953365325928 97
1727303194498 2.0708773136138916 98
1727303194537 2.1497039794921875 99
1727303194576 2.1953282356262207 100
1727303194617 2.1698734760284424 101
1727303194656 2.1092233657836914 102
1727303194698 2.0324153900146484 103
1727303194737 1.521618366241455 104
1727303194777 2.1648404598236084 105
1727303194816 2.1547555923461914 106
1727303194855 2.101862907409668 107
1727303194894 1.929991364479065 108
1727303194933 1.335769772529602 109
1727303194970 2.0562164783477783 110
1727303195010 2.085646867752075 111
1727303195051 2.0602145195007324 112
1727303195091 1.9551455974578857 113
1727303195131 1.9891798496246338 114
1727303195172 2.1678466796875 115
1727303195211 2.0182840824127197 116
1727303195251 2.2108123302459717 117
1727303195289 2.1852591037750244 118
1727303195327 2.183583974838257 119
1727303195366 2.06595778465271 120
1727303195404 2.1867291927337646 121
1727303195442 1.9784196615219116 122
1727303195480 1.9275068044662476 123
1727303195517 2.169114351272583 124
1727303195553 2.084498167037964 125
1727303195592 2.0896236896514893 126
1727303195628 2.1320509910583496 127
1727303195666 2.09989857673645 128
1727303195702 2.0739738941192627 129
1727303195736 2.0810303688049316 130
1727303195772 2.090439796447754 131
1727303195808 1.9949960708618164 132
1727303195844 2.199753522872925 133
1727303195880 2.148873805999756 134
1727303195917 1.9589160680770874 135
1727303195956 1.7584662437438965 136
1727303195995 1.9295307397842407 137
1727303196032 1.9663512706756592 138
1727303196070 2.0461301803588867 139
1727303196108 2.108729839324951 140
1727303196145 2.0327019691467285 141
1727303196182 1.9885571002960205 142
1727303196219 2.1621294021606445 143
1727303196256 2.157966136932373 144
1727303196293 2.070699453353882 145
1727303196332 2.015228748321533 146
1727303196371 2.0841517448425293 147
1727303196410 2.1650710105895996 148
1727303196449 2.0927534103393555 149
1727303196489 2.1196844577789307 150
1727303196532 2.1602365970611572 151
1727303196571 2.1753458976745605 152
1727303196608 1.830387830734253 153
1727303196645 1.2344979047775269 154
1727303196683 1.2344979047775269 155
