1726433173747 2e-05 0
1726433173793 -0.018902316689491272 1
1726433173840 0.11378741264343262 2
1726433173883 0.27089014649391174 3
1726433173930 -0.23369620740413666 4
1726433173971 0.27209852635860443 5
1726433174019 -0.41720452904701233 6
1726433174073 -0.006933689117431641 7
1726433174116 -0.003984242677688599 8
1726433174162 0.007594376802444458 9
1726433174210 -0.0018837451934814453 10
1726433174254 0.1423376053571701 11
1726433174300 0.2607946842908859 12
1726433174345 -0.34826797991991043 13
1726433174391 -0.05900958925485611 14
1726433174437 0.028863772749900818 15
1726433174481 0.020577117800712585 16
1726433174524 0.06708519160747528 17
1726433174571 -0.08661520481109619 18
1726433174616 -0.035284459590911865 19
1726433174659 0.019585639238357544 20
1726433174705 0.1586732417345047 21
1726433174749 -0.030994579195976257 22
1726433174792 0.27550095319747925 23
1726433174837 -0.06709137558937073 24
1726433174884 -0.18989190459251404 25
1726433174933 -0.14929959177970886 26
1726433174978 0.1849052608013153 27
1726433175031 -0.18305005878210068 28
1726433175076 0.22352328151464462 29
1726433175124 -0.1846613734960556 30
1726433175168 -0.052614226937294006 31
1726433175217 0.12657788395881653 32
1726433175267 0.0708722174167633 33
1726433175314 -0.21465444937348366 34
1726433175360 0.058581698685884476 35
1726433175414 -0.038401782512664795 36
1726433175459 -0.03376196324825287 37
1726433175514 -0.008531570434570312 38
1726433175559 0.01860678195953369 39
1726433175614 0.10204499959945679 40
1726433175665 0.0044709742069244385 41
1726433175719 -0.08282837271690369 42
1726433175790 0.11115533113479614 43
1726433175839 0.03699478507041931 44
1726433175881 -0.13807907700538635 45
1726433175928 -0.0030831322073936462 46
1726433175976 0.18130698055028915 47
1726433176025 0.03205215930938721 48
1726433176083 0.10054004192352295 49
1726433176123 -0.15288104116916656 50
1726433176168 -0.12415868043899536 51
1726433176210 0.016168341040611267 52
1726433176251 -0.08095541596412659 53
1726433176292 -0.006299138069152832 54
1726433176333 0.21397292613983154 55
1726433176374 0.43968796730041504 56
1726433176415 -0.2140141725540161 57
1726433176458 -0.029866546392440796 58
1726433176504 -0.12727278470993042 59
1726433176546 -0.1885911226272583 60
1726433176589 -0.0017412155866622925 61
1726433176630 -0.039339542388916016 62
1726433176674 0.16682030260562897 63
1726433176715 -0.09898236393928528 64
1726433176757 -0.01775464415550232 65
1726433176798 -0.0151766836643219 66
1726433176842 0.22255390882492065 67
1726433176883 -0.2418554723262787 68
1726433176928 -0.03986310958862305 69
1726433176975 -0.005077004432678223 70
1726433177020 -0.017478227615356445 71
1726433177064 -0.005652189254760742 72
1726433177108 0.14083494246006012 73
1726433177162 0.010680213570594788 74
1726433177217 -0.010867208242416382 75
1726433177280 0.012467354536056519 76
1726433177325 -0.03745272755622864 77
1726433177369 0.001887679100036621 78
1726433177416 -0.0876702070236206 79
1726433177459 -0.0050694942474365234 80
1726433177506 0.09971663355827332 81
1726433177560 -0.08256933093070984 82
1726433177606 0.05511406064033508 83
1726433177651 -0.06287333369255066 84
1726433177696 0.014711424708366394 85
1726433177741 0.015554793179035187 86
1726433177786 0.12400975078344345 87
1726433177832 0.03473113477230072 88
1726433177875 -0.03403760492801666 89
1726433177920 0.014287114143371582 90
1726433177962 -0.15371908247470856 91
1726433178005 -0.00678030401468277 92
1726433178048 0.1345657780766487 93
1726433178090 -0.0914924144744873 94
1726433178131 -0.04379570484161377 95
1726433178174 0.14413316547870636 96
1726433178216 0.033273205161094666 97
1726433178258 -0.09103944897651672 98
1726433178304 0.09283033013343811 99
1726433178348 0.05119946599006653 100
1726433178390 -0.23690485209226608 101
1726433178434 -0.01356504112482071 102
1726433178483 0.06456099450588226 103
1726433178535 -0.06296871602535248 104
1726433178582 0.19545257091522217 105
1726433178627 -0.20840394496917725 106
1726433178671 0.0755947083234787 107
1726433178715 -0.03805871307849884 108
1726433178757 -0.01610073447227478 109
1726433178800 0.13468284904956818 110
1726433178843 -0.06916166841983795 111
1726433178887 0.01623743772506714 112
1726433178933 -0.013667136430740356 113
1726433178975 0.12784609198570251 114
1726433179017 0.22559434175491333 115
1726433179059 0.2572869062423706 116
1726433179101 -0.45125097036361694 117
1726433179153 -0.2221558690071106 118
1726433179203 0.10980689525604248 119
1726433179244 0.15027141571044922 120
1726433179284 0.0862356424331665 121
1726433179324 -0.1837228536605835 122
1726433179366 -0.17261874675750732 123
1726433179408 -0.038118600845336914 124
1726433179449 0.03335857391357422 125
1726433179490 -0.03189361095428467 126
1726433179531 0.14851120114326477 127
1726433179573 -0.0953192487359047 128
1726433179614 0.2592468038201332 129
1726433179655 0.1397322416305542 130
1726433179696 0.08203038573265076 131
1726433179746 -0.21490344405174255 132
1726433179802 0.46841564774513245 133
1726433179857 -0.3284771740436554 134
1726433179905 -0.17133012413978577 135
1726433179953 -0.2250744253396988 136
1726433180013 0.07545255124568939 137
1726433180061 -0.03735092282295227 138
1726433180112 0.3476698696613312 139
1726433180162 -0.23136724531650543 140
1726433180213 0.3735402077436447 141
1726433180268 0.12390673160552979 142
1726433180319 -0.34563687443733215 143
1726433180375 -0.06796714663505554 144
1726433180442 0.10826250910758972 145
1726433180510 -0.008298218250274658 146
1726433180562 -0.15145239233970642 147
1726433180617 -0.21073612570762634 148
1726433180674 0.10191214084625244 149
1726433180729 0.0698443204164505 150
1726433180785 -0.11863580346107483 151
1726433180840 0.042898669838905334 152
1726433180910 -0.09168944507837296 153
1726433180970 -0.018150318413972855 154
1726433181023 0.21186071261763573 155
1726433181078 -0.18853378295898438 156
1726433181134 -0.007275104522705078 157
1726433181216 0.03687833249568939 158
1726433181294 -0.07701621949672699 159
1726433181353 -0.005816459655761719 160
1726433181408 0.0010115168988704681 161
1726433181461 0.07909401878714561 162
1726433181528 0.047331877052783966 163
1726433181588 -0.08016226440668106 164
1726433181643 -0.024168573319911957 165
1726433181695 0.02679332345724106 166
1726433181752 0.11394757777452469 167
1726433181804 -0.06416422128677368 168
1726433181856 -0.05056902766227722 169
1726433181910 -0.0022454261779785156 170
1726433181963 0.005858898162841797 171
1726433182017 0.33210456371307373 172
1726433182071 -0.2622552365064621 173
1726433182131 0.16350488364696503 174
1726433182187 -0.06151539087295532 175
1726433182244 -0.17152003943920135 176
1726433182301 0.1304163932800293 177
1726433182360 -0.13609051704406738 178
1726433182413 0.08749513328075409 179
1726433182470 -0.04768398404121399 180
1726433182523 0.12499062716960907 181
1726433182581 -0.16184480488300323 182
1726433182634 0.031898245215415955 183
1726433182689 -0.013949990272521973 184
1726433182747 0.14170195162296295 185
1726433182803 0.03944116830825806 186
1726433182857 0.04420784115791321 187
1726433182911 0.00890570878982544 188
1726433182965 -0.10857917368412018 189
1726433183020 0.040645286440849304 190
1726433183072 -0.13047684729099274 191
1726433183128 0.302446112036705 192
1726433183182 -0.08667707443237305 193
1726433183237 -0.2089463770389557 194
1726433183295 -0.08627220615744591 195
1726433183358 0.025598425418138504 196
1726433183432 0.0700087621808052 197
1726433183498 0.3433208763599396 198
1726433183562 -0.35298800468444824 199
1726433183623 -0.004215404391288757 200
1726433183675 0.21065844595432281 201
1726433183729 0.16597574949264526 202
1726433183792 -0.24361932277679443 203
1726433183853 -0.1957857608795166 204
1726433183915 0.00759279727935791 205
1726433183976 0.20128720998764038 206
1726433184032 -0.16328859329223633 207
1726433184086 0.16640079021453857 208
1726433184152 0.059533774852752686 209
1726433184212 0.053617388010025024 210
1726433184280 -0.29221111536026 211
1726433184333 0.012164399027824402 212
1726433184396 0.031182214617729187 213
1726433184452 0.03681685030460358 214
1726433184514 0.08121095597743988 215
1726433184577 0.28957468271255493 216
1726433184629 -0.07997524738311768 217
1726433184681 -0.03738090395927429 218
1726433184734 -0.2523060142993927 219
1726433184789 0.14493557810783386 220
1726433184842 -0.22837930917739868 221
1726433184890 -0.039010439068078995 222
1726433184942 0.029060695320367813 223
1726433184992 0.07170239090919495 224
1726433185037 0.06723509728908539 225
1726433185086 -0.07881905138492584 226
1726433185131 -0.07927069067955017 227
1726433185180 -0.012479901313781738 228
1726433185228 0.0024014711380004883 229
1726433185276 -0.0012125968933105469 230
1726433185328 -0.012746453285217285 231
1726433185380 0.1260206699371338 232
1726433185429 -0.004965484142303467 233
1726433185476 0.1964852511882782 234
1726433185519 -0.2107641100883484 235
1726433185566 -0.08021664619445801 236
1726433185609 -0.06096121668815613 237
1726433185651 0.04962015151977539 238
1726433185692 0.010398395359516144 239
1726433185735 0.05747290700674057 240
1726433185776 0.09322012960910797 241
1726433185817 -0.15606246888637543 242
1726433185872 0.14766927063465118 243
1726433185923 -0.14074142277240753 244
1726433185968 0.05099453032016754 245
1726433186011 0.0025633275508880615 246
1726433186055 -0.05455730855464935 247
1726433186103 -0.00013498961925506592 248
1726433186147 0.08886785805225372 249
1726433186193 -0.0703996866941452 250
1726433186241 -0.06076155602931976 251
1726433186301 0.015919845551252365 252
1726433186367 0.01606544479727745 253
1726433186413 0.016102902591228485 254
1726433186473 -0.024217724800109863 255
1726433186533 0.05910208821296692 256
1726433186579 -0.040255576372146606 257
1726433186625 0.177345871925354 258
1726433186665 0.022138774394989014 259
1726433186710 -0.19866520166397095 260
1726433186751 -0.02603912353515625 261
1726433186793 0.03510887175798416 262
1726433186834 -0.008269377052783966 263
1726433186880 -0.008347511291503906 264
1726433186921 0.0042295679450035095 265
1726433186964 0.10176459699869156 266
1726433187004 -0.03335551917552948 267
1726433187045 -0.056367844343185425 268
1726433187087 0.03704962134361267 269
1726433187133 -0.040187135338783264 270
1726433187174 -0.010088279843330383 271
1726433187217 -0.01463751494884491 272
1726433187260 -0.0032585859298706055 273
1726433187304 0.00830543041229248 274
1726433187346 0.03441574424505234 275
1726433187392 0.012210264801979065 276
1726433187435 -0.0645020380616188 277
1726433187479 -0.011821188032627106 278
1726433187523 -0.019688449800014496 279
1726433187568 0.02657926082611084 280
1726433187611 0.12767741084098816 281
1726433187655 -0.12549445033073425 282
1726433187703 0.03424084186553955 283
1726433187747 -0.009400367736816406 284
1726433187798 -0.011700153350830078 285
1726433187848 -0.002494949847459793 286
1726433187895 0.02870899811387062 287
1726433187937 -0.030570074915885925 288
1726433187980 0.2211253046989441 289
1726433188023 -0.08392930030822754 290
1726433188067 0.17946842312812805 291
1726433188114 -0.08085742592811584 292
1726433188156 -0.20331162214279175 293
1726433188206 0.32487592101097107 294
1726433188257 0.08007121086120605 295
1726433188311 -0.1091555655002594 296
1726433188359 -0.3034425377845764 297
1726433188414 0.008091680705547333 298
1726433188464 0.02176877111196518 299
1726433188516 0.0527145117521286 300
1726433188565 -0.014332860708236694 301
1726433188612 -0.09974446892738342 302
1726433188659 0.011324048042297363 303
1726433188700 0.06368634104728699 304
1726433188744 -0.05653533339500427 305
1726433188788 -0.0009691715240478516 306
1726433188830 0.011413335800170898 307
1726433188874 0.004759214818477631 308
1726433188917 -0.019539497792720795 309
1726433188959 -0.013820290565490723 310
1726433189005 0.056575432419776917 311
1726433189052 -0.0786743313074112 312
1726433189103 0.046387434005737305 313
1726433189151 -0.006909370422363281 314
1726433189193 0.04948262870311737 315
1726433189233 0.08755844831466675 316
1726433189281 0.15143688023090363 317
1726433189332 0.11457011103630066 318
1726433189379 -0.10804116725921631 319
1726433189428 -0.04973256587982178 320
1726433189471 -0.23003652691841125 321
1726433189513 0.4530125856399536 322
1726433189556 -0.27714961767196655 323
1726433189600 -0.009225726127624512 324
1726433189641 -0.1619463562965393 325
1726433189685 -0.02324223518371582 326
1726433189733 0.06387917697429657 327
1726433189784 -0.07328669726848602 328
1726433189832 0.09451884031295776 329
1726433189877 -0.009092003107070923 330
1726433189919 -0.07530775666236877 331
1726433189964 0.09746477007865906 332
1726433190007 -0.09166321158409119 333
1726433190054 0.24273896217346191 334
1726433190097 -0.25149500370025635 335
1726433190147 0.030445508658885956 336
1726433190191 -0.03712611645460129 337
1726433190235 0.09147801995277405 338
1726433190280 -0.07738438248634338 339
1726433190323 0.00990760326385498 340
1726433190367 0.0004684925079345703 341
1726433190409 -0.002064943313598633 342
1726433190455 0.11212572455406189 343
1726433190499 -0.11829230189323425 344
1726433190545 0.10476553440093994 345
1726433190588 -0.08676230907440186 346
1726433190629 0.0008023083209991455 347
1726433190672 -0.017555944621562958 348
1726433190715 0.009461559355258942 349
1726433190762 0.05973599851131439 350
1726433190804 0.009036481380462646 351
1726433190847 -0.0025750398635864258 352
1726433190889 0.18895724415779114 353
1726433190932 -0.2617594227194786 354
1726433190974 0.07144206017255783 355
1726433191017 -0.006006896495819092 356
1726433191059 0.12313330173492432 357
1726433191102 -0.029430866241455078 358
1726433191146 0.04392242431640625 359
1726433191194 -0.07447715103626251 360
1726433191239 -0.033556386828422546 361
1726433191289 0.060026392340660095 362
1726433191332 -0.0881282240152359 363
1726433191385 -0.0796416699886322 364
1726433191433 0.03691249340772629 365
1726433191501 0.003915503621101379 366
1726433191561 0.001022733747959137 367
1726433191606 -0.028335854411125183 368
1726433191649 -0.004953622817993164 369
1726433191692 -0.0031442642211914062 370
1726433191736 0.0025415420532226562 371
1726433191778 0.0006362199783325195 372
1726433191821 -0.008216887712478638 373
1726433191863 0.004096612334251404 374
1726433191906 -0.011279657483100891 375
1726433191947 -0.017494797706604004 376
1726433191990 0.009363651275634766 377
1726433192031 -0.005152225494384766 378
1726433192073 0.031785547733306885 379
1726433192119 0.004104912281036377 380
1726433192164 0.0028041601181030273 381
1726433192209 -0.015790864825248718 382
1726433192259 0.11212743818759918 383
1726433192307 0.004831403493881226 384
1726433192348 -0.06731078028678894 385
1726433192389 0.21469229459762573 386
1726433192430 0.03537040948867798 387
1726433192472 0.022648394107818604 388
1726433192513 0.03079354763031006 389
1726433192554 -0.2399279773235321 390
1726433192595 0.026201725006103516 391
1726433192636 -0.013521552085876465 392
1726433192677 -0.1299930214881897 393
1726433192720 -0.01667771488428116 394
1726433192762 0.027804456651210785 395
1726433192804 0.17068549990653992 396
1726433192847 -0.1658230572938919 397
1726433192892 -0.0027581453323364258 398
1726433192934 -0.003529667854309082 399
1726433192978 -0.0047005414962768555 400
1726433193020 0.028706416487693787 401
1726433193061 0.11712437868118286 402
1726433193103 -0.1395609825849533 403
1726433193147 -0.0005018711090087891 404
1726433193193 -0.0045735836029052734 405
1726433193236 -0.0006096363067626953 406
1726433193281 0.07667514681816101 407
1726433193324 -0.06852516531944275 408
1726433193368 -0.010928988456726074 409
1726433193410 -0.0021764039993286133 410
1726433193453 0.009876728057861328 411
1726433193496 -0.00048744678497314453 412
1726433193557 -0.0005259513854980469 413
1726433193612 0.023659728467464447 414
1726433193662 0.20495901256799698 415
1726433193712 -0.09819933772087097 416
1726433193764 -0.11841371655464172 417
1726433193825 -0.010941624641418457 418
1726433193894 -0.00040209293365478516 419
1726433193947 0.004577279090881348 420
1726433194001 -0.002793550491333008 421
1726433194052 0.027124464511871338 422
1726433194104 0.029766984283924103 423
1726433194157 -0.07468975335359573 424
1726433194210 -0.003870844841003418 425
1726433194266 0.00817251205444336 426
1726433194334 0.008271217346191406 427
1726433194401 0.013593494892120361 428
1726433194459 -0.01858311891555786 429
1726433194525 -0.007438778877258301 430
1726433194594 0.08946585655212402 431
1726433194663 -0.018461808562278748 432
1726433194734 -0.06643940508365631 433
1726433194796 0.023969411849975586 434
1726433194855 0.020880460739135742 435
1726433194908 0.20132941007614136 436
1726433194965 -0.035068511962890625 437
1726433195024 -0.13524854183197021 438
1726433195085 -0.05137139558792114 439
1726433195146 0.026441924273967743 440
1726433195203 0.0083676278591156 441
1726433195258 0.04263538867235184 442
1726433195322 -0.09571781754493713 443
1726433195383 -0.007359027862548828 444
1726433195445 -0.0015540122985839844 445
1726433195503 -0.010868072509765625 446
1726433195559 0.03773171454668045 447
1726433195620 0.005875863134860992 448
1726433195676 -0.019139274954795837 449
1726433195731 -0.00445176288485527 450
1726433195783 0.1087816171348095 451
1726433195840 -0.113130122423172 452
1726433195921 -0.0024471282958984375 453
1726433195997 -0.01893770694732666 454
1726433196058 0.01967000961303711 455
1726433196113 0.05461888015270233 456
1726433196168 -0.007352456450462341 457
1726433196222 -0.019340917468070984 458
1726433196294 -0.034500494599342346 459
1726433196361 0.16153766214847565 460
1726433196416 -0.15125717222690582 461
1726433196470 0.18994607031345367 462
1726433196534 -0.16483987867832184 463
1726433196612 0.011793650686740875 464
1726433196692 0.04870646446943283 465
1726433196770 -0.07746288180351257 466
1726433196845 0.012097835540771484 467
1726433196914 -0.0007569789886474609 468
1726433196974 -0.01730823516845703 469
1726433197029 -0.0008462667465209961 470
1726433197099 0.08625607192516327 471
1726433197163 -0.048506297171115875 472
1726433197235 -0.031818293035030365 473
1726433197289 0.03152184933423996 474
1726433197343 0.023191772401332855 475
1726433197402 -0.052460312843322754 476
1726433197457 -0.005917787551879883 477
1726433197512 0.03953336179256439 478
1726433197567 -0.0497121661901474 479
1726433197624 0.01445479691028595 480
1726433197685 -0.017218589782714844 481
1726433197739 -0.016448572278022766 482
1726433197794 -0.009192466735839844 483
1726433197849 0.05626421421766281 484
1726433197906 0.039551280438899994 485
1726433197969 -0.08179254829883575 486
1726433198026 0.02851296216249466 487
1726433198078 -0.0003562048077583313 488
1726433198143 0.004246152937412262 489
1726433198215 -0.0174509659409523 490
1726433198271 -0.007533073425292969 491
1726433198331 -0.002976655960083008 492
1726433198408 -0.0036035776138305664 493
1726433198486 0.042491115629673004 494
1726433198542 0.07351692765951157 495
1726433198597 -0.10165345668792725 496
1726433198652 -0.001889944076538086 497
1726433198704 -0.0022279024124145508 498
1726433198758 -0.002759099006652832 499
1726433198811 0.019471406936645508 500
1726433198862 -0.01143956184387207 501
1726433198918 -0.0014154911041259766 502
1726433198970 -0.0016633272171020508 503
1726433199022 -0.0019916296005249023 504
1726433199074 0.016798734664916992 505
1726433199125 -0.0009086132049560547 506
1726433199176 -0.0009444952011108398 507
1726433199226 -0.0009053945541381836 508
1726433199278 -0.014057159423828125 509
1726433199329 -0.0006165504455566406 510
1726433199381 -0.0006390810012817383 511
1726433199433 -0.0006631612777709961 512
1726433199486 0.13006187975406647 513
1726433199540 -0.15165020525455475 514
1726433199590 0.07453583180904388 515
1726433199642 -0.006079643964767456 516
1726433199693 -0.028218045830726624 517
1726433199744 -0.001834869384765625 518
1726433199806 0.0038292407989501953 519
1726433199870 -0.006577491760253906 520
1726433199932 -0.0019185543060302734 521
1726433199987 -0.0022481679916381836 522
1726433200045 -0.00823141261935234 523
1726433200099 0.02155938372015953 524
1726433200155 -0.019689112901687622 525
1726433200213 -0.015464052557945251 526
1726433200270 -0.0014281272888183594 527
1726433200326 0.005202651023864746 528
1726433200376 -0.0011299848556518555 529
1726433200422 0.020520567893981934 530
1726433200466 -0.0008392892777919769 531
1726433200509 0.062469225376844406 532
1726433200553 -0.07413940131664276 533
1726433200595 0.015117764472961426 534
1726433200638 -0.002276897430419922 535
1726433200681 -0.0017069578170776367 536
1726433200723 -0.0019230842590332031 537
1726433200765 -0.0021872520446777344 538
1726433200808 0.003316640853881836 539
1726433200850 -0.011528253555297852 540
1726433200893 -0.0026116371154785156 541
1726433200934 0.02496814727783203 542
1726433200977 -0.0014499425888061523 543
1726433201019 -0.0016127824783325195 544
1726433201062 -0.0017997026443481445 545
1726433201107 0.013658881187438965 546
1726433201149 0.002881169319152832 547
1726433201191 0.0011629238724708557 548
1726433201235 8.162111043930054e-05 549
1726433201276 -0.018146872520446777 550
1726433201318 0.005269527435302734 551
1726433201360 -0.0020716190338134766 552
1726433201406 -0.0024688243865966797 553
1726433201448 -0.022668369114398956 554
1726433201491 -0.011924020946025848 555
1726433201533 -0.01105046272277832 556
1726433201575 -1.1920928955078125e-06 557
1726433201616 -1.1920928955078125e-06 558
1726433201659 -9.5367431640625e-07 559
1726433201701 -1.3113021850585938e-06 560
1726433201744 -1.0728836059570312e-06 561
1726433201786 -1.3113021850585938e-06 562
1726433201833 -1.1920928955078125e-06 563
1726433201875 -1.3113021850585938e-06 564
1726433201919 -1.3113021850585938e-06 565
1726433201965 0.008619904518127441 566
1726433202024 -0.010188337415456772 567
1726433202074 -0.0012805499136447906 568
1726433202125 -1.9788742065429688e-05 569
1726433202168 0.013320565223693848 570
1726433202218 -0.003087639808654785 571
1726433202267 -0.004228472709655762 572
1726433202313 -0.005781650543212891 573
1726433202358 -1.1563301086425781e-05 574
1726433202399 0.04203391075134277 575
1726433202440 -0.005559086799621582 576
1726433202483 -0.004886031150817871 577
1726433202529 0.006681174039840698 578
1726433202571 0.0013319551944732666 579
1726433202612 0.028083965182304382 580
1726433202655 -0.032444510608911514 581
1726433202697 -0.017924558371305466 582
1726433202739 0.07708954811096191 583
1726433202781 -0.06087994575500488 584
1726433202823 -0.0052165985107421875 585
1726433202865 -0.009952545166015625 586
1726433202907 -0.0012230873107910156 587
1726433202948 0.03970833122730255 588
1726433202992 -0.009864047169685364 589
1726433203039 0.09091594815254211 590
1726433203081 -0.08090189099311829 591
1726433203122 0.02981323003768921 592
1726433203165 -0.008944898843765259 593
1726433203208 -0.047164708375930786 594
1726433203251 0.00355316698551178 595
1726433203292 -0.007739320397377014 596
1726433203335 -0.0011186599731445312 597
1726433203375 0.015657782554626465 598
1726433203421 -0.002668023109436035 599
1726433203473 -0.004012107849121094 600
1726433203536 -0.0030442476272583008 601
1726433203579 -0.0006020069122314453 602
1726433203624 0.011411428451538086 603
1726433203666 -0.021723151206970215 604
1726433203708 -0.0006598234176635742 605
1726433203748 0.004334807395935059 606
1726433203791 -0.0008832216262817383 607
1726433203832 0.008434176445007324 608
1726433203877 0.0050160884857177734 609
1726433203918 -0.001198887825012207 610
1726433203959 -0.0014892816543579102 611
1726433204001 -0.001925826072692871 612
1726433204043 -0.002683281898498535 613
1726433204084 -0.0046187639236450195 614
1726433204126 -0.0016967058181762695 615
1726433204167 -0.00026357173919677734 616
1726433204209 -0.0002658367156982422 617
1726433204251 0.01472628116607666 618
1726433204293 -0.014462947845458984 619
1726433204335 -0.002313375473022461 620
1726433204377 -0.0032885074615478516 621
1726433204418 -0.0036699771881103516 622
1726433204463 -0.0002530813217163086 623
1726433204505 -0.00025725364685058594 624
1726433204548 -0.00026094913482666016 625
1726433204589 0.02647078037261963 626
1726433204632 -0.004426002502441406 627
1726433204672 -0.010799288749694824 628
1726433204714 -0.0006968975067138672 629
1726433204755 0.011405110359191895 630
1726433204797 -0.008884668350219727 631
1726433204839 -0.006384730339050293 632
1726433204881 -0.010238409042358398 633
1726433204922 -0.010345101356506348 634
1726433204971 -0.00010156631469726562 635
1726433205015 -4.661083221435547e-05 636
1726433205056 -4.8041343688964844e-05 637
1726433205097 -4.8995018005371094e-05 638
1726433205138 -5.054473876953125e-05 639
1726433205180 -5.1856040954589844e-05 640
1726433205221 -5.3048133850097656e-05 641
1726433205263 -0.008672833442687988 642
1726433205305 0.0048139095306396484 643
1726433205347 -4.935264587402344e-05 644
1726433205392 -5.0187110900878906e-05 645
1726433205434 -5.078315734863281e-05 646
1726433205480 -5.173683166503906e-05 647
1726433205532 -5.245208740234375e-05 648
1726433205572 -5.340576171875e-05 649
1726433205612 0.015736937522888184 650
1726433205653 -0.0016933679580688477 651
1726433205694 -0.013876676559448242 652
1726433205735 -2.574920654296875e-05 653
1726433205777 -2.5987625122070312e-05 654
1726433205819 -2.6106834411621094e-05 655
1726433205860 0.01262044906616211 656
1726433205901 -0.003985881805419922 657
1726433205943 -0.004603028297424316 658
1726433205985 -6.568431854248047e-05 659
1726433206027 -6.759166717529297e-05 660
1726433206072 0.002985239028930664 661
1726433206113 -0.004399776458740234 662
1726433206155 -9.703636169433594e-05 663
1726433206196 0.00515294075012207 664
1726433206240 -2.3365020751953125e-05 665
1726433206281 -2.372264862060547e-05 666
1726433206323 -2.491474151611328e-05 667
1726433206364 0.017911195755004883 668
1726433206406 -0.0032958984375 669
1726433206449 -0.0044286251068115234 670
1726433206496 -0.007135152816772461 671
1726433206548 -0.0045185089111328125 672
1726433206595 -9.417533874511719e-06 673
1726433206640 -9.5367431640625e-06 674
1726433206690 -9.894371032714844e-06 675
1726433206733 -0.0005682706832885742 676
1726433206781 0.0009199380874633789 677
1726433206827 0.0051615238189697266 678
1726433206875 -0.006377220153808594 679
1726433206919 -3.4332275390625e-05 680
1726433206964 -3.504753112792969e-05 681
1726433207008 -3.612041473388672e-05 682
1726433207054 -3.707408905029297e-05 683
1726433207097 -3.814697265625e-05 684
1726433207145 -3.933906555175781e-05 685
1726433207195 -4.0531158447265625e-05 686
1726433207244 0.023418232798576355 687
1726433207293 -0.024532124400138855 688
1726433207340 -0.00023853778839111328 689
1726433207388 -7.092952728271484e-05 690
1726433207433 -7.271766662597656e-05 691
1726433207478 -7.43865966796875e-05 692
1726433207528 -7.62939453125e-05 693
1726433207572 -7.796287536621094e-05 694
1726433207620 0.002228975296020508 695
1726433207663 -3.0517578125e-05 696
1726433207708 -3.135204315185547e-05 697
1726433207753 -3.1948089599609375e-05 698
1726433207797 -3.2782554626464844e-05 699
1726433207845 -3.361701965332031e-05 700
1726433207889 -3.421306610107422e-05 701
1726433207940 -3.4928321838378906e-05 702
1726433207987 -3.5762786865234375e-05 703
1726433208030 -0.0058737993240356445 704
1726433208076 -0.0002067089080810547 705
1726433208119 -0.00021398067474365234 706
1726433208163 -0.00022149085998535156 707
1726433208215 -0.0002294778823852539 708
1726433208259 -0.00023746490478515625 709
1726433208304 -0.00017523765563964844 710
1726433208348 -9.5367431640625e-05 711
1726433208391 -9.763240814208984e-05 712
1726433208437 -0.00010037422180175781 713
1726433208480 -0.000102996826171875 714
1726433208525 -0.00010585784912109375 715
1726433208573 0.011136054992675781 716
1726433208621 0.0038639307022094727 717
1726433208673 -0.0027312040328979492 718
1726433208729 -0.0035473108291625977 719
1726433208780 -0.0045778751373291016 720
1726433208827 -0.00497281551361084 721
1726433208875 -0.000498652458190918 722
1726433208925 -0.0004342794418334961 723
1726433208972 -0.00040590763092041016 724
1726433209019 0.002038717269897461 725
1726433209069 -0.0002843141555786133 726
1726433209115 -0.0002949237823486328 727
1726433209161 -0.0001575946807861328 728
1726433209209 -0.00013577938079833984 729
1726433209256 -0.00014066696166992188 730
1726433209300 -0.0001456737518310547 731
1726433209351 -0.00015091896057128906 732
1726433209395 -0.00015664100646972656 733
1726433209442 -0.0001627206802368164 734
1726433209487 0.0018771886825561523 735
1726433209532 -0.0001055002212524414 736
1726433209574 -0.00010848045349121094 737
1726433209620 -0.00011157989501953125 738
1726433209664 -0.00011491775512695312 739
1726433209710 -0.00011837482452392578 740
1726433209764 -0.00012195110321044922 741
1726433209827 -0.008736968040466309 742
1726433209886 -0.0004235506057739258 743
1726433209949 -0.00046050548553466797 744
1726433210005 -0.000504612922668457 745
1726433210055 -0.000558018684387207 746
1726433210105 -0.0006233453750610352 747
1726433210162 -0.0007065534591674805 748
1726433210221 -0.0008150339126586914 749
1726433210274 -0.0009642839431762695 750
1726433210328 -0.001184701919555664 751
1726433210380 -0.001550912857055664 752
1726433210433 -0.0023385286331176758 753
1726433210490 -0.002202153205871582 754
1726433210544 0.0 755
