1726237096947 1.3697903156280518 0
1726237096990 1.3697903156280518 1
1726237097032 1.3697903156280518 2
1726237097070 1.3697903156280518 3
1726237097113 1.3697903156280518 4
1726237097154 1.3697903156280518 5
1726237097200 1.3697903156280518 6
1726237097252 1.3697903156280518 7
1726237097305 1.3697903156280518 8
1726237097349 1.3697903156280518 9
1726237097394 1.3697903156280518 10
1726237097440 1.3697903156280518 11
1726237097485 1.3697903156280518 12
1726237097534 1.3697903156280518 13
1726237097585 1.3697903156280518 14
1726237097636 1.3697903156280518 15
1726237097678 1.3697903156280518 16
1726237097721 1.3697903156280518 17
1726237097763 1.3697903156280518 18
1726237097804 1.3697903156280518 19
1726237097845 1.3697903156280518 20
1726237097885 1.3697903156280518 21
1726237097925 1.3697903156280518 22
1726237097967 1.3697903156280518 23
1726237098007 1.3697903156280518 24
1726237098050 1.3697903156280518 25
1726237098092 1.3697903156280518 26
1726237098134 1.3697903156280518 27
1726237098182 1.3697903156280518 28
1726237098226 1.3697903156280518 29
1726237098279 1.3697903156280518 30
1726237098330 1.3697903156280518 31
1726237098385 1.3697903156280518 32
1726237098429 1.3697903156280518 33
1726237098478 1.3697903156280518 34
1726237098517 1.3697903156280518 35
1726237098557 1.3697903156280518 36
1726237098595 1.3697903156280518 37
1726237098636 1.3697903156280518 38
1726237098675 1.3697903156280518 39
1726237098714 1.3697903156280518 40
1726237098754 1.3697903156280518 41
1726237098796 1.3697903156280518 42
1726237098837 1.3697903156280518 43
1726237098876 1.3697903156280518 44
1726237098917 1.3697903156280518 45
1726237098958 1.3697903156280518 46
1726237099001 1.3697903156280518 47
1726237099044 1.3697903156280518 48
1726237099092 1.3697903156280518 49
1726237099141 1.3697903156280518 50
1726237099192 1.3697903156280518 51
1726237099233 1.3697903156280518 52
1726237099281 1.3697903156280518 53
1726237099322 1.3697903156280518 54
1726237099362 1.3697903156280518 55
1726237099403 1.3697903156280518 56
1726237099450 1.3697903156280518 57
1726237099495 1.3697903156280518 58
1726237099540 1.3697903156280518 59
1726237099581 1.3697903156280518 60
1726237099621 1.3697903156280518 61
1726237099664 1.3697903156280518 62
1726237099705 1.3697903156280518 63
1726237099746 1.3697903156280518 64
1726237099785 1.3697903156280518 65
1726237099825 1.3697903156280518 66
1726237099868 1.3697903156280518 67
1726237099908 1.3697903156280518 68
1726237099950 1.3697903156280518 69
1726237099995 1.3697903156280518 70
1726237100034 1.3697903156280518 71
1726237100074 1.3697903156280518 72
1726237100116 1.3697903156280518 73
1726237100156 1.3697903156280518 74
1726237100197 1.3697903156280518 75
1726237100238 1.3697903156280518 76
1726237100279 1.3697903156280518 77
1726237100318 1.3697903156280518 78
1726237100359 1.3697903156280518 79
1726237100400 1.3697903156280518 80
1726237100442 1.3697903156280518 81
1726237100484 1.3697903156280518 82
1726237100525 1.3697903156280518 83
1726237100565 1.3697903156280518 84
1726237100606 1.3697903156280518 85
1726237100647 1.3697903156280518 86
1726237100692 1.3697903156280518 87
1726237100736 1.3697903156280518 88
1726237100781 1.3697903156280518 89
1726237100824 1.3697903156280518 90
1726237100864 1.3697903156280518 91
1726237100905 1.3697903156280518 92
1726237100948 1.3697903156280518 93
1726237100988 1.3697903156280518 94
1726237101029 1.3697903156280518 95
1726237101071 1.3697903156280518 96
1726237101112 1.3697903156280518 97
1726237101154 1.3697903156280518 98
1726237101195 1.3697903156280518 99
1726237101237 1.3697903156280518 100
1726237101279 1.3697903156280518 101
1726237101324 1.3697903156280518 102
1726237101369 1.3697903156280518 103
1726237101410 1.3697903156280518 104
1726237101452 1.3697903156280518 105
1726237101497 1.3697903156280518 106
1726237101544 1.3697903156280518 107
1726237101585 1.3697903156280518 108
1726237101625 1.3697903156280518 109
1726237101665 1.3697903156280518 110
1726237101705 1.3697903156280518 111
1726237101747 1.3697903156280518 112
1726237101793 1.3697903156280518 113
1726237101838 1.3697903156280518 114
1726237101880 1.3697903156280518 115
1726237101921 1.3697903156280518 116
1726237101963 1.3697903156280518 117
1726237102004 1.3697903156280518 118
1726237102048 1.3697903156280518 119
1726237102094 1.3697903156280518 120
1726237102138 1.3697903156280518 121
1726237102182 1.3697903156280518 122
1726237102235 1.3697903156280518 123
1726237102292 1.3697903156280518 124
1726237102341 1.3697903156280518 125
1726237102407 1.3697903156280518 126
1726237102459 1.3697903156280518 127
1726237102514 1.3697903156280518 128
1726237102568 1.3697903156280518 129
1726237102620 1.3697903156280518 130
1726237102671 1.3697903156280518 131
1726237102722 1.3697903156280518 132
1726237102774 1.3697903156280518 133
1726237102826 1.3697903156280518 134
1726237102879 1.3697903156280518 135
1726237102931 1.3697903156280518 136
1726237102984 1.3697903156280518 137
1726237103037 1.3697903156280518 138
1726237103104 1.3697903156280518 139
1726237103178 1.3697903156280518 140
1726237103235 1.3697903156280518 141
1726237103296 1.3697903156280518 142
1726237103349 1.3697903156280518 143
1726237103401 1.3697903156280518 144
1726237103460 1.3697903156280518 145
1726237103528 1.3697903156280518 146
1726237103592 1.3697903156280518 147
1726237103638 1.3697903156280518 148
1726237103686 1.3697903156280518 149
1726237103734 1.3697903156280518 150
1726237103785 1.3697903156280518 151
1726237103833 1.3697903156280518 152
1726237103882 1.3697903156280518 153
1726237103927 1.3697903156280518 154
1726237103972 1.3697903156280518 155
1726237104016 1.3697903156280518 156
1726237104059 1.3697903156280518 157
1726237104102 1.3697903156280518 158
1726237104144 1.3697903156280518 159
1726237104186 1.3697903156280518 160
1726237104229 1.3697903156280518 161
1726237104272 1.3697903156280518 162
1726237104314 1.3697903156280518 163
1726237104356 1.3697903156280518 164
1726237104397 1.3697903156280518 165
1726237104437 1.3697903156280518 166
1726237104480 1.3697903156280518 167
1726237104522 1.3697903156280518 168
1726237104564 1.3697903156280518 169
1726237104606 1.3697903156280518 170
1726237104648 1.3697903156280518 171
1726237104689 1.3697903156280518 172
1726237104730 1.3697903156280518 173
1726237104771 1.3697903156280518 174
1726237104813 1.3697903156280518 175
1726237104853 1.3697903156280518 176
1726237104893 1.3697903156280518 177
1726237104934 1.3697903156280518 178
1726237104976 1.3697903156280518 179
1726237105021 1.3697903156280518 180
1726237105064 1.3697903156280518 181
1726237105109 1.3697903156280518 182
1726237105158 1.3697903156280518 183
1726237105197 1.3697903156280518 184
1726237105237 1.3697903156280518 185
1726237105279 1.3697903156280518 186
1726237105322 1.3697903156280518 187
1726237105369 1.3697903156280518 188
1726237105431 1.3697903156280518 189
1726237105479 1.3697903156280518 190
1726237105520 1.3697903156280518 191
1726237105562 1.3697903156280518 192
1726237105603 1.3697903156280518 193
1726237105645 1.3697903156280518 194
1726237105686 1.3697903156280518 195
1726237105731 1.3697903156280518 196
1726237105776 1.3697903156280518 197
1726237105819 1.3697903156280518 198
1726237105868 1.3697903156280518 199
1726237105918 1.3697903156280518 200
1726237105975 1.3697903156280518 201
1726237106017 1.3697903156280518 202
1726237106061 1.3697903156280518 203
1726237106114 1.3697903156280518 204
1726237106153 1.3697903156280518 205
1726237106192 1.3697903156280518 206
1726237106232 1.3697903156280518 207
1726237106273 1.3697903156280518 208
1726237106312 1.3697903156280518 209
1726237106351 1.3697903156280518 210
1726237106394 1.3697903156280518 211
1726237106440 1.3697903156280518 212
1726237106489 1.3697903156280518 213
1726237106532 1.3697903156280518 214
1726237106578 1.3697903156280518 215
1726237106628 1.3697903156280518 216
1726237106668 1.3697903156280518 217
1726237106708 1.3697903156280518 218
1726237106746 1.3697903156280518 219
1726237106786 1.3697903156280518 220
1726237106825 1.3697903156280518 221
1726237106864 1.3697903156280518 222
1726237106912 1.3697903156280518 223
1726237106960 1.3697903156280518 224
1726237107011 1.3697903156280518 225
1726237107050 1.3697903156280518 226
1726237107090 1.3697903156280518 227
1726237107128 1.3697903156280518 228
1726237107170 1.3697903156280518 229
1726237107210 1.3697903156280518 230
1726237107249 1.3697903156280518 231
1726237107288 1.3697903156280518 232
1726237107328 1.3697903156280518 233
1726237107368 1.3697903156280518 234
1726237107409 1.3697903156280518 235
1726237107452 1.3697903156280518 236
1726237107493 1.3697903156280518 237
1726237107536 1.3697903156280518 238
1726237107588 1.3697903156280518 239
1726237107635 1.3697903156280518 240
1726237107679 1.3697903156280518 241
1726237107721 1.3697903156280518 242
1726237107767 1.3697903156280518 243
1726237107811 1.3697903156280518 244
1726237107854 1.3697903156280518 245
1726237107895 1.3697903156280518 246
1726237107938 1.3697903156280518 247
1726237107981 1.3697903156280518 248
1726237108022 1.3697903156280518 249
1726237108065 1.3697903156280518 250
1726237108108 1.3697903156280518 251
1726237108154 1.3697903156280518 252
1726237108196 1.3697903156280518 253
1726237108237 1.3697903156280518 254
1726237108279 1.3697903156280518 255
1726237108320 1.3697903156280518 256
1726237108361 1.3697903156280518 257
1726237108402 1.3697903156280518 258
1726237108442 1.3697903156280518 259
1726237108486 1.3697903156280518 260
1726237108527 1.3697903156280518 261
1726237108568 1.3697903156280518 262
1726237108610 1.3697903156280518 263
1726237108651 1.3697903156280518 264
1726237108696 1.3697903156280518 265
1726237108746 1.3697903156280518 266
1726237108788 1.3697903156280518 267
1726237108833 1.3697903156280518 268
1726237108875 1.3697903156280518 269
1726237108917 1.3697903156280518 270
1726237108958 1.3697903156280518 271
1726237109000 1.3697903156280518 272
1726237109043 1.3697903156280518 273
1726237109086 1.3697903156280518 274
1726237109127 1.3697903156280518 275
1726237109169 1.3697903156280518 276
1726237109209 1.3697903156280518 277
1726237109251 1.3697903156280518 278
1726237109294 1.3697903156280518 279
1726237109346 1.3697903156280518 280
1726237109394 1.3697903156280518 281
1726237109438 1.3697903156280518 282
1726237109489 1.3697903156280518 283
1726237109530 1.3697903156280518 284
1726237109571 1.3697903156280518 285
1726237109611 1.3697903156280518 286
1726237109659 1.3697903156280518 287
1726237109700 1.3697903156280518 288
1726237109742 1.3697903156280518 289
1726237109784 1.3697903156280518 290
1726237109825 1.3697903156280518 291
1726237109865 1.3697903156280518 292
1726237109905 1.3697903156280518 293
1726237109946 1.3697903156280518 294
1726237109987 1.3697903156280518 295
1726237110029 1.3697903156280518 296
1726237110073 1.3697903156280518 297
1726237110117 1.3697903156280518 298
1726237110158 1.3697903156280518 299
1726237110198 1.3697903156280518 300
1726237110240 1.3697903156280518 301
1726237110281 1.3697903156280518 302
1726237110320 1.3697903156280518 303
1726237110362 1.3697903156280518 304
1726237110402 1.3697903156280518 305
1726237110442 1.3697903156280518 306
1726237110483 1.3697903156280518 307
1726237110523 1.3697903156280518 308
1726237110562 1.3697903156280518 309
1726237110603 1.3697903156280518 310
1726237110642 1.3697903156280518 311
1726237110682 1.3697903156280518 312
1726237110722 1.3697903156280518 313
1726237110761 1.3697903156280518 314
1726237110799 1.3697903156280518 315
1726237110838 1.3697903156280518 316
1726237110876 1.3697903156280518 317
1726237110915 1.3697903156280518 318
1726237110954 1.3697903156280518 319
1726237110995 1.3697903156280518 320
1726237111034 1.3697903156280518 321
1726237111072 1.3697903156280518 322
1726237111110 1.3697903156280518 323
1726237111148 1.3697903156280518 324
1726237111187 1.3697903156280518 325
1726237111225 1.3697903156280518 326
1726237111264 1.3697903156280518 327
1726237111302 1.3697903156280518 328
1726237111340 1.3697903156280518 329
1726237111378 1.3697903156280518 330
1726237111416 1.3697903156280518 331
1726237111454 1.3697903156280518 332
1726237111493 1.3697903156280518 333
1726237111532 1.3697903156280518 334
1726237111570 1.3697903156280518 335
1726237111608 1.3697903156280518 336
1726237111646 1.3697903156280518 337
1726237111687 1.3697903156280518 338
1726237111727 1.3697903156280518 339
1726237111776 1.3697903156280518 340
1726237111816 1.3697903156280518 341
1726237111855 1.3697903156280518 342
1726237111894 1.3697903156280518 343
1726237111932 1.3697903156280518 344
1726237111971 1.3697903156280518 345
1726237112011 1.3697903156280518 346
1726237112049 1.3697903156280518 347
1726237112089 1.3697903156280518 348
1726237112129 1.3697903156280518 349
1726237112168 1.3697903156280518 350
1726237112206 1.3697903156280518 351
1726237112245 1.3697903156280518 352
1726237112286 1.3697903156280518 353
1726237112327 1.3697903156280518 354
1726237112367 1.3697903156280518 355
1726237112406 1.3697903156280518 356
1726237112445 1.3697903156280518 357
1726237112485 1.3697903156280518 358
1726237112530 1.3697903156280518 359
1726237112575 1.3697903156280518 360
1726237112615 1.3697903156280518 361
1726237112653 1.3697903156280518 362
1726237112690 1.3697903156280518 363
1726237112732 1.3697903156280518 364
1726237112770 1.3697903156280518 365
1726237112809 1.3697903156280518 366
1726237112847 1.3697903156280518 367
1726237112888 1.3697903156280518 368
1726237112927 1.3697903156280518 369
1726237112965 1.3697903156280518 370
1726237113005 1.3697903156280518 371
1726237113043 1.3697903156280518 372
1726237113082 1.3697903156280518 373
1726237113119 1.3697903156280518 374
1726237113158 1.3697903156280518 375
1726237113197 1.3697903156280518 376
1726237113238 1.3697903156280518 377
1726237113277 1.3697903156280518 378
1726237113317 1.3697903156280518 379
1726237113356 1.3697903156280518 380
1726237113397 1.3697903156280518 381
1726237113443 1.3697903156280518 382
1726237113485 1.3697903156280518 383
1726237113528 1.3697903156280518 384
1726237113570 1.3697903156280518 385
1726237113610 1.3697903156280518 386
1726237113655 1.3697903156280518 387
1726237113705 1.3697903156280518 388
1726237113750 1.3697903156280518 389
1726237113788 1.3697903156280518 390
1726237113828 1.3697903156280518 391
1726237113865 1.3697903156280518 392
1726237113901 1.3697903156280518 393
1726237113938 1.3697903156280518 394
1726237113976 1.3697903156280518 395
1726237114014 1.3697903156280518 396
1726237114051 1.3697903156280518 397
1726237114089 1.3697903156280518 398
1726237114127 1.3697903156280518 399
1726237114165 1.3697903156280518 400
1726237114202 1.3697903156280518 401
1726237114240 1.3697903156280518 402
1726237114280 1.3697903156280518 403
1726237114318 1.3697903156280518 404
1726237114356 1.3697903156280518 405
1726237114395 1.3697903156280518 406
1726237114434 1.3697903156280518 407
1726237114472 1.3697903156280518 408
1726237114511 1.3697903156280518 409
1726237114549 1.3697903156280518 410
1726237114588 1.3697903156280518 411
1726237114626 1.3697903156280518 412
1726237114663 1.3697903156280518 413
1726237114701 1.3697903156280518 414
1726237114740 1.3697903156280518 415
1726237114779 1.3697903156280518 416
1726237114817 1.3697903156280518 417
1726237114856 1.3697903156280518 418
1726237114895 1.3697903156280518 419
1726237114933 1.3697903156280518 420
1726237114972 1.3697903156280518 421
1726237115011 1.3697903156280518 422
1726237115050 1.3697903156280518 423
1726237115088 1.3697903156280518 424
1726237115127 1.3697903156280518 425
1726237115165 1.3697903156280518 426
1726237115203 1.3697903156280518 427
1726237115241 1.3697903156280518 428
1726237115280 1.3697903156280518 429
1726237115319 1.3697903156280518 430
1726237115357 1.3697903156280518 431
1726237115396 1.3697903156280518 432
1726237115434 1.3697903156280518 433
1726237115473 1.3697903156280518 434
1726237115512 1.3697903156280518 435
1726237115551 1.3697903156280518 436
1726237115589 1.3697903156280518 437
1726237115628 1.3697903156280518 438
1726237115666 1.3697903156280518 439
1726237115705 1.3697903156280518 440
1726237115742 1.3697903156280518 441
1726237115782 1.3697903156280518 442
1726237115820 1.3697903156280518 443
1726237115858 1.3697903156280518 444
1726237115896 1.3697903156280518 445
1726237115934 1.3697903156280518 446
1726237115973 1.3697903156280518 447
1726237116012 1.3697903156280518 448
1726237116051 1.3697903156280518 449
1726237116090 1.3697903156280518 450
1726237116128 1.3697903156280518 451
1726237116166 1.3697903156280518 452
1726237116204 1.3697903156280518 453
1726237116243 1.3697903156280518 454
1726237116281 1.3697903156280518 455
1726237116320 1.3697903156280518 456
1726237116358 1.3697903156280518 457
1726237116396 1.3697903156280518 458
1726237116435 1.3697903156280518 459
1726237116473 1.3697903156280518 460
1726237116512 1.3697903156280518 461
1726237116551 1.3697903156280518 462
1726237116590 1.3697903156280518 463
