1726502413888 0.8271636962890625 0
1726502413942 0.8229373097419739 1
1726502413995 0.8166871666908264 2
1726502414048 0.8074328303337097 3
1726502414108 0.7936728000640869 4
1726502414165 0.7730215191841125 5
1726502414224 0.7413957715034485 6
1726502414282 0.6901150345802307 7
1726502414333 0.6375713348388672 8
1726502414385 0.5972310900688171 9
1726502414436 0.5317791700363159 10
1726502414487 0.4307365417480469 11
1726502414538 0.34194082021713257 12
1726502414590 0.28552502393722534 13
1726502414643 0.17667388916015625 14
1726502414696 0.13176606595516205 15
1726502414749 0.07552306354045868 16
1726502414807 -0.0 17
1726502414866 -0.0 18
