1726432220447 1.4382387399673462 0
1726432220538 1.4338221549987793 1
1726432220636 1.439508080482483 2
1726432220740 1.4222431182861328 3
1726432220818 1.426116704940796 4
1726432220902 1.4194836616516113 5
1726432220990 1.4444270133972168 6
1726432221082 1.437105655670166 7
1726432221157 1.4477293491363525 8
1726432221232 1.4395934343338013 9
1726432221295 1.4384946823120117 10
1726432221369 1.4439027309417725 11
1726432221440 1.443682312965393 12
1726432221512 1.4441264867782593 13
1726432221587 1.44476318359375 14
1726432221659 1.4323183298110962 15
1726432221730 1.425618290901184 16
1726432221792 1.4217450618743896 17
1726432221842 1.4236034154891968 18
1726432221891 1.4345357418060303 19
1726432221940 1.4408997297286987 20
1726432221990 1.4199018478393555 21
1726432222040 1.4247431755065918 22
1726432222092 1.4024540185928345 23
1726432222143 1.411059021949768 24
1726432222195 1.4182977676391602 25
1726432222246 1.4103809595108032 26
1726432222296 1.442030429840088 27
1726432222351 1.4445161819458008 28
1726432222404 1.438213586807251 29
1726432222466 1.426929235458374 30
1726432222536 1.440990686416626 31
1726432222606 1.4273998737335205 32
1726432222678 1.4465497732162476 33
1726432222748 1.4301453828811646 34
1726432222818 1.445427417755127 35
1726432222887 1.422336459159851 36
1726432222955 1.4244112968444824 37
1726432223024 1.4321415424346924 38
1726432223080 1.4235905408859253 39
1726432223130 1.424808144569397 40
1726432223179 1.4377542734146118 41
1726432223229 1.4519236087799072 42
1726432223280 1.44961678981781 43
1726432223334 1.4416131973266602 44
1726432223387 1.4469953775405884 45
1726432223438 1.4405763149261475 46
1726432223488 1.437990427017212 47
1726432223538 1.4310907125473022 48
1726432223589 1.435765266418457 49
1726432223639 1.4347634315490723 50
1726432223701 1.44346284866333 51
1726432223754 1.4435665607452393 52
1726432223806 1.4253385066986084 53
1726432223858 1.4336559772491455 54
1726432223909 1.4471845626831055 55
1726432223960 1.447204828262329 56
1726432224011 1.4333839416503906 57
1726432224063 1.4365417957305908 58
1726432224115 1.4474238157272339 59
1726432224165 1.4390630722045898 60
1726432224216 1.4267996549606323 61
1726432224270 1.4192075729370117 62
1726432224322 1.4025179147720337 63
1726432224374 1.4197224378585815 64
1726432224424 1.416078805923462 65
1726432224475 1.4140143394470215 66
1726432224525 1.4178943634033203 67
1726432224577 1.4247088432312012 68
1726432224629 1.4185172319412231 69
1726432224679 1.4171788692474365 70
1726432224734 1.417968511581421 71
1726432224786 1.42069673538208 72
1726432224836 1.4137119054794312 73
1726432224882 1.4276084899902344 74
1726432224929 1.4297559261322021 75
1726432224982 1.4435031414031982 76
1726432225048 1.4410896301269531 77
1726432225097 1.4401458501815796 78
1726432225157 1.4434007406234741 79
1726432225216 1.4307836294174194 80
1726432225269 1.4384639263153076 81
1726432225322 1.4324878454208374 82
1726432225380 1.439721703529358 83
1726432225428 1.4386143684387207 84
1726432225473 1.4142335653305054 85
1726432225517 1.4323549270629883 86
1726432225556 1.4406826496124268 87
1726432225598 1.4432718753814697 88
1726432225638 1.439761996269226 89
1726432225678 1.4220080375671387 90
1726432225720 1.43330717086792 91
1726432225761 1.4263838529586792 92
1726432225801 1.4097621440887451 93
1726432225845 1.439081072807312 94
1726432225886 1.4180712699890137 95
1726432225929 1.40108060836792 96
1726432225971 1.4128003120422363 97
1726432226016 1.4067256450653076 98
1726432226061 1.423506259918213 99
1726432226106 1.4045095443725586 100
1726432226150 1.3845806121826172 101
1726432226193 1.4317902326583862 102
1726432226235 1.4105809926986694 103
1726432226277 1.4274603128433228 104
1726432226319 1.4231274127960205 105
1726432226362 1.4312515258789062 106
1726432226403 1.423248529434204 107
1726432226445 1.4052332639694214 108
1726432226487 1.4007258415222168 109
1726432226530 1.4257936477661133 110
1726432226572 1.4250762462615967 111
1726432226616 1.4292387962341309 112
1726432226657 1.45060133934021 113
1726432226699 1.4333804845809937 114
1726432226743 1.4314616918563843 115
1726432226785 1.416695475578308 116
1726432226828 1.4364895820617676 117
1726432226871 1.417442798614502 118
1726432226912 1.42717707157135 119
1726432226955 1.435814619064331 120
1726432226997 1.4398345947265625 121
1726432227039 1.4264603853225708 122
1726432227081 1.431821346282959 123
1726432227124 1.44174325466156 124
1726432227168 1.4337451457977295 125
1726432227211 1.4425089359283447 126
1726432227252 1.420232892036438 127
1726432227296 1.4243555068969727 128
1726432227339 1.4176496267318726 129
1726432227383 1.4040955305099487 130
1726432227424 1.418643832206726 131
1726432227465 1.413027286529541 132
1726432227507 1.4413855075836182 133
1726432227549 1.4350427389144897 134
1726432227591 1.4361461400985718 135
1726432227632 1.4467500448226929 136
1726432227674 1.438428282737732 137
1726432227717 1.4443845748901367 138
1726432227759 1.4425649642944336 139
1726432227800 1.437371850013733 140
1726432227845 1.4325323104858398 141
1726432227887 1.4363434314727783 142
1726432227929 1.431943655014038 143
1726432227971 1.4378141164779663 144
1726432228012 1.4144182205200195 145
1726432228055 1.4300453662872314 146
1726432228104 1.430229902267456 147
1726432228152 1.4422730207443237 148
1726432228198 1.4354026317596436 149
1726432228237 1.430537223815918 150
1726432228278 1.4207441806793213 151
1726432228318 1.4295034408569336 152
1726432228364 1.4450340270996094 153
1726432228407 1.435655117034912 154
1726432228448 1.4331663846969604 155
1726432228490 1.4403748512268066 156
1726432228532 1.4277416467666626 157
1726432228573 1.4428906440734863 158
1726432228616 1.4277873039245605 159
1726432228657 1.4434256553649902 160
1726432228698 1.4402151107788086 161
1726432228739 1.448349952697754 162
1726432228782 1.4413180351257324 163
1726432228824 1.4414687156677246 164
1726432228867 1.4483634233474731 165
1726432228913 1.432454228401184 166
1726432228957 1.4444279670715332 167
1726432228999 1.4437884092330933 168
1726432229041 1.4282749891281128 169
1726432229085 1.4314957857131958 170
1726432229128 1.4307588338851929 171
1726432229169 1.4378631114959717 172
1726432229212 1.4375319480895996 173
1726432229253 1.440342903137207 174
1726432229296 1.4470367431640625 175
1726432229340 1.4522029161453247 176
1726432229384 1.4266448020935059 177
1726432229429 1.445697546005249 178
1726432229469 1.4456002712249756 179
1726432229512 1.4469354152679443 180
1726432229553 1.4455242156982422 181
1726432229595 1.443547248840332 182
1726432229636 1.4359298944473267 183
1726432229679 1.4415757656097412 184
1726432229720 1.4407953023910522 185
1726432229764 1.4442952871322632 186
1726432229805 1.4329066276550293 187
1726432229851 1.4119700193405151 188
1726432229901 1.3822033405303955 189
1726432229955 1.3920660018920898 190
1726432230000 1.3943114280700684 191
1726432230044 1.3938803672790527 192
1726432230086 1.4069045782089233 193
1726432230127 1.3976548910140991 194
1726432230170 1.3999965190887451 195
1726432230211 1.4283568859100342 196
1726432230252 1.4350591897964478 197
1726432230294 1.4423184394836426 198
1726432230337 1.4367527961730957 199
1726432230384 1.4324342012405396 200
1726432230427 1.4311155080795288 201
1726432230471 1.429975152015686 202
1726432230514 1.3923004865646362 203
1726432230559 1.4209630489349365 204
1726432230605 1.4324864149093628 205
1726432230649 1.4300755262374878 206
1726432230693 1.4025657176971436 207
1726432230743 1.4214115142822266 208
1726432230808 1.4092991352081299 209
1726432230856 1.4281387329101562 210
1726432230898 1.417993187904358 211
1726432230941 1.4166860580444336 212
1726432230983 1.428192138671875 213
1726432231031 1.440091609954834 214
1726432231086 1.4335094690322876 215
1726432231133 1.4285951852798462 216
1726432231183 1.4285085201263428 217
1726432231228 1.432595133781433 218
1726432231285 1.4246397018432617 219
1726432231327 1.4299942255020142 220
1726432231367 1.4183497428894043 221
1726432231407 1.4275400638580322 222
1726432231448 1.4209771156311035 223
1726432231489 1.4283816814422607 224
1726432231530 1.423933744430542 225
1726432231571 1.4249870777130127 226
1726432231613 1.433985710144043 227
1726432231653 1.4427831172943115 228
1726432231693 1.428725004196167 229
1726432231733 1.431133508682251 230
1726432231774 1.4434046745300293 231
1726432231815 1.4217777252197266 232
1726432231857 1.4206054210662842 233
1726432231898 1.4090831279754639 234
1726432231944 1.420579195022583 235
1726432231991 1.4182865619659424 236
1726432232039 1.4387277364730835 237
1726432232081 1.4168182611465454 238
1726432232123 1.4092200994491577 239
1726432232164 1.4222607612609863 240
1726432232206 1.4416141510009766 241
1726432232247 1.4332966804504395 242
1726432232287 1.4304590225219727 243
1726432232329 1.4343124628067017 244
1726432232372 1.4307457208633423 245
1726432232413 1.4198715686798096 246
1726432232455 1.4121991395950317 247
1726432232497 1.401107668876648 248
1726432232538 1.402405023574829 249
1726432232580 1.4150303602218628 250
1726432232623 1.4378899335861206 251
1726432232664 1.443617582321167 252
1726432232706 1.4460909366607666 253
1726432232749 1.448834776878357 254
1726432232792 1.4359099864959717 255
1726432232834 1.4329496622085571 256
1726432232877 1.4416470527648926 257
1726432232919 1.4263949394226074 258
1726432232960 1.4392192363739014 259
1726432233004 1.4322619438171387 260
1726432233045 1.4263701438903809 261
1726432233087 1.4362778663635254 262
1726432233130 1.4503345489501953 263
1726432233172 1.450034260749817 264
1726432233216 1.4317195415496826 265
1726432233258 1.4369850158691406 266
1726432233299 1.4380215406417847 267
1726432233342 1.4389660358428955 268
1726432233385 1.4441359043121338 269
1726432233429 1.4365363121032715 270
1726432233471 1.4346532821655273 271
1726432233512 1.4103962182998657 272
1726432233555 1.3756482601165771 273
1726432233597 1.371554970741272 274
1726432233641 1.3777358531951904 275
1726432233683 1.3517497777938843 276
1726432233724 1.3773205280303955 277
1726432233767 1.3542401790618896 278
1726432233809 1.3517467975616455 279
1726432233851 1.3517467975616455 280
