1726426752944 2e-05 0
1726426753000 1.3307329416275024 1
1726426753064 1.6682461500167847 2
1726426753120 1.9484176635742188 3
1726426753198 2.0029261112213135 4
1726426753274 2.3886399269104004 5
1726426753352 1.4142135381698608 6
1726426753406 1.4142135381698608 7
1726426753499 1.0072804689407349 8
1726426753568 1.8902044296264648 9
1726426753622 2.5355913639068604 10
1726426753681 2.4494898319244385 11
1726426753739 1.67727530002594 12
1726426753791 1.8478642702102661 13
1726426753849 2.189025402069092 14
1726426753906 1.9291014671325684 15
1726426753959 2.4494898319244385 16
1726426754022 1.8877428770065308 17
1726426754087 1.7753994464874268 18
1726426754134 2.057156562805176 19
1726426754181 2.8284270763397217 20
1726426754229 1.4142135381698608 21
1726426754280 1.415160059928894 22
1726426754339 1.796398401260376 23
1726426754389 1.9273946285247803 24
1726426754441 1.4255553483963013 25
1726426754490 1.9726723432540894 26
1726426754544 1.9726723432540894 27
1726426754595 2.0657458305358887 28
1726426754645 2.3528990745544434 29
1726426754705 2.764181137084961 30
1726426754779 1.9080612659454346 31
1726426754849 1.491458535194397 32
1726426754924 2.438788890838623 33
1726426754992 2.0 34
1726426755058 2.8284270763397217 35
1726426755116 2.0 36
1726426755164 2.4195001125335693 37
1726426755211 1.9820125102996826 38
1726426755262 1.6978833675384521 39
1726426755310 1.8005082607269287 40
1726426755359 1.891663670539856 41
1726426755414 2.1778790950775146 42
1726426755464 1.9478009939193726 43
1726426755517 1.665499210357666 44
1726426755569 0.9672594666481018 45
1726426755621 2.2483997344970703 46
1726426755675 1.5918112993240356 47
1726426755738 2.245882034301758 48
1726426755806 1.435713291168213 49
1726426755859 1.925584316253662 50
1726426755910 2.1844451427459717 51
1726426755960 2.0101397037506104 52
1726426756010 2.2861037254333496 53
1726426756073 2.3172285556793213 54
1726426756133 1.3246504068374634 55
1726426756203 2.553030252456665 56
1726426756273 1.8274365663528442 57
1726426756333 2.3573269844055176 58
1726426756384 0.40413591265678406 59
1726426756429 1.981657862663269 60
1726426756478 2.546804904937744 61
1726426756520 1.9137523174285889 62
1726426756564 1.3694080114364624 63
1726426756607 1.805938482284546 64
1726426756654 1.4126574993133545 65
1726426756696 1.9765194654464722 66
1726426756737 2.633983612060547 67
1726426756782 1.982674479484558 68
1726426756824 0.9251363277435303 69
1726426756872 2.089787483215332 70
1726426756914 2.4494898319244385 71
1726426756958 2.325352191925049 72
1726426757005 2.474583387374878 73
1726426757048 2.6391842365264893 74
1726426757095 2.4218223094940186 75
1726426757136 2.0961968898773193 76
1726426757177 1.4100555181503296 77
1726426757219 2.3393332958221436 78
1726426757260 1.5282076597213745 79
1726426757307 1.4665446281433105 80
1726426757348 1.9399465322494507 81
1726426757393 2.5271594524383545 82
1726426757434 1.9817687273025513 83
1726426757479 1.5016535520553589 84
1726426757520 2.4494898319244385 85
1726426757564 2.4405910968780518 86
1726426757612 2.4585466384887695 87
1726426757658 2.2674832344055176 88
1726426757699 2.4092330932617188 89
1726426757743 1.513526439666748 90
1726426757785 2.001638412475586 91
1726426757830 2.262145757675171 92
1726426757873 2.346931219100952 93
1726426757912 1.9070603847503662 94
1726426757957 1.9034353494644165 95
1726426757996 2.1375255584716797 96
1726426758036 1.8216352462768555 97
1726426758079 1.8923710584640503 98
1726426758121 2.2437355518341064 99
1726426758161 1.4767727851867676 100
1726426758204 1.5804872512817383 101
1726426758247 1.6648329496383667 102
1726426758288 2.026897430419922 103
1726426758327 1.893647313117981 104
1726426758368 2.0 105
1726426758408 1.8726083040237427 106
1726426758447 2.230255365371704 107
1726426758486 1.1631972789764404 108
1726426758525 2.6708121299743652 109
1726426758564 2.6459968090057373 110
1726426758603 1.4416435956954956 111
1726426758642 2.4019224643707275 112
1726426758681 2.3007376194000244 113
1726426758721 1.8516416549682617 114
1726426758765 1.650052785873413 115
1726426758809 1.4832351207733154 116
1726426758857 2.3223519325256348 117
1726426758899 1.735880732536316 118
1726426758944 1.8745791912078857 119
1726426758987 2.4494898319244385 120
1726426759031 2.750397205352783 121
1726426759078 1.6976728439331055 122
1726426759124 2.5019760131835938 123
1726426759172 2.4863038063049316 124
1726426759217 1.6788768768310547 125
1726426759260 2.345214605331421 126
1726426759304 2.18503737449646 127
1726426759346 2.04675555229187 128
1726426759385 1.5002140998840332 129
1726426759428 2.4494898319244385 130
1726426759467 2.00972580909729 131
1726426759508 1.3781001567840576 132
1726426759552 2.315486431121826 133
1726426759595 2.0463147163391113 134
1726426759639 1.6664246320724487 135
1726426759683 1.8403589725494385 136
1726426759725 2.0382683277130127 137
1726426759772 1.7968169450759888 138
1726426759824 1.8583972454071045 139
1726426759876 1.6846938133239746 140
1726426759921 2.3890700340270996 141
1726426759966 1.6547733545303345 142
1726426760011 1.6162123680114746 143
1726426760061 2.0255351066589355 144
1726426760110 1.9354498386383057 145
1726426760156 1.452043056488037 146
1726426760203 2.6316752433776855 147
1726426760247 1.7104719877243042 148
1726426760290 2.2719099521636963 149
1726426760332 1.4457095861434937 150
1726426760378 1.916976809501648 151
1726426760425 1.9128172397613525 152
1726426760470 2.352478265762329 153
1726426760516 1.2751154899597168 154
1726426760562 2.1302077770233154 155
1726426760608 0.37490323185920715 156
1726426760651 2.3211019039154053 157
1726426760692 1.7863752841949463 158
1726426760740 2.403608798980713 159
1726426760781 1.5286039113998413 160
1726426760822 2.542332887649536 161
1726426760867 1.7800506353378296 162
1726426760910 2.0020053386688232 163
1726426760955 2.106926679611206 164
1726426761001 1.5928497314453125 165
1726426761049 1.9655827283859253 166
1726426761097 1.701162338256836 167
1726426761141 2.3460402488708496 168
1726426761183 2.016627788543701 169
1726426761224 1.4142135381698608 170
1726426761266 2.0013067722320557 171
1726426761309 2.6570234298706055 172
1726426761351 1.3310149908065796 173
1726426761393 2.1814122200012207 174
1726426761433 0.8757407069206238 175
1726426761473 2.0355119705200195 176
1726426761516 2.3854827880859375 177
1726426761563 1.7527389526367188 178
1726426761618 2.2471485137939453 179
1726426761671 1.4142135381698608 180
1726426761722 2.5340993404388428 181
1726426761774 2.384577751159668 182
1726426761825 1.685546636581421 183
1726426761876 1.7627729177474976 184
1726426761926 2.4494898319244385 185
1726426761976 2.418745279312134 186
1726426762026 2.095202922821045 187
1726426762074 1.1907646656036377 188
1726426762117 1.6120094060897827 189
1726426762167 2.361380100250244 190
1726426762218 1.6523408889770508 191
1726426762273 2.558924436569214 192
1726426762313 2.235177516937256 193
1726426762362 2.365567684173584 194
1726426762411 2.002561092376709 195
1726426762449 1.4178330898284912 196
1726426762487 2.406350612640381 197
1726426762525 2.3601250648498535 198
1726426762563 2.699709415435791 199
1726426762602 2.0004756450653076 200
1726426762643 1.9849966764450073 201
1726426762682 2.8284270763397217 202
1726426762721 2.013129234313965 203
1726426762759 2.4588773250579834 204
1726426762799 1.1871819496154785 205
1726426762838 1.8703932762145996 206
1726426762880 2.4498445987701416 207
1726426762920 1.9707943201065063 208
1726426762961 1.124845266342163 209
1726426762999 1.8599516153335571 210
1726426763038 1.1877909898757935 211
1726426763077 2.4919583797454834 212
1726426763116 2.0335092544555664 213
1726426763154 2.414435625076294 214
1726426763192 2.254645586013794 215
1726426763230 1.738193392753601 216
1726426763272 0.28062036633491516 217
1726426763310 2.0 218
1726426763348 0.0 219
1726426763389 1.437145709991455 220
1726426763434 2.3416805267333984 221
1726426763479 2.4041025638580322 222
1726426763520 1.747070074081421 223
1726426763561 2.2477219104766846 224
1726426763604 2.369455099105835 225
1726426763644 1.7644740343093872 226
1726426763688 2.3689746856689453 227
1726426763737 2.0 228
1726426763777 2.4498159885406494 229
1726426763816 1.9862172603607178 230
1726426763862 2.3686113357543945 231
1726426763904 1.4630781412124634 232
1726426763945 2.225684881210327 233
1726426763986 2.0078108310699463 234
1726426764028 2.0 235
1726426764069 1.5812585353851318 236
1726426764109 2.345207929611206 237
1726426764151 2.028529644012451 238
1726426764193 1.9613157510757446 239
1726426764231 1.5297168493270874 240
1726426764273 1.4142135381698608 241
1726426764317 2.2923903465270996 242
1726426764357 2.1478753089904785 243
1726426764401 1.5847078561782837 244
1726426764442 1.5603147745132446 245
1726426764481 1.817752480506897 246
1726426764526 2.154719352722168 247
1726426764568 2.761014223098755 248
1726426764616 2.7238259315490723 249
1726426764660 1.9139113426208496 250
1726426764707 1.7288119792938232 251
1726426764762 1.7488852739334106 252
1726426764815 1.481857419013977 253
1726426764857 2.060256242752075 254
1726426764895 1.6536110639572144 255
1726426764939 2.286890745162964 256
1726426764983 0.804340124130249 257
1726426765021 2.4640908241271973 258
1726426765062 2.3494386672973633 259
1726426765105 1.358168125152588 260
1726426765145 2.0160505771636963 261
1726426765189 1.6249769926071167 262
1726426765229 2.3516523838043213 263
1726426765274 2.4043354988098145 264
1726426765317 1.4142135381698608 265
1726426765360 2.0 266
1726426765404 2.0319907665252686 267
1726426765444 1.4591046571731567 268
1726426765485 1.813638687133789 269
1726426765528 0.8225281238555908 270
1726426765569 1.876747727394104 271
1726426765614 1.8489432334899902 272
1726426765654 2.4494898319244385 273
1726426765707 2.4337410926818848 274
1726426765755 1.9812901020050049 275
1726426765800 1.8867402076721191 276
1726426765846 1.9615508317947388 277
1726426765898 2.2642595767974854 278
1726426765952 2.4223110675811768 279
1726426766006 0.7510608434677124 280
1726426766064 2.0909581184387207 281
1726426766114 2.6833646297454834 282
1726426766163 2.4494898319244385 283
1726426766216 2.232635021209717 284
1726426766265 1.5061217546463013 285
1726426766315 2.1411943435668945 286
1726426766365 2.7776808738708496 287
1726426766418 2.4494898319244385 288
1726426766466 2.0 289
1726426766514 2.8284270763397217 290
1726426766569 1.4142135381698608 291
1726426766621 1.680370569229126 292
1726426766671 2.335691213607788 293
1726426766720 1.426178216934204 294
1726426766768 1.4291472434997559 295
1726426766819 2.3981337547302246 296
1726426766868 2.438405752182007 297
1726426766917 2.4269511699676514 298
1726426766965 1.6518069505691528 299
1726426767012 1.6837962865829468 300
1726426767064 1.9979796409606934 301
1726426767117 2.0314745903015137 302
1726426767171 2.1407690048217773 303
1726426767228 2.7590739727020264 304
1726426767281 2.8284270763397217 305
1726426767335 2.075197458267212 306
1726426767390 2.0236117839813232 307
1726426767458 2.087235689163208 308
1726426767512 2.2282626628875732 309
1726426767588 2.149601459503174 310
1726426767697 2.2481138706207275 311
1726426767759 2.766549825668335 312
1726426767824 1.2860007286071777 313
1726426767906 2.00199031829834 314
1726426767986 1.9583252668380737 315
1726426768043 1.0327736139297485 316
1726426768106 2.757908344268799 317
1726426768180 1.9506053924560547 318
1726426768230 1.4226784706115723 319
1726426768283 2.4536471366882324 320
1726426768335 1.3485068082809448 321
1726426768392 1.4142135381698608 322
1726426768465 1.5250152349472046 323
1726426768532 2.170611619949341 324
1726426768599 1.2960970401763916 325
1726426768660 2.358759641647339 326
1726426768708 1.141923189163208 327
1726426768757 1.6869233846664429 328
1726426768806 1.8937633037567139 329
1726426768857 1.92178475856781 330
1726426768906 1.631583333015442 331
1726426768964 1.8682838678359985 332
1726426769013 2.4537699222564697 333
1726426769071 2.011721134185791 334
1726426769123 2.328594207763672 335
1726426769175 2.2646541595458984 336
1726426769227 0.08891989290714264 337
1726426769277 2.552626848220825 338
1726426769331 2.336989164352417 339
1726426769386 2.350743532180786 340
1726426769466 2.275306224822998 341
1726426769538 1.8416110277175903 342
1726426769605 2.20766019821167 343
1726426769673 2.4494898319244385 344
1726426769739 2.5611629486083984 345
1726426769803 1.2960337400436401 346
1726426769860 2.3733279705047607 347
1726426769911 0.1941498965024948 348
1726426769960 1.9307336807250977 349
1726426770028 2.274075984954834 350
1726426770088 1.8785560131072998 351
1726426770142 1.9793815612792969 352
1726426770191 1.842475175857544 353
1726426770243 2.0497827529907227 354
1726426770294 2.0223114490509033 355
1726426770347 1.5747169256210327 356
1726426770398 1.8713444471359253 357
1726426770454 0.7901942133903503 358
1726426770509 0.8026517033576965 359
1726426770561 2.146580457687378 360
1726426770612 1.4819072484970093 361
1726426770667 2.1822824478149414 362
1726426770715 1.2498235702514648 363
1726426770762 1.4351575374603271 364
1726426770809 2.0 365
1726426770856 1.8708491325378418 366
1726426770904 1.4651166200637817 367
1726426770952 2.583094596862793 368
1726426770999 1.8832587003707886 369
1726426771048 2.758641004562378 370
1726426771103 1.4871946573257446 371
1726426771157 1.7102093696594238 372
1726426771208 2.451392650604248 373
1726426771257 2.345810651779175 374
1726426771305 2.3452155590057373 375
1726426771351 2.200287342071533 376
1726426771397 0.18469657003879547 377
1726426771440 2.2364935874938965 378
1726426771484 2.0839781761169434 379
1726426771526 1.9742461442947388 380
1726426771568 1.6938828229904175 381
1726426771610 2.270364284515381 382
1726426771652 1.783161997795105 383
1726426771696 2.1300666332244873 384
1726426771739 2.2372372150421143 385
1726426771780 1.7742516994476318 386
1726426771823 1.2866013050079346 387
1726426771865 1.4142135381698608 388
1726426771908 2.469233512878418 389
1726426771951 2.05551815032959 390
1726426771994 2.338491201400757 391
1726426772038 2.6822943687438965 392
1726426772080 0.32118865847587585 393
1726426772123 2.0261924266815186 394
1726426772167 2.2774887084960938 395
1726426772211 1.6293933391571045 396
1726426772254 1.789980173110962 397
1726426772299 2.014758348464966 398
1726426772344 1.7912676334381104 399
1726426772383 2.449049711227417 400
1726426772423 1.9814348220825195 401
1726426772464 1.5545190572738647 402
1726426772504 1.818523645401001 403
1726426772548 1.2913283109664917 404
1726426772590 1.5403106212615967 405
1726426772633 1.8973060846328735 406
1726426772676 2.7656004428863525 407
1726426772718 1.9577425718307495 408
1726426772758 1.4142135381698608 409
1726426772800 1.0367701053619385 410
1726426772843 2.3131070137023926 411
1726426772889 1.6170756816864014 412
1726426772932 2.0859384536743164 413
1726426772974 2.0501537322998047 414
1726426773016 1.489508867263794 415
1726426773065 1.9031232595443726 416
1726426773106 2.004941940307617 417
1726426773152 1.961195707321167 418
1726426773195 2.321037769317627 419
1726426773238 2.821397066116333 420
1726426773281 2.3918497562408447 421
1726426773325 2.118185520172119 422
1726426773366 2.658538579940796 423
1726426773406 2.05867862701416 424
1726426773445 2.0 425
1726426773484 2.0624706745147705 426
1726426773522 1.640406608581543 427
1726426773561 2.0 428
1726426773599 2.4494898319244385 429
1726426773638 1.9281656742095947 430
1726426773680 1.9281656742095947 431
1726426773718 2.200554370880127 432
1726426773757 1.4459329843521118 433
1726426773795 2.0427896976470947 434
1726426773834 0.042511630803346634 435
1726426773873 2.0806007385253906 436
1726426773913 2.548386573791504 437
1726426773952 2.1672515869140625 438
1726426773990 1.2513937950134277 439
1726426774028 1.809462308883667 440
1726426774067 1.8926128149032593 441
1726426774105 1.6039186716079712 442
1726426774145 1.3412728309631348 443
1726426774185 1.9192094802856445 444
1726426774245 1.895641565322876 445
1726426774309 2.0 446
1726426774363 2.376641273498535 447
1726426774410 1.4531477689743042 448
1726426774451 1.904447317123413 449
1726426774497 2.326726198196411 450
1726426774545 1.4119681119918823 451
1726426774593 2.165327310562134 452
1726426774635 1.7434353828430176 453
1726426774676 1.2224565744400024 454
1726426774716 2.348586082458496 455
1726426774754 1.4501917362213135 456
1726426774801 1.7985508441925049 457
1726426774844 2.3690578937530518 458
1726426774892 1.869864583015442 459
1726426774945 1.781346082687378 460
1726426775007 2.3046412467956543 461
1726426775072 2.4614462852478027 462
1726426775128 1.4145452976226807 463
1726426775169 2.449681282043457 464
1726426775206 2.7301876544952393 465
1726426775243 2.112213611602783 466
1726426775287 2.4513256549835205 467
1726426775326 1.7900584936141968 468
1726426775364 1.9111968278884888 469
1726426775403 1.86741304397583 470
1726426775442 1.5791687965393066 471
1726426775480 0.7115231156349182 472
1726426775519 1.5751562118530273 473
1726426775559 1.8656327724456787 474
1726426775597 1.3651405572891235 475
1726426775635 2.7532737255096436 476
1726426775673 2.4494898319244385 477
1726426775711 2.2416586875915527 478
1726426775750 1.4539216756820679 479
1726426775789 1.44019615650177 480
1726426775827 1.0200409889221191 481
1726426775867 2.2543509006500244 482
1726426775906 1.8687671422958374 483
1726426775944 2.0357956886291504 484
1726426775982 1.914304494857788 485
1726426776020 2.8284270763397217 486
1726426776058 2.3927626609802246 487
1726426776101 1.8423213958740234 488
1726426776140 1.3085410594940186 489
1726426776181 2.5178310871124268 490
1726426776220 1.5445679426193237 491
1726426776257 2.5392346382141113 492
1726426776296 2.2221925258636475 493
1726426776334 1.4877210855484009 494
1726426776372 1.4877210855484009 495
1726426776416 0.0 496
1726426776459 1.7610065937042236 497
1726426776501 1.998077392578125 498
1726426776538 2.413092851638794 499
1726426776576 1.9201934337615967 500
1726426776614 1.9629167318344116 501
1726426776653 1.197348952293396 502
1726426776692 1.9890080690383911 503
1726426776738 1.743830680847168 504
1726426776786 1.2727996110916138 505
1726426776833 0.24712397158145905 506
1726426776874 2.1200177669525146 507
1726426776919 2.09552001953125 508
1726426776965 1.6831390857696533 509
1726426777003 2.3823680877685547 510
1726426777042 1.6080023050308228 511
1726426777087 2.509925127029419 512
1726426777126 0.1819617748260498 513
1726426777171 2.4253673553466797 514
1726426777210 2.00313138961792 515
1726426777257 1.6517373323440552 516
1726426777296 2.654046058654785 517
1726426777340 2.2017829418182373 518
1726426777380 2.355271100997925 519
1726426777427 1.4147943258285522 520
1726426777468 1.7741857767105103 521
1726426777513 2.1280219554901123 522
1726426777552 1.4560537338256836 523
1726426777595 2.4494898319244385 524
1726426777638 2.03391432762146 525
1726426777684 1.9208940267562866 526
1726426777724 1.7109265327453613 527
1726426777764 2.4388561248779297 528
1726426777802 2.0832831859588623 529
1726426777841 1.901318073272705 530
1726426777880 2.1096510887145996 531
1726426777922 2.417902708053589 532
1726426777966 2.7486066818237305 533
1726426778006 2.355377674102783 534
1726426778045 0.0049911984242498875 535
1726426778083 1.461047649383545 536
1726426778122 1.5304677486419678 537
1726426778161 1.211974024772644 538
1726426778203 2.663811445236206 539
1726426778243 1.5896998643875122 540
1726426778288 0.8250599503517151 541
1726426778329 1.583946704864502 542
1726426778369 2.0366439819335938 543
1726426778409 2.216651678085327 544
1726426778453 0.9541770815849304 545
1726426778493 2.383103609085083 546
1726426778532 2.395259380340576 547
1726426778574 2.444242477416992 548
1726426778616 2.449531316757202 549
1726426778665 2.0083301067352295 550
1726426778710 2.725259304046631 551
1726426778751 1.828269600868225 552
1726426778794 2.2506113052368164 553
1726426778836 2.0000877380371094 554
1726426778875 2.4494898319244385 555
1726426778916 1.4142135381698608 556
1726426778959 2.3327581882476807 557
1726426779001 2.01700496673584 558
1726426779049 2.0593388080596924 559
1726426779089 2.0133633613586426 560
1726426779135 1.6621636152267456 561
1726426779177 1.7255067825317383 562
1726426779216 2.5978763103485107 563
1726426779264 1.5089601278305054 564
1726426779318 1.4171372652053833 565
1726426779361 1.9385994672775269 566
1726426779400 1.1929211616516113 567
1726426779445 1.677535891532898 568
1726426779485 2.0383169651031494 569
1726426779536 1.4142135381698608 570
1726426779586 2.2207884788513184 571
1726426779631 1.5923198461532593 572
1726426779696 0.4777771532535553 573
1726426779743 1.9550144672393799 574
1726426779788 1.4142216444015503 575
1726426779841 2.0827691555023193 576
1726426779903 2.0843851566314697 577
1726426779963 2.0 578
1726426780002 2.0 579
1726426780042 1.429391622543335 580
1726426780099 2.667731523513794 581
1726426780136 2.4015610218048096 582
1726426780182 1.8747026920318604 583
1726426780221 1.890731692314148 584
1726426780259 2.6489455699920654 585
1726426780300 2.621701240539551 586
1726426780339 1.0330485105514526 587
1726426780385 1.4067505598068237 588
1726426780427 0.9169691801071167 589
1726426780464 1.5794404745101929 590
1726426780502 2.263791799545288 591
1726426780540 1.8654850721359253 592
1726426780578 1.9813706874847412 593
1726426780616 2.069767475128174 594
1726426780658 1.2434930801391602 595
1726426780714 0.11887429654598236 596
1726426780756 1.9933338165283203 597
1726426780799 2.155876874923706 598
1726426780843 1.8587050437927246 599
1726426780889 2.3887875080108643 600
1726426780937 1.9891148805618286 601
1726426780987 1.742075800895691 602
1726426781036 1.4989838600158691 603
1726426781084 2.070034980773926 604
1726426781132 2.1409146785736084 605
1726426781180 2.0 606
1726426781228 1.6865859031677246 607
1726426781285 0.025590334087610245 608
1726426781335 0.02790546417236328 609
1726426781383 1.9016708135604858 610
1726426781438 1.5721122026443481 611
1726426781488 2.3114101886749268 612
1726426781539 1.106300711631775 613
1726426781600 1.8654934167861938 614
1726426781668 2.0049495697021484 615
1726426781716 2.7842063903808594 616
1726426781764 2.807135820388794 617
1726426781811 1.3925198316574097 618
1726426781859 2.008861780166626 619
1726426781912 1.4260258674621582 620
1726426781962 1.9752774238586426 621
1726426782015 2.1664786338806152 622
1726426782072 1.9251219034194946 623
1726426782128 2.3741509914398193 624
1726426782178 1.911344289779663 625
1726426782232 0.016498148441314697 626
1726426782288 1.5356190204620361 627
1726426782339 2.044731378555298 628
1726426782398 2.7390453815460205 629
1726426782448 2.1060659885406494 630
1726426782497 2.30141019821167 631
1726426782546 2.2866134643554688 632
1726426782627 2.449699640274048 633
1726426782687 1.4565558433532715 634
1726426782749 2.036257743835449 635
1726426782808 1.11196768283844 636
1726426782874 1.530381202697754 637
1726426782944 2.2510933876037598 638
1726426783010 2.356111764907837 639
1726426783072 0.030351746827363968 640
1726426783158 1.471520185470581 641
1726426783245 0.2065184861421585 642
1726426783322 0.10286739468574524 643
1726426783382 2.6832070350646973 644
1726426783443 1.8178632259368896 645
1726426783503 1.941757082939148 646
1726426783565 2.0099425315856934 647
1726426783626 0.6940326690673828 648
1726426783689 2.1169981956481934 649
1726426783757 2.4494898319244385 650
1726426783821 1.7102034091949463 651
1726426783883 1.7102034091949463 652
1726426783948 0.9814873337745667 653
1726426784017 2.1115012168884277 654
1726426784081 0.18698462843894958 655
1726426784138 1.6858739115832577e-07 656
