1727302016308 1.935680627822876 0
1727302016343 1.8951647281646729 1
1727302016377 1.9520998001098633 2
1727302016413 1.9054861068725586 3
1727302016447 1.7076666355133057 4
1727302016481 1.7311820983886719 5
1727302016516 1.9358294010162354 6
1727302016551 1.8937430381774902 7
1727302016586 1.8777885437011719 8
1727302016620 1.9290924072265625 9
1727302016654 1.850024938583374 10
1727302016690 1.5794944763183594 11
1727302016724 1.7588988542556763 12
1727302016759 1.7386997938156128 13
1727302016798 1.7439435720443726 14
1727302016834 1.8885788917541504 15
1727302016872 1.8750288486480713 16
1727302016909 1.9718025922775269 17
1727302016945 1.868524432182312 18
1727302016981 1.755974292755127 19
1727302017016 1.9833253622055054 20
1727302017052 1.657746434211731 21
1727302017085 1.9135417938232422 22
1727302017120 1.8417043685913086 23
1727302017155 1.8997851610183716 24
1727302017193 1.7842164039611816 25
1727302017228 1.9486894607543945 26
1727302017263 1.5298922061920166 27
1727302017298 1.6199805736541748 28
1727302017333 1.7026153802871704 29
1727302017368 1.838992714881897 30
1727302017404 1.807143211364746 31
1727302017441 1.8414306640625 32
1727302017476 1.8544394969940186 33
1727302017511 1.712947964668274 34
1727302017546 1.9097506999969482 35
1727302017580 1.7672240734100342 36
1727302017615 1.8062825202941895 37
1727302017651 1.8267202377319336 38
1727302017689 1.9495837688446045 39
1727302017724 1.8969550132751465 40
1727302017759 1.954380989074707 41
1727302017793 1.8768775463104248 42
1727302017827 1.8608813285827637 43
1727302017862 1.4741342067718506 44
1727302017896 1.6758451461791992 45
1727302017933 1.8849480152130127 46
1727302017968 1.795516014099121 47
1727302018003 1.7869648933410645 48
1727302018040 1.8150861263275146 49
1727302018075 1.9668675661087036 50
1727302018110 1.972792625427246 51
1727302018144 1.8851898908615112 52
1727302018181 1.8657145500183105 53
1727302018215 1.9363906383514404 54
1727302018250 1.8686392307281494 55
1727302018288 1.76756751537323 56
1727302018323 1.8216893672943115 57
1727302018358 1.922891616821289 58
1727302018394 1.8979198932647705 59
1727302018431 1.777388334274292 60
1727302018466 1.9769011735916138 61
1727302018500 1.9494754076004028 62
1727302018536 1.9283146858215332 63
1727302018571 1.6564953327178955 64
1727302018605 1.8523305654525757 65
1727302018640 1.9665906429290771 66
1727302018676 1.8323893547058105 67
1727302018711 1.9811888933181763 68
1727302018745 1.7390040159225464 69
1727302018781 1.6534711122512817 70
1727302018815 1.7008260488510132 71
1727302018850 1.9455466270446777 72
1727302018884 1.3769659996032715 73
1727302018919 1.2328964471817017 74
1727302018954 1.9345475435256958 75
1727302018989 1.930788516998291 76
1727302019023 1.6779329776763916 77
1727302019058 1.801267385482788 78
1727302019093 1.903329849243164 79
1727302019127 1.945521354675293 80
1727302019162 1.7981153726577759 81
1727302019198 1.7762844562530518 82
1727302019233 1.9323487281799316 83
1727302019268 1.9067420959472656 84
1727302019303 1.68878173828125 85
1727302019340 1.9617377519607544 86
1727302019383 1.9061496257781982 87
1727302019422 1.7614384889602661 88
1727302019457 1.9957623481750488 89
1727302019493 1.93976891040802 90
1727302019528 1.8115589618682861 91
1727302019562 1.756557583808899 92
1727302019596 1.9512662887573242 93
1727302019630 1.8225550651550293 94
1727302019666 1.9829115867614746 95
1727302019703 1.3796190023422241 96
1727302019740 1.8355298042297363 97
1727302019778 1.6677312850952148 98
1727302019813 1.7824933528900146 99
1727302019848 1.7152941226959229 100
1727302019883 1.2097513675689697 101
1727302019918 1.8727632761001587 102
1727302019954 1.5795197486877441 103
1727302019989 1.8332326412200928 104
1727302020024 1.554835557937622 105
1727302020058 1.9705466032028198 106
1727302020094 1.5196396112442017 107
1727302020129 1.974056363105774 108
1727302020164 1.7921470403671265 109
1727302020201 1.937911868095398 110
1727302020237 1.7143266201019287 111
1727302020272 1.846584677696228 112
1727302020307 1.4600272178649902 113
1727302020346 1.8599650859832764 114
1727302020381 1.987290859222412 115
1727302020416 1.8625421524047852 116
1727302020453 1.8947763442993164 117
1727302020488 1.916280746459961 118
1727302020524 1.9354543685913086 119
1727302020559 1.9712680578231812 120
1727302020593 1.8689537048339844 121
1727302020629 1.9754927158355713 122
1727302020665 1.893640398979187 123
1727302020700 1.9590179920196533 124
1727302020735 1.6592910289764404 125
1727302020772 1.9413721561431885 126
1727302020807 1.3425817489624023 127
1727302020843 1.8462092876434326 128
1727302020878 1.3425816297531128 129
1727302020912 1.8171472549438477 130
1727302020949 1.5245311260223389 131
1727302020988 1.3425817489624023 132
1727302021025 1.9464141130447388 133
1727302021059 1.7240312099456787 134
1727302021096 1.8580372333526611 135
1727302021133 1.66352379322052 136
1727302021170 1.9557838439941406 137
1727302021207 1.9381961822509766 138
1727302021242 1.7453393936157227 139
1727302021277 1.7290666103363037 140
1727302021313 1.7958195209503174 141
1727302021347 1.3594040870666504 142
1727302021383 1.7726542949676514 143
1727302021420 1.7407275438308716 144
1727302021458 1.7693358659744263 145
1727302021494 1.9265084266662598 146
1727302021533 1.9273755550384521 147
1727302021578 1.3161163330078125 148
1727302021625 1.9669020175933838 149
1727302021677 1.979170560836792 150
1727302021722 1.8327723741531372 151
1727302021770 1.4325816631317139 152
1727302021840 1.9073456525802612 153
1727302021902 1.7614226341247559 154
1727302021968 0.5264697670936584 155
1727302022034 1.8723676204681396 156
1727302022103 1.6636244058609009 157
1727302022155 1.6728720664978027 158
1727302022208 1.8477643728256226 159
1727302022258 1.9318428039550781 160
1727302022338 1.7801436185836792 161
1727302022404 1.859756350517273 162
1727302022472 1.9235382080078125 163
1727302022538 1.550851821899414 164
1727302022592 1.8610248565673828 165
1727302022646 1.9842603206634521 166
1727302022699 1.3425817489624023 167
1727302022750 1.8737540245056152 168
1727302022801 1.8435180187225342 169
1727302022856 1.656766653060913 170
1727302022917 1.871164321899414 171
1727302022972 1.728729486465454 172
1727302023020 1.7165873050689697 173
1727302023060 1.5645232200622559 174
1727302023100 1.9841558933258057 175
1727302023140 1.9758390188217163 176
1727302023177 1.7069734334945679 177
1727302023215 1.7312391996383667 178
1727302023256 1.8964595794677734 179
1727302023292 1.8246428966522217 180
1727302023327 1.8825682401657104 181
1727302023365 1.7456713914871216 182
1727302023403 1.3425817489624023 183
1727302023444 1.9352478981018066 184
1727302023486 1.9560959339141846 185
1727302023536 1.0025593042373657 186
1727302023572 1.9555082321166992 187
1727302023608 1.7216688394546509 188
1727302023644 1.9524009227752686 189
1727302023682 1.877278208732605 190
1727302023718 1.6384550333023071 191
1727302023752 1.9199069738388062 192
1727302023786 1.907975196838379 193
1727302023822 1.7974498271942139 194
1727302023857 1.8770807981491089 195
1727302023892 1.4325816631317139 196
1727302023927 1.4325816631317139 197
