1727301839544 2e-05 0
1727301839591 -0.31644511222839355 1
1727301839626 0.11112403869628906 2
1727301839664 -0.1611652374267578 3
1727301839701 0.2627377510070801 4
1727301839737 0.039246559143066406 5
1727301839771 -0.3572697639465332 6
1727301839807 0.19731712341308594 7
1727301839843 0.09777951240539551 8
1727301839879 -0.22272205352783203 9
1727301839915 0.07548141479492188 10
1727301839950 -0.08828401565551758 11
1727301839984 0.1580502986907959 12
1727301840021 -0.08337879180908203 13
1727301840055 -0.10632658004760742 14
1727301840091 0.2600555419921875 15
1727301840126 -0.616734117269516 16
1727301840162 0.44128093123435974 17
1727301840198 0.03845334053039551 18
1727301840233 0.1385817527770996 19
1727301840271 -0.20970368385314941 20
1727301840321 0.15668535232543945 21
1727301840373 -0.21830642223358154 22
1727301840426 0.2067791223526001 23
1727301840463 -0.23987483978271484 24
1727301840497 -0.1597963571548462 25
1727301840533 0.2796703577041626 26
1727301840568 0.20148348808288574 27
1727301840605 -0.13376307487487793 28
1727301840641 -0.02989506721496582 29
1727301840687 -0.12154316902160645 30
1727301840726 0.024190068244934082 31
1727301840762 0.1471806764602661 32
1727301840800 -0.14016377925872803 33
1727301840845 0.2343963384628296 34
1727301840892 -0.23887038230895996 35
1727301840932 0.05077505111694336 36
1727301840969 4.76999044418335 37
1727301841012 -4.72060227394104 38
1727301841050 0.09006977081298828 39
1727301841089 -0.14629697799682617 40
1727301841128 0.10836625099182129 41
1727301841167 -0.8880671262741089 42
1727301841203 0.7253708839416504 43
1727301841242 0.09364140033721924 44
1727301841279 0.03642630577087402 45
1727301841328 0.14403152465820312 46
1727301841375 -0.999469518661499 47
1727301841416 0.9636523723602295 48
1727301841468 -0.10600161552429199 49
1727301841520 0.08474898338317871 50
1727301841569 -0.23183584213256836 51
1727301841612 0.1467268466949463 52
1727301841666 -0.00946044921875 53
1727301841723 0.033533334732055664 54
1727301841774 0.09073233604431152 55
1727301841834 -0.15197157859802246 56
1727301841892 0.04811358451843262 57
1727301841950 -0.03097224235534668 58
1727301842015 0.0690317153930664 59
1727301842072 -0.024363994598388672 60
1727301842128 -0.03027510643005371 61
1727301842193 -0.0009102821350097656 62
1727301842251 -0.16750776767730713 63
1727301842315 0.13267934322357178 64
1727301842380 0.06029105186462402 65
1727301842444 -0.18387067317962646 66
1727301842517 0.18552649021148682 67
1727301842585 0.11924242973327637 68
1727301842645 -0.1118309497833252 69
1727301842706 -0.02629399299621582 70
1727301842769 0.01810169219970703 71
1727301842827 0.0162050724029541 72
1727301842879 -0.32867002487182617 73
1727301842937 0.30542492866516113 74
1727301843016 -0.11372542381286621 75
1727301843094 0.12862467765808105 76
1727301843165 0.032041072845458984 77
1727301843229 -0.11446666717529297 78
1727301843282 -0.09752213954925537 79
1727301843343 0.17674458026885986 80
1727301843404 0.07494735717773438 81
1727301843459 0.028269052505493164 82
1727301843505 -0.07815742492675781 83
1727301843552 -0.21445178985595703 84
1727301843610 0.2572958469390869 85
1727301843666 4.639097690582275 86
1727301843713 -4.672245979309082 87
1727301843756 0.02157115936279297 88
1727301843813 -0.22050082683563232 89
1727301843865 0.18246853351593018 90
1727301843908 0.08463931083679199 91
1727301843964 -0.13899540901184082 92
1727301844011 -0.14154958724975586 93
1727301844058 0.2731180191040039 94
1727301844110 -0.14176297187805176 95
1727301844159 -0.06716084480285645 96
1727301844213 0.011647701263427734 97
1727301844264 -0.09707355499267578 98
1727301844311 0.15740299224853516 99
1727301844357 0.05854916572570801 100
1727301844404 0.04189467430114746 101
1727301844450 -0.05293703079223633 102
1727301844504 0.03619670867919922 103
1727301844550 0.011791229248046875 104
1727301844591 -0.023189067840576172 105
1727301844631 -0.050734519958496094 106
1727301844670 -0.009018421173095703 107
1727301844708 0.05690145492553711 108
1727301844748 0.06660223007202148 109
1727301844792 0.007134914398193359 110
1727301844833 -0.10233736038208008 111
1727301844871 -0.8811556100845337 112
1727301844910 0.9057618379592896 113
1727301844948 -0.14954137802124023 114
1727301844988 0.14815235137939453 115
1727301845025 -0.06700634956359863 116
1727301845071 3.8690757751464844 117
1727301845114 -3.8565866947174072 118
1727301845153 0.10281133651733398 119
1727301845190 0.05617570877075195 120
1727301845228 -0.13768386840820312 121
1727301845264 -0.28511881828308105 122
1727301845312 0.2731468677520752 123
1727301845356 -0.11526203155517578 124
1727301845396 0.20177006721496582 125
1727301845435 -0.016571998596191406 126
1727301845474 -0.07931256294250488 127
1727301845510 -0.28646278381347656 128
1727301845546 0.241286039352417 129
1727301845584 0.1596522331237793 130
1727301845628 -0.22622346878051758 131
1727301845665 0.011537671089172363 132
1727301845700 3.956842303276062 133
1727301845736 -3.9103143215179443 134
1727301845771 0.1273822784423828 135
1727301845805 -0.16508209705352783 136
1727301845843 -0.23858654499053955 137
1727301845881 -0.5198415517807007 138
1727301845925 0.0 139
