1727271006453 1.5682544708251953 0
1727271006557 0.043954502791166306 1
1727271006652 0.1054425910115242 2
1727271006746 -0.0 3
1727271006838 0.041846126317977905 4
1727271006930 0.13683903217315674 5
1727271007024 0.04407597333192825 6
1727271007114 -0.0 7
1727271007209 0.017314821481704712 8
1727271007295 0.17002058029174805 9
1727271007382 -0.0 10
1727271007470 0.03958572819828987 11
1727271007557 0.11716777831315994 12
1727271007645 -2.094748907666144e-08 13
1727271007733 0.18891121447086334 14
1727271007821 -0.0 15
1727271007916 0.01666630618274212 16
1727271008012 -0.0 17
1727271008106 0.015366876497864723 18
1727271008197 0.0275097768753767 19
1727271008292 0.020598772913217545 20
1727271008386 0.04409997910261154 21
1727271008481 0.18606127798557281 22
1727271008572 0.16070008277893066 23
1727271008665 0.10849380493164062 24
1727271008758 -0.0 25
1727271008847 0.08552820980548859 26
1727271008939 0.07224559038877487 27
1727271009029 0.067702516913414 28
1727271009120 0.018383000046014786 29
1727271009209 0.20860975980758667 30
1727271009300 0.15649481117725372 31
1727271009392 0.012729217298328876 32
1727271009488 0.04071475565433502 33
1727271009581 0.09186305105686188 34
1727271009671 0.012426094152033329 35
1727271009766 0.14537902176380157 36
1727271009865 0.020998923107981682 37
1727271009953 0.05775544047355652 38
1727271010044 0.0164183396846056 39
1727271010133 0.014002124778926373 40
1727271010222 0.16993550956249237 41
1727271010313 1.6252359458235333e-09 42
1727271010412 0.03337710350751877 43
1727271010503 0.009859660640358925 44
1727271010592 -0.0 45
1727271010682 -0.0 46
1727271010775 0.04340774193406105 47
1727271010866 0.09382377564907074 48
1727271010957 0.22785553336143494 49
1727271011052 0.06527546793222427 50
1727271011140 0.057812757790088654 51
1727271011230 0.21077820658683777 52
1727271011324 -0.0 53
1727271011416 0.0323595255613327 54
1727271011507 -0.0 55
1727271011601 0.057729460299015045 56
1727271011691 2.4438733703391335e-08 57
1727271011781 0.22123464941978455 58
1727271011873 0.04877616465091705 59
1727271011964 0.04395952820777893 60
1727271012053 -3.2504718916470665e-09 61
1727271012146 -0.0 62
1727271012237 0.10409945249557495 63
1727271012329 0.06993425637483597 64
1727271012418 0.2822713255882263 65
1727271012509 0.06423282623291016 66
1727271012597 0.024564646184444427 67
1727271012686 -0.0 68
1727271012776 0.06905506551265717 69
1727271012866 0.03703724220395088 70
1727271012957 -0.0 71
1727271013046 0.13605865836143494 72
1727271013135 -0.0 73
1727271013235 0.11406691372394562 74
1727271013328 -0.0 75
1727271013418 0.09943979233503342 76
1727271013507 0.13698500394821167 77
1727271013595 0.05943039804697037 78
1727271013684 0.023974567651748657 79
1727271013774 0.10051871091127396 80
1727271013862 -0.0 81
1727271013949 0.10739611089229584 82
1727271014037 0.13046015799045563 83
1727271014125 -0.0 84
1727271014224 0.1926158368587494 85
1727271014316 0.0699431523680687 86
1727271014408 0.023914430290460587 87
1727271014497 0.18128694593906403 88
1727271014586 0.19455328583717346 89
1727271014684 -0.0 90
1727271014778 -0.0 91
1727271014869 0.008313764818012714 92
1727271014960 -2.094748907666144e-08 93
1727271015049 0.10180501639842987 94
1727271015143 0.059823378920555115 95
1727271015236 0.03034132719039917 96
1727271015332 0.0381372794508934 97
1727271015428 -0.0 98
1727271015521 0.18592524528503418 99
1727271015614 0.018513962626457214 100
1727271015709 0.016227278858423233 101
1727271015803 0.05188653618097305 102
1727271015895 0.13786880671977997 103
1727271015987 -0.0 104
1727271016083 0.041468679904937744 105
1727271016172 -0.0 106
1727271016260 0.0966438427567482 107
1727271016347 -0.0 108
1727271016436 0.06084039434790611 109
1727271016525 -0.0 110
1727271016641 0.15331143140792847 111
1727271016728 -0.0 112
1727271016815 0.01868944801390171 113
1727271016903 0.12651003897190094 114
1727271016995 0.03787091374397278 115
1727271017094 0.022318679839372635 116
1727271017186 -0.0 117
1727271017277 0.017286039888858795 118
1727271017367 0.0749606043100357 119
1727271017457 0.10152533650398254 120
1727271017568 0.04239068925380707 121
1727271017662 0.06473515182733536 122
1727271017755 -0.0 123
1727271017847 0.0016820491291582584 124
1727271017938 0.033460039645433426 125
1727271018030 0.025101151317358017 126
1727271018126 0.02463565208017826 127
1727271018239 0.10543999820947647 128
1727271018338 0.047033410519361496 129
1727271018439 0.2745616137981415 130
1727271018534 0.11608845740556717 131
1727271018637 0.12572772800922394 132
1727271018763 0.14085686206817627 133
1727271018866 0.045213136821985245 134
1727271018974 0.07648750394582748 135
1727271019075 0.2711185812950134 136
1727271019172 -0.0 137
1727271019265 0.004252180922776461 138
1727271019355 0.01781717874109745 139
1727271019444 -0.0 140
1727271019534 -0.0 141
1727271019639 -0.0 142
1727271019731 0.12149884551763535 143
1727271019822 0.056493379175662994 144
1727271019911 0.003342757001519203 145
1727271020000 0.034832172095775604 146
1727271020089 0.15673883259296417 147
1727271020176 0.013139239512383938 148
1727271020265 0.04937883839011192 149
1727271020352 0.02643902227282524 150
1727271020447 0.011457446031272411 151
1727271020542 0.07114890962839127 152
1727271020632 0.16241158545017242 153
1727271020736 0.2371131330728531 154
1727271020835 0.14057952165603638 155
1727271020925 -0.0 156
1727271021017 -0.0 157
1727271021106 0.011292642913758755 158
1727271021195 0.20734509825706482 159
1727271021284 -0.0 160
1727271021373 0.2044731080532074 161
1727271021462 0.013997366651892662 162
1727271021554 0.04517919570207596 163
1727271021647 0.04252810776233673 164
1727271021736 0.13007840514183044 165
1727271021825 0.17715469002723694 166
1727271021921 -0.0 167
1727271022012 0.89415043592453 168
1727271022101 0.15247796475887299 169
1727271022190 -0.0 170
1727271022277 0.10020957142114639 171
1727271022365 0.7818607687950134 172
1727271022461 0.17614012956619263 173
1727271022562 0.09241732209920883 174
1727271022664 0.19946230947971344 175
1727271022769 -0.0 176
1727271022867 0.055634938180446625 177
1727271022973 0.012101356871426105 178
1727271023069 -0.0 179
1727271023163 0.05519084632396698 180
1727271023253 0.0956200584769249 181
1727271023342 -0.0 182
1727271023430 0.06200645864009857 183
1727271023517 -0.0 184
1727271023603 0.17018458247184753 185
1727271023691 -7.584434413843155e-09 186
1727271023778 0.11426205188035965 187
1727271023865 0.014940472319722176 188
1727271023953 0.01729280687868595 189
1727271024041 0.060706671327352524 190
1727271024128 0.032939258962869644 191
1727271024219 0.23323947191238403 192
1727271024308 0.017019541934132576 193
1727271024396 0.020945396274328232 194
1727271024482 0.12795843183994293 195
1727271024570 0.043725643306970596 196
1727271024657 0.04800115525722504 197
1727271024744 0.09567156434059143 198
1727271024831 0.16300438344478607 199
1727271024919 0.10877719521522522 200
1727271025006 0.20394793152809143 201
1727271025094 0.6783697009086609 202
1727271025181 0.30458033084869385 203
1727271025269 0.04848463460803032 204
1727271025356 0.024844609200954437 205
1727271025443 -0.0 206
1727271025531 3.2504718916470665e-09 207
1727271025617 0.08362863212823868 208
1727271025704 0.12393971532583237 209
1727271025795 -0.0 210
1727271025886 0.059239208698272705 211
1727271025981 0.02980186976492405 212
1727271026078 0.044066332280635834 213
1727271026177 -0.0 214
1727271026272 0.026099294424057007 215
1727271026363 0.5667001605033875 216
1727271026452 0.12479422986507416 217
1727271026539 0.469823956489563 218
1727271026628 -2.094748907666144e-08 219
1727271026719 0.09316594153642654 220
1727271026807 0.03613172471523285 221
1727271026896 0.03085252456367016 222
1727271026982 0.041994448751211166 223
1727271027070 0.12997837364673615 224
1727271027158 0.07956017553806305 225
1727271027245 0.026072487235069275 226
1727271027332 0.09659174829721451 227
1727271027419 -0.0 228
1727271027507 -0.0 229
1727271027595 0.03825623542070389 230
1727271027694 0.08875274658203125 231
1727271027792 0.13203975558280945 232
1727271027884 0.19956475496292114 233
1727271027972 -0.0 234
1727271028064 0.023608727380633354 235
1727271028153 -0.0 236
1727271028242 -0.0 237
1727271028329 0.08568914979696274 238
1727271028416 0.1064584031701088 239
1727271028503 0.1038229763507843 240
1727271028591 -0.0 241
1727271028678 -0.0 242
1727271028765 0.07256501168012619 243
1727271028853 0.18768511712551117 244
1727271028940 0.01827358268201351 245
1727271029027 0.012740612961351871 246
1727271029114 0.09902703016996384 247
1727271029200 0.12333362549543381 248
1727271029288 0.0021700512152165174 249
1727271029375 0.017625074833631516 250
1727271029464 0.4336615204811096 251
1727271029552 -0.0 252
1727271029640 0.4752090871334076 253
1727271029729 0.09748177975416183 254
1727271029821 0.4377526044845581 255
1727271029911 0.028903771191835403 256
1727271029998 -0.0 257
1727271030087 0.17575553059577942 258
1727271030175 -0.0 259
1727271030268 -0.0 260
1727271030360 0.056618981063365936 261
1727271030451 0.16807949542999268 262
1727271030548 0.11723138391971588 263
1727271030641 -1.516887060404315e-08 264
1727271030736 0.6178906559944153 265
1727271030828 0.030920568853616714 266
1727271030917 0.041517116129398346 267
1727271031010 0.05247090756893158 268
1727271031103 0.060269761830568314 269
1727271031197 -0.0 270
1727271031289 0.12405218929052353 271
1727271031379 0.0943145826458931 272
1727271031470 -0.0 273
1727271031561 1.0473742761973881e-08 274
1727271031657 0.10878443717956543 275
1727271031751 0.0403333343565464 276
1727271031843 0.07669293135404587 277
1727271031932 -0.0 278
1727271032021 0.1378558725118637 279
1727271032114 0.34897470474243164 280
1727271032215 0.014272011816501617 281
1727271032307 0.0976020023226738 282
1727271032400 0.018886974081397057 283
1727271032498 0.03197300434112549 284
1727271032601 0.21709369122982025 285
1727271032695 0.1945425420999527 286
1727271032788 0.06013017147779465 287
1727271032887 0.2137768417596817 288
1727271032980 0.11598838120698929 289
1727271033073 0.09603965282440186 290
1727271033167 0.3396712839603424 291
1727271033258 0.07603186368942261 292
1727271033348 -0.0 293
1727271033437 0.12080181390047073 294
1727271033524 0.058663055300712585 295
1727271033616 0.019668376073241234 296
1727271033717 0.07649078965187073 297
1727271033821 0.8147629499435425 298
1727271033929 0.2203550785779953 299
1727271034039 -0.0 300
1727271034139 0.025472842156887054 301
1727271034237 0.0179648045450449 302
1727271034331 -0.0 303
1727271034422 0.015542484819889069 304
1727271034511 -0.0 305
1727271034600 0.01738092675805092 306
1727271034718 0.0753384605050087 307
1727271034816 0.05893758311867714 308
1727271034907 0.15986421704292297 309
1727271035001 0.01864808239042759 310
1727271035103 0.13681195676326752 311
1727271035196 0.13782143592834473 312
1727271035286 0.13063858449459076 313
1727271035382 0.03429843857884407 314
1727271035476 0.1542438119649887 315
1727271035566 0.5154361128807068 316
1727271035656 -0.0 317
1727271035744 -0.0 318
1727271035840 0.8295320868492126 319
1727271035929 0.23764923214912415 320
1727271036023 0.01399294938892126 321
1727271036115 0.018656490370631218 322
1727271036209 0.7077587246894836 323
1727271036304 0.012720472179353237 324
1727271036396 0.03722544014453888 325
1727271036501 -0.0 326
1727271036594 0.20843949913978577 327
1727271036689 0.04710694029927254 328
1727271036778 -0.0 329
1727271036868 0.053438011556863785 330
1727271036957 -0.0 331
1727271037054 -0.0 332
1727271037148 0.10073475539684296 333
1727271037237 0.0898238867521286 334
1727271037332 -0.0 335
1727271037419 0.49163225293159485 336
1727271037508 -0.0 337
1727271037611 0.2784496545791626 338
1727271037700 -0.0 339
1727271037793 0.10274790972471237 340
1727271037881 0.35847070813179016 341
1727271037968 0.19335299730300903 342
1727271038057 0.25999265909194946 343
1727271038145 -0.0 344
1727271038233 -0.0 345
1727271038321 0.006882654502987862 346
1727271038410 -0.0 347
1727271038497 0.12400796264410019 348
1727271038586 0.06563574820756912 349
1727271038674 0.08568527549505234 350
1727271038761 -0.0 351
1727271038851 0.04732557013630867 352
1727271038938 0.14155404269695282 353
1727271039026 0.018538523465394974 354
1727271039115 -0.0 355
1727271039203 -0.0 356
1727271039292 1.0542943477630615 357
1727271039381 0.05888848006725311 358
1727271039469 0.04309627413749695 359
1727271039558 0.1691502034664154 360
1727271039647 -0.0 361
1727271039734 0.030778268352150917 362
1727271039823 -0.0 363
1727271039914 0.02608376555144787 364
1727271040006 0.13283801078796387 365
1727271040098 0.7839254140853882 366
1727271040190 0.13772454857826233 367
1727271040283 0.024183325469493866 368
1727271040373 0.25092265009880066 369
1727271040462 0.10760663449764252 370
1727271040550 0.17054732143878937 371
1727271040640 -0.0 372
1727271040728 0.12088656425476074 373
1727271040816 0.6668696999549866 374
1727271040905 0.07247605919837952 375
1727271040998 0.08556844294071198 376
1727271041088 0.108977772295475 377
1727271041177 -0.0 378
1727271041265 0.04099544137716293 379
1727271041369 0.04683712497353554 380
1727271041464 0.8314747214317322 381
1727271041555 -0.0 382
1727271041648 0.05409036576747894 383
1727271041738 0.05971364676952362 384
1727271041828 0.14448301494121552 385
1727271041918 0.6921200752258301 386
1727271042006 -0.0 387
1727271042094 -0.0 388
1727271042182 0.2326204478740692 389
1727271042270 -0.0 390
1727271042369 0.0912981927394867 391
1727271042460 0.10281512141227722 392
1727271042549 0.13023361563682556 393
1727271042638 0.052496206015348434 394
1727271042726 0.0571419820189476 395
1727271042816 0.15442366898059845 396
1727271042910 -0.0 397
1727271043003 0.4346367418766022 398
1727271043093 0.025548938661813736 399
1727271043183 0.037109486758708954 400
1727271043272 0.007925397716462612 401
1727271043370 0.0757843405008316 402
1727271043462 0.6056341528892517 403
1727271043552 -0.0 404
1727271043640 -0.0 405
1727271043728 0.12850646674633026 406
1727271043818 0.14085721969604492 407
1727271043909 0.6409857869148254 408
1727271043996 0.08264410495758057 409
1727271044084 0.11320534348487854 410
1727271044172 0.01431858167052269 411
1727271044260 0.169784814119339 412
1727271044350 1.1474374532699585 413
1727271044450 -0.0 414
1727271044545 0.07830044627189636 415
1727271044638 -0.0 416
1727271044730 0.00870051421225071 417
1727271044820 0.0897008627653122 418
1727271044914 0.1412816047668457 419
1727271045007 0.4247771203517914 420
1727271045100 0.14280641078948975 421
1727271045191 0.2965010702610016 422
1727271045280 0.38757067918777466 423
1727271045370 0.021901216357946396 424
1727271045459 -0.0 425
1727271045550 0.04057025909423828 426
1727271045643 -0.0 427
1727271045732 0.1500685065984726 428
1727271045820 0.044900938868522644 429
1727271045915 0.13704989850521088 430
1727271046006 0.060996510088443756 431
1727271046103 -0.0 432
1727271046194 0.002660642610862851 433
1727271046283 0.017024165019392967 434
1727271046371 -0.0 435
1727271046462 0.10088969767093658 436
1727271046550 -0.0 437
1727271046647 0.02905404381453991 438
1727271046743 0.11330699175596237 439
1727271046835 -0.0 440
1727271046924 0.043963707983493805 441
1727271047013 0.347926527261734 442
1727271047130 0.08684910833835602 443
1727271047223 0.047469932585954666 444
1727271047311 0.2174447774887085 445
1727271047400 0.2036048024892807 446
1727271047488 -0.0 447
1727271047582 0.49456727504730225 448
1727271047674 -0.0 449
1727271047766 0.2915830910205841 450
1727271047858 0.11320701241493225 451
1727271047945 0.06521311402320862 452
1727271048033 0.687432587146759 453
1727271048122 0.23310624063014984 454
1727271048211 0.10069476068019867 455
1727271048298 0.15499159693717957 456
1727271048388 0.09932661056518555 457
1727271048475 0.38227608799934387 458
1727271048562 0.013724839314818382 459
1727271048650 0.21196530759334564 460
1727271048740 0.15842363238334656 461
1727271048847 0.11020270735025406 462
1727271048962 0.22149935364723206 463
1727271049051 0.04409787058830261 464
1727271049141 0.00817698985338211 465
1727271049228 0.16163694858551025 466
1727271049315 0.1050880178809166 467
1727271049404 0.15705612301826477 468
1727271049494 0.0999121144413948 469
1727271049583 0.15722794830799103 470
1727271049675 0.00950908474624157 471
1727271049761 -0.0 472
1727271049848 0.042125578969717026 473
1727271049935 0.13639873266220093 474
1727271050022 0.4813005328178406 475
1727271050109 0.3952583372592926 476
1727271050200 0.19366781413555145 477
1727271050288 0.13641436398029327 478
1727271050376 0.0677151158452034 479
1727271050464 0.2579432725906372 480
1727271050551 0.29041004180908203 481
1727271050641 0.3098694384098053 482
1727271050733 0.16062648594379425 483
1727271050825 0.6306102275848389 484
1727271050919 0.3431701958179474 485
1727271051014 0.16789448261260986 486
1727271051110 0.1847001612186432 487
1727271051206 0.3352662920951843 488
1727271051304 0.023123648017644882 489
1727271051401 -0.0 490
1727271051491 0.14289426803588867 491
1727271051588 -0.0 492
1727271051686 0.6488566994667053 493
1727271051778 0.24486131966114044 494
1727271051872 0.08118755370378494 495
1727271051967 0.055985987186431885 496
1727271052059 0.6477882862091064 497
1727271052149 0.199413001537323 498
1727271052238 0.03216785937547684 499
1727271052326 0.10307952761650085 500
1727271052414 0.3906440734863281 501
1727271052502 0.15266773104667664 502
1727271052593 0.15856871008872986 503
1727271052681 0.15496765077114105 504
1727271052768 0.26758864521980286 505
1727271052859 0.2268606424331665 506
1727271052949 0.07688255608081818 507
1727271053037 0.016360817477107048 508
1727271053125 0.007439227309077978 509
1727271053214 -0.0 510
1727271053305 0.19120559096336365 511
1727271053397 0.048930346965789795 512
1727271053493 0.46206045150756836 513
1727271053588 0.7417846322059631 514
1727271053679 -0.0 515
1727271053770 0.46411189436912537 516
1727271053860 0.1407993882894516 517
1727271053952 0.4967052638530731 518
1727271054044 0.15697942674160004 519
1727271054133 0.22597545385360718 520
1727271054230 0.6604121327400208 521
1727271054321 0.2553366720676422 522
1727271054415 0.673741340637207 523
1727271054505 0.22180621325969696 524
1727271054598 0.9324500560760498 525
1727271054699 0.2548920810222626 526
1727271054786 0.33099257946014404 527
1727271054875 0.06366012990474701 528
1727271054964 0.12410208582878113 529
1727271055051 0.8150485754013062 530
1727271055147 0.1256560981273651 531
1727271055234 0.13292625546455383 532
1727271055325 0.02445880137383938 533
1727271055415 0.0997687503695488 534
1727271055505 0.05425199866294861 535
1727271055593 0.2910488545894623 536
1727271055701 0.09455651044845581 537
1727271055824 0.06689055263996124 538
1727271055913 -0.0 539
1727271056002 0.35119497776031494 540
1727271056091 -0.0 541
1727271056180 -0.0 542
1727271056267 0.26314619183540344 543
1727271056355 0.04326609522104263 544
1727271056443 0.05245662480592728 545
1727271056530 -0.0 546
1727271056617 0.4417847990989685 547
1727271056710 0.04506398364901543 548
1727271056806 -0.0 549
1727271056905 0.3736696243286133 550
1727271056995 0.1022808626294136 551
1727271057085 0.12728483974933624 552
1727271057175 0.06002190709114075 553
1727271057267 0.5213890075683594 554
1727271057361 0.05558694154024124 555
1727271057452 0.42986103892326355 556
1727271057547 -0.0 557
1727271057636 0.022291311994194984 558
1727271057724 0.31271886825561523 559
1727271057812 0.21983833611011505 560
1727271057899 0.04010063037276268 561
1727271057987 0.018932145088911057 562
1727271058082 0.15556851029396057 563
1727271058174 0.19468574225902557 564
1727271058272 0.06802948564291 565
1727271058365 0.01702498272061348 566
1727271058454 0.3275039792060852 567
1727271058541 0.6866344809532166 568
1727271058628 0.350504606962204 569
1727271058716 0.11986112594604492 570
1727271058805 0.003173069329932332 571
1727271058893 0.018899308517575264 572
1727271058980 0.060071494430303574 573
1727271059067 0.035830769687891006 574
1727271059160 0.10305368900299072 575
1727271059248 -0.0 576
1727271059337 0.022524092346429825 577
1727271059426 0.205128014087677 578
1727271059513 0.019617799669504166 579
1727271059604 0.018579350784420967 580
1727271059692 -0.0 581
1727271059783 0.26151734590530396 582
1727271059873 -0.0 583
1727271059962 -0.0 584
1727271060049 0.1225767433643341 585
1727271060137 0.05532294139266014 586
1727271060224 0.10283493250608444 587
1727271060312 0.41886118054389954 588
1727271060404 0.255427747964859 589
1727271060496 0.2421988546848297 590
1727271060589 0.05730801448225975 591
1727271060679 0.08480876684188843 592
1727271060767 0.1656910628080368 593
1727271060861 0.04138627648353577 594
1727271060952 0.46089082956314087 595
1727271061047 0.15822410583496094 596
1727271061156 0.13063344359397888 597
1727271061246 -0.0 598
1727271061335 0.041635140776634216 599
1727271061425 0.3616713881492615 600
1727271061517 0.02526455745100975 601
1727271061612 0.040064647793769836 602
1727271061710 0.7315157651901245 603
1727271061803 -0.0 604
1727271061896 0.7371981143951416 605
1727271061987 -0.0 606
