1726237590213 1.3697903156280518 0
1726237590256 1.3697903156280518 1
1726237590300 1.3697903156280518 2
1726237590342 1.3697903156280518 3
1726237590384 1.3697903156280518 4
1726237590429 1.3697903156280518 5
1726237590477 1.3697903156280518 6
1726237590524 1.3697903156280518 7
1726237590565 1.3697903156280518 8
1726237590604 1.3697903156280518 9
1726237590645 1.3697903156280518 10
1726237590690 1.3697903156280518 11
1726237590737 1.3697903156280518 12
1726237590788 1.3697903156280518 13
1726237590836 1.3697903156280518 14
1726237590884 1.3697903156280518 15
1726237590933 1.3697903156280518 16
1726237590983 1.3697903156280518 17
1726237591031 1.3697903156280518 18
1726237591086 1.3697903156280518 19
1726237591140 1.3697903156280518 20
1726237591189 1.3697903156280518 21
1726237591233 1.3697903156280518 22
1726237591275 1.3697903156280518 23
1726237591318 1.3697903156280518 24
1726237591360 1.3697903156280518 25
1726237591403 1.3697903156280518 26
1726237591456 1.3697903156280518 27
1726237591505 1.3697903156280518 28
1726237591551 1.3697903156280518 29
1726237591594 1.3697903156280518 30
1726237591631 1.3697903156280518 31
1726237591668 1.3697903156280518 32
1726237591706 1.3697903156280518 33
1726237591746 1.3697903156280518 34
1726237591787 1.3697903156280518 35
1726237591827 1.3697903156280518 36
1726237591866 1.3697903156280518 37
1726237591903 1.3697903156280518 38
1726237591941 1.3697903156280518 39
1726237591979 1.3697903156280518 40
1726237592018 1.3697903156280518 41
1726237592057 1.3697903156280518 42
1726237592095 1.3697903156280518 43
1726237592133 1.3697903156280518 44
1726237592172 1.3697903156280518 45
1726237592210 1.3697903156280518 46
1726237592249 1.3697903156280518 47
1726237592287 1.3697903156280518 48
1726237592325 1.3697903156280518 49
1726237592363 1.3697903156280518 50
1726237592401 1.3697903156280518 51
1726237592439 1.3697903156280518 52
1726237592478 1.3697903156280518 53
1726237592516 1.3697903156280518 54
1726237592554 1.3697903156280518 55
1726237592593 1.3697903156280518 56
1726237592631 1.3697903156280518 57
1726237592668 1.3697903156280518 58
1726237592705 1.3697903156280518 59
1726237592743 1.3697903156280518 60
1726237592781 1.3697903156280518 61
1726237592819 1.3697903156280518 62
1726237592857 1.3697903156280518 63
1726237592896 1.3697903156280518 64
1726237592935 1.3697903156280518 65
1726237592973 1.3697903156280518 66
1726237593012 1.3697903156280518 67
1726237593050 1.3697903156280518 68
1726237593089 1.3697903156280518 69
1726237593127 1.3697903156280518 70
1726237593166 1.3697903156280518 71
1726237593204 1.3697903156280518 72
1726237593243 1.3697903156280518 73
1726237593284 1.3697903156280518 74
1726237593324 1.3697903156280518 75
1726237593364 1.3697903156280518 76
1726237593403 1.3697903156280518 77
1726237593442 1.3697903156280518 78
1726237593481 1.3697903156280518 79
1726237593521 1.3697903156280518 80
1726237593560 1.3697903156280518 81
1726237593598 1.3697903156280518 82
1726237593638 1.3697903156280518 83
1726237593676 1.3697903156280518 84
1726237593715 1.3697903156280518 85
1726237593756 1.3697903156280518 86
1726237593795 1.3697903156280518 87
1726237593836 1.3697903156280518 88
1726237593876 1.3697903156280518 89
1726237593917 1.3697903156280518 90
1726237593956 1.3697903156280518 91
1726237593995 1.3697903156280518 92
1726237594035 1.3697903156280518 93
1726237594074 1.3697903156280518 94
1726237594112 1.3697903156280518 95
1726237594151 1.3697903156280518 96
1726237594191 1.3697903156280518 97
1726237594229 1.3697903156280518 98
1726237594268 1.3697903156280518 99
1726237594308 1.3697903156280518 100
1726237594347 1.3697903156280518 101
1726237594386 1.3697903156280518 102
1726237594426 1.3697903156280518 103
1726237594465 1.3697903156280518 104
1726237594504 1.3697903156280518 105
1726237594545 1.3697903156280518 106
1726237594584 1.3697903156280518 107
1726237594622 1.3697903156280518 108
1726237594662 1.3697903156280518 109
1726237594701 1.3697903156280518 110
1726237594739 1.3697903156280518 111
1726237594779 1.3697903156280518 112
1726237594818 1.3697903156280518 113
1726237594860 1.3697903156280518 114
1726237594903 1.3697903156280518 115
1726237594945 1.3697903156280518 116
1726237594987 1.3697903156280518 117
1726237595035 1.3697903156280518 118
1726237595079 1.3697903156280518 119
1726237595140 1.3697903156280518 120
1726237595211 1.3697903156280518 121
1726237595268 1.3697903156280518 122
1726237595306 1.3697903156280518 123
1726237595343 1.3697903156280518 124
1726237595379 1.3697903156280518 125
1726237595416 1.3697903156280518 126
1726237595454 1.3697903156280518 127
1726237595491 1.3697903156280518 128
1726237595531 1.3697903156280518 129
1726237595573 1.3697903156280518 130
1726237595622 1.3697903156280518 131
1726237595659 1.3697903156280518 132
1726237595696 1.3697903156280518 133
1726237595734 1.3697903156280518 134
1726237595771 1.3697903156280518 135
1726237595809 1.3697903156280518 136
1726237595846 1.3697903156280518 137
1726237595884 1.3697903156280518 138
1726237595922 1.3697903156280518 139
1726237595959 1.3697903156280518 140
1726237595997 1.3697903156280518 141
1726237596035 1.3697903156280518 142
1726237596072 1.3697903156280518 143
1726237596109 1.3697903156280518 144
1726237596147 1.3697903156280518 145
1726237596185 1.3697903156280518 146
1726237596223 1.3697903156280518 147
1726237596261 1.3697903156280518 148
1726237596299 1.3697903156280518 149
1726237596338 1.3697903156280518 150
1726237596376 1.3697903156280518 151
1726237596414 1.3697903156280518 152
1726237596453 1.3697903156280518 153
1726237596492 1.3697903156280518 154
1726237596532 1.3697903156280518 155
1726237596570 1.3697903156280518 156
1726237596609 1.3697903156280518 157
1726237596651 1.3697903156280518 158
1726237596693 1.3697903156280518 159
1726237596734 1.3697903156280518 160
1726237596777 1.3697903156280518 161
1726237596817 1.3697903156280518 162
1726237596857 1.3697903156280518 163
1726237596897 1.3697903156280518 164
1726237596936 1.3697903156280518 165
1726237596975 1.3697903156280518 166
1726237597014 1.3697903156280518 167
1726237597053 1.3697903156280518 168
1726237597091 1.3697903156280518 169
1726237597130 1.3697903156280518 170
1726237597169 1.3697903156280518 171
1726237597208 1.3697903156280518 172
1726237597246 1.3697903156280518 173
1726237597284 1.3697903156280518 174
1726237597324 1.3697903156280518 175
1726237597362 1.3697903156280518 176
1726237597400 1.3697903156280518 177
1726237597438 1.3697903156280518 178
1726237597477 1.3697903156280518 179
1726237597516 1.3697903156280518 180
1726237597555 1.3697903156280518 181
1726237597594 1.3697903156280518 182
