1726431189649 0.030494607985019684 0
1726431189689 0.07221823185682297 1
1726431189729 0.21496935188770294 2
1726431189769 0.36638379096984863 3
1726431189809 0.2820558547973633 4
1726431189850 0.20623807609081268 5
1726431189892 0.10157423466444016 6
1726431189937 0.5697122812271118 7
1726431189978 0.08263445645570755 8
1726431190019 0.12148492783308029 9
1726431190061 0.0 10
1726431190102 0.01648380048573017 11
1726431190143 0.06517232209444046 12
1726431190184 0.5420968532562256 13
1726431190224 0.4208059012889862 14
1726431190263 0.3805868625640869 15
1726431190304 0.4273470938205719 16
1726431190345 0.23797209560871124 17
1726431190385 0.6614014506340027 18
1726431190426 0.37252894043922424 19
1726431190467 0.30524423718452454 20
1726431190510 0.40565094351768494 21
1726431190559 0.31137052178382874 22
1726431190605 0.2874162495136261 23
1726431190648 0.6842860579490662 24
1726431190688 1.0521377325057983 25
1726431190728 0.21567298471927643 26
1726431190768 0.0 27
1726431190810 0.03890801593661308 28
1726431190850 0.31776365637779236 29
1726431190890 0.02876047044992447 30
1726431190930 0.07522002607584 31
1726431190971 0.0 32
1726431191013 0.0 33
1726431191065 0.14954115450382233 34
1726431191108 0.18407268822193146 35
1726431191164 0.038623545318841934 36
1726431191241 0.0 37
1726431191292 0.0 38
1726431191332 0.07432721555233002 39
1726431191371 0.14179487526416779 40
1726431191410 0.058749910444021225 41
1726431191478 0.004391966853290796 42
1726431191517 0.10787120461463928 43
1726431191557 0.0 44
1726431191596 0.4300590753555298 45
1726431191636 0.0864926278591156 46
1726431191678 0.0 47
1726431191718 0.0262984037399292 48
1726431191758 0.4594753086566925 49
1726431191799 0.15888391435146332 50
1726431191839 0.372715562582016 51
1726431191878 0.21129442751407623 52
1726431191918 0.5268601775169373 53
1726431191958 0.6673865914344788 54
1726431191998 0.29871851205825806 55
1726431192038 0.011150911450386047 56
1726431192079 0.10127902776002884 57
1726431192120 0.1464330404996872 58
1726431192161 0.0 59
1726431192201 0.12544836103916168 60
1726431192243 0.04230015352368355 61
1726431192286 0.041436951607465744 62
1726431192332 0.062150970101356506 63
1726431192372 0.28143182396888733 64
1726431192414 0.05472438037395477 65
1726431192454 0.12867344915866852 66
1726431192495 0.06271174550056458 67
1726431192536 0.0 68
1726431192577 0.1308707296848297 69
1726431192618 0.0 70
1726431192658 0.13814198970794678 71
1726431192698 0.046786099672317505 72
1726431192738 0.10649734735488892 73
1726431192779 0.2984680235385895 74
1726431192825 0.07500351220369339 75
1726431192866 0.014003302901983261 76
1726431192908 0.13062676787376404 77
1726431192950 0.3499819338321686 78
1726431192991 0.13608641922473907 79
1726431193032 0.153135746717453 80
1726431193075 0.13387316465377808 81
1726431193116 0.0 82
1726431193164 0.0 83
1726431193215 0.0 84
1726431193261 0.0 85
1726431193311 0.044291142374277115 86
1726431193357 0.018072841688990593 87
1726431193406 0.11042588949203491 88
1726431193457 0.010505548678338528 89
1726431193510 0.03072359226644039 90
1726431193560 0.10892312973737717 91
1726431193603 0.232536181807518 92
1726431193650 0.28119587898254395 93
1726431193689 0.0 94
1726431193732 0.0 95
1726431193778 0.0 96
1726431193829 0.056241270154714584 97
1726431193869 0.0 98
1726431193908 0.14164195954799652 99
1726431193948 0.01637747697532177 100
1726431193988 0.0 101
1726431194027 0.0 102
1726431194067 0.005336333531886339 103
1726431194106 0.01651041768491268 104
1726431194145 0.0 105
1726431194185 0.0 106
1726431194224 0.005320122465491295 107
1726431194266 0.056374628096818924 108
1726431194306 0.015186186879873276 109
1726431194348 0.26325929164886475 110
1726431194392 0.2560555934906006 111
1726431194432 0.151528462767601 112
1726431194473 0.1407119631767273 113
1726431194513 0.10078585147857666 114
1726431194554 0.1719476580619812 115
1726431194594 0.3769005835056305 116
1726431194636 0.13468141853809357 117
1726431194677 0.09185715764760971 118
1726431194718 0.06837660074234009 119
1726431194758 0.11361002922058105 120
1726431194799 0.3518185615539551 121
1726431194842 0.11450672894716263 122
1726431194884 0.008240371942520142 123
1726431194924 0.0 124
1726431194965 0.02098236232995987 125
1726431195005 0.0 126
1726431195046 0.0 127
1726431195088 0.0 128
1726431195130 0.0 129
1726431195170 0.018020011484622955 130
1726431195210 0.0 131
1726431195250 0.0 132
1726431195291 0.2129819542169571 133
1726431195332 0.3009738028049469 134
1726431195372 0.6030076146125793 135
1726431195412 0.2951737940311432 136
1726431195454 0.3000427782535553 137
1726431195494 0.3202243745326996 138
1726431195534 0.20352055132389069 139
1726431195575 0.4077403247356415 140
1726431195616 0.331729918718338 141
1726431195662 0.12961836159229279 142
1726431195703 0.17581099271774292 143
1726431195744 0.0 144
1726431195785 0.04933224990963936 145
1726431195826 0.3732617199420929 146
1726431195867 0.14436747133731842 147
1726431195907 0.2097143530845642 148
1726431195948 0.05659378692507744 149
1726431195991 0.0 150
1726431196031 0.24069298803806305 151
1726431196072 0.24846987426280975 152
1726431196112 0.0 153
1726431196153 0.04563296213746071 154
1726431196193 0.0 155
1726431196233 0.6769702434539795 156
1726431196275 0.20435523986816406 157
1726431196317 0.16864298284053802 158
1726431196357 0.24014896154403687 159
1726431196397 0.44435378909111023 160
1726431196439 0.1688234806060791 161
1726431196479 0.13531722128391266 162
1726431196520 0.1721225529909134 163
1726431196560 0.10795212537050247 164
1726431196600 0.1851397603750229 165
1726431196651 0.0 166
1726431196697 0.03739351034164429 167
1726431196746 0.0 168
1726431196797 0.11186113208532333 169
1726431196854 0.23775579035282135 170
1726431196915 0.2812560200691223 171
1726431196965 0.0 172
1726431197009 0.09733607620000839 173
1726431197065 0.4118137061595917 174
1726431197113 0.00011167806951561943 175
1726431197173 0.02016446925699711 176
1726431197225 0.009602304548025131 177
1726431197280 0.29503506422042847 178
1726431197332 0.3590729534626007 179
1726431197385 0.15923385322093964 180
1726431197449 0.04179387167096138 181
1726431197513 0.006194150075316429 182
1726431197577 0.046334508806467056 183
1726431197640 0.0 184
1726431197720 0.0 185
1726431197770 0.0 186
1726431197825 0.015389721840620041 187
1726431197881 0.009019632823765278 188
1726431197935 0.06226106360554695 189
1726431197990 0.0 190
1726431198043 0.0 191
1726431198098 0.11423632502555847 192
1726431198154 0.0 193
1726431198210 0.08187874406576157 194
1726431198260 0.2053997963666916 195
1726431198306 0.04255716875195503 196
1726431198352 0.015433210879564285 197
1726431198399 0.05364561453461647 198
1726431198444 0.0034290088806301355 199
1726431198489 0.0 200
1726431198538 0.0 201
1726431198582 0.006414787843823433 202
1726431198624 0.03723546862602234 203
1726431198667 0.15091486275196075 204
1726431198712 0.22111161053180695 205
1726431198755 0.0 206
1726431198797 0.0 207
1726431198839 0.0 208
1726431198881 0.0 209
1726431198928 0.0 210
1726431198975 0.023917781189084053 211
1726431199021 0.056762080639600754 212
1726431199063 0.0006271337042562664 213
1726431199107 0.0 214
1726431199151 0.0 215
1726431199200 0.0 216
1726431199254 0.05473662540316582 217
1726431199301 0.0 218
1726431199347 0.0 219
1726431199406 0.0 220
1726431199461 0.16982845962047577 221
1726431199504 0.21938778460025787 222
1726431199556 0.1021726205945015 223
1726431199600 0.2318371683359146 224
1726431199640 0.0034055234864354134 225
1726431199681 0.09250101447105408 226
1726431199721 0.0 227
1726431199774 0.0 228
1726431199819 0.0 229
1726431199858 0.05632425844669342 230
1726431199897 0.11387620121240616 231
1726431199938 0.06990209221839905 232
1726431199980 0.17094309628009796 233
1726431200020 0.1472126692533493 234
1726431200059 0.0 235
1726431200099 0.0 236
1726431200143 0.16429446637630463 237
1726431200183 0.2003464698791504 238
1726431200223 0.6247467994689941 239
1726431200263 0.2661673128604889 240
1726431200303 0.20566396415233612 241
1726431200349 0.43430474400520325 242
1726431200390 0.30600640177726746 243
1726431200430 0.4665552079677582 244
1726431200472 0.4178967773914337 245
1726431200512 0.42364242672920227 246
1726431200552 0.10394105315208435 247
1726431200593 0.385252982378006 248
1726431200633 0.3647285997867584 249
1726431200673 0.07100865989923477 250
1726431200713 0.1284344345331192 251
1726431200754 0.0682743713259697 252
1726431200794 0.4002229869365692 253
1726431200835 0.2084650993347168 254
1726431200875 0.08322112262248993 255
1726431200914 0.0 256
1726431200957 0.1234508827328682 257
1726431201001 0.0 258
1726431201053 0.0 259
1726431201093 0.0 260
1726431201133 0.0052378675900399685 261
1726431201172 0.0 262
1726431201211 0.1739054173231125 263
1726431201251 0.10627952218055725 264
1726431201290 0.2834652364253998 265
1726431201331 0.02185370959341526 266
1726431201371 0.040596019476652145 267
1726431201411 0.10219121724367142 268
1726431201450 0.0 269
1726431201490 0.13813546299934387 270
1726431201530 0.0 271
1726431201575 0.28722015023231506 272
1726431201615 0.6005464196205139 273
1726431201658 0.5260606408119202 274
1726431201699 0.5178793668746948 275
1726431201739 0.1603231579065323 276
1726431201779 0.012671721167862415 277
1726431201818 0.0 278
1726431201859 0.05132169649004936 279
1726431201901 0.025847503915429115 280
1726431201948 0.0 281
1726431201998 0.0 282
1726431202046 0.0 283
1726431202090 0.0515032559633255 284
1726431202129 0.25487643480300903 285
1726431202171 0.07886584103107452 286
1726431202210 0.13503997027873993 287
1726431202249 0.0 288
1726431202289 0.0 289
1726431202329 0.240145742893219 290
1726431202369 0.05206601321697235 291
1726431202409 0.19334416091442108 292
1726431202449 0.2064560204744339 293
1726431202490 0.05885769799351692 294
1726431202530 0.0 295
1726431202572 0.001108381082303822 296
1726431202619 0.0 297
1726431202678 0.0 298
1726431202724 0.05519784986972809 299
1726431202769 0.10378160327672958 300
1726431202811 0.0 301
1726431202854 0.027542000636458397 302
1726431202895 0.09056016802787781 303
1726431202936 0.1578783541917801 304
1726431202976 0.18043269217014313 305
1726431203017 0.16487599909305573 306
1726431203057 0.18107813596725464 307
1726431203098 0.027469543740153313 308
1726431203140 0.05759057775139809 309
1726431203184 0.05361032858490944 310
1726431203224 0.0 311
1726431203264 0.0 312
1726431203304 0.0 313
1726431203347 0.0 314
1726431203392 0.03776939958333969 315
1726431203447 0.0 316
1726431203488 0.07670597732067108 317
1726431203527 0.15629570186138153 318
1726431203566 0.08550921082496643 319
1726431203607 0.0967356488108635 320
1726431203647 0.017413591966032982 321
1726431203686 0.0 322
1726431203726 0.0 323
1726431203768 0.11460299044847488 324
1726431203810 0.29091888666152954 325
1726431203853 0.0 326
1726431203894 0.04646940156817436 327
1726431203934 0.0 328
1726431203978 0.0 329
1726431204018 0.0 330
1726431204058 0.20225085318088531 331
1726431204100 0.027413690462708473 332
1726431204141 0.023047886788845062 333
1726431204181 0.022941535338759422 334
1726431204221 0.0 335
1726431204261 0.00010778262367239222 336
1726431204300 0.025782927870750427 337
1726431204341 0.04409714415669441 338
1726431204385 0.0 339
1726431204426 0.0 340
1726431204466 0.0 341
1726431204505 0.0 342
1726431204545 0.0 343
1726431204588 0.0 344
1726431204629 0.0 345
1726431204674 0.0 346
1726431204722 0.11267859488725662 347
1726431204775 0.10819195955991745 348
1726431204820 0.24262221157550812 349
1726431204860 0.17481277883052826 350
1726431204899 0.11624307185411453 351
1726431204939 0.0 352
1726431204982 0.0 353
1726431205021 0.014343440532684326 354
1726431205061 0.0 355
1726431205101 0.020718084648251534 356
1726431205141 0.1458035558462143 357
1726431205183 0.0 358
1726431205223 0.10581216216087341 359
1726431205262 0.09206172823905945 360
1726431205301 0.0 361
1726431205343 0.0 362
1726431205382 0.13247568905353546 363
1726431205422 0.05303526297211647 364
1726431205461 0.0002621051680762321 365
1726431205501 0.0 366
1726431205541 0.012286611832678318 367
1726431205585 0.25089165568351746 368
1726431205626 0.03307272866368294 369
1726431205666 0.004864369984716177 370
1726431205705 0.04389273747801781 371
1726431205745 0.07942754030227661 372
1726431205789 0.05829361453652382 373
1726431205828 0.032059382647275925 374
1726431205869 0.04538841173052788 375
1726431205910 0.1472579687833786 376
1726431205949 0.1188524067401886 377
1726431205989 0.07849272340536118 378
1726431206029 0.007388291414827108 379
1726431206069 0.0 380
1726431206110 0.06465689092874527 381
1726431206151 0.0 382
1726431206194 0.0027028732001781464 383
1726431206234 0.0 384
1726431206273 0.0 385
1726431206313 0.0 386
1726431206357 0.04289707913994789 387
1726431206399 0.15969274938106537 388
1726431206442 0.009480390697717667 389
1726431206483 0.0 390
1726431206523 0.13783201575279236 391
1726431206563 0.13006187975406647 392
1726431206605 0.0526706725358963 393
1726431206646 0.0 394
1726431206688 0.0 395
1726431206729 0.18127401173114777 396
1726431206776 0.06781123578548431 397
1726431206817 0.05266276374459267 398
1726431206858 0.05015145242214203 399
1726431206900 0.0 400
1726431206941 0.0 401
1726431206985 0.16711817681789398 402
1726431207026 0.0 403
1726431207067 0.0 404
1726431207108 0.0 405
1726431207148 0.010309665463864803 406
1726431207188 0.06902175396680832 407
1726431207229 0.011866840533912182 408
1726431207269 0.08407098799943924 409
1726431207309 0.0 410
1726431207350 0.0 411
1726431207392 0.02528340369462967 412
1726431207432 0.06651674956083298 413
1726431207472 0.04813177511096001 414
1726431207513 0.0 415
1726431207556 0.0 416
1726431207596 0.0 417
1726431207637 0.0 418
1726431207677 0.0 419
1726431207716 0.05728308856487274 420
1726431207755 0.08372809737920761 421
1726431207795 0.015036500990390778 422
1726431207834 0.05982886627316475 423
1726431207875 0.0 424
1726431207916 0.0 425
1726431207957 0.030223095789551735 426
1726431207999 0.0 427
1726431208040 0.0 428
1726431208081 0.05263514444231987 429
1726431208123 0.0 430
1726431208166 0.0 431
1726431208207 0.0 432
1726431208246 0.11451322585344315 433
1726431208286 0.0 434
1726431208325 0.0 435
1726431208367 0.0 436
1726431208407 0.01292269304394722 437
1726431208448 0.0 438
1726431208487 0.0 439
1726431208528 0.04918668791651726 440
1726431208570 0.0 441
1726431208611 0.040864620357751846 442
1726431208652 0.0 443
1726431208691 0.0 444
1726431208731 0.0009426080505363643 445
1726431208774 0.0 446
1726431208813 0.06850627064704895 447
1726431208855 0.03236812353134155 448
1726431208894 0.0 449
1726431208937 0.0 450
1726431208997 0.0 451
1726431209044 0.1261959820985794 452
1726431209082 0.019766012206673622 453
1726431209123 0.0 454
1726431209164 0.0 455
1726431209205 0.0 456
1726431209244 0.0 457
1726431209284 0.0 458
1726431209323 0.0 459
1726431209365 0.0 460
1726431209407 0.0748516395688057 461
1726431209447 0.0 462
1726431209487 0.0 463
1726431209527 0.03764909505844116 464
1726431209566 0.14502251148223877 465
1726431209608 0.0 466
1726431209652 0.0 467
1726431209692 0.07374206185340881 468
1726431209733 0.06127040088176727 469
1726431209775 0.0 470
1726431209816 0.0 471
1726431209857 0.0 472
1726431209897 0.0 473
1726431209937 0.0 474
1726431209980 0.0 475
1726431210021 0.0 476
1726431210061 0.0 477
1726431210102 0.0 478
1726431210143 0.0 479
1726431210183 0.01789667457342148 480
1726431210223 0.03970256820321083 481
1726431210263 0.05401812493801117 482
1726431210302 0.0 483
1726431210343 0.0022976926993578672 484
1726431210386 0.0 485
1726431210426 0.0 486
1726431210466 0.0 487
1726431210506 0.0 488
1726431210546 0.0 489
1726431210588 0.0 490
1726431210630 0.0 491
1726431210671 0.0 492
1726431210711 0.018435321748256683 493
1726431210750 0.07547520101070404 494
1726431210790 0.0020683470647782087 495
1726431210829 0.0359722264111042 496
1726431210870 0.0 497
1726431210911 0.03621561452746391 498
1726431210951 0.11805904656648636 499
1726431210994 0.0 500
1726431211034 0.0 501
1726431211073 0.00614308612421155 502
1726431211114 0.022137679159641266 503
1726431211155 0.0 504
1726431211197 0.06682916730642319 505
1726431211239 0.028293080627918243 506
1726431211279 0.0 507
1726431211318 0.007514015305787325 508
1726431211359 0.0 509
1726431211399 0.0 510
1726431211442 0.0 511
1726431211488 0.0 512
1726431211532 0.0 513
1726431211584 0.0 514
1726431211635 0.0 515
1726431211674 0.014104166068136692 516
1726431211714 0.019131479784846306 517
1726431211761 0.0 518
1726431211812 0.0 519
1726431211876 0.0 520
1726431211948 0.0 521
1726431211997 0.0 522
1726431212066 0.0 523
1726431212109 0.0 524
1726431212149 0.0 525
1726431212190 0.0 526
1726431212229 0.0 527
1726431212268 0.0 528
1726431212307 0.0 529
1726431212347 0.0 530
1726431212389 0.0 531
1726431212429 0.0 532
1726431212468 0.0 533
1726431212508 0.0 534
1726431212548 0.0 535
1726431212587 0.0031303062569350004 536
1726431212627 0.0 537
1726431212668 0.0 538
1726431212708 0.04539988562464714 539
1726431212749 0.0 540
1726431212790 0.0 541
1726431212830 0.0 542
1726431212871 0.0 543
1726431212911 0.0 544
1726431212951 0.032081540673971176 545
1726431212993 0.0 546
1726431213033 0.0 547
1726431213072 0.009998573921620846 548
1726431213112 0.0 549
1726431213153 0.0 550
1726431213192 0.023374473676085472 551
1726431213232 0.06868310272693634 552
1726431213271 0.007211123127490282 553
1726431213311 0.029076769948005676 554
1726431213352 0.0 555
1726431213394 0.0 556
1726431213434 0.0 557
1726431213474 0.0 558
1726431213513 0.0 559
1726431213555 0.002462720265612006 560
1726431213596 0.019207598641514778 561
1726431213639 0.0 562
1726431213680 0.004604021552950144 563
1726431213746 0.0 564
1726431213803 0.0 565
1726431213848 0.0 566
1726431213896 0.0 567
1726431213941 0.0 568
1726431213992 0.0 569
1726431214044 0.0 570
1726431214086 0.0 571
1726431214129 0.0 572
1726431214177 0.0 573
1726431214224 0.0 574
1726431214271 0.0 575
1726431214316 0.0 576
1726431214358 0.0 577
1726431214400 0.0 578
1726431214445 0.0 579
1726431214493 0.0 580
1726431214536 0.0 581
1726431214584 0.0 582
1726431214634 0.0 583
1726431214681 0.0 584
1726431214720 0.0 585
1726431214766 0.0 586
1726431214805 0.0 587
1726431214846 0.0 588
1726431214891 0.0 589
1726431214941 0.0 590
1726431214994 0.0 591
1726431215042 0.0 592
1726431215100 0.0 593
1726431215157 0.0 594
1726431215201 0.0 595
1726431215246 0.001264783088117838 596
1726431215297 0.0 597
1726431215346 0.0 598
1726431215390 0.0 599
1726431215449 0.0 600
1726431215508 0.0 601
1726431215572 0.0 602
1726431215625 0.0 603
1726431215665 0.0 604
1726431215705 0.0 605
1726431215754 0.0 606
1726431215814 0.0 607
1726431215873 0.0 608
1726431215935 0.0 609
1726431215992 0.0 610
1726431216053 0.0 611
1726431216111 0.0 612
1726431216166 0.009636190719902515 613
1726431216225 0.0 614
1726431216284 0.0 615
1726431216330 0.0 616
1726431216384 0.0 617
1726431216435 0.0 618
1726431216477 0.0 619
1726431216524 0.0 620
1726431216576 0.0 621
1726431216621 0.0 622
1726431216668 0.0 623
1726431216714 0.0 624
1726431216766 0.0 625
1726431216828 0.0 626
1726431216893 0.0 627
