1726484763034 0.15842610597610474 0
1726484763065 0.3147832751274109 1
1726484763091 0.4076976776123047 2
1726484763118 0.412132203578949 3
1726484763146 0.4758235514163971 4
1726484763174 0.4144707918167114 5
1726484763201 0.3474794626235962 6
1726484763228 0.36171942949295044 7
1726484763257 0.3164394497871399 8
1726484763283 0.3130411207675934 9
1726484763308 0.35221296548843384 10
1726484763337 0.3437518775463104 11
1726484763366 0.48182791471481323 12
1726484763395 0.5805627703666687 13
1726484763423 0.4612100422382355 14
1726484763452 0.4471667408943176 15
1726484763480 0.41469401121139526 16
1726484763509 0.3496367633342743 17
1726484763537 0.38855183124542236 18
1726484763564 0.33357998728752136 19
1726484763592 0.2876781225204468 20
1726484763621 0.3435106873512268 21
1726484763650 0.3570268750190735 22
1726484763680 0.35676583647727966 23
1726484763709 0.3049163818359375 24
1726484763738 0.3649758994579315 25
1726484763767 0.5337486267089844 26
1726484763797 0.6339236497879028 27
1726484763839 0.8234337568283081 28
1726484763878 0.7611097097396851 29
1726484763916 0.6472434997558594 30
1726484763950 0.4024309515953064 31
1726484763991 0.5727149248123169 32
1726484764031 0.3620396852493286 33
1726484764068 0.281271755695343 34
1726484764105 0.42355191707611084 35
1726484764143 0.5792384743690491 36
1726484764182 0.4931686520576477 37
1726484764219 0.418245792388916 38
1726484764262 0.3307117223739624 39
1726484764302 0.4193752110004425 40
1726484764343 0.3765331506729126 41
1726484764378 0.35620400309562683 42
1726484764416 0.36089572310447693 43
1726484764453 0.5033935308456421 44
1726484764490 0.416382759809494 45
1726484764533 0.5812268257141113 46
1726484764574 0.3806084394454956 47
1726484764616 0.3389785885810852 48
1726484764656 0.6770983338356018 49
1726484764696 0.4256681799888611 50
1726484764737 0.6769134402275085 51
1726484764778 0.24385467171669006 52
1726484764814 0.33190804719924927 53
1726484764860 0.45532098412513733 54
1726484764901 0.41698843240737915 55
1726484764941 0.582461953163147 56
1726484764984 0.44361570477485657 57
1726484765027 0.2439122200012207 58
1726484765066 0.6381665468215942 59
1726484765108 0.3642005920410156 60
1726484765147 0.5683535933494568 61
1726484765188 0.584051787853241 62
1726484765225 1.5520577430725098 63
1726484765264 0.45067113637924194 64
1726484765306 0.6025562882423401 65
1726484765355 0.6431574821472168 66
1726484765402 0.4454401135444641 67
1726484765440 0.5800862312316895 68
1726484765472 0.8028506636619568 69
1726484765505 0.6623055934906006 70
1726484765536 0.7959327697753906 71
1726484765567 0.6804673671722412 72
1726484765599 0.8289405703544617 73
1726484765631 0.6264991760253906 74
1726484765661 0.31366756558418274 75
1726484765690 0.5578137040138245 76
1726484765720 0.43894147872924805 77
1726484765749 0.28985822200775146 78
1726484765777 0.2976979911327362 79
1726484765807 0.21961550414562225 80
1726484765835 0.3011890947818756 81
1726484765865 0.4467441141605377 82
1726484765893 0.34348246455192566 83
1726484765919 0.3951762914657593 84
1726484765947 0.40960928797721863 85
1726484765975 0.4192214906215668 86
1726484766005 0.3511517643928528 87
1726484766033 0.5158229470252991 88
1726484766061 0.40822890400886536 89
1726484766090 0.39110487699508667 90
1726484766119 0.4369407594203949 91
1726484766148 0.6189103126525879 92
1726484766175 0.45129913091659546 93
1726484766202 0.68756502866745 94
1726484766230 0.3961116075515747 95
1726484766259 0.44882073998451233 96
1726484766287 0.6666897535324097 97
1726484766316 0.586616575717926 98
1726484766345 0.6322205662727356 99
1726484766375 1.0792526006698608 100
1726484766405 0.8558019399642944 101
1726484766434 0.48724502325057983 102
1726484766463 0.6711717844009399 103
1726484766491 0.36285021901130676 104
1726484766518 0.2950153350830078 105
1726484766546 0.40240347385406494 106
1726484766573 0.5702511072158813 107
1726484766603 0.5865915417671204 108
1726484766633 0.4091189503669739 109
1726484766661 0.5777521729469299 110
1726484766690 0.4100482165813446 111
1726484766719 0.40444618463516235 112
1726484766748 0.3573116660118103 113
1726484766778 0.4033798575401306 114
1726484766807 0.5020500421524048 115
1726484766836 0.6441813707351685 116
1726484766867 0.6855983734130859 117
1726484766895 0.31965020298957825 118
1726484766924 0.4084063470363617 119
1726484766952 0.37283819913864136 120
1726484766979 0.45934414863586426 121
1726484767008 0.5727441310882568 122
1726484767036 0.4447990655899048 123
1726484767065 0.6019765734672546 124
1726484767093 0.6995004415512085 125
1726484767124 0.6255691051483154 126
1726484767152 0.5054357051849365 127
1726484767182 0.2571028172969818 128
1726484767212 0.321682870388031 129
1726484767240 0.31524309515953064 130
1726484767276 0.2404884696006775 131
1726484767306 0.37502557039260864 132
1726484767333 0.22880274057388306 133
1726484767364 0.42605286836624146 134
1726484767392 0.7720637321472168 135
1726484767420 0.525141179561615 136
1726484767447 0.5341451168060303 137
1726484767475 0.23841211199760437 138
1726484767502 0.429659903049469 139
1726484767531 0.5404759645462036 140
1726484767558 0.4366161525249481 141
1726484767585 0.2612937390804291 142
1726484767616 0.3595699369907379 143
1726484767644 0.5766198635101318 144
1726484767670 0.25454580783843994 145
1726484767695 0.6477978229522705 146
1726484767722 0.27062752842903137 147
1726484767750 0.3995867371559143 148
1726484767777 0.5873681306838989 149
1726484767805 0.39434903860092163 150
1726484767835 0.409625768661499 151
1726484767866 0.3745902478694916 152
1726484767896 0.5791365504264832 153
1726484767923 0.30884426832199097 154
1726484767950 0.6958775520324707 155
1726484767978 0.4016077220439911 156
1726484768005 0.4470796585083008 157
1726484768034 0.4241439402103424 158
1726484768061 0.32043713331222534 159
1726484768088 0.6801226735115051 160
1726484768116 0.5643856525421143 161
1726484768145 0.35671836137771606 162
1726484768171 0.4730943739414215 163
1726484768198 0.34160536527633667 164
1726484768223 0.6133451461791992 165
1726484768250 0.581911027431488 166
1726484768277 0.4955565929412842 167
1726484768304 0.3703541159629822 168
1726484768331 0.37434470653533936 169
1726484768359 0.42865145206451416 170
1726484768385 0.4432472586631775 171
1726484768410 0.5446857810020447 172
1726484768437 0.20221161842346191 173
1726484768465 0.47216325998306274 174
1726484768492 0.3046751916408539 175
1726484768519 0.3381408751010895 176
1726484768549 0.33468350768089294 177
1726484768577 0.41432932019233704 178
1726484768605 0.409978985786438 179
1726484768636 0.3534211218357086 180
1726484768665 0.28233808279037476 181
1726484768692 0.34692370891571045 182
1726484768720 0.43173497915267944 183
1726484768748 0.875914454460144 184
1726484768778 0.5355498790740967 185
1726484768806 0.22300861775875092 186
1726484768835 0.28996342420578003 187
1726484768863 0.18645115196704865 188
1726484768893 0.5756266117095947 189
1726484768921 0.7550653219223022 190
1726484768948 0.4739433526992798 191
1726484768973 0.40155917406082153 192
1726484769001 0.6814145445823669 193
1726484769029 1.0475841760635376 194
1726484769058 1.4539844989776611 195
1726484769087 0.8330680727958679 196
1726484769117 0.59743332862854 197
1726484769145 0.5783981084823608 198
1726484769173 0.6979734897613525 199
1726484769202 0.5785456299781799 200
1726484769230 0.6581512093544006 201
1726484769258 0.4979974329471588 202
1726484769285 0.2617083787918091 203
1726484769313 0.2513279914855957 204
1726484769348 0.46113121509552 205
1726484769388 0.39117375016212463 206
1726484769421 0.372707337141037 207
1726484769450 0.1470956802368164 208
1726484769482 0.10841267555952072 209
1726484769511 0.32380250096321106 210
1726484769540 0.5674649477005005 211
1726484769569 0.42438656091690063 212
1726484769597 0.38679420948028564 213
1726484769630 0.25071823596954346 214
1726484769659 0.2501586973667145 215
1726484769687 0.25376462936401367 216
1726484769715 0.4226059317588806 217
1726484769744 0.33035579323768616 218
1726484769775 0.4802183508872986 219
1726484769805 0.47324997186660767 220
1726484769834 0.8984509706497192 221
1726484769864 0.5733710527420044 222
1726484769896 0.6436331868171692 223
1726484769926 0.5819857120513916 224
1726484769956 0.5889402627944946 225
1726484769985 0.4729118049144745 226
1726484770015 0.536706805229187 227
1726484770045 0.4197642505168915 228
1726484770075 0.35109347105026245 229
1726484770104 0.3509824573993683 230
1726484770136 0.2950793206691742 231
1726484770167 0.250383585691452 232
1726484770194 0.3788934648036957 233
1726484770223 0.4634783864021301 234
1726484770253 0.6284617185592651 235
1726484770286 0.47920918464660645 236
1726484770317 0.2749929130077362 237
1726484770346 0.32959455251693726 238
1726484770378 0.47543594241142273 239
1726484770408 0.5566490888595581 240
1726484770438 0.683982253074646 241
1726484770467 0.2805362939834595 242
1726484770497 0.38015589118003845 243
1726484770527 0.3438689112663269 244
1726484770558 0.48569297790527344 245
1726484770588 0.6896231174468994 246
1726484770621 0.6177480220794678 247
1726484770651 0.40128594636917114 248
1726484770681 0.3386004567146301 249
1726484770713 0.25643250346183777 250
1726484770743 0.23036319017410278 251
1726484770775 0.1820768117904663 252
1726484770805 0.13963918387889862 253
1726484770836 0.19193945825099945 254
1726484770869 0.28292250633239746 255
1726484770899 0.23195697367191315 256
1726484770930 0.30098757147789 257
1726484770960 0.3974730670452118 258
1726484770990 0.717320442199707 259
1726484771026 1.1096103191375732 260
1726484771057 0.5689513683319092 261
1726484771088 0.8114393949508667 262
1726484771121 0.4669952392578125 263
1726484771151 0.23887531459331512 264
1726484771180 0.3188634216785431 265
1726484771211 0.3408413529396057 266
1726484771241 0.38286852836608887 267
1726484771272 0.4415196180343628 268
1726484771301 0.3731731176376343 269
1726484771331 0.3737757205963135 270
1726484771361 0.39360347390174866 271
1726484771391 0.3882306218147278 272
1726484771420 0.40463733673095703 273
1726484771448 0.33068615198135376 274
1726484771476 0.2618604302406311 275
1726484771505 0.24739813804626465 276
1726484771532 0.41629350185394287 277
1726484771560 0.21970690786838531 278
1726484771588 0.22364285588264465 279
1726484771620 0.259601354598999 280
1726484771652 0.21292909979820251 281
1726484771682 0.15670230984687805 282
1726484771712 0.3003062903881073 283
1726484771741 0.2326827347278595 284
1726484771771 0.49635767936706543 285
1726484771801 0.5918448567390442 286
1726484771831 0.5431913137435913 287
1726484771861 0.49200689792633057 288
1726484771892 0.41001614928245544 289
1726484771922 0.43883639574050903 290
1726484771951 0.35555970668792725 291
1726484771980 0.6586437225341797 292
1726484772009 0.556005597114563 293
1726484772037 0.4435240626335144 294
1726484772065 0.6005998253822327 295
1726484772092 0.5845613479614258 296
1726484772125 0.8253172636032104 297
1726484772154 0.4729066491127014 298
1726484772187 0.283200740814209 299
1726484772219 0.31682050228118896 300
1726484772249 0.5688211917877197 301
1726484772281 0.23630291223526 302
1726484772310 0.3145923614501953 303
1726484772341 0.508063018321991 304
1726484772375 0.41878780722618103 305
1726484772406 0.5506592392921448 306
1726484772434 0.4090566337108612 307
1726484772465 0.5073952674865723 308
1726484772494 0.44998329877853394 309
1726484772524 0.5634632110595703 310
1726484772553 0.5028728246688843 311
1726484772581 0.3076963722705841 312
1726484772610 0.352257639169693 313
1726484772643 0.21253982186317444 314
1726484772673 0.4598565995693207 315
1726484772703 0.26501157879829407 316
1726484772733 0.36488187313079834 317
1726484772764 0.3935573101043701 318
1726484772794 0.2915167212486267 319
1726484772824 0.29117530584335327 320
1726484772854 0.25933176279067993 321
1726484772885 0.17660632729530334 322
1726484772915 0.3548808693885803 323
1726484772944 0.3344334661960602 324
1726484772973 0.4711708426475525 325
1726484773001 0.32295429706573486 326
1726484773028 0.6912629008293152 327
1726484773057 0.4645550847053528 328
1726484773087 0.17491188645362854 329
1726484773118 0.11006847023963928 330
1726484773148 0.28308260440826416 331
1726484773177 0.5922392010688782 332
1726484773207 0.6249531507492065 333
1726484773237 0.5727375745773315 334
1726484773267 0.3354940712451935 335
1726484773297 0.5429463982582092 336
1726484773326 0.30204692482948303 337
1726484773356 0.366166889667511 338
1726484773387 0.33722546696662903 339
1726484773417 0.13526800274848938 340
1726484773446 0.10455252975225449 341
1726484773477 0.09982216358184814 342
1726484773506 0.22707612812519073 343
1726484773535 0.4807516038417816 344
1726484773563 0.4278988540172577 345
1726484773593 0.4183328151702881 346
1726484773623 0.4569939970970154 347
1726484773653 0.5584661960601807 348
1726484773680 0.5341148972511292 349
1726484773710 0.313552588224411 350
1726484773740 0.4987478256225586 351
1726484773770 0.5662861466407776 352
1726484773798 0.5857769250869751 353
1726484773827 0.766508936882019 354
1726484773856 0.5989724397659302 355
1726484773885 0.3964647352695465 356
1726484773915 0.3928549885749817 357
1726484773944 0.2928851842880249 358
1726484773973 0.3356040418148041 359
1726484774002 0.3581675589084625 360
1726484774029 0.3754246234893799 361
1726484774055 0.40837037563323975 362
1726484774083 0.3570517301559448 363
1726484774111 0.1816582977771759 364
1726484774141 0.20177951455116272 365
1726484774170 0.4551049470901489 366
1726484774200 0.34004703164100647 367
1726484774229 0.24267137050628662 368
1726484774258 0.16114583611488342 369
1726484774287 0.3815986216068268 370
1726484774314 0.47031354904174805 371
1726484774342 0.4710163474082947 372
1726484774370 0.5725862979888916 373
1726484774398 0.3861302137374878 374
1726484774428 0.3618120849132538 375
1726484774456 0.29866981506347656 376
1726484774485 0.3193509578704834 377
1726484774514 0.20588742196559906 378
1726484774544 0.4277309775352478 379
1726484774573 0.32959821820259094 380
1726484774603 0.2647934854030609 381
1726484774635 0.18792200088500977 382
1726484774666 0.3779962658882141 383
1726484774695 0.6376421451568604 384
1726484774725 0.7880573868751526 385
1726484774756 0.3364420533180237 386
1726484774785 0.4028458595275879 387
1726484774814 0.41552168130874634 388
1726484774844 0.3263586163520813 389
1726484774872 0.12043977528810501 390
1726484774902 0.10216319561004639 391
1726484774931 0.09931320697069168 392
1726484774962 0.09833309799432755 393
1726484774992 0.1829068511724472 394
1726484775023 0.11499471962451935 395
1726484775054 0.10378604382276535 396
1726484775084 0.10018019378185272 397
1726484775114 0.17180560529232025 398
1726484775145 0.3178796172142029 399
1726484775176 0.14294543862342834 400
1726484775207 0.2878367304801941 401
1726484775238 0.326254278421402 402
1726484775269 0.39535439014434814 403
1726484775298 0.13533921539783478 404
1726484775328 0.10429461300373077 405
1726484775357 0.0995999127626419 406
1726484775388 0.09831676632165909 407
1726484775418 0.097869373857975 408
1726484775450 0.2970888018608093 409
1726484775482 0.1303490251302719 410
1726484775511 0.10616926848888397 411
1726484775540 0.10051055252552032 412
1726484775571 0.09879100322723389 413
1726484775602 0.341370165348053 414
1726484775634 0.21087458729743958 415
1726484775665 0.24525201320648193 416
1726484775696 0.2296963632106781 417
1726484775727 0.20059837400913239 418
1726484775758 0.2785716652870178 419
1726484775787 0.41953614354133606 420
1726484775817 0.36119526624679565 421
1726484775849 0.12858323752880096 422
1726484775879 0.10587120056152344 423
1726484775912 0.10121063888072968 424
1726484775943 0.09932532161474228 425
1726484775973 0.09843354672193527 426
1726484776003 0.09798610210418701 427
1726484776033 0.2621039152145386 428
1726484776064 0.21792659163475037 429
1726484776095 0.24112480878829956 430
1726484776126 0.20025724172592163 431
1726484776157 0.2395467460155487 432
1726484776189 0.20619212090969086 433
1726484776217 0.24244771897792816 434
1726484776246 0.21040645241737366 435
1726484776277 0.24455665051937103 436
1726484776308 0.3576846122741699 437
1726484776338 0.3274227976799011 438
1726484776367 0.18415473401546478 439
1726484776400 0.11674006283283234 440
1726484776432 0.10317251831293106 441
1726484776462 0.3020651042461395 442
1726484776493 0.2677851617336273 443
1726484776523 0.22296908497810364 444
1726484776553 0.2440323531627655 445
1726484776583 0.1631823629140854 446
1726484776613 0.19709211587905884 447
1726484776644 0.19065967202186584 448
1726484776674 0.20970278978347778 449
1726484776705 0.2016836702823639 450
1726484776735 0.21565309166908264 451
1726484776766 0.17555494606494904 452
1726484776795 0.2601046562194824 453
1726484776825 0.26273611187934875 454
1726484776854 0.45831066370010376 455
1726484776884 0.48520615696907043 456
1726484776917 0.5022004842758179 457
1726484776948 0.527324914932251 458
1726484776977 0.3633362352848053 459
1726484777006 0.13470712304115295 460
1726484777037 0.19401352107524872 461
1726484777067 0.2033228576183319 462
1726484777096 0.14754140377044678 463
1726484777126 0.2582452893257141 464
1726484777157 0.222403883934021 465
1726484777187 0.20307636260986328 466
1726484777216 0.1474219560623169 467
1726484777245 0.11585082858800888 468
1726484777276 0.12114060670137405 469
1726484777304 0.21687863767147064 470
1726484777333 0.1806609034538269 471
1726484777364 0.2265014350414276 472
1726484777395 0.2171551138162613 473
1726484777426 0.26376432180404663 474
1726484777455 0.24790000915527344 475
1726484777484 0.24139204621315002 476
1726484777515 0.26621273159980774 477
1726484777547 0.24863755702972412 478
1726484777576 0.2743980586528778 479
1726484777605 0.2557848393917084 480
1726484777635 0.28849178552627563 481
1726484777666 0.2681623101234436 482
1726484777694 0.18030758202075958 483
1726484777724 0.12522731721401215 484
1726484777753 0.20485718548297882 485
1726484777782 0.1851344108581543 486
1726484777811 0.21649546921253204 487
1726484777839 0.19784852862358093 488
1726484777867 0.25988802313804626 489
1726484777898 0.21296516060829163 490
1726484777928 0.11168515682220459 491
1726484777958 0.09964656829833984 492
1726484777987 0.09819288551807404 493
1726484778017 0.09777653217315674 494
1726484778046 0.09762249141931534 495
1726484778075 0.0975581482052803 496
1726484778103 0.0975293219089508 497
1726484778132 0.0975157767534256 498
1726484778163 0.0975094586610794 499
1726484778193 0.22122059762477875 500
1726484778224 0.10944972187280655 501
1726484778255 0.10230797529220581 502
1726484778285 0.16114367544651031 503
1726484778315 0.19411997497081757 504
1726484778345 0.19158263504505157 505
1726484778373 0.2069907784461975 506
1726484778403 0.20244869589805603 507
1726484778432 0.21327051520347595 508
1726484778462 0.208548903465271 509
1726484778492 0.21706503629684448 510
1726484778522 0.2124977707862854 511
1726484778553 0.21963189542293549 512
1726484778583 0.2152847945690155 513
1726484778613 0.2807975709438324 514
1726484778644 0.2745257616043091 515
1726484778675 0.2396293580532074 516
1726484778705 0.14292338490486145 517
1726484778735 0.11618836224079132 518
1726484778766 0.1058388501405716 519
1726484778797 0.10138793289661407 520
1726484778827 0.0993659496307373 521
1726484778858 0.09840915352106094 522
1726484778890 0.0979466438293457 523
1726484778921 0.09772064536809921 524
1726484778952 0.0976099744439125 525
1726484778984 0.0975554957985878 526
1726484779015 0.09752903133630753 527
1726484779046 0.0975157767534256 528
1726484779078 0.13952136039733887 529
1726484779109 0.10470421612262726 530
1726484779141 0.10001986473798752 531
1726484779172 0.09857173264026642 532
1726484779204 0.09801080077886581 533
1726484779235 0.09775733947753906 534
1726484779265 0.09763339161872864 535
1726484779294 0.0975705161690712 536
1726484779323 0.0975380465388298 537
1726484779353 0.0975213274359703 538
1726484779382 0.09751251339912415 539
1726484779414 0.097508005797863 540
1726484779443 0.0975055918097496 541
1726484779475 0.09750451892614365 542
1726484779506 0.09750375896692276 543
1726484779535 0.09750349819660187 544
1726484779565 0.09750330448150635 545
1726484779593 0.09750330448150635 546
1726484779622 0.0975031852722168 547
1726484779655 0.09750308841466904 548
1726484779684 0.09750325977802277 549
1726484779712 0.09750308841466904 550
1726484779742 0.0975029468536377 551
1726484779771 0.09750308841466904 552
1726484779800 0.09750308841466904 553
1726484779832 0.097503162920475 554
1726484779862 0.09750308841466904 555
1726484779893 0.09750308841466904 556
1726484779924 0.097503162920475 557
