1727301815882 2.31154465675354 0
1727301815916 2.0405454635620117 1
1727301815949 1.3357689380645752 2
1727301815982 2.1885874271392822 3
1727301816015 2.1817750930786133 4
1727301816048 2.187265634536743 5
1727301816081 2.088554859161377 6
1727301816114 1.9591517448425293 7
1727301816147 1.4044876098632812 8
1727301816180 2.072848320007324 9
1727301816212 2.115046262741089 10
1727301816246 2.2582764625549316 11
1727301816280 1.9458932876586914 12
1727301816317 2.005115509033203 13
1727301816353 2.0379862785339355 14
1727301816386 2.023379325866699 15
1727301816419 2.2695045471191406 16
1727301816452 2.0079030990600586 17
1727301816487 2.0988895893096924 18
1727301816521 2.0258913040161133 19
1727301816555 2.0556933879852295 20
1727301816589 1.9663512706756592 21
1727301816622 2.0904765129089355 22
1727301816656 2.161956787109375 23
1727301816690 2.191934108734131 24
1727301816724 2.1195569038391113 25
1727301816759 2.1506431102752686 26
1727301816794 2.1958649158477783 27
1727301816827 1.9964112043380737 28
1727301816861 1.9090591669082642 29
1727301816895 2.0479512214660645 30
1727301816930 1.9446171522140503 31
1727301816964 1.848776936531067 32
1727301816998 1.9665560722351074 33
1727301817033 2.0092380046844482 34
1727301817067 2.106992721557617 35
1727301817101 2.0708537101745605 36
1727301817134 2.1215009689331055 37
1727301817169 2.181426525115967 38
1727301817202 2.031020164489746 39
1727301817237 1.335769772529602 40
1727301817272 2.1823625564575195 41
1727301817307 2.1148288249969482 42
1727301817342 1.8667957782745361 43
1727301817376 1.9983162879943848 44
1727301817410 1.2927696704864502 45
1727301817445 2.0258913040161133 46
1727301817478 2.124305248260498 47
1727301817513 1.894779086112976 48
1727301817549 2.0381219387054443 49
1727301817583 2.0653109550476074 50
1727301817617 2.06143856048584 51
1727301817650 2.2567086219787598 52
1727301817684 2.161360263824463 53
1727301817717 2.09364652633667 54
1727301817751 2.137688159942627 55
1727301817785 2.2188687324523926 56
1727301817819 2.0587756633758545 57
1727301817853 2.01796555519104 58
1727301817888 1.9885426759719849 59
1727301817922 2.1882314682006836 60
1727301817956 2.213432788848877 61
1727301817990 2.1015172004699707 62
1727301818025 2.1477885246276855 63
1727301818061 1.6133499145507812 64
1727301818094 2.247119426727295 65
1727301818129 2.082836627960205 66
1727301818163 2.0673985481262207 67
1727301818197 1.335769772529602 68
1727301818231 2.2048392295837402 69
1727301818265 2.1689023971557617 70
1727301818300 2.0427052974700928 71
1727301818333 2.0407471656799316 72
1727301818367 1.93486750125885 73
1727301818400 2.134134531021118 74
1727301818434 2.054023504257202 75
1727301818468 2.199298143386841 76
1727301818502 2.128541946411133 77
1727301818535 2.065847635269165 78
1727301818569 2.118434190750122 79
1727301818602 2.088432788848877 80
1727301818636 2.13154935836792 81
1727301818670 2.1311941146850586 82
1727301818704 1.901590347290039 83
1727301818737 2.052359104156494 84
1727301818771 2.0451927185058594 85
1727301818806 2.2831883430480957 86
1727301818839 2.1698966026306152 87
1727301818873 2.0732123851776123 88
1727301818909 2.091118574142456 89
1727301818949 2.1823720932006836 90
1727301818992 2.112121343612671 91
1727301819033 2.039795160293579 92
1727301819071 2.205368757247925 93
1727301819109 2.2296488285064697 94
1727301819147 2.225151538848877 95
1727301819186 2.1737136840820312 96
1727301819223 2.090212821960449 97
1727301819260 2.037018060684204 98
1727301819296 2.167846441268921 99
1727301819331 2.1760034561157227 100
1727301819365 2.00986647605896 101
1727301819402 2.0877654552459717 102
1727301819439 2.0035858154296875 103
1727301819473 2.0202748775482178 104
1727301819507 1.9988734722137451 105
1727301819541 2.1337873935699463 106
1727301819575 2.0863213539123535 107
1727301819609 2.0256712436676025 108
1727301819643 2.232633590698242 109
1727301819677 2.0157244205474854 110
1727301819710 1.9894044399261475 111
1727301819743 2.184143304824829 112
1727301819777 2.1137874126434326 113
1727301819812 2.0961623191833496 114
1727301819846 2.072756767272949 115
1727301819880 2.2342875003814697 116
1727301819914 2.109438180923462 117
1727301819948 2.2221617698669434 118
1727301819982 2.137131690979004 119
1727301820017 1.8695566654205322 120
1727301820054 1.998521327972412 121
1727301820088 1.9822956323623657 122
1727301820123 2.073341131210327 123
1727301820157 1.335769772529602 124
1727301820190 2.127042770385742 125
1727301820224 2.227928638458252 126
1727301820260 2.1942362785339355 127
1727301820297 2.1506428718566895 128
1727301820331 2.126290798187256 129
1727301820365 2.1221768856048584 130
1727301820399 1.521618366241455 131
1727301820433 2.099375009536743 132
1727301820467 2.1537795066833496 133
1727301820502 1.987501621246338 134
1727301820537 2.0767924785614014 135
1727301820571 2.2108123302459717 136
1727301820605 2.0415127277374268 137
1727301820639 1.2344979047775269 138
1727301820675 1.2344979047775269 139
