1727306786755 1.8844515085220337 0
1727306786796 1.8711869716644287 1
1727306786835 1.8679059743881226 2
1727306786877 1.954483151435852 3
1727306786928 1.621425986289978 4
1727306786965 1.9373788833618164 5
1727306787005 1.877564549446106 6
1727306787045 1.8580925464630127 7
1727306787083 1.9964275360107422 8
1727306787120 1.603232502937317 9
1727306787158 1.8469889163970947 10
1727306787196 1.6277234554290771 11
1727306787233 1.692233681678772 12
1727306787269 1.864627480506897 13
1727306787307 1.9128141403198242 14
1727306787347 1.8963737487792969 15
1727306787386 1.925229549407959 16
1727306787436 1.9613807201385498 17
1727306787485 1.7136365175247192 18
1727306787527 1.624894142150879 19
1727306787567 1.9448790550231934 20
1727306787607 1.7018582820892334 21
1727306787646 1.4331281185150146 22
1727306787685 1.7186405658721924 23
1727306787727 1.3425817489624023 24
1727306787770 1.5961782932281494 25
1727306787812 1.764738917350769 26
1727306787854 1.8749300241470337 27
1727306787892 1.8026790618896484 28
1727306787935 1.8728872537612915 29
1727306787974 1.8650485277175903 30
1727306788014 1.8667658567428589 31
1727306788054 1.9362378120422363 32
1727306788094 1.7633737325668335 33
1727306788133 1.9272119998931885 34
1727306788174 1.8397961854934692 35
1727306788213 1.7432215213775635 36
1727306788251 1.6300252676010132 37
1727306788288 1.9665014743804932 38
1727306788328 1.90830659866333 39
1727306788368 1.9064066410064697 40
1727306788408 1.8838905096054077 41
1727306788450 1.9000699520111084 42
1727306788491 1.950272798538208 43
1727306788530 1.3425817489624023 44
1727306788570 1.8550618886947632 45
1727306788610 1.8550167083740234 46
1727306788649 1.911346435546875 47
1727306788720 1.9777640104293823 48
1727306788760 1.7824901342391968 49
1727306788798 1.6462230682373047 50
1727306788838 1.7899279594421387 51
1727306788876 1.674458384513855 52
1727306788915 1.703633189201355 53
1727306788955 1.7097759246826172 54
1727306788996 1.8845748901367188 55
1727306789036 1.7480535507202148 56
1727306789074 1.832615613937378 57
1727306789114 1.5880893468856812 58
1727306789153 1.7220494747161865 59
1727306789194 1.8846652507781982 60
1727306789234 1.808326244354248 61
1727306789274 1.9620620012283325 62
1727306789316 1.7069613933563232 63
1727306789357 1.5599844455718994 64
1727306789396 1.8937307596206665 65
1727306789441 1.9462792873382568 66
1727306789483 1.8914666175842285 67
1727306789522 1.9434782266616821 68
1727306789561 1.8931440114974976 69
1727306789601 1.8355457782745361 70
1727306789638 1.8594082593917847 71
1727306789679 1.9436616897583008 72
1727306789720 1.9530794620513916 73
1727306789760 1.970361590385437 74
1727306789800 1.8276134729385376 75
1727306789839 1.432581901550293 76
1727306789881 1.9708510637283325 77
1727306789922 1.7692382335662842 78
1727306789964 1.8919508457183838 79
1727306790003 1.9474842548370361 80
1727306790042 1.9553332328796387 81
1727306790082 1.8599770069122314 82
1727306790120 1.9182310104370117 83
1727306790160 1.7560844421386719 84
1727306790200 1.1553902626037598 85
1727306790240 1.966254472732544 86
1727306790279 1.7489668130874634 87
1727306790318 1.834958791732788 88
1727306790360 1.5660569667816162 89
1727306790402 1.858938217163086 90
1727306790443 1.9527231454849243 91
1727306790485 1.7950499057769775 92
1727306790525 1.7348291873931885 93
1727306790566 1.8125581741333008 94
1727306790607 1.9437071084976196 95
1727306790648 1.8496530055999756 96
1727306790688 1.9691013097763062 97
1727306790727 1.9445303678512573 98
1727306790767 1.6821954250335693 99
1727306790814 1.7707619667053223 100
1727306790858 1.8397294282913208 101
1727306790900 1.930804967880249 102
1727306790942 1.8245666027069092 103
1727306790981 1.5702574253082275 104
1727306791023 1.892911434173584 105
1727306791063 1.8639847040176392 106
1727306791103 1.7524745464324951 107
1727306791145 1.7876182794570923 108
1727306791186 1.741956353187561 109
1727306791226 1.7497756481170654 110
1727306791268 1.8314990997314453 111
1727306791309 1.4764769077301025 112
1727306791349 1.9681966304779053 113
1727306791388 1.4031343460083008 114
1727306791429 1.9065289497375488 115
1727306791469 1.6863963603973389 116
1727306791509 1.9665484428405762 117
1727306791549 1.6622905731201172 118
1727306791588 1.9622704982757568 119
1727306791628 1.8503944873809814 120
1727306791672 1.7418110370635986 121
1727306791722 1.8255435228347778 122
1727306791768 1.8624279499053955 123
1727306791816 1.7693336009979248 124
1727306791864 1.7029294967651367 125
1727306791917 1.9325971603393555 126
1727306791964 1.908440351486206 127
1727306792009 1.9132320880889893 128
1727306792060 1.898507833480835 129
1727306792111 1.8851633071899414 130
1727306792158 1.4825191497802734 131
1727306792209 1.8556240797042847 132
1727306792255 1.6147785186767578 133
1727306792301 1.9440407752990723 134
1727306792353 1.7278825044631958 135
1727306792401 1.747352123260498 136
1727306792453 1.9494152069091797 137
1727306792506 1.9977095127105713 138
1727306792558 1.7151176929473877 139
1727306792607 1.414546251296997 140
1727306792655 1.9415616989135742 141
1727306792707 1.5808277130126953 142
1727306792758 1.6792869567871094 143
1727306792810 1.979496717453003 144
1727306792856 1.8387641906738281 145
1727306792904 1.9684770107269287 146
1727306792951 1.7033249139785767 147
1727306792996 1.9159913063049316 148
1727306793041 1.8832366466522217 149
1727306793086 1.8771071434020996 150
1727306793130 1.6567964553833008 151
1727306793170 1.6831645965576172 152
1727306793213 1.9461252689361572 153
1727306793255 1.9145565032958984 154
1727306793296 1.3425817489624023 155
1727306793337 1.9059011936187744 156
1727306793378 1.760844111442566 157
1727306793416 1.6750470399856567 158
1727306793454 1.6665735244750977 159
1727306793494 1.7597575187683105 160
1727306793532 1.9669599533081055 161
1727306793569 1.9159579277038574 162
1727306793606 1.7902798652648926 163
1727306793643 1.5836366415023804 164
1727306793680 1.8691437244415283 165
1727306793717 1.7322492599487305 166
1727306793755 1.807830810546875 167
1727306793795 1.8762977123260498 168
1727306793834 1.8140463829040527 169
1727306793873 1.5641077756881714 170
1727306793910 1.7506446838378906 171
1727306793950 1.920485496520996 172
1727306793990 1.9198600053787231 173
1727306794031 1.978668451309204 174
1727306794070 1.968332052230835 175
1727306794109 1.9134271144866943 176
1727306794151 1.9649094343185425 177
1727306794191 1.9012829065322876 178
1727306794235 1.7257851362228394 179
1727306794279 1.6231985092163086 180
1727306794319 1.9041013717651367 181
1727306794364 1.8613895177841187 182
1727306794404 1.690203070640564 183
1727306794445 1.8609015941619873 184
1727306794486 1.8789393901824951 185
1727306794526 1.971024990081787 186
1727306794568 1.7431960105895996 187
1727306794608 1.8917673826217651 188
1727306794646 1.6720123291015625 189
1727306794691 1.8713319301605225 190
1727306794732 1.8199074268341064 191
1727306794772 1.9207854270935059 192
1727306794813 1.809746265411377 193
1727306794853 1.7444074153900146 194
1727306794893 1.865393877029419 195
1727306794939 1.9080718755722046 196
1727306794981 1.9895241260528564 197
1727306795021 1.7718541622161865 198
1727306795062 1.8559190034866333 199
1727306795103 1.9493343830108643 200
1727306795145 1.887582778930664 201
1727306795186 1.6610963344573975 202
1727306795226 1.737992763519287 203
1727306795265 1.925917148590088 204
1727306795305 1.908949851989746 205
1727306795349 1.989483118057251 206
1727306795389 1.850378394126892 207
1727306795430 1.9902501106262207 208
1727306795471 1.825246810913086 209
1727306795509 1.8077216148376465 210
1727306795548 1.8115493059158325 211
1727306795588 1.722165584564209 212
1727306795629 1.9320666790008545 213
1727306795669 1.9529350996017456 214
1727306795710 1.7907408475875854 215
1727306795751 1.939105749130249 216
1727306795796 1.7333484888076782 217
1727306795836 1.9503059387207031 218
1727306795874 1.6876194477081299 219
1727306795914 1.7382467985153198 220
1727306795952 1.7687381505966187 221
1727306795992 1.8632739782333374 222
1727306796032 1.9014813899993896 223
1727306796074 1.8571348190307617 224
1727306796121 1.8067352771759033 225
1727306796162 1.8824518918991089 226
1727306796204 1.773353099822998 227
1727306796243 1.7525837421417236 228
1727306796283 1.8996379375457764 229
1727306796322 1.8690844774246216 230
1727306796364 1.776776671409607 231
1727306796406 1.855360984802246 232
1727306796446 1.3425817489624023 233
1727306796486 1.9871726036071777 234
1727306796524 1.7419782876968384 235
1727306796563 1.791832685470581 236
1727306796602 1.635263204574585 237
1727306796639 1.8323081731796265 238
1727306796677 1.9539463520050049 239
1727306796716 1.5701935291290283 240
1727306796755 1.9345448017120361 241
1727306796794 1.9279133081436157 242
1727306796833 1.3333306312561035 243
1727306796874 1.9496269226074219 244
1727306796914 1.2192928791046143 245
1727306796953 1.808422327041626 246
1727306796993 1.8719205856323242 247
1727306797033 0.5264701247215271 248
1727306797072 1.896742582321167 249
1727306797110 1.3425817489624023 250
1727306797150 1.724439024925232 251
1727306797193 1.6690915822982788 252
1727306797233 1.8438079357147217 253
1727306797274 1.9147558212280273 254
1727306797312 1.5832619667053223 255
1727306797351 1.9087812900543213 256
1727306797392 1.811954140663147 257
1727306797433 1.7420177459716797 258
1727306797475 1.97999906539917 259
1727306797517 1.8120794296264648 260
1727306797556 1.993783712387085 261
1727306797597 1.8713274002075195 262
1727306797638 1.9642150402069092 263
1727306797678 1.8162062168121338 264
1727306797720 1.9567737579345703 265
1727306797760 1.7476356029510498 266
1727306797800 1.9513351917266846 267
1727306797841 1.7243611812591553 268
1727306797882 1.795295000076294 269
1727306797922 1.9218261241912842 270
1727306797964 1.9478485584259033 271
1727306798004 1.7760599851608276 272
1727306798042 1.7503434419631958 273
1727306798081 1.898262858390808 274
1727306798119 1.8034493923187256 275
1727306798159 1.6484794616699219 276
1727306798203 1.7319399118423462 277
1727306798258 1.3425817489624023 278
1727306798296 1.913787841796875 279
1727306798336 1.8821574449539185 280
1727306798376 1.3425817489624023 281
1727306798415 1.230098009109497 282
1727306798459 1.909131407737732 283
1727306798499 1.834527611732483 284
1727306798539 1.8433154821395874 285
1727306798581 1.770283818244934 286
1727306798622 1.9067212343215942 287
1727306798661 1.9485713243484497 288
1727306798703 1.9901115894317627 289
1727306798744 1.9101593494415283 290
1727306798784 1.479042649269104 291
1727306798825 1.8242716789245605 292
1727306798867 1.633609652519226 293
1727306798908 1.9156157970428467 294
1727306798949 1.9127308130264282 295
1727306798989 1.890987515449524 296
1727306799030 1.7875142097473145 297
1727306799071 1.7700729370117188 298
1727306799116 1.8390578031539917 299
1727306799158 1.9256031513214111 300
1727306799200 1.9930921792984009 301
1727306799241 1.9396905899047852 302
1727306799281 1.9565460681915283 303
1727306799325 1.8307372331619263 304
1727306799366 1.7796427011489868 305
1727306799406 1.9015257358551025 306
1727306799445 1.8166180849075317 307
1727306799487 1.7886401414871216 308
1727306799527 1.5120575428009033 309
1727306799567 1.3425817489624023 310
1727306799612 1.9131016731262207 311
1727306799658 1.25391685962677 312
1727306799708 1.9331310987472534 313
1727306799756 1.8612933158874512 314
1727306799800 1.857379674911499 315
1727306799842 1.7327364683151245 316
1727306799884 1.997638463973999 317
1727306799925 1.8365906476974487 318
1727306799968 1.8225046396255493 319
1727306800011 1.7867965698242188 320
1727306800053 1.8692398071289062 321
1727306800094 1.6853119134902954 322
1727306800135 1.2192928791046143 323
1727306800175 1.7515299320220947 324
1727306800215 1.7718746662139893 325
1727306800256 1.7411500215530396 326
1727306800296 1.6027065515518188 327
1727306800337 1.8366880416870117 328
1727306800378 0.5264701247215271 329
1727306800418 1.8856052160263062 330
1727306800464 1.928976058959961 331
1727306800506 1.8732585906982422 332
1727306800549 1.9872627258300781 333
1727306800591 1.8810069561004639 334
1727306800632 1.9778854846954346 335
1727306800674 1.8142472505569458 336
1727306800717 1.9160839319229126 337
1727306800758 1.8899199962615967 338
1727306800801 1.6925755739212036 339
1727306800842 1.9202663898468018 340
1727306800887 1.718482255935669 341
1727306800928 1.9589306116104126 342
1727306800971 1.8369863033294678 343
1727306801011 1.9529008865356445 344
1727306801051 1.8432307243347168 345
1727306801092 1.958122968673706 346
1727306801132 1.9407496452331543 347
1727306801175 1.953927993774414 348
1727306801218 1.7920008897781372 349
1727306801261 1.7157690525054932 350
1727306801304 1.6502513885498047 351
1727306801346 1.8447233438491821 352
1727306801387 1.3425817489624023 353
1727306801428 1.2828092575073242 354
1727306801470 1.9732024669647217 355
1727306801514 1.6061623096466064 356
1727306801555 1.9419841766357422 357
1727306801596 1.9220869541168213 358
1727306801637 1.9519826173782349 359
1727306801679 1.8983638286590576 360
1727306801722 1.932588815689087 361
1727306801764 1.1404671669006348 362
1727306801805 1.7738689184188843 363
1727306801848 1.9145562648773193 364
1727306801890 1.9197475910186768 365
1727306801931 1.3425817489624023 366
1727306801973 1.908751368522644 367
1727306802013 1.8915095329284668 368
1727306802054 1.894253134727478 369
1727306802094 1.477867603302002 370
1727306802135 1.6164054870605469 371
1727306802175 1.7017662525177002 372
1727306802216 1.8926138877868652 373
1727306802257 1.847118854522705 374
1727306802297 1.4325816631317139 375
1727306802338 1.4325816631317139 376
