1726236840502 1.4422838687896729 0
1726236840543 1.3797048330307007 1
1726236840589 1.3910515308380127 2
1726236840632 1.420619010925293 3
1726236840674 1.3809654712677002 4
1726236840727 1.4233688116073608 5
1726236840775 1.408994436264038 6
1726236840818 1.4240343570709229 7
1726236840867 1.4021474123001099 8
1726236840920 1.420619010925293 9
1726236840974 1.3776962757110596 10
1726236841021 1.3776962757110596 11
1726236841060 1.4065048694610596 12
1726236841104 1.3796676397323608 13
1726236841153 1.4017468690872192 14
1726236841197 1.4143697023391724 15
1726236841248 1.4017468690872192 16
1726236841305 1.432268500328064 17
1726236841359 1.4062798023223877 18
1726236841412 1.379736304283142 19
1726236841459 1.3791050910949707 20
1726236841517 1.4360365867614746 21
1726236841575 1.413083791732788 22
1726236841628 1.453183650970459 23
1726236841673 1.429671049118042 24
1726236841725 1.372797966003418 25
1726236841772 1.432268500328064 26
1726236841814 1.381747841835022 27
1726236841852 1.426797866821289 28
1726236841888 1.432268500328064 29
1726236841924 1.4017467498779297 30
1726236841961 1.3776965141296387 31
1726236841999 1.4202255010604858 32
1726236842036 1.3806101083755493 33
1726236842073 1.407571792602539 34
1726236842110 1.4312889575958252 35
1726236842147 1.3776962757110596 36
1726236842184 1.4017468690872192 37
1726236842220 1.420619010925293 38
1726236842257 1.4162153005599976 39
1726236842295 1.4412338733673096 40
1726236842332 1.4017467498779297 41
1726236842369 1.4017467498779297 42
1726236842406 1.420619010925293 43
1726236842444 1.422863245010376 44
1726236842481 1.4237496852874756 45
1726236842518 1.3966214656829834 46
1726236842555 1.4017468690872192 47
1726236842591 1.3822685480117798 48
1726236842628 1.4083843231201172 49
1726236842666 1.4061846733093262 50
1726236842702 1.432086706161499 51
1726236842739 1.3812673091888428 52
1726236842776 1.4181907176971436 53
1726236842814 1.4027353525161743 54
1726236842851 1.4116688966751099 55
1726236842888 1.4314608573913574 56
1726236842925 1.3517467975616455 57
1726236842963 1.4276962280273438 58
1726236843003 1.4127678871154785 59
1726236843040 1.432268500328064 60
1726236843077 1.3776963949203491 61
1726236843113 1.4179168939590454 62
1726236843150 1.4435312747955322 63
1726236843187 1.381917953491211 64
1726236843224 1.3822685480117798 65
1726236843260 1.3798773288726807 66
1726236843297 1.3949260711669922 67
1726236843334 1.418576955795288 68
1726236843371 1.3894586563110352 69
1726236843408 1.440231204032898 70
1726236843445 1.3517467975616455 71
1726236843483 1.3757579326629639 72
1726236843520 1.4304629564285278 73
1726236843557 1.4017468690872192 74
1726236843594 1.4276962280273438 75
1726236843630 1.3776962757110596 76
1726236843668 1.4159728288650513 77
1726236843705 1.4183043241500854 78
1726236843741 1.4207326173782349 79
1726236843779 1.4243388175964355 80
1726236843820 1.4464166164398193 81
1726236843859 1.4139631986618042 82
1726236843897 1.4368042945861816 83
1726236843935 1.445729374885559 84
1726236843974 1.4107880592346191 85
1726236844013 1.430585503578186 86
1726236844052 1.3776962757110596 87
1726236844090 1.446993112564087 88
1726236844129 1.37769615650177 89
1726236844167 1.4173284769058228 90
1726236844205 1.3776962757110596 91
1726236844243 1.3776962757110596 92
1726236844282 1.4276962280273438 93
1726236844322 1.4299849271774292 94
1726236844360 1.432268500328064 95
1726236844399 1.3904571533203125 96
1726236844438 1.4009909629821777 97
1726236844477 1.3922888040542603 98
1726236844515 1.402198314666748 99
1726236844555 1.4229482412338257 100
1726236844594 1.4185500144958496 101
1726236844632 1.4276530742645264 102
1726236844671 1.4405755996704102 103
1726236844710 1.4090847969055176 104
1726236844748 1.4488768577575684 105
1726236844786 1.3822685480117798 106
1726236844825 1.3857243061065674 107
1726236844864 1.4248442649841309 108
1726236844903 1.4313939809799194 109
1726236844941 1.423487663269043 110
1726236844981 1.3974515199661255 111
1726236845019 1.4246878623962402 112
1726236845058 1.4321560859680176 113
1726236845096 1.3776962757110596 114
1726236845135 1.4276962280273438 115
1726236845173 1.3966407775878906 116
1726236845210 1.4241856336593628 117
1726236845248 1.3995229005813599 118
1726236845288 1.3776962757110596 119
1726236845326 1.3850955963134766 120
1726236845364 1.3590285778045654 121
1726236845402 1.3995496034622192 122
1726236845441 1.4328558444976807 123
1726236845480 1.3822685480117798 124
1726236845518 1.4017467498779297 125
1726236845557 1.3776962757110596 126
1726236845596 1.4248117208480835 127
1726236845633 1.4017468690872192 128
1726236845671 1.4263181686401367 129
1726236845709 1.4152841567993164 130
1726236845748 1.3580763339996338 131
1726236845786 1.3776962757110596 132
1726236845824 1.4330596923828125 133
1726236845862 1.4017468690872192 134
1726236845901 1.3776962757110596 135
1726236845939 1.432268500328064 136
1726236845976 1.3823955059051514 137
1726236846015 1.3938817977905273 138
1726236846054 1.4170522689819336 139
1726236846092 1.4276936054229736 140
1726236846129 1.400175929069519 141
1726236846167 1.4322686195373535 142
1726236846205 1.4442081451416016 143
1726236846243 1.4017468690872192 144
1726236846281 1.4299620389938354 145
1726236846320 1.4088362455368042 146
1726236846358 1.379304051399231 147
1726236846396 1.4276962280273438 148
1726236846434 1.4169777631759644 149
1726236846472 1.4313867092132568 150
1726236846511 1.3884663581848145 151
1726236846550 1.4254124164581299 152
1726236846588 1.4282320737838745 153
1726236846626 1.4458017349243164 154
1726236846665 1.3930156230926514 155
1726236846702 1.351746678352356 156
1726236846740 1.433868646621704 157
1726236846778 1.417654037475586 158
1726236846818 1.4276962280273438 159
1726236846856 1.4101269245147705 160
1726236846894 1.4071401357650757 161
1726236846934 1.4017468690872192 162
1726236846972 1.4194802045822144 163
1726236847011 1.4276962280273438 164
1726236847056 1.3767573833465576 165
1726236847095 1.3517467975616455 166
1726236847133 1.351746678352356 167
