1726234450861 0.0789182186126709 0
1726234450903 0.07334780693054199 1
1726234450942 0.059396982192993164 2
1726234450988 0.06828868389129639 3
1726234451033 0.05534029006958008 4
1726234451073 0.04565000534057617 5
1726234451114 0.06337487697601318 6
1726234451150 0.060546875 7
1726234451186 0.07419931888580322 8
1726234451223 0.07110238075256348 9
1726234451260 0.07367515563964844 10
1726234451298 0.0762488842010498 11
1726234451335 0.06578552722930908 12
1726234451372 0.0625154972076416 13
1726234451409 0.06713724136352539 14
1726234451446 0.06362104415893555 15
1726234451485 0.05959963798522949 16
1726234451523 0.06729280948638916 17
1726234451561 0.07969784736633301 18
1726234451598 0.07317161560058594 19
1726234451637 0.06595206260681152 20
1726234451675 0.06626760959625244 21
1726234451713 0.07585740089416504 22
1726234451752 0.07047367095947266 23
1726234451790 0.07014691829681396 24
1726234451828 0.06754827499389648 25
1726234451866 0.06495046615600586 26
1726234451907 0.05038440227508545 27
1726234451950 0.07016289234161377 28
1726234451995 0.07420849800109863 29
1726234452040 0.07936298847198486 30
1726234452085 0.07045364379882812 31
1726234452136 0.07920455932617188 32
1726234452180 0.06753098964691162 33
1726234452227 0.05539989471435547 34
1726234452270 0.04250383377075195 35
1726234452315 0.05624496936798096 36
1726234452355 0.06107783317565918 37
1726234452404 0.0783088207244873 38
1726234452450 0.07263755798339844 39
1726234452492 0.0807197093963623 40
1726234452533 0.07272613048553467 41
1726234452574 0.08228278160095215 42
1726234452620 0.07377088069915771 43
1726234452660 0.0770348310470581 44
1726234452699 0.06461310386657715 45
1726234452744 0.0721900463104248 46
1726234452786 0.05514335632324219 47
1726234452830 0.06575775146484375 48
1726234452870 0.05881237983703613 49
1726234452911 0.07508444786071777 50
1726234452952 0.07946062088012695 51
1726234453000 0.07780957221984863 52
1726234453052 0.056600332260131836 53
1726234453092 0.0669708251953125 54
1726234453130 0.0701761245727539 55
1726234453168 0.06032443046569824 56
1726234453211 0.04843258857727051 57
1726234453255 0.05254960060119629 58
1726234453300 0.07723760604858398 59
1726234453341 0.05555152893066406 60
1726234453381 0.018982768058776855 61
1726234453420 0.024040937423706055 62
1726234453459 0.043004631996154785 63
1726234453498 0.04300737380981445 64
1726234453544 0.052670955657958984 65
1726234453584 0.07302975654602051 66
1726234453620 0.0731816291809082 67
1726234453656 0.0724794864654541 68
1726234453692 0.051395416259765625 69
1726234453729 0.03950786590576172 70
1726234453766 0.05104517936706543 71
1726234453803 0.028304696083068848 72
1726234453839 0.032439351081848145 73
1726234453875 0.039438605308532715 74
1726234453913 0.061704158782958984 75
1726234453949 0.059307098388671875 76
1726234453985 0.0579451322555542 77
1726234454022 0.060617923736572266 78
1726234454059 0.056819796562194824 79
1726234454096 0.044922471046447754 80
1726234454133 0.03304111957550049 81
1726234454170 0.0528409481048584 82
1726234454206 0.040236830711364746 83
1726234454244 0.04658627510070801 84
1726234454281 0.06080174446105957 85
1726234454319 0.06755709648132324 86
1726234454356 0.0683751106262207 87
1726234454393 0.06034505367279053 88
1726234454430 0.0828937292098999 89
1726234454468 0.07843101024627686 90
1726234454505 0.06530869007110596 91
1726234454543 0.06920671463012695 92
1726234454580 0.07518172264099121 93
1726234454616 0.08055520057678223 94
1726234454654 0.06793975830078125 95
1726234454692 0.07477569580078125 96
1726234454729 0.07239222526550293 97
1726234454766 0.07201206684112549 98
1726234454804 0.07280373573303223 99
1726234454841 0.06261956691741943 100
1726234454879 0.05774188041687012 101
1726234454916 0.054950833320617676 102
1726234454954 0.04381132125854492 103
1726234454998 0.028461217880249023 104
1726234455052 0.0389552116394043 105
1726234455091 0.06668591499328613 106
1726234455134 0.07499039173126221 107
1726234455174 0.07989120483398438 108
1726234455215 0.07272374629974365 109
1726234455263 0.08015954494476318 110
1726234455299 0.07097065448760986 111
1726234455336 0.07221376895904541 112
1726234455372 0.07410812377929688 113
1726234455409 0.06634104251861572 114
1726234455445 0.06026291847229004 115
1726234455483 0.07942366600036621 116
1726234455522 0.07224607467651367 117
1726234455564 0.07033419609069824 118
1726234455615 0.06872236728668213 119
1726234455659 0.07465910911560059 120
1726234455708 0.07474970817565918 121
1726234455754 0.05978083610534668 122
1726234455819 0.07846426963806152 123
1726234455862 0.059624671936035156 124
1726234455905 0.05466115474700928 125
1726234455944 0.05152475833892822 126
1726234455987 0.03254342079162598 127
1726234456026 0.047743916511535645 128
1726234456064 0.03727900981903076 129
1726234456107 0.02470707893371582 130
1726234456145 0.015685558319091797 131
1726234456191 0.008635759353637695 132
1726234456249 0.027841567993164062 133
1726234456305 0.03397262096405029 134
1726234456354 0.06689834594726562 135
1726234456399 0.07941079139709473 136
1726234456450 0.07140827178955078 137
1726234456492 0.06499290466308594 138
1726234456534 0.055497169494628906 139
1726234456581 0.05022406578063965 140
1726234456635 0.07296514511108398 141
1726234456681 0.07297658920288086 142
1726234456727 0.07201659679412842 143
1726234456775 0.06206047534942627 144
1726234456833 0.0658721923828125 145
1726234456882 0.06002163887023926 146
1726234456937 0.07248711585998535 147
1726234457003 0.06414270401000977 148
1726234457068 0.08008480072021484 149
1726234457127 0.07815814018249512 150
1726234457184 0.08045053482055664 151
1726234457246 0.06754088401794434 152
1726234457302 0.07684588432312012 153
1726234457360 0.06301712989807129 154
1726234457412 0.07611072063446045 155
1726234457459 0.07654726505279541 156
1726234457508 0.05593216419219971 157
1726234457558 0.06653201580047607 158
1726234457601 0.06515014171600342 159
1726234457644 0.07236599922180176 160
1726234457685 0.07374155521392822 161
1726234457726 0.06672406196594238 162
1726234457767 0.0443195104598999 163
1726234457812 0.04082131385803223 164
1726234457853 0.027353644371032715 165
1726234457892 0.03661990165710449 166
1726234457932 0.03924250602722168 167
1726234457970 0.027859807014465332 168
1726234458009 0.04464983940124512 169
1726234458048 0.06881177425384521 170
1726234458087 0.02772212028503418 171
1726234458133 -0.004558444023132324 172
1726234458174 0.019133448600769043 173
1726234458214 0.004610538482666016 174
1726234458255 0.025068044662475586 175
1726234458293 0.0622706413269043 176
1726234458334 0.06536149978637695 177
1726234458377 0.06293690204620361 178
1726234458419 0.05227625370025635 179
1726234458459 0.05036497116088867 180
1726234458498 0.041487812995910645 181
1726234458538 0.04468059539794922 182
1726234458577 0.05250406265258789 183
1726234458616 0.07005953788757324 184
1726234458655 0.06078910827636719 185
1726234458693 0.07428979873657227 186
1726234458731 0.07814645767211914 187
1726234458769 0.07061028480529785 188
1726234458808 0.0767899751663208 189
1726234458845 0.07248342037200928 190
1726234458883 0.07634782791137695 191
1726234458920 0.05520749092102051 192
1726234458957 0.055054664611816406 193
1726234458995 0.06270003318786621 194
1726234459033 0.07144570350646973 195
1726234459072 0.06742167472839355 196
1726234459109 0.07312464714050293 197
1726234459146 0.08110368251800537 198
1726234459183 0.07629728317260742 199
1726234459221 0.07686066627502441 200
1726234459260 0.05773735046386719 201
1726234459297 0.07868647575378418 202
1726234459334 0.07297992706298828 203
1726234459372 0.0692673921585083 204
1726234459409 0.07482171058654785 205
1726234459446 0.06814360618591309 206
1726234459483 0.07214796543121338 207
1726234459521 0.050815582275390625 208
1726234459560 0.06322145462036133 209
1726234459600 0.04617297649383545 210
1726234459649 0.029830336570739746 211
1726234459712 0.05343329906463623 212
1726234459771 0.06356704235076904 213
1726234459813 0.06208229064941406 214
1726234459850 0.07458722591400146 215
1726234459885 0.06851959228515625 216
1726234459923 0.06974673271179199 217
1726234459960 0.07966029644012451 218
1726234459997 0.07034194469451904 219
1726234460034 0.06788718700408936 220
1726234460071 0.06759238243103027 221
1726234460110 0.06973981857299805 222
1726234460150 0.052461981773376465 223
1726234460190 0.0618133544921875 224
1726234460229 0.06994438171386719 225
1726234460273 0.06911683082580566 226
1726234460310 0.07280325889587402 227
1726234460349 0.06743311882019043 228
1726234460392 0.03801393508911133 229
1726234460442 0.03870677947998047 230
1726234460482 0.07585155963897705 231
1726234460525 0.0730123519897461 232
1726234460569 0.05186271667480469 233
1726234460612 0.029794812202453613 234
1726234460656 0.024389028549194336 235
1726234460698 0.048751115798950195 236
1726234460742 0.055097103118896484 237
1726234460787 0.062026262283325195 238
1726234460828 0.0637199878692627 239
1726234460866 0.047524452209472656 240
1726234460905 0.038538575172424316 241
1726234460951 0.032468557357788086 242
1726234460992 0.06876778602600098 243
1726234461034 0.051195621490478516 244
1726234461075 0.04472541809082031 245
1726234461115 0.040035367012023926 246
1726234461162 0.06767725944519043 247
1726234461206 0.05147433280944824 248
1726234461252 0.04701876640319824 249
1726234461291 0.06078028678894043 250
1726234461330 0.05542492866516113 251
1726234461371 0.0700829029083252 252
1726234461412 0.07924103736877441 253
1726234461453 0.07862532138824463 254
1726234461524 0.07228195667266846 255
1726234461583 0.06654858589172363 256
1726234461639 0.053839921951293945 257
1726234461691 0.045377373695373535 258
1726234461734 0.0474703311920166 259
1726234461771 0.06109142303466797 260
1726234461810 0.07183003425598145 261
1726234461846 0.06785154342651367 262
1726234461882 0.053587913513183594 263
1726234461918 0.06088089942932129 264
1726234461954 0.061164259910583496 265
1726234461991 0.0683889389038086 266
1726234462028 0.040258169174194336 267
1726234462065 0.027497529983520508 268
1726234462101 0.02909409999847412 269
1726234462137 0.03661203384399414 270
1726234462173 0.02097177505493164 271
1726234462210 0.01239466667175293 272
1726234462246 0.034573912620544434 273
1726234462283 0.036772966384887695 274
1726234462319 0.030188322067260742 275
1726234462356 0.029593944549560547 276
1726234462392 0.03528273105621338 277
1726234462428 0.05884194374084473 278
1726234462464 0.06784951686859131 279
1726234462501 0.06208944320678711 280
1726234462541 0.06872546672821045 281
1726234462591 0.06771016120910645 282
1726234462631 0.07013046741485596 283
1726234462668 0.07717418670654297 284
1726234462705 0.06354677677154541 285
1726234462741 0.06806254386901855 286
1726234462778 0.06685423851013184 287
1726234462815 0.06296205520629883 288
1726234462851 0.05750322341918945 289
1726234462888 0.06888329982757568 290
1726234462924 0.07863664627075195 291
1726234462961 0.07919645309448242 292
1726234462998 0.0765528678894043 293
1726234463034 0.051265835762023926 294
1726234463070 0.04002702236175537 295
1726234463107 0.027955174446105957 296
1726234463143 0.07894039154052734 297
1726234463180 0.073783278465271 298
1726234463216 0.08012866973876953 299
1726234463254 0.06837844848632812 300
1726234463291 0.06393218040466309 301
1726234463327 0.07110846042633057 302
1726234463364 0.06679284572601318 303
1726234463401 0.05300700664520264 304
1726234463441 0.07968783378601074 305
1726234463481 0.0742483139038086 306
1726234463523 0.05327105522155762 307
1726234463565 0.03381609916687012 308
1726234463604 0.04564023017883301 309
1726234463643 0.04621529579162598 310
1726234463682 0.04917788505554199 311
1726234463721 0.06914913654327393 312
1726234463760 0.07385241985321045 313
1726234463799 0.06937968730926514 314
1726234463838 0.056176185607910156 315
1726234463876 0.06821620464324951 316
1726234463914 0.07072639465332031 317
1726234463953 0.07264113426208496 318
1726234463990 0.0661005973815918 319
1726234464028 0.05937635898590088 320
1726234464067 0.0551455020904541 321
1726234464105 0.057679176330566406 322
1726234464143 0.05205559730529785 323
1726234464180 0.0591583251953125 324
1726234464218 0.06844449043273926 325
1726234464257 0.07507205009460449 326
1726234464295 0.06756353378295898 327
1726234464332 0.06486988067626953 328
1726234464369 0.08202075958251953 329
1726234464407 0.07544469833374023 330
1726234464445 0.07807278633117676 331
1726234464482 0.0788259506225586 332
1726234464520 0.06188499927520752 333
1726234464559 0.07146036624908447 334
1726234464596 0.06319046020507812 335
1726234464634 0.06583786010742188 336
1726234464671 0.05972015857696533 337
1726234464709 0.05787539482116699 338
1726234464747 0.07014286518096924 339
1726234464785 0.07910847663879395 340
1726234464822 0.06320953369140625 341
1726234464859 0.050803542137145996 342
1726234464897 0.044943809509277344 343
1726234464944 0.05113673210144043 344
1726234465003 0.055333852767944336 345
1726234465046 0.07312321662902832 346
1726234465087 0.056870460510253906 347
1726234465127 0.0778038501739502 348
1726234465172 0.07751870155334473 349
1726234465215 0.06931829452514648 350
1726234465257 0.06493782997131348 351
1726234465301 0.06651878356933594 352
1726234465350 0.06739664077758789 353
1726234465402 0.06632447242736816 354
1726234465445 0.05605649948120117 355
1726234465482 0.056150197982788086 356
1726234465520 0.048056960105895996 357
1726234465568 0.07271766662597656 358
1726234465608 0.06844115257263184 359
1726234465653 0.056444406509399414 360
1726234465692 0.07873809337615967 361
1726234465727 0.07095813751220703 362
1726234465764 0.0651853084564209 363
1726234465800 0.06802034378051758 364
1726234465836 0.06108689308166504 365
1726234465873 0.07026386260986328 366
1726234465909 0.0626833438873291 367
1726234465946 0.04404640197753906 368
1726234465982 0.04216563701629639 369
1726234466019 0.0694122314453125 370
1726234466055 0.07396245002746582 371
1726234466092 0.0562969446182251 372
1726234466128 0.0467228889465332 373
1726234466165 0.03265547752380371 374
1726234466202 0.04476487636566162 375
1726234466239 0.02361750602722168 376
1726234466276 0.033879995346069336 377
1726234466312 0.01783919334411621 378
1726234466350 0.03771543502807617 379
1726234466386 0.039707183837890625 380
1726234466423 0.0387263298034668 381
1726234466460 0.06810963153839111 382
1726234466497 0.07719051837921143 383
1726234466535 0.07747185230255127 384
1726234466572 0.0633084774017334 385
1726234466608 0.05726468563079834 386
1726234466646 0.050034165382385254 387
1726234466684 0.07752609252929688 388
1726234466722 0.07362949848175049 389
1726234466759 0.07706105709075928 390
1726234466797 0.07221198081970215 391
1726234466834 0.06025385856628418 392
1726234466872 0.054837703704833984 393
1726234466909 0.05221128463745117 394
1726234466946 0.06751537322998047 395
1726234466984 0.05758345127105713 396
1726234467023 0.07366704940795898 397
1726234467061 0.06882262229919434 398
1726234467098 0.07721161842346191 399
1726234467136 0.06716418266296387 400
1726234467180 0.07449400424957275 401
1726234467221 0.07375359535217285 402
1726234467261 0.06414055824279785 403
1726234467301 0.07558131217956543 404
1726234467339 0.058916568756103516 405
1726234467380 0.06932342052459717 406
1726234467422 0.06937885284423828 407
1726234467460 0.07702791690826416 408
1726234467505 0.06227433681488037 409
1726234467545 0.05629849433898926 410
1726234467582 0.04588520526885986 411
1726234467618 0.05677652359008789 412
1726234467655 0.0438915491104126 413
1726234467693 0.025959014892578125 414
1726234467730 0.04576468467712402 415
1726234467767 0.02402663230895996 416
1726234467804 0.05345308780670166 417
1726234467845 0.05588507652282715 418
1726234467884 0.03808093070983887 419
1726234467925 0.05436587333679199 420
1726234467971 0.057218313217163086 421
1726234468025 0.040701866149902344 422
1726234468067 0.07155323028564453 423
1726234468111 0.06481766700744629 424
1726234468162 0.06750226020812988 425
1726234468202 0.0671161413192749 426
1726234468240 0.08146405220031738 427
1726234468276 0.07959151268005371 428
1726234468311 0.07349550724029541 429
1726234468349 0.06513428688049316 430
1726234468387 0.043897390365600586 431
1726234468424 0.03513288497924805 432
1726234468462 0.07693862915039062 433
1726234468498 0.05475449562072754 434
1726234468535 0.06703722476959229 435
1726234468575 0.0662916898727417 436
1726234468618 0.07110071182250977 437
1726234468663 0.06405210494995117 438
1726234468709 0.06331002712249756 439
1726234468764 0.07357990741729736 440
1726234468807 0.07123875617980957 441
1726234468844 0.07709455490112305 442
1726234468880 0.06307840347290039 443
1726234468917 0.07071280479431152 444
1726234468954 0.06915950775146484 445
1726234468990 0.06618571281433105 446
1726234469027 0.06083059310913086 447
1726234469064 0.024269580841064453 448
1726234469101 0.02836894989013672 449
1726234469138 0.04748260974884033 450
1726234469175 0.04975581169128418 451
1726234469213 0.0564727783203125 452
1726234469250 0.07275152206420898 453
1726234469288 0.061740994453430176 454
1726234469325 0.04261744022369385 455
1726234469362 0.06894195079803467 456
1726234469399 0.07089805603027344 457
1726234469436 0.07908904552459717 458
1726234469473 0.07965540885925293 459
1726234469510 0.07010054588317871 460
1726234469549 0.0739741325378418 461
1726234469587 0.06230497360229492 462
1726234469624 0.07173871994018555 463
1726234469661 0.06773102283477783 464
1726234469698 0.07538723945617676 465
1726234469736 0.06313443183898926 466
1726234469774 0.013212919235229492 467
1726234469812 0.0031107664108276367 468
1726234469849 0.003052949905395508 469
1726234469888 0.009876370429992676 470
1726234469925 0.03675234317779541 471
1726234469963 0.046996235847473145 472
1726234470001 0.049352049827575684 473
1726234470040 0.04220938682556152 474
1726234470078 0.05413210391998291 475
1726234470116 0.06185579299926758 476
1726234470154 0.047577619552612305 477
1726234470192 0.0482487678527832 478
1726234470230 0.04746711254119873 479
1726234470268 0.0466001033782959 480
1726234470306 0.04561126232147217 481
1726234470344 0.040332794189453125 482
1726234470382 0.06133830547332764 483
1726234470419 0.05024242401123047 484
1726234470457 0.07087206840515137 485
1726234470495 0.06847953796386719 486
1726234470533 0.07615959644317627 487
1726234470571 0.07257580757141113 488
1726234470609 0.06377565860748291 489
1726234470646 0.05853831768035889 490
1726234470685 0.07271134853363037 491
1726234470723 0.0746462345123291 492
1726234470760 0.06803381443023682 493
1726234470800 0.06974291801452637 494
1726234470838 0.06003570556640625 495
1726234470876 0.044231414794921875 496
1726234470914 0.0497814416885376 497
1726234470954 0.04156696796417236 498
1726234470992 0.06955873966217041 499
1726234471030 0.07078099250793457 500
1726234471070 0.06549811363220215 501
1726234471108 0.06308984756469727 502
1726234471146 0.06940686702728271 503
1726234471184 0.0489879846572876 504
1726234471222 0.05980098247528076 505
1726234471260 0.05799996852874756 506
1726234471298 0.03421449661254883 507
1726234471337 0.03405165672302246 508
1726234471375 0.025017142295837402 509
1726234471413 0.038810014724731445 510
1726234471451 0.07697629928588867 511
1726234471488 0.06547331809997559 512
1726234471526 0.05618143081665039 513
1726234471564 0.05443131923675537 514
1726234471602 0.03626859188079834 515
1726234471640 0.05513501167297363 516
1726234471677 0.06174826622009277 517
1726234471716 0.05387520790100098 518
1726234471754 0.03785443305969238 519
1726234471792 0.012078285217285156 520
1726234471830 0.012075662612915039 521
1726234471868 0.04343819618225098 522
1726234471905 0.0434190034866333 523
1726234471943 0.032427072525024414 524
1726234471981 0.03175616264343262 525
1726234472019 0.031418442726135254 526
1726234472057 0.03392529487609863 527
1726234472095 0.03796732425689697 528
1726234472133 0.027197957038879395 529
1726234472170 0.025300264358520508 530
1726234472208 0.02454352378845215 531
1726234472245 0.019097328186035156 532
1726234472283 0.04077494144439697 533
1726234472320 0.05806589126586914 534
1726234472358 0.05857884883880615 535
1726234472396 0.06222391128540039 536
1726234472433 0.04118204116821289 537
1726234472471 0.045113563537597656 538
1726234472508 0.05933940410614014 539
1726234472546 0.059556007385253906 540
1726234472584 0.07564902305603027 541
1726234472622 0.0630793571472168 542
1726234472659 0.07326912879943848 543
1726234472696 0.07582354545593262 544
1726234472734 0.06316232681274414 545
1726234472772 0.04315495491027832 546
1726234472810 0.06143331527709961 547
1726234472848 0.04604148864746094 548
1726234472885 0.027070045471191406 549
1726234472923 0.011594414710998535 550
1726234472961 0.011573433876037598 551
1726234472999 0.0322263240814209 552
1726234473037 0.054734230041503906 553
1726234473075 0.04689145088195801 554
1726234473112 0.047420501708984375 555
1726234473150 0.05206632614135742 556
1726234473188 0.05479788780212402 557
1726234473226 0.04398214817047119 558
1726234473264 0.04633915424346924 559
1726234473301 0.06810867786407471 560
1726234473339 0.044618844985961914 561
1726234473376 0.0572657585144043 562
1726234473414 0.060738325119018555 563
1726234473452 0.060450077056884766 564
1726234473489 0.058319091796875 565
1726234473527 0.03748786449432373 566
1726234473565 0.04172968864440918 567
1726234473604 0.027409076690673828 568
1726234473643 0.02203845977783203 569
1726234473681 0.043617963790893555 570
1726234473720 0.02097022533416748 571
1726234473758 0.020128250122070312 572
1726234473797 0.01918768882751465 573
1726234473839 0.018117189407348633 574
1726234473883 0.010073304176330566 575
1726234473938 0.05568039417266846 576
1726234473981 0.039910316467285156 577
1726234474022 0.040718793869018555 578
1726234474071 0.04754948616027832 579
1726234474110 0.025288105010986328 580
1726234474151 0.023056626319885254 581
1726234474189 0.02045762538909912 582
1726234474227 0.009742379188537598 583
1726234474266 0.010607242584228516 584
1726234474303 0.0286867618560791 585
1726234474339 0.05754566192626953 586
1726234474376 0.06946682929992676 587
1726234474413 0.050621867179870605 588
1726234474449 0.040949225425720215 589
1726234474487 0.06179463863372803 590
1726234474524 0.06039869785308838 591
1726234474562 0.07369232177734375 592
1726234474599 0.07168102264404297 593
1726234474637 0.06331825256347656 594
1726234474674 0.06159377098083496 595
1726234474720 0.05050849914550781 596
1726234474758 0.07549011707305908 597
1726234474796 0.07688891887664795 598
1726234474834 0.08068037033081055 599
1726234474872 0.07596540451049805 600
1726234474909 0.07188570499420166 601
1726234474947 0.05324089527130127 602
1726234474985 0.04826915264129639 603
1726234475023 0.06756997108459473 604
1726234475062 0.07125675678253174 605
1726234475101 0.05431509017944336 606
1726234475139 0.04958939552307129 607
1726234475177 0.04928696155548096 608
1726234475214 0.0671539306640625 609
1726234475252 0.06514334678649902 610
1726234475291 0.04559147357940674 611
1726234475329 0.04748880863189697 612
1726234475366 0.07155370712280273 613
1726234475404 0.07300126552581787 614
1726234475442 0.06567049026489258 615
1726234475478 0.04581916332244873 616
1726234475515 0.029683828353881836 617
1726234475553 0.023065686225891113 618
1726234475592 0.02120685577392578 619
1726234475629 0.019190311431884766 620
1726234475666 0.041710734367370605 621
1726234475704 0.031252384185791016 622
1726234475742 0.02959299087524414 623
1726234475779 0.02716231346130371 624
1726234475817 0.022678136825561523 625
1726234475855 0.04435276985168457 626
1726234475893 0.048989057540893555 627
1726234475930 0.04717206954956055 628
1726234475968 0.04952514171600342 629
1726234476005 0.07150983810424805 630
1726234476042 0.06705355644226074 631
1726234476081 0.06111586093902588 632
1726234476119 0.06075882911682129 633
1726234476159 0.051198363304138184 634
1726234476198 0.05075383186340332 635
1726234476236 0.05761075019836426 636
1726234476274 0.048882484436035156 637
1726234476313 0.04125010967254639 638
1726234476350 0.0575871467590332 639
1726234476388 0.07020115852355957 640
1726234476425 0.05247068405151367 641
1726234476463 0.043931007385253906 642
1726234476502 0.04169178009033203 643
1726234476539 0.043145179748535156 644
1726234476577 0.038243889808654785 645
1726234476614 0.04623711109161377 646
1726234476652 0.04899632930755615 647
1726234476690 0.041854143142700195 648
1726234476728 0.033666253089904785 649
1726234476764 0.03397488594055176 650
1726234476802 0.03990983963012695 651
1726234476840 0.03411746025085449 652
1726234476878 0.019661664962768555 653
1726234476915 0.018056273460388184 654
1726234476953 0.016332387924194336 655
1726234476991 0.014461755752563477 656
1726234477029 0.013939857482910156 657
1726234477071 0.010089397430419922 658
1726234477110 0.047377943992614746 659
1726234477153 0.048467278480529785 660
1726234477193 0.04715311527252197 661
1726234477236 0.03599262237548828 662
1726234477276 0.035593271255493164 663
1726234477327 0.035192012786865234 664
1726234477374 0.057299137115478516 665
1726234477410 0.05422616004943848 666
1726234477447 0.05938231945037842 667
1726234477483 0.05786848068237305 668
1726234477520 0.05625653266906738 669
1726234477556 0.04269814491271973 670
1726234477593 0.031427860260009766 671
1726234477630 0.029625535011291504 672
1726234477668 0.027639389038085938 673
1726234477705 0.025417804718017578 674
1726234477743 0.022880077362060547 675
1726234477781 0.01988673210144043 676
1726234477818 0.046567320823669434 677
1726234477855 0.03867042064666748 678
1726234477892 0.028290629386901855 679
1726234477931 0.024061203002929688 680
1726234477969 0.014791250228881836 681
1726234478007 0.010207653045654297 682
1726234478045 0.010057806968688965 683
1726234478084 0.009901881217956543 684
1726234478122 0.009739398956298828 685
1726234478160 0.014777660369873047 686
1726234478198 0.012897372245788574 687
1726234478237 0.012862682342529297 688
1726234478275 0.012827277183532715 689
1726234478313 0.014527440071105957 690
1726234478351 0.010229825973510742 691
1726234478390 0.010117292404174805 692
1726234478427 0.009999513626098633 693
1726234478465 0.009875774383544922 694
1726234478503 0.009745597839355469 695
1726234478541 0.00960838794708252 696
1726234478580 0.00946354866027832 697
1726234478618 0.01481771469116211 698
1726234478656 0.00928497314453125 699
1726234478694 0.009257793426513672 700
1726234478731 0.012880086898803711 701
1726234478769 0.00938725471496582 702
1726234478808 0.009344339370727539 703
1726234478852 0.009299516677856445 704
1726234478894 0.009253263473510742 705
1726234478936 0.009205341339111328 706
1726234478979 0.009155631065368652 707
1726234479023 0.009104013442993164 708
1726234479066 0.009050846099853516 709
1726234479107 0.008995294570922852 710
1726234479146 0.008937835693359375 711
1726234479187 0.008877992630004883 712
1726234479240 0.008815765380859375 713
1726234479281 0.008751273155212402 714
1726234479318 0.008684158325195312 715
1726234479355 0.008614063262939453 716
1726234479392 0.008541345596313477 717
1726234479429 0.008465409278869629 718
1726234479467 0.00838613510131836 719
1726234479505 0.008303523063659668 720
1726234479556 0.008217334747314453 721
1726234479596 0.008127212524414062 722
1726234479634 0.008032917976379395 723
1726234479672 0.007934331893920898 724
1726234479712 0.007905960083007812 725
1726234479754 0.007905960083007812 726
