1726237046879 2e-05 0
1726237046921 1.481334924697876 1
1726237046960 1.4313337802886963 2
1726237047001 2.4494898319244385 3
1726237047043 1.8284283876419067 4
1726237047088 1.3348920345306396 5
1726237047131 2.4905362129211426 6
1726237047170 1.850311040878296 7
1726237047211 0.22104512155056 8
1726237047254 2.0873241424560547 9
1726237047299 1.5389741659164429 10
1726237047338 1.2652356624603271 11
1726237047384 1.8205575942993164 12
1726237047435 2.305304765701294 13
1726237047483 2.0 14
1726237047525 1.4142135381698608 15
1726237047568 2.0419771671295166 16
1726237047611 1.8038554191589355 17
1726237047651 2.1147046089172363 18
1726237047700 1.5370296239852905 19
1726237047738 2.232342481613159 20
1726237047782 2.0 21
1726237047827 1.4142135381698608 22
1726237047868 2.8284270763397217 23
1726237047912 2.3515939712524414 24
1726237047952 2.5335419178009033 25
1726237047997 1.9745757579803467 26
1726237048053 2.0 27
1726237048107 1.8881298303604126 28
1726237048157 1.9519026279449463 29
1726237048198 2.3139865398406982 30
1726237048238 1.4314454793930054 31
1726237048276 2.4494898319244385 32
1726237048313 2.434607744216919 33
1726237048351 1.4185059070587158 34
1726237048389 1.4182686805725098 35
1726237048435 2.4494898319244385 36
1726237048483 1.8859368562698364 37
1726237048535 2.0301856994628906 38
1726237048584 1.6674203872680664 39
1726237048651 2.1161410808563232 40
1726237048695 2.540395975112915 41
1726237048733 2.0661354064941406 42
1726237048773 1.9506500959396362 43
1726237048823 1.6375430822372437 44
1726237048869 2.3198859691619873 45
1726237048921 2.5461175441741943 46
1726237048973 2.364058256149292 47
1726237049010 1.4621943235397339 48
1726237049052 1.5420618057250977 49
1726237049099 2.21077036857605 50
1726237049151 2.3986546993255615 51
1726237049198 2.361677646636963 52
1726237049235 1.5558992624282837 53
1726237049272 2.2703375816345215 54
1726237049310 1.4155845642089844 55
1726237049347 2.4322400093078613 56
1726237049385 1.5117592811584473 57
1726237049423 2.0392673015594482 58
1726237049461 1.4245741367340088 59
1726237049497 2.6056413650512695 60
1726237049536 1.2772268056869507 61
1726237049574 2.255847454071045 62
1726237049612 2.0120952129364014 63
1726237049649 1.9909650087356567 64
1726237049687 2.3440871238708496 65
1726237049725 2.0194568634033203 66
1726237049763 2.6255111694335938 67
1726237049801 1.4899733066558838 68
1726237049839 2.347900152206421 69
1726237049877 1.32460618019104 70
1726237049914 2.5098440647125244 71
1726237049952 2.0480551719665527 72
1726237049990 0.5543562769889832 73
1726237050028 2.3344125747680664 74
1726237050067 2.7701714038848877 75
1726237050104 1.9229130744934082 76
1726237050142 2.3638734817504883 77
1726237050179 1.884935975074768 78
1726237050217 2.1489851474761963 79
1726237050254 1.417863130569458 80
1726237050292 2.021672487258911 81
1726237050330 2.0148468017578125 82
1726237050368 2.1829957962036133 83
1726237050405 1.4667282104492188 84
1726237050443 2.020057201385498 85
1726237050480 1.5052354335784912 86
1726237050518 2.3189618587493896 87
1726237050556 1.2970389127731323 88
1726237050594 2.0252861976623535 89
1726237050632 2.0265161991119385 90
1726237050670 2.7072489261627197 91
1726237050707 2.4148716926574707 92
1726237050745 2.524867296218872 93
1726237050784 1.8618139028549194 94
1726237050823 1.0624566078186035 95
1726237050867 2.4948604106903076 96
1726237050915 1.5180165767669678 97
1726237050954 2.0 98
1726237050992 1.4142135381698608 99
1726237051030 1.459194540977478 100
1726237051069 2.347085475921631 101
1726237051107 2.1542105674743652 102
1726237051145 1.9634424448013306 103
1726237051183 2.5743587017059326 104
1726237051222 1.553175449371338 105
1726237051261 2.4745326042175293 106
1726237051301 2.12686824798584 107
1726237051340 2.3844447135925293 108
1726237051393 2.0435025691986084 109
1726237051443 1.9701834917068481 110
1726237051490 2.0778136253356934 111
1726237051531 1.455589771270752 112
1726237051569 2.538144111633301 113
1726237051621 2.1555771827697754 114
1726237051662 1.2304973602294922 115
1726237051701 2.2540993690490723 116
1726237051741 1.2524629831314087 117
1726237051785 1.8216692209243774 118
1726237051831 2.584284782409668 119
1726237051872 1.5693734884262085 120
1726237051913 2.1915740966796875 121
1726237051963 2.7386720180511475 122
1726237052005 2.0 123
1726237052052 1.6594706773757935 124
1726237052089 1.7228232622146606 125
1726237052126 2.2581121921539307 126
1726237052163 2.0 127
1726237052202 2.548804759979248 128
1726237052238 1.9010615348815918 129
1726237052278 2.4494898319244385 130
1726237052316 1.425773024559021 131
1726237052355 2.008190393447876 132
1726237052392 1.755269169807434 133
1726237052430 1.528917908668518 134
1726237052468 1.7581007480621338 135
1726237052506 1.6427972316741943 136
1726237052543 1.740029215812683 137
1726237052582 2.222461223602295 138
1726237052619 2.8284270763397217 139
1726237052657 2.5060782432556152 140
1726237052693 1.2900426387786865 141
1726237052732 1.4941585063934326 142
1726237052770 1.9719730615615845 143
1726237052809 1.7966248989105225 144
1726237052846 2.351348400115967 145
1726237052885 2.053830146789551 146
1726237052923 2.2282209396362305 147
1726237052962 2.638367176055908 148
1726237053000 1.945143461227417 149
1726237053039 2.0259227752685547 150
1726237053077 2.0284085273742676 151
1726237053117 1.7673331499099731 152
1726237053155 1.9252276420593262 153
1726237053193 1.8839938640594482 154
1726237053232 1.307835340499878 155
1726237053272 2.2127063274383545 156
1726237053311 2.445948600769043 157
1726237053351 2.7652838230133057 158
1726237053396 2.026068925857544 159
1726237053438 2.449498414993286 160
1726237053483 0.0322146899998188 161
1726237053535 1.4145655632019043 162
1726237053582 1.2409684658050537 163
1726237053622 0.9361754059791565 164
1726237053663 2.1623895168304443 165
1726237053715 1.8714332580566406 166
1726237053767 1.4267266988754272 167
1726237053808 2.3602371215820312 168
1726237053851 1.7556164264678955 169
1726237053888 2.083465337753296 170
1726237053927 2.4494898319244385 171
1726237053964 2.380049705505371 172
1726237054003 1.5232864618301392 173
1726237054041 1.8833180665969849 174
1726237054081 2.09407377243042 175
1726237054119 2.2068169116973877 176
1726237054158 1.9792544841766357 177
1726237054196 0.09702887386083603 178
1726237054235 1.028505802154541 179
1726237054273 1.3797329664230347 180
1726237054312 1.4564807415008545 181
1726237054352 2.35537052154541 182
1726237054393 2.6277756690979004 183
1726237054434 1.6890060901641846 184
1726237054474 2.5275840759277344 185
1726237054513 2.0764760971069336 186
1726237054553 2.327603340148926 187
1726237054593 1.9602915048599243 188
1726237054632 2.0270402431488037 189
1726237054672 1.7607381343841553 190
1726237054719 2.390953540802002 191
1726237054775 2.201000213623047 192
1726237054826 2.677053213119507 193
1726237054863 2.453453302383423 194
1726237054902 2.4494898319244385 195
1726237054940 2.002216100692749 196
1726237054979 1.8159452676773071 197
1726237055017 2.0147922039031982 198
1726237055056 1.927757978439331 199
1726237055095 2.061939001083374 200
1726237055134 1.2889765501022339 201
1726237055173 2.13492488861084 202
1726237055212 1.8390079736709595 203
1726237055253 2.3764944076538086 204
1726237055293 1.8799755573272705 205
1726237055333 2.7390453815460205 206
1726237055374 2.008863687515259 207
1726237055413 1.9999998807907104 208
1726237055452 1.7484170198440552 209
1726237055492 1.6298801898956299 210
1726237055531 2.1880905628204346 211
1726237055572 2.3194491863250732 212
1726237055611 2.356841564178467 213
1726237055649 2.318025588989258 214
1726237055689 1.6759819984436035 215
1726237055730 1.7490044832229614 216
1726237055768 0.2638118863105774 217
1726237055808 2.2665040493011475 218
1726237055847 1.9724446535110474 219
1726237055886 1.5930087566375732 220
1726237055926 2.001101493835449 221
1726237055967 2.69598388671875 222
1726237056008 1.9833711385726929 223
1726237056049 2.793489694595337 224
1726237056089 2.0012683868408203 225
1726237056130 2.365987539291382 226
1726237056181 1.795304536819458 227
1726237056223 1.2682878971099854 228
1726237056265 1.2410039901733398 229
1726237056312 2.389915704727173 230
1726237056359 1.9749783277511597 231
1726237056401 2.420666217803955 232
1726237056456 1.990461826324463 233
1726237056496 1.6463799476623535 234
1726237056535 1.2322555780410767 235
1726237056579 2.34983491897583 236
1726237056623 2.34983491897583 237
1726237056660 1.430016279220581 238
1726237056699 2.4218714237213135 239
1726237056738 2.3716888427734375 240
1726237056776 2.144803047180176 241
1726237056816 2.0 242
1726237056854 2.1271729469299316 243
1726237056893 2.2508833408355713 244
1726237056933 2.5093772411346436 245
1726237056972 2.39323353767395 246
1726237057012 1.2482839822769165 247
1726237057051 2.2109782695770264 248
1726237057091 2.264655590057373 249
1726237057130 2.396338701248169 250
1726237057169 0.8467580080032349 251
1726237057209 1.1058298349380493 252
1726237057248 1.847793698310852 253
1726237057288 2.0022215843200684 254
1726237057328 2.7973861694335938 255
1726237057367 1.4142135381698608 256
1726237057408 2.7390453815460205 257
1726237057447 2.080580711364746 258
1726237057486 0.7145002484321594 259
1726237057526 2.267564535140991 260
1726237057568 1.99040949344635 261
1726237057607 1.3093980550765991 262
1726237057649 2.388727903366089 263
1726237057691 0.29361918568611145 264
1726237057734 1.9694324731826782 265
1726237057783 1.2953579425811768 266
1726237057825 2.505239248275757 267
1726237057867 1.4254233837127686 268
1726237057934 2.8284270763397217 269
1726237057972 2.420750617980957 270
1726237058015 1.9037213325500488 271
1726237058053 1.437969446182251 272
1726237058091 2.0069189071655273 273
1726237058130 1.724812388420105 274
1726237058168 2.048034191131592 275
1726237058206 2.004152536392212 276
1726237058246 1.6737793684005737 277
1726237058284 2.4494898319244385 278
1726237058325 1.4711335897445679 279
1726237058364 2.3496994972229004 280
1726237058405 2.5333659648895264 281
1726237058445 0.028340931981801987 282
1726237058485 2.3643977642059326 283
1726237058524 1.7360509634017944 284
1726237058563 1.7750535011291504 285
1726237058602 2.44753098487854 286
1726237058641 0.9500758647918701 287
1726237058681 1.435790777206421 288
1726237058721 1.4311007261276245 289
1726237058760 2.338548183441162 290
1726237058800 2.432521343231201 291
1726237058839 2.031620740890503 292
1726237058878 2.099623918533325 293
1726237058918 2.3159146308898926 294
1726237058958 1.7413676977157593 295
1726237058997 2.28462290763855 296
1726237059036 2.0308761596679688 297
1726237059075 1.9516092538833618 298
1726237059115 1.5815640687942505 299
1726237059153 2.0170655250549316 300
1726237059193 1.9871026277542114 301
1726237059232 2.4156222343444824 302
1726237059272 1.8842369318008423 303
1726237059310 1.3716260194778442 304
1726237059353 1.3888295888900757 305
1726237059394 1.9762065410614014 306
1726237059433 1.9980669021606445 307
1726237059472 2.4494898319244385 308
1726237059511 2.3399505615234375 309
1726237059564 1.8409844636917114 310
1726237059610 1.995605707168579 311
1726237059649 1.559754490852356 312
1726237059691 0.011277569457888603 313
1726237059735 2.000107526779175 314
1726237059777 0.25471076369285583 315
1726237059827 2.215531587600708 316
1726237059867 1.726778268814087 317
1726237059920 1.7857322692871094 318
1726237059956 1.8997856378555298 319
1726237059994 2.48960018157959 320
1726237060032 0.0 321
1726237060071 2.4494898319244385 322
1726237060113 2.053863286972046 323
1726237060152 1.520265817642212 324
1726237060192 2.2049670219421387 325
1726237060232 1.7121821641921997 326
1726237060272 2.435361862182617 327
1726237060313 1.724103569984436 328
1726237060352 2.763734817504883 329
1726237060392 1.8419671058654785 330
1726237060432 2.729996919631958 331
1726237060473 2.4909918308258057 332
1726237060517 1.4691040515899658 333
1726237060569 2.4494898319244385 334
1726237060630 2.1523361206054688 335
1726237060671 2.0831525325775146 336
1726237060723 2.3471696376800537 337
1726237060765 2.291595458984375 338
1726237060803 2.131683826446533 339
1726237060839 1.6837618350982666 340
1726237060879 2.4494898319244385 341
1726237060920 1.3703488111495972 342
1726237060965 2.783374547958374 343
1726237061012 2.0 344
1726237061049 2.4623076915740967 345
1726237061088 2.3595335483551025 346
1726237061128 1.9569830894470215 347
1726237061166 1.4607993364334106 348
1726237061205 2.4494898319244385 349
1726237061249 2.232301712036133 350
1726237061295 1.1075689792633057 351
1726237061351 2.3460636138916016 352
1726237061397 2.0020315647125244 353
1726237061441 2.8284270763397217 354
1726237061486 1.4142135381698608 355
1726237061534 1.5943282842636108 356
1726237061579 1.8036476373672485 357
1726237061620 1.7298504114151 358
1726237061665 1.6345282793045044 359
1726237061710 1.7946560382843018 360
1726237061764 2.1299796104431152 361
1726237061802 2.0498602390289307 362
1726237061844 2.2109453678131104 363
1726237061881 1.4548741579055786 364
1726237061919 2.0893020629882812 365
1726237061958 2.297976016998291 366
1726237061997 1.0255320072174072 367
1726237062034 2.350977659225464 368
1726237062072 2.347630023956299 369
1726237062110 1.87579345703125 370
1726237062155 0.22614124417304993 371
1726237062196 1.1370984315872192 372
1726237062233 2.2204244136810303 373
1726237062273 1.366982102394104 374
1726237062311 1.6488405466079712 375
1726237062350 2.1044015884399414 376
1726237062388 1.575985074043274 377
1726237062427 1.9307382106781006 378
1726237062466 1.4142135381698608 379
1726237062505 2.0329184532165527 380
1726237062545 2.0408835411071777 381
1726237062586 2.6251230239868164 382
1726237062624 1.5429906845092773 383
1726237062664 2.189265489578247 384
1726237062703 2.079303026199341 385
1726237062744 1.5243034362792969 386
1726237062785 1.4142135381698608 387
1726237062827 2.7452688217163086 388
1726237062867 2.0655055046081543 389
1726237062909 2.163313627243042 390
1726237062948 1.3067525625228882 391
1726237062988 1.761138677597046 392
1726237063028 2.605351448059082 393
1726237063067 2.1789064407348633 394
1726237063107 1.4142135381698608 395
1726237063149 2.007807493209839 396
1726237063189 1.9320447444915771 397
1726237063230 1.76691734790802 398
1726237063270 2.396280527114868 399
1726237063307 1.50236976146698 400
1726237063348 1.7755085229873657 401
1726237063388 2.1186110973358154 402
1726237063428 2.647752285003662 403
1726237063469 2.023671865463257 404
1726237063510 0.10178408771753311 405
1726237063555 1.5235846042633057 406
1726237063604 1.719184160232544 407
1726237063642 2.4494898319244385 408
1726237063681 2.038996458053589 409
1726237063719 2.038996458053589 410
1726237063760 2.45902156829834 411
1726237063800 2.5250282287597656 412
1726237063841 0.11750952154397964 413
1726237063883 1.2394955158233643 414
1726237063924 2.467200517654419 415
1726237063963 0.0 416
