1727301224056 0.0 0
1727301224091 0.0 1
1727301224125 0.0 2
1727301224159 0.0 3
1727301224191 4.605170249938965 4
1727301224231 0.0 5
1727301224271 0.0 6
1727301224307 0.0 7
1727301224342 0.0 8
1727301224378 0.0 9
1727301224414 0.0 10
1727301224450 0.0 11
1727301224486 0.0 12
1727301224523 0.0 13
1727301224559 0.0 14
1727301224594 0.0 15
1727301224631 0.0 16
1727301224667 0.0 17
1727301224704 0.0 18
1727301224740 0.0 19
1727301224775 0.0 20
1727301224810 0.0 21
1727301224849 0.0 22
1727301224886 0.0 23
1727301224926 0.0 24
1727301224967 0.0 25
1727301225002 0.0 26
1727301225037 0.0 27
1727301225070 0.0 28
1727301225104 0.0 29
1727301225139 0.0 30
1727301225175 0.0 31
1727301225211 0.0 32
1727301225247 0.0 33
1727301225282 0.0 34
1727301225317 0.0 35
1727301225352 0.0 36
1727301225388 0.0 37
1727301225423 0.0 38
1727301225461 0.0 39
1727301225497 0.0 40
1727301225531 0.0 41
1727301225567 0.0 42
1727301225602 0.0 43
1727301225637 0.0 44
1727301225672 0.0 45
1727301225707 0.0 46
1727301225742 0.0 47
1727301225778 0.0 48
1727301225815 0.0 49
1727301225848 0.0 50
1727301225881 0.0 51
1727301225914 0.0 52
1727301225947 0.0 53
1727301225981 0.0 54
1727301226014 0.0 55
1727301226047 0.0 56
1727301226082 0.0 57
1727301226116 0.0 58
1727301226152 0.0 59
1727301226186 0.0 60
1727301226224 0.0 61
1727301226260 0.0 62
1727301226298 0.0 63
1727301226337 0.0 64
1727301226372 0.0 65
1727301226408 0.0 66
1727301226442 0.0 67
1727301226475 0.0 68
1727301226509 0.0 69
1727301226543 0.0 70
1727301226578 0.0 71
1727301226611 0.0 72
1727301226653 0.0 73
1727301226691 0.0 74
1727301226727 0.0 75
1727301226765 0.0 76
1727301226804 0.0 77
1727301226844 0.0 78
1727301226883 0.0 79
1727301226924 0.0 80
1727301226965 0.0 81
1727301227006 0.0 82
1727301227047 0.0 83
1727301227090 0.0 84
1727301227141 0.0 85
1727301227181 0.0 86
1727301227226 0.0 87
1727301227270 0.0 88
1727301227311 0.0 89
1727301227353 0.0 90
1727301227395 0.0 91
1727301227436 4.605170249938965 92
1727301227477 0.0 93
1727301227515 0.0 94
1727301227552 0.0 95
1727301227589 0.0 96
1727301227626 0.0 97
1727301227662 0.0 98
1727301227698 0.0 99
1727301227733 0.0 100
1727301227769 0.0 101
1727301227804 0.0 102
1727301227839 0.0 103
1727301227874 0.0 104
1727301227908 0.0 105
1727301227942 0.0 106
1727301227977 0.0 107
1727301228011 0.0 108
1727301228045 0.0 109
1727301228079 0.0 110
1727301228113 0.0 111
1727301228148 0.0 112
1727301228183 0.0 113
1727301228218 0.0 114
1727301228252 0.0 115
1727301228286 0.0 116
1727301228321 0.0 117
1727301228356 0.0 118
1727301228389 0.0 119
1727301228422 0.0 120
1727301228457 0.0 121
1727301228492 0.0 122
1727301228526 0.0 123
1727301228561 0.0 124
1727301228596 0.0 125
1727301228630 0.0 126
1727301228665 0.0 127
1727301228698 0.0 128
1727301228731 0.0 129
1727301228764 0.0 130
1727301228798 0.0 131
1727301228832 0.0 132
1727301228865 0.0 133
1727301228899 0.0 134
1727301228932 0.0 135
1727301228966 0.0 136
1727301229001 0.0 137
1727301229035 0.0 138
1727301229072 0.0 139
1727301229107 0.0 140
1727301229143 0.0 141
1727301229178 0.0 142
1727301229213 0.0 143
1727301229248 0.0 144
1727301229284 0.0 145
1727301229318 0.0 146
1727301229355 0.0 147
1727301229388 0.0 148
1727301229421 0.0 149
1727301229454 0.0 150
1727301229491 0.0 151
1727301229525 0.0 152
1727301229559 0.0 153
1727301229593 0.0 154
1727301229626 4.605170249938965 155
1727301229660 0.0 156
1727301229694 0.0 157
1727301229727 0.0 158
1727301229760 0.0 159
1727301229795 0.0 160
1727301229828 0.0 161
1727301229861 0.0 162
1727301229894 0.0 163
1727301229928 0.0 164
1727301229961 0.0 165
1727301229994 0.0 166
1727301230028 0.0 167
1727301230062 0.0 168
1727301230095 0.0 169
1727301230129 4.605170249938965 170
1727301230163 4.605170249938965 171
1727301230197 0.0 172
1727301230233 0.0 173
1727301230267 0.0 174
1727301230301 0.0 175
1727301230335 0.0 176
1727301230368 0.0 177
1727301230402 0.0 178
1727301230435 0.0 179
1727301230470 0.0 180
1727301230504 0.0 181
1727301230538 0.0 182
1727301230572 0.0 183
1727301230606 0.0 184
1727301230640 0.0 185
1727301230674 0.0 186
1727301230707 0.0 187
1727301230743 0.0 188
1727301230779 0.0 189
1727301230814 0.0 190
1727301230849 0.0 191
1727301230884 0.0 192
1727301230919 0.0 193
1727301230954 0.0 194
1727301230991 0.0 195
1727301231025 0.0 196
1727301231057 0.0 197
1727301231091 0.0 198
1727301231124 0.0 199
1727301231160 4.605170249938965 200
1727301231195 0.0 201
1727301231229 0.0 202
1727301231264 0.0 203
1727301231301 0.0 204
1727301231342 0.0 205
1727301231378 0.054697733372449875 206
1727301231421 9.21034049987793 207
1727301231465 0.0 208
1727301231505 0.0 209
1727301231543 0.0 210
1727301231582 4.605170249938965 211
1727301231619 0.0 212
1727301231658 0.0 213
1727301231699 0.0 214
1727301231737 0.0 215
1727301231772 0.0 216
1727301231808 0.0 217
1727301231845 0.0 218
1727301231881 0.0 219
1727301231917 0.0 220
1727301231952 0.0 221
1727301231985 0.0 222
1727301232019 0.0 223
1727301232053 0.0 224
1727301232089 0.0 225
1727301232124 0.0 226
1727301232157 0.0 227
1727301232190 0.0 228
1727301232224 0.0 229
1727301232257 1.907355908770114e-06 230
1727301232291 4.605170249938965 231
1727301232325 0.0 232
1727301232359 0.0 233
1727301232396 0.0 234
1727301232432 0.0 235
1727301232466 0.0 236
1727301232500 0.0 237
1727301232534 0.0 238
1727301232568 0.0 239
1727301232603 0.0 240
1727301232639 0.0 241
1727301232674 0.0 242
1727301232709 4.605170249938965 243
1727301232747 0.0 244
1727301232785 0.0 245
1727301232821 0.0 246
1727301232858 0.0 247
1727301232892 0.0 248
1727301232925 0.0 249
1727301232959 4.605170249938965 250
1727301232993 0.0 251
1727301233027 0.0 252
1727301233060 0.0 253
1727301233094 0.0 254
1727301233128 0.0 255
1727301233162 0.0 256
1727301233195 0.0 257
1727301233229 0.0 258
1727301233262 0.0 259
1727301233295 0.0 260
1727301233329 0.0 261
1727301233362 0.0 262
1727301233395 0.0 263
1727301233430 0.0 264
1727301233463 0.0 265
1727301233497 0.0 266
1727301233530 0.0 267
1727301233563 0.0 268
1727301233597 0.0 269
1727301233630 0.0 270
1727301233663 0.0 271
1727301233697 0.0 272
1727301233735 0.0 273
