1727302207663 2e-05 0
1727302207698 -0.26279282569885254 1
1727302207734 -0.026489734649658203 2
1727302207770 -0.0288848876953125 3
1727302207805 0.25257110595703125 4
1727302207839 -0.3299844264984131 5
1727302207873 0.30731797218322754 6
1727302207907 -0.2033834457397461 7
1727302207941 0.06710267066955566 8
1727302207976 -0.054192304611206055 9
1727302208010 0.03342485427856445 10
1727302208044 3.8411452770233154 11
1727302208078 -3.841989755630493 12
1727302208115 -0.03265094757080078 13
1727302208151 -0.020534038543701172 14
1727302208186 0.019417285919189453 15
1727302208222 -0.0021753311157226562 16
1727302208255 0.10913205146789551 17
1727302208290 -0.03500771522521973 18
1727302208326 0.11143994331359863 19
1727302208363 -0.1290147304534912 20
1727302208402 -0.08029699325561523 21
1727302208436 0.10042142868041992 22
1727302208471 0.017108917236328125 23
1727302208505 -0.13307523727416992 24
1727302208540 0.09496951103210449 25
1727302208576 4.7008209228515625 26
1727302208610 -4.844196200370789 27
1727302208650 0.1788250207901001 28
1727302208691 -0.20370841026306152 29
1727302208738 0.0010035037994384766 30
1727302208786 0.27770423889160156 31
1727302208832 -0.15325474739074707 32
1727302208881 4.754342555999756 33
1727302208931 -4.795053243637085 34
1727302208981 -0.07892918586730957 35
1727302209029 0.24096226692199707 36
1727302209072 -0.12309002876281738 37
1727302209119 -0.12204587459564209 38
1727302209163 0.09503185749053955 39
1727302209207 -0.12000489234924316 40
1727302209250 0.11561274528503418 41
1727302209295 0.19158244132995605 42
1727302209338 -0.5233769416809082 43
1727302209384 0.34773778915405273 44
1727302209427 0.05471682548522949 45
1727302209472 -0.03869295120239258 46
1727302209515 -0.24512946605682373 47
1727302209560 0.320229172706604 48
1727302209605 -0.03332066535949707 49
1727302209650 0.07120180130004883 50
1727302209695 -0.011599063873291016 51
1727302209740 -0.028439998626708984 52
1727302209783 -0.18927574157714844 53
1727302209829 0.04332590103149414 54
1727302209879 0.18420028686523438 55
1727302209926 -0.11784577369689941 56
1727302209967 -0.0610804557800293 57
1727302210006 0.1165316104888916 58
1727302210045 4.060559511184692 59
1727302210083 -4.1186683177948 60
1727302210120 -0.019494056701660156 61
1727302210164 0.1711421012878418 62
1727302210207 -0.11351370811462402 63
1727302210246 0.005727529525756836 64
1727302210285 -0.10783195495605469 65
1727302210324 0.17829132080078125 66
1727302210361 -0.46873557567596436 67
1727302210400 0.4569000005722046 68
1727302210437 -0.29187142848968506 69
1727302210474 0.08558595180511475 70
1727302210512 4.222468137741089 71
1727302210551 -4.161731481552124 72
1727302210585 0.1546647548675537 73
1727302210619 -0.2738187313079834 74
1727302210656 0.27699804306030273 75
1727302210692 -0.19808733463287354 76
1727302210728 0.1436847448348999 77
1727302210763 -0.014601469039916992 78
1727302210798 -0.038381099700927734 79
1727302210833 -0.005827188491821289 80
1727302210867 -0.3206758499145508 81
1727302210904 0.4353983402252197 82
1727302210939 -0.7154272794723511 83
1727302210975 0.7217658758163452 84
1727302211012 -0.9534927606582642 85
1727302211047 0.8592671155929565 86
1727302211082 0.12702703475952148 87
1727302211117 3.7201480865478516 88
1727302211153 -3.7236037254333496 89
1727302211188 4.394478797912598 90
1727302211222 -4.479142904281616 91
1727302211257 -0.00464630126953125 92
1727302211293 -0.018802881240844727 93
1727302211328 0.07730579376220703 94
1727302211363 -0.16063761711120605 95
1727302211398 0.057710886001586914 96
1727302211433 0.023809432983398438 97
1727302211467 -0.2526669502258301 98
1727302211502 4.663486480712891 99
1727302211538 -4.409600257873535 100
1727302211573 -0.005374431610107422 101
1727302211608 0.02429366111755371 102
1727302211643 -0.015143394470214844 103
1727302211678 -0.8779088258743286 104
1727302211713 0.8690310716629028 105
1727302211748 0.10161662101745605 106
1727302211782 -0.09273886680603027 107
1727302211818 0.028142929077148438 108
1727302211855 -0.05306291580200195 109
1727302211889 0.1482374668121338 110
1727302211926 -0.18557047843933105 111
1727302211961 0.21358871459960938 112
1727302211996 -0.12563157081604004 113
1727302212031 -0.16266417503356934 114
1727302212066 -0.09951972961425781 115
1727302212101 0.18737101554870605 116
1727302212143 0.08506035804748535 117
1727302212180 -0.07051444053649902 118
1727302212214 -0.08266699314117432 119
1727302212248 0.10374128818511963 120
1727302212283 0.008352041244506836 121
1727302212319 -0.04426288604736328 122
1727302212355 0.0186002254486084 123
1727302212392 -0.0497896671295166 124
1727302212427 0.14136457443237305 125
1727302212462 -0.10538172721862793 126
1727302212497 0.05226421356201172 127
1727302212532 -0.040573835372924805 128
1727302212567 -0.048143863677978516 129
1727302212602 0.18637418746948242 130
1727302212639 -0.35828423500061035 131
1727302212675 0.3007993698120117 132
1727302212710 -0.1278212070465088 133
1727302212744 0.051125288009643555 134
1727302212779 -0.4082704782485962 135
1727302212814 0.5675305128097534 136
1727302212848 -0.2270047664642334 137
1727302212883 0.16946721076965332 138
1727302212919 -0.041800737380981445 139
1727302212956 -0.07646393775939941 140
1727302212990 0.03336381912231445 141
1727302213025 0.09080362319946289 142
1727302213059 -0.17034506797790527 143
1727302213093 0.08017158508300781 144
1727302213128 0.0060002803802490234 145
1727302213164 3.8339474201202393 146
1727302213200 -3.7662136554718018 147
1727302213235 0.05012798309326172 148
1727302213269 -0.22150278091430664 149
1727302213304 0.05997133255004883 150
1727302213339 3.877617120742798 151
1727302213373 -3.690150499343872 152
1727302213410 -0.22182679176330566 153
1727302213446 -0.07432782649993896 154
1727302213480 0.011368632316589355 155
1727302213514 0.15549731254577637 156
1727302213549 0.017241954803466797 157
1727302213584 0.009950637817382812 158
1727302213621 -0.23166215419769287 159
1727302213659 0.025075316429138184 160
1727302213695 0.17806172370910645 161
1727302213730 -0.04821276664733887 162
1727302213765 0.04419660568237305 163
1727302213800 -0.08014750480651855 164
1727302213834 0.0692148208618164 165
1727302213869 0.026982545852661133 166
1727302213905 -0.019837141036987305 167
1727302213940 0.012810945510864258 168
1727302213975 -0.06460952758789062 169
1727302214010 -0.11681628227233887 170
1727302214044 0.21886038780212402 171
1727302214079 -0.14902067184448242 172
1727302214114 0.11817789077758789 173
1727302214150 0.04546475410461426 174
1727302214186 -0.08747553825378418 175
1727302214221 0.01801896095275879 176
1727302214255 -0.873278021812439 177
1727302214290 0.0 178
