1727303644649 0.2802457809448242 0
1727303644685 0.19042038917541504 1
1727303644727 4.679248809814453 2
1727303644763 0.08700919151306152 3
1727303644799 4.886512756347656 4
1727303644835 0.07078266143798828 5
1727303644869 0.022324800491333008 6
1727303644904 0.13455533981323242 7
1727303644940 0.051888465881347656 8
1727303644975 -0.053110599517822266 9
1727303645013 -0.040621280670166016 10
1727303645052 -0.012602567672729492 11
1727303645092 -0.06485581398010254 12
1727303645127 0.013314485549926758 13
1727303645163 0.1991889476776123 14
1727303645201 0.048210859298706055 15
1727303645237 0.21562457084655762 16
1727303645273 0.04620504379272461 17
1727303645311 0.13650822639465332 18
1727303645348 0.06412863731384277 19
1727303645386 0.10374093055725098 20
1727303645423 0.1630563735961914 21
1727303645462 -0.23804545402526855 22
1727303645500 0.03612160682678223 23
1727303645538 0.11374664306640625 24
1727303645576 0.13650822639465332 25
1727303645614 0.034364938735961914 26
1727303645651 0.16431975364685059 27
1727303645688 0.06242251396179199 28
1727303645724 0.09308290481567383 29
1727303645762 0.15782999992370605 30
1727303645797 -0.07982563972473145 31
1727303645832 -0.21689116954803467 32
1727303645866 0.054015159606933594 33
1727303645900 0.12572526931762695 34
1727303645936 0.0882411003112793 35
1727303645971 -0.009424448013305664 36
1727303646006 -0.09651339054107666 37
1727303646042 0.01866936683654785 38
1727303646082 -0.016376733779907227 39
1727303646117 0.047736406326293945 40
1727303646155 0.015681028366088867 41
1727303646194 0.2684953212738037 42
1727303646230 0.12555384635925293 43
1727303646267 0.07188034057617188 44
1727303646303 0.17094731330871582 45
1727303646339 0.12317252159118652 46
1727303646375 -0.3232969045639038 47
1727303646410 0.08524656295776367 48
1727303646445 0.14978957176208496 49
1727303646483 -0.03291881084442139 50
1727303646536 0.16646194458007812 51
1727303646584 0.15011835098266602 52
1727303646639 -0.04757487773895264 53
1727303646694 0.005747079849243164 54
1727303646747 0.03825879096984863 55
1727303646804 0.1667335033416748 56
1727303646861 0.08064413070678711 57
1727303646915 -0.03191685676574707 58
1727303646967 0.21959447860717773 59
1727303647024 0.11735796928405762 60
1727303647077 0.051264047622680664 61
1727303647132 0.1208503246307373 62
1727303647186 0.1211998462677002 63
1727303647239 0.07606673240661621 64
1727303647295 0.03754448890686035 65
1727303647349 0.08436894416809082 66
1727303647405 0.14213132858276367 67
1727303647458 0.20036745071411133 68
1727303647503 0.13358545303344727 69
1727303647547 0.06640100479125977 70
1727303647591 -0.14552688598632812 71
1727303647635 0.09600591659545898 72
1727303647679 4.774169921875 73
1727303647722 -0.0281527042388916 74
1727303647769 0.1666727066040039 75
1727303647819 0.07735085487365723 76
1727303647872 0.14400362968444824 77
1727303647913 0.0533747673034668 78
1727303647954 0.07374000549316406 79
1727303647993 0.1402733325958252 80
1727303648034 0.05994772911071777 81
1727303648073 -0.05971670150756836 82
1727303648113 -0.047049880027770996 83
1727303648152 0.14872431755065918 84
1727303648189 4.773183822631836 85
1727303648227 -0.08233046531677246 86
1727303648264 0.05209064483642578 87
1727303648301 -0.7801951169967651 88
1727303648338 -0.01363515853881836 89
1727303648375 0.23524117469787598 90
1727303648416 -0.020589113235473633 91
1727303648470 -0.08046746253967285 92
1727303648510 0.06193852424621582 93
1727303648549 0.05851936340332031 94
1727303648588 0.1449108123779297 95
1727303648629 0.07229161262512207 96
1727303648667 0.11993002891540527 97
1727303648704 -0.013922452926635742 98
1727303648741 -0.7801951169967651 99
1727303648777 -0.23195886611938477 100
1727303648813 3.9262471199035645 101
1727303648849 0.037300825119018555 102
1727303648884 0.19170212745666504 103
1727303648924 0.02277541160583496 104
1727303648963 0.03674149513244629 105
1727303649002 -0.2676093578338623 106
1727303649038 0.13927817344665527 107
1727303649075 -0.10669398307800293 108
1727303649111 0.128279447555542 109
1727303649148 0.10325789451599121 110
1727303649184 -0.20792675018310547 111
1727303649222 -0.16530108451843262 112
1727303649259 0.12468290328979492 113
1727303649300 0.020581483840942383 114
1727303649336 0.07832551002502441 115
1727303649373 4.169336318969727 116
1727303649409 0.12225699424743652 117
1727303649444 -0.14088904857635498 118
1727303649480 0.1961193084716797 119
1727303649516 -0.15960848331451416 120
1727303649553 0.1187889575958252 121
1727303649590 -0.02528858184814453 122
1727303649626 0.169450044631958 123
1727303649662 0.12801170349121094 124
1727303649698 0.12271666526794434 125
1727303649733 -0.7801951169967651 126
1727303649769 0.11374688148498535 127
1727303649806 -0.030924201011657715 128
1727303649848 0.029175519943237305 129
1727303649886 8.818537712097168 130
1727303649923 0.05161881446838379 131
1727303649961 0.18180584907531738 132
1727303649998 0.23665571212768555 133
1727303650036 0.0977625846862793 134
1727303650073 0.04451704025268555 135
1727303650109 0.1188957691192627 136
1727303650145 0.12830471992492676 137
1727303650182 0.024294614791870117 138
1727303650219 0.10547566413879395 139
1727303650256 -0.02163851261138916 140
1727303650294 0.11752533912658691 141
1727303650331 0.18248248100280762 142
1727303650369 0.1641528606414795 143
1727303650405 -0.009468317031860352 144
1727303650441 0.0443422794342041 145
1727303650477 -0.02328944206237793 146
1727303650514 0.0995934009552002 147
1727303650552 0.11850333213806152 148
1727303650587 -0.04189157485961914 149
1727303650623 0.05310797691345215 150
1727303650659 -0.1637810468673706 151
1727303650698 3.9262471199035645 152
1727303650734 0.1190943717956543 153
1727303650769 0.07337164878845215 154
1727303650805 -0.7801951169967651 155
1727303650840 -0.7801574468612671 156
1727303650876 -0.7801904678344727 157
1727303650912 0.009692668914794922 158
1727303650949 -0.028548002243041992 159
1727303650984 -0.060096144676208496 160
1727303651019 0.1190941333770752 161
1727303651054 0.054558515548706055 162
1727303651088 0.07655787467956543 163
1727303651122 0.12335729598999023 164
1727303651157 0.16760921478271484 165
1727303651191 0.11238360404968262 166
1727303651225 0.17531967163085938 167
1727303651261 -0.04709267616271973 168
1727303651296 -0.007612943649291992 169
1727303651330 0.04282236099243164 170
1727303651364 0.15790867805480957 171
1727303651398 0.07055354118347168 172
1727303651432 0.145035982131958 173
1727303651467 -0.027500510215759277 174
1727303651501 0.14613676071166992 175
1727303651535 -0.06453633308410645 176
1727303651570 0.2037351131439209 177
1727303651606 0.13463854789733887 178
1727303651650 0.10846543312072754 179
1727303651690 0.2187802791595459 180
1727303651727 0.08524632453918457 181
1727303651762 0.180755615234375 182
1727303651798 0.11777472496032715 183
1727303651832 0.03887510299682617 184
1727303651867 0.11395263671875 185
1727303651902 0.15782999992370605 186
1727303651937 0.10594296455383301 187
1727303651972 0.16498947143554688 188
1727303652006 0.13909125328063965 189
1727303652042 0.0017704963684082031 190
1727303652077 0.14624428749084473 191
1727303652112 0.013443708419799805 192
1727303652146 0.08732151985168457 193
1727303652183 0.06521463394165039 194
1727303652218 0.17711472511291504 195
1727303652253 0.04271101951599121 196
1727303652288 0.02277541160583496 197
1727303652324 -0.7801951169967651 198
1727303652360 0.16498970985412598 199
1727303652396 0.13594985008239746 200
1727303652431 0.12450551986694336 201
1727303652465 0.21786212921142578 202
1727303652499 0.13354134559631348 203
1727303652534 0.09980607032775879 204
1727303652568 0.128279447555542 205
1727303652602 0.05226731300354004 206
1727303652637 0.23070669174194336 207
1727303652671 0.07257318496704102 208
1727303652707 0.19936180114746094 209
1727303652742 0.14535760879516602 210
1727303652777 0.06433224678039551 211
1727303652812 0.10665321350097656 212
1727303652846 0.2187802791595459 213
1727303652880 -0.017035841941833496 214
1727303652915 -0.04813385009765625 215
1727303652950 0.14363336563110352 216
1727303652986 -0.0470883846282959 217
1727303653020 0.21691417694091797 218
1727303653055 0.1298811435699463 219
1727303653090 -0.07224678993225098 220
1727303653125 3.9262471199035645 221
1727303653159 -0.0017948150634765625 222
1727303653196 0.06880545616149902 223
1727303653231 0.1000974178314209 224
1727303653265 0.010980367660522461 225
1727303653301 0.14285898208618164 226
1727303653335 -0.3754286766052246 227
1727303653370 -0.017986774444580078 228
1727303653404 -0.7801951169967651 229
1727303653438 0.033380985260009766 230
1727303653473 0.008645057678222656 231
1727303653508 4.169336318969727 232
1727303653544 -0.08069062232971191 233
1727303653579 4.169336318969727 234
1727303653615 0.1944434642791748 235
1727303653650 0.1832435131072998 236
1727303653684 0.15782999992370605 237
1727303653719 -0.13350844383239746 238
1727303653755 -0.03331911563873291 239
1727303653792 0.08422517776489258 240
1727303653835 0.12271666526794434 241
1727303653871 0.08218502998352051 242
1727303653906 0.1731882095336914 243
1727303653940 0.1328117847442627 244
1727303653975 0.049437522888183594 245
1727303654009 0.14535784721374512 246
1727303654045 0.14962100982666016 247
1727303654080 0.20922517776489258 248
1727303654115 0.08422541618347168 249
1727303654151 0.12388420104980469 250
1727303654187 0.1332392692565918 251
1727303654221 0.1954505443572998 252
1727303654255 0.09711623191833496 253
1727303654290 0.032201528549194336 254
1727303654325 0.21556496620178223 255
1727303654361 0.04429149627685547 256
1727303654397 -0.11063432693481445 257
1727303654431 -0.02328956127166748 258
1727303654466 0.10030436515808105 259
1727303654500 -0.7801951169967651 260
1727303654535 0.10866761207580566 261
1727303654570 0.13237690925598145 262
1727303654606 0.13697028160095215 263
1727303654641 -0.003011465072631836 264
1727303654677 0.051427602767944336 265
1727303654715 0.1259753704071045 266
1727303654751 -0.06044137477874756 267
1727303654786 0.11797928810119629 268
1727303654822 0.08436894416809082 269
1727303654857 0.1531534194946289 270
1727303654892 0.05031943321228027 271
1727303654928 3.9262471199035645 272
1727303654965 0.1906723976135254 273
1727303655000 0.07016396522521973 274
1727303655036 0.15084385871887207 275
1727303655074 -0.12794733047485352 276
1727303655112 0.16457509994506836 277
1727303655148 0.1121225357055664 278
1727303655184 0.16059160232543945 279
1727303655221 0.13594985008239746 280
1727303655257 0.028153419494628906 281
1727303655294 0.047178030014038086 282
1727303655329 0.08126330375671387 283
1727303655365 0.09519290924072266 284
1727303655401 0.01887035369873047 285
1727303655438 -0.7801951169967651 286
1727303655474 -0.7801574468612671 287
1727303655510 -0.7801904678344727 288
1727303655546 -0.7801527976989746 289
1727303655584 -0.7801951169967651 290
1727303655620 -0.7801574468612671 291
1727303655656 -0.7801904678344727 292
1727303655692 -0.7801527976989746 293
1727303655728 -0.7801951169967651 294
1727303655765 -0.7801574468612671 295
1727303655803 -0.7801904678344727 296
1727303655839 -0.2235647439956665 297
1727303655875 -0.7801951169967651 298
1727303655911 0.20874476432800293 299
1727303655947 0.0533747673034668 300
1727303655982 0.034987688064575195 301
1727303656016 0.21073603630065918 302
1727303656052 0.21188616752624512 303
1727303656087 0.1466672420501709 304
1727303656122 0.23990464210510254 305
1727303656156 -0.08369028568267822 306
1727303656192 0.06821632385253906 307
1727303656227 0.19874000549316406 308
1727303656262 0.12450551986694336 309
1727303656297 0.20163679122924805 310
1727303656333 0.017374277114868164 311
1727303656367 0.16416311264038086 312
1727303656402 0.1735384464263916 313
1727303656437 -0.03930854797363281 314
1727303656471 0.1378798484802246 315
1727303656506 0.16141748428344727 316
1727303656541 0.05209040641784668 317
1727303656577 -0.06648063659667969 318
1727303656611 0.15384507179260254 319
1727303656656 0.05834031105041504 320
1727303656702 -0.11971116065979004 321
1727303656750 -0.4969292879104614 322
1727303656799 -0.7801951169967651 323
1727303656848 -0.7801575660705566 324
1727303656898 -0.7801904678344727 325
1727303656938 -0.7801527976989746 326
1727303656979 -0.7801951169967651 327
1727303657021 -0.7801575660705566 328
1727303657065 -0.7801904678344727 329
1727303657117 -0.7801527976989746 330
1727303657173 -0.7801951169967651 331
1727303657228 -0.7801575660705566 332
1727303657273 -0.7801904678344727 333
1727303657314 -0.7801527976989746 334
1727303657357 -0.7801951169967651 335
1727303657401 -0.7801575660705566 336
1727303657443 -0.7801904678344727 337
1727303657486 -0.7801527976989746 338
1727303657528 -0.7801951169967651 339
1727303657569 -0.7801575660705566 340
1727303657610 -0.7801904678344727 341
1727303657651 -0.7801527976989746 342
1727303657691 -0.7801951169967651 343
1727303657730 -0.7801575660705566 344
1727303657768 -0.7801904678344727 345
1727303657807 -0.7801527976989746 346
1727303657845 -0.7801951169967651 347
1727303657881 -0.7801575660705566 348
1727303657917 -0.7801904678344727 349
1727303657955 -0.7801527976989746 350
1727303657991 -0.7801951169967651 351
1727303658027 -0.7801575660705566 352
1727303658064 -0.7801904678344727 353
1727303658099 -0.7801527976989746 354
1727303658134 -0.7801951169967651 355
1727303658170 -0.7801575660705566 356
1727303658205 -0.7801904678344727 357
1727303658241 -0.7801527976989746 358
1727303658276 -0.7801951169967651 359
1727303658313 0.11548876762390137 360
1727303658350 0.12914395332336426 361
1727303658385 0.14954590797424316 362
1727303658420 0.09452986717224121 363
1727303658456 0.01866936683654785 364
1727303658493 0.09834647178649902 365
1727303658528 0.035837411880493164 366
1727303658564 -0.2232532501220703 367
1727303658599 0.13612627983093262 368
1727303658635 -0.15070295333862305 369
1727303658669 -0.7801951169967651 370
1727303658704 -0.7801575660705566 371
1727303658739 -0.7801904678344727 372
1727303658773 -0.7801527976989746 373
1727303658811 -0.7801951169967651 374
1727303658847 -0.7801575660705566 375
1727303658883 -0.7801904678344727 376
1727303658919 -0.7801527976989746 377
1727303658956 -0.7801951169967651 378
1727303658993 -0.7801575660705566 379
1727303659029 -0.7801904678344727 380
1727303659067 -0.7801527976989746 381
1727303659103 -0.7801951169967651 382
1727303659140 -0.7801575660705566 383
1727303659177 -0.7801904678344727 384
1727303659213 -0.7801527976989746 385
1727303659251 -0.7801951169967651 386
1727303659287 -0.7801575660705566 387
1727303659324 -0.7801904678344727 388
1727303659360 -0.7801527976989746 389
1727303659395 -0.7801951169967651 390
1727303659430 -0.7801575660705566 391
1727303659464 -0.7801904678344727 392
1727303659500 -0.7801527976989746 393
1727303659535 -0.7801951169967651 394
1727303659570 -0.7801575660705566 395
1727303659605 -0.7801904678344727 396
1727303659640 -0.7801527976989746 397
1727303659675 -0.7801951169967651 398
1727303659710 -0.7801575660705566 399
1727303659747 -0.7801904678344727 400
1727303659781 -0.7801527976989746 401
1727303659818 -0.7801951169967651 402
1727303659854 -0.7801575660705566 403
1727303659889 -0.7801904678344727 404
1727303659924 -0.7801527976989746 405
1727303659959 -0.7801951169967651 406
1727303659995 -0.7801575660705566 407
1727303660030 -0.7801904678344727 408
1727303660067 -0.7801527976989746 409
1727303660104 -0.7801951169967651 410
1727303660140 -0.7801575660705566 411
1727303660176 -0.7801904678344727 412
1727303660211 -0.7801527976989746 413
1727303660247 -0.7801951169967651 414
1727303660284 -0.7801575660705566 415
1727303660321 -0.7801904678344727 416
1727303660357 -0.7801527976989746 417
1727303660393 -0.7801951169967651 418
1727303660428 -0.7801575660705566 419
1727303660464 -0.7801904678344727 420
1727303660500 -0.7801527976989746 421
1727303660535 -0.7801951169967651 422
1727303660573 -0.7801575660705566 423
1727303660608 -0.7801904678344727 424
1727303660644 -0.7801527976989746 425
1727303660680 -0.7801951169967651 426
1727303660718 -0.7801575660705566 427
1727303660755 -0.7801904678344727 428
1727303660791 -0.7801527976989746 429
1727303660827 -0.7801951169967651 430
1727303660862 -0.7801575660705566 431
1727303660897 -0.7801904678344727 432
1727303660932 -0.7801527976989746 433
1727303660969 -0.7801951169967651 434
1727303661004 -0.7801575660705566 435
1727303661040 -0.7801904678344727 436
1727303661076 -0.7801527976989746 437
1727303661111 -0.7801951169967651 438
1727303661146 -0.7801575660705566 439
1727303661181 -0.7801904678344727 440
1727303661215 -0.7801527976989746 441
1727303661250 -0.7801951169967651 442
1727303661285 -0.7801575660705566 443
1727303661321 -0.7801904678344727 444
1727303661357 -0.7801527976989746 445
1727303661391 -0.7801951169967651 446
1727303661427 -0.7801575660705566 447
1727303661463 -0.7801904678344727 448
1727303661498 -0.7801527976989746 449
1727303661533 -0.7801951169967651 450
1727303661568 -0.7801575660705566 451
1727303661604 -0.7801904678344727 452
1727303661640 -0.7801527976989746 453
1727303661674 -0.7801951169967651 454
1727303661709 -0.7801575660705566 455
1727303661744 -0.7801904678344727 456
1727303661779 -0.7801527976989746 457
1727303661816 -0.7801951169967651 458
1727303661851 -0.7801575660705566 459
1727303661886 -0.7801904678344727 460
1727303661922 -0.7801527976989746 461
1727303661958 -0.7801951169967651 462
1727303661994 -0.7801575660705566 463
1727303662029 -0.7801904678344727 464
1727303662066 -0.7801527976989746 465
1727303662101 -0.7801951169967651 466
1727303662135 -0.7801575660705566 467
1727303662171 -0.7801904678344727 468
1727303662207 -0.7801527976989746 469
1727303662242 -0.7801951169967651 470
1727303662276 -0.7801575660705566 471
1727303662312 -0.7801904678344727 472
1727303662347 -0.7801527976989746 473
1727303662383 -0.7801951169967651 474
1727303662418 -0.7801575660705566 475
1727303662453 -0.7801904678344727 476
1727303662490 -0.7801527976989746 477
1727303662526 -0.7801951169967651 478
1727303662561 -0.7801575660705566 479
1727303662596 -0.7801904678344727 480
1727303662631 -0.7801527976989746 481
1727303662666 -0.7801951169967651 482
1727303662701 -0.7801575660705566 483
1727303662735 -0.7801904678344727 484
1727303662771 -0.7801527976989746 485
1727303662806 -0.7801951169967651 486
1727303662842 -0.7801575660705566 487
1727303662877 -0.7801904678344727 488
1727303662913 -0.7801527976989746 489
1727303662948 -0.7801951169967651 490
1727303662983 -0.7801575660705566 491
1727303663018 -0.7801904678344727 492
1727303663053 -0.7801527976989746 493
1727303663087 -0.7801951169967651 494
1727303663122 -0.7801575660705566 495
1727303663158 -0.7801904678344727 496
1727303663193 -0.7801527976989746 497
1727303663228 -0.7801951169967651 498
1727303663265 -0.7801575660705566 499
1727303663300 -0.7801904678344727 500
1727303663336 -0.7801527976989746 501
1727303663371 -0.7801951169967651 502
1727303663407 -0.7801575660705566 503
1727303663443 -0.7801904678344727 504
1727303663479 -0.7801527976989746 505
1727303663515 -0.7801951169967651 506
1727303663551 -0.7801575660705566 507
1727303663587 -0.7801904678344727 508
1727303663623 -0.7801527976989746 509
1727303663658 -0.7801951169967651 510
1727303663694 -0.7801575660705566 511
1727303663729 -0.7801904678344727 512
1727303663766 -0.7801527976989746 513
1727303663804 -0.7801951169967651 514
1727303663843 -0.7801575660705566 515
1727303663884 -0.7801904678344727 516
1727303663920 -0.7801527976989746 517
1727303663958 -0.7801951169967651 518
1727303663997 -0.7801575660705566 519
1727303664035 -0.7801904678344727 520
1727303664072 -0.7801527976989746 521
1727303664108 -0.7801951169967651 522
1727303664143 -0.7801575660705566 523
1727303664177 -0.7801904678344727 524
1727303664212 -0.7801527976989746 525
1727303664247 -0.7801951169967651 526
1727303664283 -0.7801575660705566 527
1727303664320 -0.7801904678344727 528
1727303664357 -0.7801527976989746 529
1727303664393 -0.7801951169967651 530
1727303664427 -0.7801575660705566 531
1727303664462 -0.7801904678344727 532
1727303664496 -0.7801527976989746 533
1727303664531 -0.7801951169967651 534
1727303664567 -0.7801575660705566 535
1727303664602 -0.7801904678344727 536
1727303664637 -0.7801527976989746 537
1727303664672 -0.7801951169967651 538
1727303664707 -0.7801575660705566 539
1727303664742 -0.7801904678344727 540
1727303664777 -0.7801527976989746 541
1727303664814 -0.7801951169967651 542
1727303664849 -0.7801575660705566 543
1727303664884 -0.7801904678344727 544
1727303664919 -0.7801527976989746 545
1727303664955 -0.7801951169967651 546
1727303664991 -0.7801575660705566 547
1727303665026 -0.7801904678344727 548
1727303665063 -0.7801527976989746 549
1727303665102 -0.7801951169967651 550
1727303665136 -0.7801575660705566 551
1727303665171 -0.7801904678344727 552
1727303665209 -0.7801527976989746 553
1727303665245 -0.7801951169967651 554
1727303665281 -0.7801575660705566 555
1727303665318 -0.7801904678344727 556
1727303665354 -0.7801527976989746 557
1727303665389 -0.7801951169967651 558
1727303665425 -0.7801575660705566 559
1727303665460 -0.7801904678344727 560
1727303665496 -0.7801527976989746 561
1727303665534 -0.7801951169967651 562
1727303665570 -0.7801575660705566 563
1727303665608 -0.7801904678344727 564
1727303665646 -0.7801527976989746 565
1727303665683 -0.7801951169967651 566
1727303665720 -0.7801575660705566 567
1727303665757 -0.7801904678344727 568
1727303665794 -0.7801527976989746 569
1727303665829 -0.7801951169967651 570
1727303665863 -0.7801575660705566 571
1727303665897 -0.7801904678344727 572
1727303665932 -0.7801527976989746 573
1727303665967 -0.7801951169967651 574
1727303666001 -0.7801575660705566 575
1727303666036 -0.7801904678344727 576
1727303666073 -0.7801527976989746 577
1727303666108 -0.7801951169967651 578
1727303666144 -0.7801575660705566 579
1727303666178 -0.7801904678344727 580
1727303666213 -0.7801527976989746 581
1727303666247 -0.7801951169967651 582
1727303666282 -0.7801575660705566 583
1727303666317 -0.7801904678344727 584
1727303666353 -0.7801527976989746 585
1727303666388 -0.7801951169967651 586
1727303666423 -0.7801575660705566 587
1727303666458 -0.7801904678344727 588
1727303666494 -0.7801527976989746 589
1727303666529 -0.7801951169967651 590
1727303666565 -0.7801575660705566 591
1727303666601 -0.7801904678344727 592
1727303666636 -0.7801527976989746 593
1727303666673 -0.7801951169967651 594
1727303666709 -0.7801575660705566 595
1727303666746 -0.7801904678344727 596
1727303666783 -0.7801527976989746 597
1727303666820 -0.7801951169967651 598
1727303666857 -0.7801575660705566 599
1727303666892 -0.7801904678344727 600
1727303666927 -0.7801527976989746 601
1727303666963 -0.7801951169967651 602
1727303666999 -0.7801575660705566 603
1727303667035 -0.7801904678344727 604
1727303667072 -0.7801527976989746 605
1727303667107 -0.7801951169967651 606
1727303667143 -0.7801575660705566 607
1727303667178 -0.7801904678344727 608
1727303667214 -0.7801527976989746 609
1727303667249 -0.7801951169967651 610
1727303667284 -0.7801575660705566 611
1727303667320 -0.7801904678344727 612
1727303667357 -0.7801527976989746 613
1727303667392 -0.7801951169967651 614
1727303667428 -0.7801575660705566 615
1727303667462 -0.7801904678344727 616
1727303667498 -0.7801527976989746 617
1727303667534 -0.7801951169967651 618
1727303667570 -0.7801575660705566 619
1727303667607 -0.7801904678344727 620
1727303667642 -0.7801527976989746 621
1727303667677 -0.7801951169967651 622
1727303667712 -0.7801575660705566 623
1727303667748 -0.7801904678344727 624
1727303667782 -0.7801527976989746 625
1727303667818 -0.7801951169967651 626
1727303667853 -0.7801575660705566 627
1727303667888 -0.7801904678344727 628
1727303667924 -0.7801527976989746 629
1727303667960 -0.7801951169967651 630
1727303667995 -0.7801575660705566 631
1727303668031 -0.7801904678344727 632
1727303668067 -0.7801527976989746 633
1727303668104 -0.7801951169967651 634
1727303668140 -0.7801575660705566 635
1727303668175 -0.7801904678344727 636
1727303668211 -0.7801527976989746 637
1727303668246 -0.7801951169967651 638
1727303668283 -0.7801575660705566 639
1727303668320 -0.7801904678344727 640
1727303668356 -0.7801527976989746 641
1727303668392 -0.7801951169967651 642
1727303668428 -0.7801575660705566 643
1727303668463 -0.7801904678344727 644
1727303668499 -0.7801527976989746 645
1727303668536 -0.7801951169967651 646
1727303668572 -0.7801575660705566 647
1727303668609 -0.7801904678344727 648
1727303668645 -0.7801527976989746 649
1727303668681 -0.7801951169967651 650
1727303668717 -0.7801575660705566 651
1727303668754 -0.7801904678344727 652
1727303668789 -0.7801527976989746 653
1727303668825 -0.7801951169967651 654
1727303668861 -0.7801575660705566 655
1727303668896 -0.7801904678344727 656
1727303668932 -0.7801527976989746 657
1727303668967 -0.7801951169967651 658
1727303669003 -0.7801575660705566 659
1727303669039 -0.7801904678344727 660
1727303669074 -0.7801527976989746 661
1727303669110 -0.7801951169967651 662
1727303669145 -0.7801575660705566 663
1727303669182 -0.7801904678344727 664
1727303669218 -0.7801527976989746 665
1727303669253 -0.7801951169967651 666
1727303669287 -0.7801575660705566 667
1727303669322 -0.7801904678344727 668
1727303669358 -0.7801527976989746 669
1727303669393 -0.7801951169967651 670
1727303669429 -0.7801575660705566 671
1727303669465 -0.7801904678344727 672
1727303669499 -0.7801527976989746 673
1727303669534 -0.7801951169967651 674
1727303669569 -0.7801575660705566 675
1727303669605 -0.7801904678344727 676
1727303669641 -0.7801527976989746 677
1727303669676 -0.7801951169967651 678
1727303669712 -0.7801575660705566 679
1727303669748 -0.7801904678344727 680
1727303669784 -0.7801527976989746 681
1727303669820 -0.7801951169967651 682
1727303669856 -0.7801575660705566 683
1727303669891 -0.7801904678344727 684
1727303669925 -0.7801527976989746 685
1727303669960 -0.7801951169967651 686
1727303669994 -0.7801575660705566 687
1727303670030 -0.7801904678344727 688
1727303670067 -0.7801527976989746 689
1727303670102 -0.7801951169967651 690
1727303670137 -0.7801575660705566 691
1727303670171 -0.7801904678344727 692
1727303670206 -0.7801527976989746 693
1727303670241 -0.7801951169967651 694
1727303670275 -0.7801575660705566 695
1727303670315 -0.7801904678344727 696
1727303670355 -0.7801527976989746 697
1727303670392 -0.7801951169967651 698
1727303670429 -0.7801575660705566 699
1727303670465 -0.7801904678344727 700
1727303670501 -0.7801527976989746 701
1727303670537 -0.7801951169967651 702
1727303670572 -0.7801575660705566 703
1727303670608 -0.7801904678344727 704
1727303670643 -0.7801527976989746 705
1727303670679 -0.7801951169967651 706
1727303670723 -0.7801575660705566 707
1727303670763 -0.7801904678344727 708
1727303670800 -0.7801527976989746 709
1727303670837 -0.7801951169967651 710
1727303670874 -0.7801575660705566 711
1727303670910 -0.7801904678344727 712
1727303670948 -0.7801527976989746 713
1727303670984 -0.7801951169967651 714
1727303671023 -0.7801575660705566 715
1727303671058 -0.7801904678344727 716
1727303671093 -0.7801527976989746 717
1727303671128 -0.7801951169967651 718
1727303671164 -0.7801575660705566 719
1727303671199 -0.7801904678344727 720
1727303671234 -0.7801527976989746 721
1727303671269 -0.7801951169967651 722
1727303671315 -0.7801575660705566 723
1727303671359 -0.7801904678344727 724
1727303671397 -0.7801527976989746 725
1727303671431 -0.7801951169967651 726
1727303671468 -0.7801575660705566 727
1727303671507 -0.7801904678344727 728
1727303671543 -0.7801527976989746 729
1727303671585 -0.7801951169967651 730
1727303671624 -0.7801575660705566 731
1727303671660 -0.7801904678344727 732
1727303671696 -0.7801527976989746 733
1727303671732 -0.7801951169967651 734
1727303671771 -0.7801575660705566 735
1727303671812 -0.7801904678344727 736
1727303671853 -0.7801527976989746 737
1727303671893 -0.7801951169967651 738
1727303671934 -0.7801575660705566 739
1727303671975 -0.7801904678344727 740
1727303672017 -0.7801527976989746 741
1727303672058 -0.7801951169967651 742
1727303672102 -0.7801575660705566 743
1727303672146 -0.7801904678344727 744
1727303672190 -0.7801527976989746 745
1727303672237 -0.7801951169967651 746
1727303672280 -0.7801575660705566 747
1727303672323 -0.7801904678344727 748
1727303672367 -0.7801527976989746 749
1727303672409 -0.7801951169967651 750
1727303672450 -0.7801575660705566 751
1727303672490 -0.7801904678344727 752
1727303672529 -0.7801527976989746 753
1727303672566 -0.7801951169967651 754
1727303672605 -0.7801575660705566 755
1727303672642 -0.7801904678344727 756
1727303672679 -0.7801527976989746 757
1727303672716 -0.7801951169967651 758
1727303672753 -0.7801575660705566 759
1727303672791 -0.7801904678344727 760
1727303672828 -0.7801527976989746 761
1727303672867 -0.7801951169967651 762
1727303672903 -0.7801575660705566 763
1727303672944 -0.7801904678344727 764
1727303672982 -0.7801527976989746 765
1727303673020 -0.7801951169967651 766
1727303673057 -0.7801575660705566 767
1727303673095 -0.7801904678344727 768
1727303673132 -0.7801527976989746 769
1727303673169 -0.7801951169967651 770
1727303673207 -0.7801575660705566 771
1727303673244 -0.7801904678344727 772
1727303673281 -0.7801527976989746 773
1727303673319 -0.7801951169967651 774
1727303673358 -0.7801575660705566 775
1727303673393 -0.7801904678344727 776
1727303673430 -0.7801527976989746 777
1727303673467 -0.7801951169967651 778
1727303673504 -0.7801575660705566 779
1727303673540 -0.7801904678344727 780
1727303673575 -0.7801527976989746 781
1727303673611 -0.7801951169967651 782
1727303673647 -0.7801575660705566 783
1727303673684 -0.7801904678344727 784
1727303673720 -0.7801527976989746 785
1727303673755 -0.7801951169967651 786
1727303673792 -0.7801575660705566 787
1727303673827 -0.7801904678344727 788
1727303673863 -0.7801527976989746 789
1727303673899 -0.7801951169967651 790
1727303673936 -0.7801575660705566 791
1727303673973 -0.7801904678344727 792
1727303674010 -0.7801527976989746 793
1727303674047 -0.7801951169967651 794
1727303674083 -0.7801575660705566 795
1727303674122 -0.7801904678344727 796
1727303674157 -0.7801527976989746 797
1727303674194 -0.7801951169967651 798
1727303674228 -0.7801575660705566 799
1727303674265 -0.7801904678344727 800
1727303674301 -0.7801527976989746 801
1727303674337 -0.7801951169967651 802
1727303674373 -0.7801575660705566 803
1727303674409 -0.7801904678344727 804
1727303674446 -0.7801527976989746 805
1727303674482 -0.7801951169967651 806
1727303674520 -0.7801575660705566 807
1727303674555 -0.7801904678344727 808
1727303674590 -0.7801527976989746 809
1727303674624 -0.7801951169967651 810
1727303674659 -0.7801575660705566 811
1727303674693 -0.7801904678344727 812
1727303674727 -0.7801527976989746 813
1727303674762 -0.7801951169967651 814
1727303674798 -0.7801575660705566 815
1727303674834 -0.7801904678344727 816
1727303674869 -0.7801527976989746 817
1727303674904 -0.7801951169967651 818
1727303674940 -0.7801575660705566 819
1727303674975 -0.7801904678344727 820
1727303675010 -0.7801527976989746 821
1727303675045 -0.7801951169967651 822
1727303675081 -0.7801575660705566 823
1727303675119 -0.7801904678344727 824
1727303675158 -0.7801527976989746 825
1727303675196 -0.7801951169967651 826
1727303675234 -0.7801575660705566 827
1727303675270 -0.7801904678344727 828
1727303675306 -0.7801527976989746 829
1727303675342 -0.7801951169967651 830
1727303675381 -0.7801575660705566 831
1727303675420 -0.7801904678344727 832
1727303675460 -0.7801527976989746 833
1727303675500 -0.7801951169967651 834
1727303675544 -0.7801575660705566 835
1727303675583 -0.7801904678344727 836
1727303675620 -0.7801527976989746 837
1727303675657 -0.7801951169967651 838
1727303675694 -0.7801575660705566 839
1727303675731 -0.7801904678344727 840
1727303675768 -0.7801527976989746 841
1727303675805 -0.7801951169967651 842
1727303675841 -0.7801575660705566 843
1727303675877 -0.7801904678344727 844
1727303675912 -0.7801527976989746 845
1727303675947 -0.7801951169967651 846
1727303675983 -0.7801575660705566 847
1727303676018 -0.7801904678344727 848
1727303676053 -0.7801527976989746 849
1727303676089 -0.7801951169967651 850
1727303676129 -0.7801575660705566 851
1727303676166 -0.7801904678344727 852
1727303676201 -0.7801527976989746 853
1727303676237 -0.7801951169967651 854
1727303676273 -0.7801575660705566 855
1727303676310 -0.7801904678344727 856
1727303676346 -0.7801527976989746 857
1727303676382 -0.7801951169967651 858
1727303676417 -0.7801575660705566 859
1727303676453 -0.7801904678344727 860
1727303676488 -0.7801527976989746 861
1727303676523 -0.7801951169967651 862
1727303676559 -0.7801575660705566 863
1727303676595 -0.7801904678344727 864
1727303676632 -0.7801527976989746 865
1727303676667 -0.7801951169967651 866
1727303676702 -0.7801575660705566 867
1727303676737 -0.7801904678344727 868
1727303676772 -0.7801527976989746 869
1727303676810 -0.7801951169967651 870
1727303676845 -0.7801575660705566 871
1727303676880 -0.7801904678344727 872
1727303676916 -0.7801527976989746 873
1727303676953 -0.7801951169967651 874
1727303676988 -0.7801575660705566 875
1727303677023 -0.7801904678344727 876
1727303677058 -0.7801527976989746 877
1727303677092 -0.7801951169967651 878
1727303677128 -0.7801575660705566 879
1727303677162 -0.7801904678344727 880
1727303677197 -0.7801527976989746 881
1727303677231 -0.7801951169967651 882
1727303677266 -0.7801575660705566 883
1727303677301 -0.7801904678344727 884
1727303677336 -0.7801527976989746 885
1727303677370 -0.7801951169967651 886
1727303677405 -0.7801575660705566 887
1727303677440 -0.7801904678344727 888
1727303677474 -0.7801527976989746 889
1727303677511 -0.7801951169967651 890
1727303677546 -0.7801575660705566 891
1727303677581 -0.7801904678344727 892
1727303677616 -0.7801527976989746 893
1727303677651 -0.7801951169967651 894
1727303677687 -0.7801575660705566 895
1727303677721 -0.7801904678344727 896
1727303677756 -0.7801527976989746 897
1727303677792 -0.7801951169967651 898
1727303677828 -0.7801575660705566 899
1727303677863 -0.7801904678344727 900
1727303677914 -0.7801527976989746 901
1727303677959 -0.7801951169967651 902
1727303678007 -0.7801575660705566 903
1727303678060 -0.7801904678344727 904
1727303678116 -0.7801527976989746 905
1727303678163 -0.7801951169967651 906
1727303678208 -0.7801575660705566 907
1727303678251 -0.7801904678344727 908
1727303678294 -0.7801527976989746 909
1727303678336 -0.7801951169967651 910
1727303678381 -0.7801575660705566 911
1727303678424 -0.7801904678344727 912
1727303678468 -0.7801527976989746 913
1727303678513 -0.7801951169967651 914
1727303678557 -0.7801575660705566 915
1727303678601 -0.7801904678344727 916
1727303678646 -0.7801527976989746 917
1727303678692 -0.7801951169967651 918
1727303678736 -0.7801575660705566 919
1727303678783 -0.7801904678344727 920
1727303678830 -0.7801527976989746 921
1727303678877 -0.7801951169967651 922
1727303678922 -0.7801575660705566 923
1727303678967 -0.7801904678344727 924
1727303679014 -0.7801527976989746 925
1727303679058 -0.7801951169967651 926
1727303679107 -0.7801575660705566 927
1727303679161 -0.7801904678344727 928
1727303679209 -0.7801527976989746 929
1727303679250 -0.7801951169967651 930
1727303679293 -0.7801575660705566 931
1727303679335 -0.7801904678344727 932
1727303679378 -0.7801527976989746 933
1727303679425 -0.7801951169967651 934
1727303679477 -0.7801575660705566 935
1727303679519 -0.7801904678344727 936
1727303679559 -0.7801527976989746 937
1727303679600 -0.7801951169967651 938
1727303679641 -0.7801575660705566 939
1727303679678 -0.7801904678344727 940
1727303679718 -0.7801527976989746 941
1727303679756 -0.7801951169967651 942
1727303679794 -0.7801575660705566 943
1727303679831 -0.7801904678344727 944
1727303679866 -0.7801527976989746 945
1727303679903 -0.7801951169967651 946
1727303679941 -0.7801575660705566 947
1727303679978 -0.7801904678344727 948
1727303680015 -0.7801527976989746 949
1727303680052 -0.7801951169967651 950
1727303680087 -0.7801575660705566 951
1727303680123 -0.7801904678344727 952
1727303680161 -0.7801527976989746 953
1727303680197 -0.7801951169967651 954
1727303680233 -0.7801575660705566 955
1727303680271 -0.7801904678344727 956
1727303680307 -0.7801527976989746 957
1727303680343 -0.7801951169967651 958
1727303680381 -0.7801575660705566 959
1727303680416 -0.7801904678344727 960
1727303680453 -0.7801527976989746 961
1727303680489 -0.7801951169967651 962
1727303680527 -0.7801575660705566 963
1727303680562 -0.7801904678344727 964
1727303680597 -0.7801527976989746 965
1727303680634 -0.7801951169967651 966
1727303680674 -0.7801575660705566 967
1727303680711 -0.7801904678344727 968
1727303680747 -0.7801527976989746 969
1727303680782 -0.7801951169967651 970
1727303680820 -0.7801575660705566 971
1727303680856 -0.7801904678344727 972
1727303680891 -0.7801527976989746 973
1727303680926 -0.7801951169967651 974
1727303680963 -0.7801575660705566 975
1727303681000 -0.7801904678344727 976
1727303681035 -0.7801527976989746 977
1727303681071 -0.7801951169967651 978
1727303681111 -0.7801575660705566 979
1727303681151 -0.7801904678344727 980
1727303681190 -0.7801527976989746 981
1727303681227 -0.7801951169967651 982
1727303681264 -0.7801575660705566 983
1727303681301 -0.7801904678344727 984
1727303681338 -0.7801527976989746 985
1727303681375 -0.7801951169967651 986
1727303681412 -0.7801575660705566 987
1727303681449 -0.7801904678344727 988
1727303681487 -0.7801527976989746 989
1727303681523 -0.7801951169967651 990
1727303681558 -0.7801575660705566 991
1727303681594 -0.7801904678344727 992
1727303681631 -0.7801527976989746 993
1727303681669 -0.7801951169967651 994
1727303681705 -0.7801575660705566 995
1727303681748 -0.7801904678344727 996
1727303681785 -0.7801527976989746 997
1727303681821 -0.7801951169967651 998
1727303681857 -0.7801575660705566 999
