1727307440824 2.267016887664795 0
1727307440862 2.00966215133667 1
1727307440901 2.1653051376342773 2
1727307440939 2.164482831954956 3
1727307440977 2.2357242107391357 4
1727307441016 2.208498477935791 5
1727307441053 2.1654281616210938 6
1727307441089 2.0864648818969727 7
1727307441126 2.0917036533355713 8
1727307441165 2.0323684215545654 9
1727307441202 1.9604570865631104 10
1727307441239 1.9933899641036987 11
1727307441278 2.027254581451416 12
1727307441317 1.9561322927474976 13
1727307441356 2.0739638805389404 14
1727307441395 2.1495542526245117 15
1727307441433 2.119004011154175 16
1727307441472 1.9081737995147705 17
1727307441509 2.0691559314727783 18
1727307441547 2.2121617794036865 19
1727307441585 1.9950766563415527 20
1727307441626 1.9976993799209595 21
1727307441664 2.1387429237365723 22
1727307441703 2.092149257659912 23
1727307441741 2.1702942848205566 24
1727307441779 2.1665611267089844 25
1727307441819 2.038506269454956 26
1727307441859 2.1790127754211426 27
1727307441900 2.0215578079223633 28
1727307441942 2.094092845916748 29
1727307441981 2.0972907543182373 30
1727307442016 1.8858890533447266 31
1727307442051 2.068859577178955 32
1727307442091 2.004817247390747 33
1727307442128 2.190439462661743 34
1727307442164 2.0912508964538574 35
1727307442199 2.2112677097320557 36
1727307442236 2.1005589962005615 37
1727307442274 2.001523733139038 38
1727307442311 2.129589557647705 39
1727307442349 2.0430235862731934 40
1727307442387 2.208151340484619 41
1727307442424 2.206806182861328 42
1727307442460 2.070699453353882 43
1727307442497 1.9967899322509766 44
1727307442535 2.1506431102752686 45
1727307442572 2.0708539485931396 46
1727307442609 2.0471067428588867 47
1727307442646 1.2344979047775269 48
1727307442682 2.2165286540985107 49
1727307442719 2.1712448596954346 50
1727307442755 2.276829242706299 51
1727307442792 2.1090869903564453 52
1727307442829 2.0467255115509033 53
1727307442864 2.09438157081604 54
1727307442901 2.0805301666259766 55
1727307442936 2.0038063526153564 56
1727307442972 2.1815996170043945 57
1727307443009 2.172523021697998 58
1727307443046 1.9500341415405273 59
1727307443084 2.0756916999816895 60
1727307443123 2.1614625453948975 61
1727307443162 2.146942377090454 62
1727307443201 2.2110817432403564 63
1727307443238 2.1958649158477783 64
1727307443276 2.1333069801330566 65
1727307443315 1.9532567262649536 66
1727307443356 2.1959123611450195 67
1727307443394 2.041865825653076 68
1727307443431 2.214226484298706 69
1727307443466 2.2296488285064697 70
1727307443503 1.9469401836395264 71
1727307443540 2.0829153060913086 72
1727307443577 2.141497850418091 73
1727307443613 2.110724449157715 74
1727307443648 2.1422412395477295 75
1727307443684 2.189859390258789 76
1727307443721 2.163620710372925 77
1727307443759 2.1930789947509766 78
1727307443796 2.0245838165283203 79
1727307443832 2.1042418479919434 80
1727307443868 2.0846610069274902 81
1727307443906 2.089813232421875 82
1727307443943 2.126290798187256 83
1727307443980 2.1867291927337646 84
1727307444016 2.0156328678131104 85
1727307444052 2.217721462249756 86
1727307444089 2.0019869804382324 87
1727307444125 1.2344979047775269 88
1727307444161 2.166409730911255 89
1727307444197 2.044703483581543 90
1727307444233 2.161360263824463 91
1727307444269 2.0434679985046387 92
1727307444308 2.2497098445892334 93
1727307444345 2.2119596004486084 94
1727307444381 1.5788588523864746 95
1727307444417 2.2573835849761963 96
1727307444453 1.9985179901123047 97
1727307444490 2.067800760269165 98
1727307444526 2.2348594665527344 99
1727307444562 2.1354262828826904 100
1727307444599 2.016284704208374 101
1727307444635 2.149074077606201 102
1727307444672 1.7405976057052612 103
1727307444708 2.2039618492126465 104
1727307444745 2.0348329544067383 105
1727307444782 2.1944878101348877 106
1727307444819 1.9839437007904053 107
1727307444856 1.9655251502990723 108
1727307444893 2.012739658355713 109
1727307444930 2.0106747150421143 110
1727307444968 1.9582948684692383 111
1727307445005 1.9581018686294556 112
1727307445042 2.248584747314453 113
1727307445079 2.092216968536377 114
1727307445119 1.8487768173217773 115
1727307445156 2.0728931427001953 116
1727307445195 2.2142231464385986 117
1727307445233 2.19342041015625 118
1727307445270 2.200218677520752 119
1727307445308 2.0456395149230957 120
1727307445345 2.0348281860351562 121
1727307445383 1.9582948684692383 122
1727307445420 2.1234843730926514 123
1727307445456 2.0530643463134766 124
1727307445493 2.2140090465545654 125
1727307445532 2.0805625915527344 126
1727307445568 2.1962532997131348 127
1727307445605 2.182706594467163 128
1727307445641 2.071864604949951 129
1727307445678 2.047114610671997 130
1727307445715 2.0871613025665283 131
1727307445752 1.9830607175827026 132
1727307445789 2.0037639141082764 133
1727307445825 2.0527358055114746 134
1727307445861 2.126465320587158 135
1727307445898 1.9488842487335205 136
1727307445936 1.9995410442352295 137
1727307445971 2.2029762268066406 138
1727307446007 1.335769772529602 139
1727307446044 1.7451378107070923 140
1727307446080 2.0643506050109863 141
1727307446116 2.0479040145874023 142
1727307446153 2.0195631980895996 143
1727307446189 1.2344979047775269 144
1727307446224 1.2344979047775269 145
