1726236930730 1.3697903156280518 0
1726236930775 1.3697903156280518 1
1726236930815 1.3697903156280518 2
1726236930853 1.3697903156280518 3
1726236930891 1.3697903156280518 4
1726236930929 1.3697903156280518 5
1726236930967 1.3697903156280518 6
1726236931005 1.3697903156280518 7
1726236931044 1.3697903156280518 8
1726236931082 1.3697903156280518 9
1726236931120 1.3697903156280518 10
1726236931159 1.3697903156280518 11
1726236931198 1.3697903156280518 12
1726236931237 1.3697903156280518 13
1726236931276 1.3697903156280518 14
1726236931315 1.3697903156280518 15
1726236931355 1.3697903156280518 16
1726236931393 1.3697903156280518 17
1726236931432 1.3697903156280518 18
1726236931471 1.3697903156280518 19
1726236931510 1.3697903156280518 20
1726236931548 1.3697903156280518 21
1726236931587 1.3697903156280518 22
1726236931626 1.3697903156280518 23
1726236931665 1.3697903156280518 24
1726236931704 1.3697903156280518 25
1726236931744 1.3697903156280518 26
1726236931783 1.3697903156280518 27
1726236931822 1.3697903156280518 28
1726236931862 1.3697903156280518 29
1726236931903 1.3697903156280518 30
1726236931943 1.3697903156280518 31
1726236931987 1.3697903156280518 32
1726236932035 1.3697903156280518 33
1726236932072 1.3697903156280518 34
1726236932110 1.3697903156280518 35
1726236932148 1.3697903156280518 36
1726236932186 1.3697903156280518 37
1726236932224 1.3697903156280518 38
1726236932263 1.3697903156280518 39
1726236932301 1.3697903156280518 40
1726236932339 1.3697903156280518 41
1726236932378 1.3697903156280518 42
1726236932418 1.3697903156280518 43
1726236932457 1.3697903156280518 44
1726236932494 1.3697903156280518 45
1726236932533 1.3697903156280518 46
1726236932572 1.3697903156280518 47
1726236932610 1.3697903156280518 48
1726236932648 1.3697903156280518 49
1726236932687 1.3697903156280518 50
1726236932726 1.3697903156280518 51
1726236932765 1.3697903156280518 52
1726236932803 1.3697903156280518 53
1726236932842 1.3697903156280518 54
1726236932882 1.3697903156280518 55
1726236932920 1.3697903156280518 56
1726236932958 1.3697903156280518 57
1726236932997 1.3697903156280518 58
1726236933035 1.3697903156280518 59
1726236933073 1.3697903156280518 60
1726236933111 1.3697903156280518 61
1726236933150 1.3697903156280518 62
1726236933189 1.3697903156280518 63
1726236933228 1.3697903156280518 64
1726236933266 1.3697903156280518 65
1726236933306 1.3697903156280518 66
1726236933344 1.3697903156280518 67
1726236933383 1.3697903156280518 68
1726236933423 1.3697903156280518 69
1726236933461 1.3697903156280518 70
1726236933500 1.3697903156280518 71
1726236933539 1.3697903156280518 72
1726236933577 1.3697903156280518 73
1726236933616 1.3697903156280518 74
1726236933654 1.3697903156280518 75
1726236933693 1.3697903156280518 76
1726236933732 1.3697903156280518 77
1726236933770 1.3697903156280518 78
1726236933808 1.3697903156280518 79
1726236933847 1.3697903156280518 80
1726236933886 1.3697903156280518 81
1726236933924 1.3697903156280518 82
1726236933962 1.3697903156280518 83
1726236934000 1.3697903156280518 84
1726236934039 1.3697903156280518 85
1726236934077 1.3697903156280518 86
1726236934114 1.3697903156280518 87
1726236934154 1.3697903156280518 88
1726236934193 1.3697903156280518 89
1726236934230 1.3697903156280518 90
1726236934269 1.3697903156280518 91
1726236934313 1.3697903156280518 92
1726236934352 1.3697903156280518 93
1726236934390 1.3697903156280518 94
1726236934429 1.3697903156280518 95
1726236934468 1.3697903156280518 96
1726236934506 1.3697903156280518 97
1726236934544 1.3697903156280518 98
1726236934583 1.3697903156280518 99
1726236934623 1.3697903156280518 100
1726236934661 1.3697903156280518 101
1726236934699 1.3697903156280518 102
1726236934738 1.3697903156280518 103
1726236934777 1.3697903156280518 104
1726236934816 1.3697903156280518 105
1726236934855 1.3697903156280518 106
1726236934894 1.3697903156280518 107
1726236934932 1.3697903156280518 108
1726236934971 1.3697903156280518 109
1726236935010 1.3697903156280518 110
1726236935049 1.3697903156280518 111
1726236935087 1.3697903156280518 112
1726236935130 1.3697903156280518 113
1726236935174 1.3697903156280518 114
1726236935214 1.3697903156280518 115
1726236935254 1.3697903156280518 116
1726236935293 1.3697903156280518 117
1726236935332 1.3697903156280518 118
1726236935373 1.3697903156280518 119
1726236935412 1.3697903156280518 120
1726236935451 1.3697903156280518 121
1726236935490 1.3697903156280518 122
1726236935529 1.3697903156280518 123
1726236935567 1.3697903156280518 124
1726236935606 1.3697903156280518 125
1726236935646 1.3697903156280518 126
1726236935684 1.3697903156280518 127
1726236935722 1.3697903156280518 128
1726236935761 1.3697903156280518 129
1726236935800 1.3697903156280518 130
1726236935838 1.3697903156280518 131
1726236935877 1.3697903156280518 132
1726236935915 1.3697903156280518 133
1726236935953 1.3697903156280518 134
1726236935992 1.3697903156280518 135
1726236936030 1.3697903156280518 136
1726236936068 1.3697903156280518 137
1726236936106 1.3697903156280518 138
1726236936145 1.3697903156280518 139
1726236936183 1.3697903156280518 140
1726236936221 1.3697903156280518 141
1726236936260 1.3697903156280518 142
1726236936298 1.3697903156280518 143
1726236936335 1.3697903156280518 144
1726236936375 1.3697903156280518 145
1726236936413 1.3697903156280518 146
1726236936452 1.3697903156280518 147
1726236936490 1.3697903156280518 148
1726236936529 1.3697903156280518 149
1726236936567 1.3697903156280518 150
1726236936606 1.3697903156280518 151
1726236936645 1.3697903156280518 152
1726236936683 1.3697903156280518 153
1726236936721 1.3697903156280518 154
1726236936759 1.3697903156280518 155
1726236936797 1.3697903156280518 156
1726236936836 1.3697903156280518 157
1726236936875 1.3697903156280518 158
1726236936913 1.3697903156280518 159
1726236936951 1.3697903156280518 160
