1727301118489 2e-05 0
1727301118524 -0.13451576232910156 1
1727301118558 -0.20879614353179932 2
1727301118591 0.23699533939361572 3
1727301118626 -0.15710711479187012 4
1727301118659 -0.09427833557128906 5
1727301118693 0.1802968978881836 6
1727301118726 -0.1124882698059082 7
1727301118759 0.10952425003051758 8
1727301118792 -0.17996203899383545 9
1727301118827 0.14770543575286865 10
1727301118860 -0.13451552391052246 11
1727301118893 0.08153057098388672 12
1727301118928 -0.11904323101043701 13
1727301118962 0.03212857246398926 14
1727301118999 0.06748473644256592 15
1727301119040 0.10487532615661621 16
1727301119075 -0.05902242660522461 17
1727301119110 -0.08261966705322266 18
1727301119145 0.1070253849029541 19
1727301119181 -0.07492446899414062 20
1727301119217 0.021809101104736328 21
1727301119252 0.11949443817138672 22
1727301119286 -0.034578561782836914 23
1727301119319 0.019820213317871094 24
1727301119353 -0.15035533905029297 25
1727301119386 0.12728166580200195 26
1727301119421 -0.03890824317932129 27
1727301119455 -0.10243868827819824 28
1727301119490 0.2182750701904297 29
1727301119527 -0.1367640495300293 30
1727301119561 0.006412982940673828 31
1727301119596 0.0432891845703125 32
1727301119629 -0.21740484237670898 33
1727301119662 0.0886228084564209 34
1727301119696 -0.7687510251998901 35
1727301119731 0.9436560869216919 36
1727301119765 -0.0362553596496582 37
1727301119799 0.04545307159423828 38
1727301119833 -0.19222939014434814 39
1727301119866 0.049626946449279785 40
1727301119900 -0.04849231243133545 41
1727301119934 0.05765259265899658 42
1727301119968 0.18544268608093262 43
1727301120003 -0.1345982551574707 44
1727301120038 -0.04550743103027344 45
1727301120072 -0.08553552627563477 46
1727301120106 0.1585073471069336 47
1727301120139 0.05672883987426758 48
1727301120172 -0.07937002182006836 49
1727301120206 3.8313629627227783 50
1727301120243 0.9076828956604004 51
1727301120281 -4.992287755012512 52
1727301120316 0.3391646146774292 53
1727301120353 -0.1554727554321289 54
1727301120388 0.15622615814208984 55
1727301120425 -0.1110069751739502 56
1727301120460 4.704111576080322 57
1727301120504 -4.612575531005859 58
1727301120538 0.04691314697265625 59
1727301120574 0.012028694152832031 60
1727301120608 -0.06035637855529785 61
1727301120644 4.539025545120239 62
1727301120679 -4.636875629425049 63
1727301120715 -0.39181482791900635 64
1727301120752 0.36875736713409424 65
1727301120788 -0.22380316257476807 66
1727301120824 0.4036303758621216 67
1727301120859 -0.1697838306427002 68
1727301120894 0.15152931213378906 69
1727301120930 -0.11718893051147461 70
1727301120967 0.04405927658081055 71
1727301121005 -0.15598666667938232 72
1727301121040 0.1582580804824829 73
1727301121074 0.05199098587036133 74
1727301121109 0.04309725761413574 75
1727301121143 -0.05411267280578613 76
1727301121177 -0.20308959484100342 77
1727301121211 0.10131657123565674 78
1727301121245 0.05482125282287598 79
1727301121279 -0.21547257900238037 80
1727301121315 0.3097473382949829 81
1727301121349 -0.1063852310180664 82
1727301121385 -0.8925901651382446 83
1727301121419 0.9636529684066772 84
1727301121454 -0.19819343090057373 85
1727301121488 0.07030594348907471 86
1727301121523 0.03222346305847168 87
1727301121561 -0.34911298751831055 88
1727301121601 0.11600732803344727 89
1727301121638 0.1336221694946289 90
1727301121676 0.020864486694335938 91
1727301121719 0.17902064323425293 92
1727301121766 -0.022918224334716797 93
1727301121809 -0.09598350524902344 94
1727301121854 -0.19238924980163574 95
1727301121899 0.1751859188079834 96
1727301121945 -0.05847883224487305 97
1727301121990 0.10664939880371094 98
1727301122035 0.10205507278442383 99
1727301122079 -0.10114669799804688 100
1727301122127 -0.05728340148925781 101
1727301122177 -0.15950512886047363 102
1727301122227 0.13013529777526855 103
1727301122273 0.015620231628417969 104
1727301122315 0.09047508239746094 105
1727301122359 0.046751976013183594 106
1727301122403 -0.05448579788208008 107
1727301122447 0.004647731781005859 108
1727301122491 0.039638519287109375 109
1727301122534 -0.17342805862426758 110
1727301122576 0.15387773513793945 111
1727301122621 -0.056412458419799805 112
1727301122663 -0.05671548843383789 113
1727301122708 0.11691141128540039 114
1727301122757 0.010508298873901367 115
1727301122805 0.03267192840576172 116
1727301122849 0.06332540512084961 117
1727301122893 -0.43484699726104736 118
1727301122936 0.3423827886581421 119
1727301122980 -0.1364574432373047 120
1727301123022 0.14832240343093872 121
1727301123062 -0.19596654176712036 122
1727301123103 0.09921646118164062 123
1727301123146 0.05205273628234863 124
1727301123198 -0.10583281517028809 125
1727301123239 -0.7969683408737183 126
1727301123278 0.9800525903701782 127
1727301123317 -0.1346428394317627 128
1727301123358 -0.04449295997619629 129
1727301123401 0.1793675422668457 130
1727301123440 -0.08519530296325684 131
1727301123478 -0.0531315803527832 132
1727301123515 0.10777020454406738 133
1727301123551 -0.07542824745178223 134
1727301123588 0.013065338134765625 135
1727301123633 0.10874199867248535 136
1727301123675 -0.14085888862609863 137
1727301123712 -0.008607625961303711 138
1727301123750 0.12823748588562012 139
1727301123786 -0.07210803031921387 140
1727301123822 -0.09229874610900879 141
1727301123859 -0.03228116035461426 142
1727301123893 -0.0722053050994873 143
1727301123928 0.24883532524108887 144
1727301123963 -0.07691097259521484 145
1727301123997 -0.1023409366607666 146
1727301124030 0.14491915702819824 147
1727301124064 -0.02741408348083496 148
1727301124100 -0.06291365623474121 149
1727301124142 -0.16186070442199707 150
1727301124185 0.09261023998260498 151
1727301124222 0.20689260959625244 152
1727301124257 -0.10913467407226562 153
1727301124292 -0.17086279392242432 154
1727301124331 0.2944873571395874 155
1727301124377 -0.01602315902709961 156
1727301124422 -0.02892303466796875 157
1727301124465 -0.33689677715301514 158
1727301124503 0.3252905607223511 159
1727301124541 -0.0896751880645752 160
1727301124579 3.8703784942626953 161
1727301124616 -3.840332269668579 162
1727301124652 -0.09725618362426758 163
1727301124688 0.09626579284667969 164
1727301124725 0.02511453628540039 165
1727301124760 0.08011221885681152 166
1727301124794 -0.024836301803588867 167
1727301124829 -0.10160064697265625 168
1727301124862 -0.019536972045898438 169
1727301124895 0.097991943359375 170
1727301124928 -0.07496023178100586 171
1727301124963 0.03158068656921387 172
1727301124996 -0.018186569213867188 173
1727301125029 0.07793450355529785 174
1727301125063 -0.028946638107299805 175
1727301125095 0.05196738243103027 176
1727301125130 -0.16443347930908203 177
1727301125164 0.1363997459411621 178
1727301125199 -0.016766071319580078 179
1727301125237 -0.014041900634765625 180
1727301125290 0.03484058380126953 181
1727301125338 -0.03924274444580078 182
1727301125381 0.07825422286987305 183
1727301125423 -0.1659402847290039 184
1727301125472 0.1849365234375 185
1727301125514 -0.16164946556091309 186
1727301125550 -0.0664517879486084 187
1727301125586 0.07028579711914062 188
1727301125623 -0.22943121194839478 189
1727301125659 0.17239052057266235 190
1727301125695 -0.07916152477264404 191
1727301125731 0.07035195827484131 192
1727301125768 0.21063756942749023 193
1727301125802 -0.050820112228393555 194
1727301125837 -0.013442516326904297 195
1727301125872 0.11077547073364258 196
1727301125907 -0.16318368911743164 197
1727301125940 0.0406343936920166 198
1727301125974 -0.11335277557373047 199
1727301126007 0.06833314895629883 200
1727301126040 -0.09377789497375488 201
1727301126075 0.12797141075134277 202
1727301126111 -0.04620504379272461 203
1727301126147 0.03161168098449707 204
1727301126182 -0.18354558944702148 205
1727301126218 0.22411727905273438 206
1727301126253 -0.1095125675201416 207
1727301126288 0.13731002807617188 208
1727301126323 -0.3996751308441162 209
1727301126356 0.3349578380584717 210
1727301126389 -0.29571282863616943 211
1727301126421 0.38284003734588623 212
1727301126454 -0.041124820709228516 213
1727301126486 0.029712677001953125 214
1727301126519 -0.1176300048828125 215
1727301126551 0.03658699989318848 216
1727301126583 -0.014090776443481445 217
1727301126616 -0.2595670223236084 218
1727301126649 0.18628334999084473 219
1727301126685 0.1334528923034668 220
1727301126726 -0.7162995338439941 221
1727301126763 0.7772839069366455 222
1727301126800 -0.21777892112731934 223
1727301126836 0.19681739807128906 224
1727301126871 -0.1099863052368164 225
1727301126909 -0.13418078422546387 226
1727301126944 0.013543486595153809 227
1727301126981 0.15772545337677002 228
1727301127018 0.0011386871337890625 229
1727301127052 -0.07298636436462402 230
1727301127087 0.15535902976989746 231
1727301127123 -0.09075212478637695 232
1727301127157 0.031162500381469727 233
1727301127190 -0.053002119064331055 234
1727301127225 -0.06822848320007324 235
1727301127262 0.16232085227966309 236
1727301127298 -0.20928025245666504 237
1727301127334 3.9579074382781982 238
1727301127369 -3.8068056106567383 239
1727301127405 -0.05304145812988281 240
1727301127440 0.06142449378967285 241
1727301127475 -0.13481616973876953 242
1727301127509 -0.14220869541168213 243
1727301127545 0.2986537218093872 244
1727301127579 -0.07258343696594238 245
1727301127615 0.08301329612731934 246
1727301127650 -0.13706111907958984 247
1727301127685 -0.0629723072052002 248
1727301127722 -0.7400449514389038 249
1727301127756 0.0 250
