1726437098269 1.5834753513336182 0
1726437098297 1.5543352365493774 1
1726437098323 1.5299071073532104 2
1726437098351 1.5485769510269165 3
1726437098381 1.4652185440063477 4
1726437098412 1.5298010110855103 5
1726437098445 1.4536272287368774 6
1726437098481 1.4589874744415283 7
1726437098513 1.4148499965667725 8
1726437098541 1.2371320724487305 9
1726437098568 1.4498053789138794 10
1726437098597 1.4206044673919678 11
1726437098624 1.370975375175476 12
1726437098652 1.3145060539245605 13
1726437098680 1.5781254768371582 14
1726437098709 1.5576987266540527 15
1726437098737 1.2697612047195435 16
1726437098765 1.3566821813583374 17
1726437098792 1.445429801940918 18
1726437098820 1.3164869546890259 19
1726437098849 1.158969521522522 20
1726437098877 1.3820068836212158 21
1726437098906 1.3268002271652222 22
1726437098933 1.4359098672866821 23
1726437098960 1.5220098495483398 24
1726437098989 1.569978952407837 25
1726437099017 1.5600662231445312 26
1726437099045 1.4352548122406006 27
1726437099073 1.5099515914916992 28
1726437099102 1.5396275520324707 29
1726437099130 1.1947789192199707 30
1726437099158 1.4667584896087646 31
1726437099185 1.3484885692596436 32
1726437099212 1.3172593116760254 33
1726437099239 1.19996178150177 34
1726437099274 1.2089356184005737 35
1726437099304 0.9240539073944092 36
1726437099332 0.6224528551101685 37
1726437099360 1.0281994342803955 38
1726437099388 0.8708460330963135 39
1726437099416 0.9763007164001465 40
1726437099445 0.8309038281440735 41
1726437099475 0.9997685551643372 42
1726437099504 1.0795178413391113 43
1726437099535 1.275904655456543 44
1726437099565 1.3263142108917236 45
1726437099592 1.4907033443450928 46
1726437099621 1.5138413906097412 47
1726437099648 1.4161545038223267 48
1726437099694 1.4822428226470947 49
1726437099734 1.553725004196167 50
1726437099773 1.4287810325622559 51
1726437099803 1.216965675354004 52
1726437099832 1.219353437423706 53
1726437099863 1.268164873123169 54
1726437099892 1.316887378692627 55
1726437099923 1.4258780479431152 56
1726437099952 1.3199710845947266 57
1726437099982 1.280670404434204 58
1726437100011 1.348164439201355 59
1726437100041 1.2757960557937622 60
1726437100070 1.2688941955566406 61
1726437100100 1.3414456844329834 62
1726437100129 1.4001249074935913 63
1726437100159 1.521782636642456 64
1726437100190 1.4999616146087646 65
1726437100219 1.5820711851119995 66
1726437100249 1.5305171012878418 67
1726437100278 1.5194661617279053 68
1726437100307 1.4559727907180786 69
1726437100337 1.5289018154144287 70
1726437100366 1.5848686695098877 71
1726437100395 1.476547122001648 72
1726437100424 1.4753990173339844 73
1726437100454 1.4482769966125488 74
1726437100482 1.1030948162078857 75
1726437100511 1.4571964740753174 76
1726437100539 1.5745195150375366 77
1726437100568 1.4537793397903442 78
1726437100597 1.4827566146850586 79
1726437100626 1.4680662155151367 80
1726437100654 1.5515680313110352 81
1726437100685 1.4683144092559814 82
1726437100714 1.4839460849761963 83
1726437100743 1.4771515130996704 84
1726437100771 1.5272704362869263 85
1726437100799 1.418775200843811 86
1726437100828 1.457750916481018 87
1726437100856 1.5106227397918701 88
1726437100886 1.312941312789917 89
1726437100920 1.302937388420105 90
1726437100948 0.861669659614563 91
1726437100978 1.319324016571045 92
1726437101006 1.344159483909607 93
1726437101033 1.4841704368591309 94
1726437101061 1.3632432222366333 95
1726437101090 1.3350884914398193 96
1726437101119 1.3834847211837769 97
1726437101148 1.2212938070297241 98
1726437101177 1.5172584056854248 99
1726437101205 1.5511127710342407 100
1726437101233 1.54620361328125 101
1726437101261 1.4362664222717285 102
1726437101293 1.5565295219421387 103
1726437101322 1.4994621276855469 104
1726437101350 1.5809175968170166 105
1726437101379 1.5656137466430664 106
1726437101407 1.5437157154083252 107
1726437101435 1.4107818603515625 108
1726437101462 1.2506216764450073 109
1726437101489 1.0951404571533203 110
1726437101515 1.1276166439056396 111
1726437101542 0.9527409076690674 112
1726437101571 1.3620457649230957 113
1726437101604 1.5151368379592896 114
1726437101635 1.2622321844100952 115
1726437101664 1.5127063989639282 116
1726437101696 1.4912439584732056 117
1726437101727 1.5410873889923096 118
1726437101760 1.5135443210601807 119
1726437101791 1.383576512336731 120
1726437101820 1.4464417695999146 121
1726437101848 1.4989557266235352 122
1726437101880 1.5384140014648438 123
1726437101909 1.5751755237579346 124
1726437101938 1.5293312072753906 125
1726437101967 1.5842528343200684 126
1726437101995 1.5751800537109375 127
1726437102025 1.5007764101028442 128
1726437102054 1.5362741947174072 129
1726437102083 1.5639288425445557 130
1726437102112 1.4326251745224 131
1726437102141 1.3607778549194336 132
1726437102170 1.4683551788330078 133
1726437102198 1.1618719100952148 134
1726437102227 1.4073905944824219 135
1726437102261 1.5114858150482178 136
1726437102291 1.4347124099731445 137
1726437102320 1.5007809400558472 138
1726437102349 1.5374077558517456 139
1726437102379 1.4952117204666138 140
1726437102409 1.354810357093811 141
1726437102438 1.3675823211669922 142
1726437102466 1.5079902410507202 143
1726437102495 1.5434224605560303 144
1726437102523 1.4672420024871826 145
1726437102551 1.5027334690093994 146
1726437102579 1.5716869831085205 147
1726437102609 1.580173134803772 148
1726437102637 1.5679844617843628 149
1726437102665 1.5681227445602417 150
1726437102694 1.5515532493591309 151
1726437102721 1.5673482418060303 152
1726437102750 1.5166743993759155 153
1726437102780 1.4864838123321533 154
1726437102808 1.3361010551452637 155
1726437102837 1.4370778799057007 156
1726437102866 1.3506499528884888 157
1726437102893 1.225683569908142 158
1726437102923 1.155885100364685 159
1726437102951 1.5026391744613647 160
1726437102985 1.2281861305236816 161
1726437103020 1.2830522060394287 162
1726437103055 1.4484235048294067 163
1726437103090 1.0462646484375 164
1726437103124 1.4022266864776611 165
1726437103154 1.5286295413970947 166
1726437103184 1.452742576599121 167
1726437103214 1.5586013793945312 168
1726437103243 1.4221789836883545 169
1726437103272 1.271017074584961 170
1726437103300 1.4341577291488647 171
1726437103328 1.5599579811096191 172
1726437103355 1.5541977882385254 173
1726437103383 1.5468287467956543 174
1726437103409 1.2116897106170654 175
1726437103436 1.2789863348007202 176
1726437103463 1.4274203777313232 177
1726437103492 1.0816857814788818 178
1726437103522 1.197066068649292 179
1726437103551 1.3048666715621948 180
1726437103579 1.507573127746582 181
1726437103606 1.4259415864944458 182
1726437103635 1.4663360118865967 183
1726437103663 1.4533134698867798 184
1726437103694 1.5828535556793213 185
1726437103732 1.5438833236694336 186
1726437103763 1.5459084510803223 187
1726437103796 1.5225481986999512 188
1726437103829 1.537524938583374 189
1726437103861 1.5814660787582397 190
1726437103891 1.534595012664795 191
1726437103919 1.4955637454986572 192
1726437103949 1.5254580974578857 193
1726437103979 1.4305683374404907 194
1726437104008 1.268008828163147 195
1726437104038 1.0676881074905396 196
1726437104068 0.9093606472015381 197
1726437104096 0.8669673800468445 198
1726437104125 1.0653380155563354 199
1726437104157 1.319505214691162 200
1726437104187 1.5085389614105225 201
1726437104217 1.5423521995544434 202
1726437104246 1.5794925689697266 203
1726437104272 1.5770232677459717 204
1726437104299 1.5735208988189697 205
1726437104330 1.5187188386917114 206
1726437104360 1.300520896911621 207
1726437104389 1.3638027906417847 208
1726437104417 1.3114097118377686 209
1726437104447 1.3468225002288818 210
1726437104479 1.3486921787261963 211
1726437104508 1.1001619100570679 212
1726437104536 1.0830663442611694 213
1726437104565 1.0184911489486694 214
1726437104592 1.3431682586669922 215
1726437104625 1.5437066555023193 216
1726437104653 1.569007158279419 217
1726437104683 1.5802819728851318 218
1726437104711 1.5608456134796143 219
1726437104738 1.572744607925415 220
1726437104765 1.5194225311279297 221
1726437104792 1.573246717453003 222
1726437104820 1.3932766914367676 223
1726437104850 1.4106217622756958 224
1726437104882 1.4736225605010986 225
1726437104911 1.3855268955230713 226
1726437104940 1.5685923099517822 227
1726437104968 1.5757255554199219 228
1726437104996 1.521402359008789 229
1726437105024 1.512932538986206 230
1726437105054 1.5477275848388672 231
1726437105082 1.559953212738037 232
1726437105111 1.5840277671813965 233
1726437105138 1.5839046239852905 234
1726437105166 1.5156632661819458 235
1726437105195 1.571725606918335 236
1726437105222 1.5488470792770386 237
1726437105249 1.4994698762893677 238
1726437105277 1.3750643730163574 239
1726437105308 1.493896484375 240
1726437105338 1.5407633781433105 241
1726437105368 1.5073343515396118 242
1726437105396 1.578169822692871 243
1726437105426 1.5382158756256104 244
1726437105455 1.5290077924728394 245
1726437105485 1.553978443145752 246
1726437105514 1.5487439632415771 247
1726437105542 1.5162205696105957 248
1726437105569 1.4741156101226807 249
1726437105599 1.4040350914001465 250
1726437105629 1.5506283044815063 251
1726437105657 1.577275276184082 252
1726437105686 1.4571411609649658 253
1726437105716 1.5019481182098389 254
1726437105747 1.1050901412963867 255
1726437105778 1.1686296463012695 256
1726437105807 1.3544772863388062 257
1726437105838 1.2740416526794434 258
1726437105868 1.5443915128707886 259
1726437105900 1.5228605270385742 260
1726437105931 1.5734338760375977 261
1726437105961 1.561010479927063 262
1726437105990 1.5794460773468018 263
1726437106019 1.5742133855819702 264
1726437106048 1.536909580230713 265
1726437106077 1.3828132152557373 266
1726437106105 1.5249073505401611 267
1726437106133 1.5649820566177368 268
1726437106162 1.5823456048965454 269
1726437106191 1.5665898323059082 270
1726437106218 1.5537729263305664 271
1726437106246 1.4395660161972046 272
1726437106274 1.57413649559021 273
1726437106302 1.4697673320770264 274
1726437106332 1.4988884925842285 275
1726437106362 1.4066499471664429 276
1726437106389 1.3602112531661987 277
1726437106423 1.5262179374694824 278
1726437106456 1.4650719165802002 279
1726437106486 1.568897008895874 280
1726437106521 1.5817012786865234 281
1726437106551 1.575954794883728 282
1726437106582 1.5587270259857178 283
1726437106613 1.544914960861206 284
1726437106642 1.4762459993362427 285
1726437106675 1.4576867818832397 286
1726437106708 1.458707332611084 287
1726437106746 1.4502718448638916 288
1726437106783 1.4176689386367798 289
1726437106823 1.4851773977279663 290
1726437106870 1.5071418285369873 291
1726437106908 1.1511718034744263 292
1726437106946 1.2154868841171265 293
1726437106986 1.2747292518615723 294
1726437107024 1.2643847465515137 295
1726437107063 1.241549015045166 296
1726437107101 1.3930206298828125 297
1726437107137 1.1953113079071045 298
1726437107176 0.9885923862457275 299
1726437107213 1.0987801551818848 300
1726437107247 1.546290636062622 301
1726437107281 1.4774599075317383 302
1726437107314 1.3722774982452393 303
1726437107350 1.460329532623291 304
1726437107388 1.3626141548156738 305
1726437107427 1.3622239828109741 306
1726437107462 1.5777695178985596 307
1726437107496 1.5778697729110718 308
1726437107532 1.5365409851074219 309
1726437107571 1.5819485187530518 310
1726437107608 1.504347324371338 311
1726437107641 1.3524714708328247 312
1726437107674 1.568455696105957 313
1726437107713 1.5730741024017334 314
1726437107747 1.4287317991256714 315
1726437107785 1.4325988292694092 316
1726437107822 1.5629701614379883 317
1726437107860 1.561004877090454 318
1726437107894 1.503521203994751 319
1726437107928 1.4808776378631592 320
1726437107968 1.4776551723480225 321
1726437108007 1.4488112926483154 322
1726437108046 1.4078731536865234 323
1726437108079 1.5587859153747559 324
1726437108112 1.5339856147766113 325
1726437108147 1.5267856121063232 326
1726437108179 1.5324630737304688 327
1726437108212 1.5392420291900635 328
1726437108244 1.5505340099334717 329
1726437108276 1.5634715557098389 330
1726437108310 1.375152826309204 331
1726437108340 1.4374191761016846 332
1726437108369 1.4685555696487427 333
1726437108398 1.4844331741333008 334
1726437108426 1.5614900588989258 335
1726437108455 1.5371906757354736 336
1726437108484 1.3695628643035889 337
1726437108514 1.3545019626617432 338
1726437108543 1.495452642440796 339
1726437108575 1.4739625453948975 340
1726437108615 1.470325231552124 341
1726437108653 1.559111475944519 342
1726437108687 1.5153796672821045 343
1726437108719 1.4173264503479004 344
1726437108750 1.433013916015625 345
1726437108784 1.5305771827697754 346
1726437108818 1.5843560695648193 347
1726437108848 1.573318362236023 348
1726437108880 1.487131953239441 349
1726437108910 1.4633774757385254 350
1726437108940 1.5095069408416748 351
1726437108971 1.577439308166504 352
1726437109002 1.5486161708831787 353
1726437109034 1.5646381378173828 354
1726437109063 1.4321355819702148 355
1726437109093 1.4976978302001953 356
1726437109122 1.3705307245254517 357
1726437109151 1.2581591606140137 358
1726437109184 1.4062983989715576 359
1726437109214 1.459873914718628 360
1726437109243 1.5715110301971436 361
1726437109276 1.5715112686157227 362
1726437109306 1.5451912879943848 363
1726437109338 1.5682501792907715 364
1726437109368 1.532958984375 365
1726437109396 1.582474946975708 366
1726437109428 1.485145092010498 367
1726437109457 1.5070347785949707 368
1726437109488 1.4735889434814453 369
1726437109519 1.3516066074371338 370
1726437109548 1.5633481740951538 371
1726437109579 1.470315933227539 372
1726437109611 1.4613757133483887 373
1726437109641 1.45662522315979 374
1726437109673 1.5500969886779785 375
1726437109703 1.3659906387329102 376
1726437109734 1.3426716327667236 377
1726437109764 1.4670175313949585 378
1726437109794 1.4610238075256348 379
1726437109825 1.5142240524291992 380
1726437109854 1.5742743015289307 381
1726437109885 1.5642058849334717 382
1726437109916 1.5769402980804443 383
1726437109946 1.4713462591171265 384
1726437109977 1.4093170166015625 385
1726437110007 1.5192277431488037 386
1726437110039 1.4697527885437012 387
1726437110071 1.537102460861206 388
1726437110101 1.5795488357543945 389
1726437110134 1.553195834159851 390
1726437110167 1.5683830976486206 391
1726437110199 1.5445640087127686 392
1726437110229 1.5533183813095093 393
1726437110260 1.5552864074707031 394
1726437110292 1.5555548667907715 395
1726437110323 1.5817031860351562 396
1726437110356 1.581216812133789 397
1726437110386 1.5669832229614258 398
1726437110416 1.5400874614715576 399
1726437110447 1.3610098361968994 400
1726437110476 1.3325324058532715 401
1726437110506 1.4819259643554688 402
1726437110534 1.4734184741973877 403
1726437110563 1.4849910736083984 404
1726437110594 1.5662438869476318 405
1726437110624 1.4607696533203125 406
1726437110653 1.5413572788238525 407
1726437110681 1.5015864372253418 408
1726437110709 1.4087646007537842 409
1726437110737 1.5509693622589111 410
1726437110767 1.5588204860687256 411
1726437110796 1.4345788955688477 412
1726437110827 1.5074975490570068 413
1726437110856 1.412796974182129 414
1726437110886 1.247788906097412 415
1726437110915 1.4489859342575073 416
1726437110943 1.5778920650482178 417
1726437110972 1.5776419639587402 418
1726437111001 1.5776355266571045 419
1726437111030 1.4158918857574463 420
1726437111058 1.5015230178833008 421
1726437111087 1.5504364967346191 422
1726437111115 1.4303443431854248 423
1726437111143 1.5035558938980103 424
1726437111170 1.5519742965698242 425
1726437111199 1.5798225402832031 426
1726437111229 1.5542917251586914 427
1726437111257 1.4937517642974854 428
1726437111286 1.5296072959899902 429
1726437111315 1.5225634574890137 430
1726437111348 1.502476453781128 431
1726437111383 1.5224392414093018 432
1726437111415 1.5239243507385254 433
1726437111444 1.5146174430847168 434
1726437111474 1.57479989528656 435
1726437111503 1.296061635017395 436
1726437111537 1.4601470232009888 437
1726437111567 1.567510962486267 438
1726437111602 1.5133594274520874 439
1726437111638 1.4988505840301514 440
1726437111676 1.3503775596618652 441
1726437111709 1.354482889175415 442
1726437111740 1.4202563762664795 443
1726437111769 1.3805280923843384 444
1726437111800 1.4538294076919556 445
1726437111828 1.5713188648223877 446
1726437111858 1.4996613264083862 447
1726437111887 1.5710570812225342 448
1726437111916 1.5668249130249023 449
1726437111945 1.5638172626495361 450
1726437111975 1.5620481967926025 451
1726437112004 1.4736545085906982 452
1726437112033 1.4773471355438232 453
1726437112061 1.5759204626083374 454
1726437112090 1.5775880813598633 455
1726437112120 1.5783753395080566 456
1726437112150 1.5788054466247559 457
1726437112178 1.579063057899475 458
1726437112206 1.4722900390625 459
1726437112233 1.5202157497406006 460
1726437112263 1.5213868618011475 461
1726437112291 1.4799463748931885 462
1726437112319 1.4789055585861206 463
1726437112347 1.4756580591201782 464
1726437112377 1.573641300201416 465
1726437112408 1.5341718196868896 466
1726437112437 1.5837280750274658 467
1726437112466 1.5823945999145508 468
1726437112498 1.5121005773544312 469
1726437112528 1.5815373659133911 470
1726437112556 1.4873125553131104 471
1726437112584 1.444901466369629 472
1726437112612 1.51597261428833 473
1726437112644 1.555811882019043 474
1726437112674 1.5605378150939941 475
1726437112704 1.5467610359191895 476
1726437112733 1.527510404586792 477
1726437112761 1.5280190706253052 478
1726437112791 1.5532032251358032 479
1726437112820 1.5765659809112549 480
1726437112849 1.580100417137146 481
1726437112878 1.5808041095733643 482
1726437112908 1.582000732421875 483
1726437112939 1.5264687538146973 484
1726437112969 1.4418702125549316 485
1726437113001 1.4298837184906006 486
1726437113032 1.4829332828521729 487
1726437113061 1.5162320137023926 488
1726437113094 1.4464800357818604 489
1726437113123 1.4683051109313965 490
1726437113155 1.4735338687896729 491
1726437113189 1.5575687885284424 492
1726437113221 1.5692226886749268 493
1726437113253 1.562983512878418 494
1726437113283 1.5754623413085938 495
1726437113313 1.5328583717346191 496
1726437113344 1.547925591468811 497
1726437113377 1.5508034229278564 498
1726437113410 1.5529242753982544 499
1726437113441 1.5546951293945312 500
1726437113472 1.5561676025390625 501
1726437113507 1.557368278503418 502
1726437113541 1.5583326816558838 503
1726437113572 1.5590996742248535 504
1726437113603 1.5799812078475952 505
1726437113633 1.500483512878418 506
1726437113666 1.5457322597503662 507
1726437113696 1.5822906494140625 508
1726437113725 1.5382739305496216 509
1726437113754 1.5714499950408936 510
1726437113786 1.571462869644165 511
1726437113818 1.5719728469848633 512
1726437113848 1.5727241039276123 513
1726437113879 1.5734981298446655 514
1726437113909 1.5741877555847168 515
1726437113940 1.574760913848877 516
1726437113971 1.5752203464508057 517
1726437114003 1.5755822658538818 518
1726437114033 1.5758640766143799 519
1726437114067 1.576082468032837 520
1726437114099 1.5762516260147095 521
1726437114129 1.5763822793960571 522
1726437114159 1.5764832496643066 523
1726437114191 1.576561450958252 524
1726437114222 1.5747324228286743 525
1726437114252 1.577486515045166 526
1726437114282 1.5495994091033936 527
1726437114315 1.5152077674865723 528
1726437114346 1.4659042358398438 529
1726437114375 1.5354286432266235 530
1726437114404 1.5019845962524414 531
1726437114434 1.4336166381835938 532
1726437114462 1.5040509700775146 533
1726437114491 1.4438523054122925 534
1726437114521 1.5407514572143555 535
1726437114551 1.4197708368301392 536
1726437114589 1.4066689014434814 537
1726437114622 1.434682846069336 538
1726437114654 1.524593710899353 539
1726437114687 1.5480167865753174 540
1726437114722 1.518746256828308 541
1726437114754 1.502718210220337 542
1726437114785 1.5107752084732056 543
1726437114818 1.5203185081481934 544
1726437114850 1.4473912715911865 545
1726437114882 1.4849097728729248 546
1726437114915 1.57680344581604 547
1726437114945 1.5624959468841553 548
1726437114979 1.5413742065429688 549
1726437115012 1.5517079830169678 550
1726437115046 1.5665175914764404 551
1726437115078 1.5695977210998535 552
1726437115110 1.5707855224609375 553
1726437115140 1.5714436769485474 554
1726437115176 1.57186758518219 555
1726437115209 1.5721604824066162 556
1726437115240 1.5723695755004883 557
1726437115270 1.5725207328796387 558
1726437115301 1.5726311206817627 559
1726437115332 1.5727119445800781 560
1726437115363 1.5727711915969849 561
1726437115394 1.572814702987671 562
1726437115424 1.5728468894958496 563
1726437115453 1.5728703737258911 564
1726437115485 1.572887659072876 565
1726437115515 1.5729005336761475 566
1726437115545 1.5729098320007324 567
1726437115575 1.5729167461395264 568
1726437115606 1.572921872138977 569
1726437115636 1.5729255676269531 570
1726437115666 1.5729283094406128 571
1726437115696 1.5729303359985352 572
1726437115728 1.5729317665100098 573
1726437115758 1.5729329586029053 574
1726437115790 1.5729336738586426 575
1726437115820 1.5729341506958008 576
1726437115851 1.572934627532959 577
1726437115880 1.5729349851608276 578
1726437115912 1.5729351043701172 579
