1727307459101 1.9797731637954712 0
1727307459137 1.832263708114624 1
1727307459176 1.7809388637542725 2
1727307459219 1.8546559810638428 3
1727307459259 1.2050371170043945 4
1727307459301 1.7427220344543457 5
1727307459341 1.7243316173553467 6
1727307459377 1.6641045808792114 7
1727307459412 1.75348961353302 8
1727307459449 1.9711360931396484 9
1727307459490 1.9819881916046143 10
1727307459532 1.847834587097168 11
1727307459575 1.6771128177642822 12
1727307459611 1.710315227508545 13
1727307459652 1.8177000284194946 14
1727307459687 1.6578116416931152 15
1727307459722 1.882631778717041 16
1727307459758 1.7881498336791992 17
1727307459794 1.747664213180542 18
1727307459830 1.6439684629440308 19
1727307459865 1.7787952423095703 20
1727307459901 1.858689308166504 21
1727307459938 1.9219495058059692 22
1727307459979 1.8271334171295166 23
1727307460021 1.7449288368225098 24
1727307460060 1.9489507675170898 25
1727307460098 1.773547649383545 26
1727307460135 1.996669054031372 27
1727307460173 1.5199426412582397 28
1727307460208 1.7685352563858032 29
1727307460244 1.7665519714355469 30
1727307460280 1.5277047157287598 31
1727307460317 1.742262601852417 32
1727307460353 1.4488184452056885 33
1727307460390 1.5510295629501343 34
1727307460426 1.9190433025360107 35
1727307460463 1.5834115743637085 36
1727307460500 1.8957483768463135 37
1727307460538 1.7991247177124023 38
1727307460582 1.4696218967437744 39
1727307460632 1.7786133289337158 40
1727307460676 1.8663735389709473 41
1727307460728 1.8931388854980469 42
1727307460774 1.8482078313827515 43
1727307460820 1.432581901550293 44
1727307460886 1.8222891092300415 45
1727307460948 1.797227144241333 46
1727307460997 1.7961195707321167 47
1727307461048 1.9457619190216064 48
1727307461108 1.8586465120315552 49
1727307461161 1.8951420783996582 50
1727307461205 1.9646860361099243 51
1727307461252 1.7569868564605713 52
1727307461297 1.647493839263916 53
1727307461342 1.7541792392730713 54
1727307461388 1.746536374092102 55
1727307461435 1.8720412254333496 56
1727307461484 1.5761992931365967 57
1727307461538 1.8965227603912354 58
1727307461599 1.924309492111206 59
1727307461645 1.7133651971817017 60
1727307461691 1.9661455154418945 61
1727307461739 1.7366833686828613 62
1727307461789 1.8061273097991943 63
1727307461851 1.5207529067993164 64
1727307461900 1.9081816673278809 65
1727307461943 1.927330493927002 66
1727307461993 1.1562293767929077 67
1727307462039 1.8909051418304443 68
1727307462097 1.9428203105926514 69
1727307462146 1.9435145854949951 70
1727307462184 1.9409408569335938 71
1727307462222 1.869536280632019 72
1727307462262 1.9220342636108398 73
1727307462303 1.792909860610962 74
1727307462347 1.7018167972564697 75
1727307462386 1.883590579032898 76
1727307462429 1.6663727760314941 77
1727307462471 1.8721660375595093 78
1727307462511 1.642336130142212 79
1727307462547 1.9173252582550049 80
1727307462585 1.9464142322540283 81
1727307462621 1.866623044013977 82
1727307462658 1.7880358695983887 83
1727307462694 1.8060716390609741 84
1727307462730 1.9590504169464111 85
1727307462767 1.9254510402679443 86
1727307462804 1.808237075805664 87
1727307462841 1.5270506143569946 88
1727307462877 1.7415993213653564 89
1727307462915 1.6973910331726074 90
1727307462953 1.2097513675689697 91
1727307462989 1.664055347442627 92
1727307463025 1.60660719871521 93
1727307463062 0.5264701247215271 94
1727307463100 1.994575023651123 95
1727307463137 1.7453203201293945 96
1727307463173 1.9603774547576904 97
1727307463210 1.8174128532409668 98
1727307463248 1.882802963256836 99
1727307463284 1.8843986988067627 100
1727307463321 1.8177762031555176 101
1727307463358 1.9584100246429443 102
1727307463395 1.9110872745513916 103
1727307463433 1.7854058742523193 104
1727307463470 1.853566288948059 105
1727307463506 1.8566360473632812 106
1727307463545 1.3425817489624023 107
1727307463583 1.8127713203430176 108
1727307463620 1.7940804958343506 109
1727307463656 1.7266230583190918 110
1727307463692 1.989022970199585 111
1727307463729 1.7704226970672607 112
1727307463766 1.6295268535614014 113
1727307463804 1.874305009841919 114
1727307463841 1.6873958110809326 115
1727307463878 1.9492827653884888 116
1727307463916 1.869903564453125 117
1727307463953 1.7163548469543457 118
1727307463990 1.9733991622924805 119
1727307464026 1.8457326889038086 120
1727307464063 1.9847617149353027 121
1727307464101 1.8789353370666504 122
1727307464139 1.8943337202072144 123
1727307464177 1.8805935382843018 124
1727307464213 1.736215591430664 125
1727307464251 1.432581901550293 126
1727307464289 1.432581901550293 127
