1726424786752 2e-05 0
1726424786803 -0.0076122283935546875 1
1726424786851 0.0154266357421875 2
1726424786901 0.005300283432006836 3
1726424786964 -0.015657901763916016 4
1726424787016 0.0021840333938598633 5
1726424787066 -0.006617069244384766 6
1726424787123 -0.004697084426879883 7
1726424787171 0.0020482540130615234 8
1726424787219 0.0129241943359375 9
1726424787269 -0.002146124839782715 10
1726424787319 0.017795801162719727 11
1726424787372 -0.0036543607711791992 12
1726424787442 -0.021219491958618164 13
1726424787512 0.007676482200622559 14
1726424787580 -0.007897019386291504 15
1726424787638 -9.548664093017578e-05 16
1726424787696 0.00024056434631347656 17
1726424787751 -0.010591387748718262 18
1726424787808 0.0012273788452148438 19
1726424787866 0.01235353946685791 20
1726424787923 -0.003419160842895508 21
1726424787980 -0.0015532970428466797 22
1726424788037 0.009090065956115723 23
1726424788094 0.00833272933959961 24
1726424788151 -0.002507328987121582 25
1726424788208 0.0092010498046875 26
1726424788266 -0.013116717338562012 27
1726424788324 -0.001698613166809082 28
1726424788382 0.00810086727142334 29
1726424788439 -0.009146809577941895 30
1726424788495 0.004978775978088379 31
1726424788552 0.0014429092407226562 32
1726424788608 -0.027796030044555664 33
1726424788665 0.0007863044738769531 34
1726424788727 0.008599638938903809 35
1726424788785 -0.003183126449584961 36
1726424788842 -0.010365962982177734 37
1726424788900 0.019068241119384766 38
1726424788958 -0.003931403160095215 39
1726424789017 0.004168152809143066 40
1726424789074 0.0021936893463134766 41
1726424789132 -0.013097643852233887 42
1726424789190 -0.00040459632873535156 43
1726424789248 -0.013803839683532715 44
1726424789306 0.0177384614944458 45
1726424789364 0.017990708351135254 46
1726424789422 0.001387953758239746 47
1726424789480 -0.0013811588287353516 48
1726424789537 0.011662721633911133 49
1726424789595 -0.0029473304748535156 50
1726424789652 -0.016990065574645996 51
1726424789710 0.003111720085144043 52
1726424789767 0.011169791221618652 53
1726424789824 -0.016556978225708008 54
1726424789880 0.0023006200790405273 55
1726424789930 -0.000836491584777832 56
1726424789980 0.019924163818359375 57
1726424790029 0.0003377199172973633 58
1726424790077 -0.0031137466430664062 59
1726424790129 -0.012364983558654785 60
1726424790179 0.007171154022216797 61
1726424790227 0.004229068756103516 62
1726424790275 -0.0020668506622314453 63
1726424790325 -0.0028100013732910156 64
1726424790377 0.006206393241882324 65
1726424790448 -0.013654708862304688 66
1726424790500 0.0017671585083007812 67
1726424790551 -0.006314992904663086 68
1726424790596 0.017758727073669434 69
1726424790641 -0.022848844528198242 70
1726424790692 0.008678793907165527 71
1726424790739 0.004586577415466309 72
1726424790789 0.004198193550109863 73
1726424790832 -0.0002726316452026367 74
1726424790894 -0.011925220489501953 75
1726424790942 -0.020943045616149902 76
1726424790985 -0.013204455375671387 77
1726424791031 0.02558267116546631 78
1726424791079 0.005095839500427246 79
1726424791120 0.008043766021728516 80
1726424791163 -0.004576325416564941 81
1726424791207 0.0030329227447509766 82
1726424791253 -0.0023773908615112305 83
1726424791295 0.0024328231811523438 84
1726424791335 0.011994361877441406 85
1726424791381 -0.008733391761779785 86
1726424791428 -0.0031540393829345703 87
1726424791471 0.013686060905456543 88
1726424791517 -0.003986001014709473 89
1726424791563 -0.002360701560974121 90
1726424791612 -0.01040041446685791 91
1726424791658 -0.008832931518554688 92
1726424791703 0.007173776626586914 93
1726424791750 -0.005501985549926758 94
1726424791797 0.014720439910888672 95
1726424791838 0.010859251022338867 96
1726424791879 -0.0015079975128173828 97
1726424791926 -0.009337902069091797 98
1726424791981 -0.008566856384277344 99
1726424792036 0.004423022270202637 100
1726424792088 0.005874991416931152 101
1726424792131 -0.0029449462890625 102
1726424792172 -0.026037931442260742 103
1726424792210 0.020297884941101074 104
1726424792247 -0.0016416311264038086 105
1726424792285 0.001503586769104004 106
1726424792322 -0.005762696266174316 107
1726424792360 -0.0005334615707397461 108
1726424792398 -0.00616002082824707 109
1726424792437 0.01556086540222168 110
1726424792475 0.0026894807815551758 111
1726424792513 0.013874292373657227 112
1726424792551 -0.0026917457580566406 113
1726424792589 -0.014415264129638672 114
1726424792627 0.0017943382263183594 115
1726424792666 -0.027356386184692383 116
1726424792703 -0.012010335922241211 117
1726424792744 0.006896257400512695 118
1726424792787 0.01163184642791748 119
1726424792825 0.02154552936553955 120
1726424792864 0.010659217834472656 121
1726424792903 -0.004833221435546875 122
1726424792942 -0.0037088394165039062 123
1726424792979 -0.010224342346191406 124
1726424793017 0.014251708984375 125
1726424793055 -0.01735973358154297 126
1726424793093 -0.010865449905395508 127
1726424793130 0.008936047554016113 128
1726424793171 -0.00054168701171875 129
1726424793209 0.00813901424407959 130
1726424793247 0.016445636749267578 131
1726424793285 -0.014644145965576172 132
1726424793323 0.016535043716430664 133
1726424793362 -0.004751920700073242 134
1726424793402 -0.005006074905395508 135
1726424793441 0.010475873947143555 136
1726424793480 -0.01238107681274414 137
1726424793519 -0.01932668685913086 138
1726424793559 -0.0027579069137573242 139
1726424793600 0.004575610160827637 140
1726424793640 0.01130056381225586 141
1726424793680 0.010738015174865723 142
1726424793719 0.005982160568237305 143
1726424793758 -0.01080024242401123 144
1726424793798 -0.00545048713684082 145
1726424793836 0.00204622745513916 146
1726424793876 -0.05068838596343994 147
1726424793917 0.00908350944519043 148
1726424793956 0.047800540924072266 149
1726424793996 0.014430761337280273 150
1726424794036 -0.003325939178466797 151
1726424794075 -0.014539241790771484 152
1726424794115 -0.002384185791015625 153
1726424794156 -0.003941178321838379 154
1726424794197 0.005249142646789551 155
1726424794238 -0.002888917922973633 156
1726424794278 0.005431652069091797 157
1726424794316 -0.010458707809448242 158
1726424794356 0.01161181926727295 159
1726424794396 0.004254937171936035 160
1726424794436 -0.03234601020812988 161
1726424794476 0.016061782836914062 162
1726424794517 0.007337331771850586 163
1726424794557 0.0017135143280029297 164
1726424794597 0.00909733772277832 165
1726424794636 -0.020424842834472656 166
1726424794675 0.006493330001831055 167
1726424794715 0.006348371505737305 168
1726424794754 -0.005423784255981445 169
1726424794797 -0.003648042678833008 170
1726424794837 0.0027832984924316406 171
1726424794878 0.01480710506439209 172
1726424794917 -0.0036214590072631836 173
1726424794957 0.005956768989562988 174
1726424794997 0.0020226240158081055 175
1726424795035 -0.0006494522094726562 176
1726424795074 -0.004206418991088867 177
1726424795115 -0.004071831703186035 178
1726424795154 -0.02402651309967041 179
1726424795193 -0.015850067138671875 180
1726424795232 0.0003902912139892578 181
1726424795271 0.02851688861846924 182
1726424795310 -0.0071752071380615234 183
1726424795349 0.02055203914642334 184
1726424795389 0.007958650588989258 185
1726424795428 -0.016246795654296875 186
1726424795468 0.013239502906799316 187
1726424795513 -0.02349865436553955 188
1726424795554 0.0022013187408447266 189
1726424795594 -0.001241922378540039 190
1726424795636 0.013149738311767578 191
1726424795676 -0.009378910064697266 192
1726424795717 -0.0037996768951416016 193
1726424795758 -0.0028154850006103516 194
1726424795798 0.017215251922607422 195
1726424795838 -0.0070105791091918945 196
1726424795878 0.0058983564376831055 197
1726424795918 0.004333853721618652 198
1726424795958 -0.018576502799987793 199
1726424795998 0.012145757675170898 200
1726424796036 -0.003791213035583496 201
1726424796077 0.014379143714904785 202
1726424796117 -0.010589241981506348 203
1726424796156 -0.013976454734802246 204
1726424796196 0.029586076736450195 205
1726424796237 -0.01417994499206543 206
1726424796276 -0.020355701446533203 207
1726424796317 0.011162996292114258 208
1726424796357 0.0019998550415039062 209
1726424796400 -0.01628553867340088 210
1726424796441 0.01814877986907959 211
1726424796482 -0.01950991153717041 212
1726424796521 0.013589143753051758 213
1726424796561 -0.0012851953506469727 214
1726424796601 5.91278076171875e-05 215
1726424796641 0.017503976821899414 216
1726424796681 -0.004583001136779785 217
1726424796722 0.00017642974853515625 218
1726424796761 -0.006089448928833008 219
1726424796800 0.00016236305236816406 220
1726424796840 0.013273477554321289 221
1726424796878 -0.0005151033401489258 222
1726424796919 -0.031200647354125977 223
1726424796959 -0.0014235973358154297 224
1726424796998 0.0025010108947753906 225
1726424797037 0.01318049430847168 226
1726424797077 -0.02634871006011963 227
1726424797117 -0.02015995979309082 228
1726424797156 0.01778411865234375 229
1726424797196 0.01976156234741211 230
1726424797237 0.007190346717834473 231
1726424797276 -0.0012006759643554688 232
1726424797315 -0.002414107322692871 233
1726424797354 -0.004363417625427246 234
1726424797397 0.012571334838867188 235
1726424797454 0.00047516822814941406 236
1726424797506 -0.027898550033569336 237
1726424797547 0.022449493408203125 238
1726424797589 -0.009398937225341797 239
1726424797630 0.006099700927734375 240
1726424797670 0.004449248313903809 241
1726424797711 -0.0019327402114868164 242
1726424797751 -0.013061285018920898 243
1726424797790 0.013097763061523438 244
1726424797830 -0.00978541374206543 245
1726424797871 0.004408478736877441 246
1726424797909 0.011675238609313965 247
1726424797949 0.0021713972091674805 248
1726424797990 0.003561735153198242 249
1726424798034 -0.0027251243591308594 250
1726424798079 0.0036782026290893555 251
1726424798128 0.002983570098876953 252
1726424798183 -0.004736661911010742 253
1726424798225 -0.01630377769470215 254
1726424798274 0.0017445087432861328 255
1726424798317 0.011887073516845703 256
1726424798356 0.0048340559005737305 257
1726424798394 0.0006293058395385742 258
1726424798436 -0.024822473526000977 259
1726424798475 0.030609607696533203 260
1726424798514 0.0054711103439331055 261
1726424798555 -0.022440791130065918 262
1726424798598 0.012087583541870117 263
1726424798659 -0.004593610763549805 264
1726424798718 -0.0025690793991088867 265
1726424798757 -0.004221200942993164 266
1726424798798 0.013609170913696289 267
1726424798837 -0.011949658393859863 268
1726424798876 0.0030584335327148438 269
1726424798917 -0.008595585823059082 270
1726424798955 0.006219744682312012 271
1726424798995 -0.007955551147460938 272
1726424799035 0.025043606758117676 273
1726424799073 -0.02843010425567627 274
1726424799113 0.014499187469482422 275
1726424799152 -0.01618504524230957 276
1726424799192 0.0031671524047851562 277
1726424799232 -0.0218198299407959 278
1726424799271 0.030847668647766113 279
1726424799311 0.007530093193054199 280
1726424799350 -0.0006517171859741211 281
1726424799389 -0.005333542823791504 282
1726424799429 0.011271834373474121 283
1726424799469 0.006702899932861328 284
1726424799509 -0.006487250328063965 285
1726424799549 0.008620738983154297 286
1726424799592 0.0015586614608764648 287
1726424799633 -0.0009714365005493164 288
1726424799674 -0.010074853897094727 289
1726424799713 0.002660512924194336 290
1726424799752 -0.004902362823486328 291
1726424799792 9.393692016601562e-05 292
1726424799830 -0.001949906349182129 293
1726424799870 0.002772808074951172 294
1726424799910 0.0011578798294067383 295
1726424799949 -0.013976812362670898 296
1726424799993 0.004229545593261719 297
1726424800042 0.011574745178222656 298
1726424800083 -0.007246732711791992 299
1726424800125 -0.009700775146484375 300
1726424800164 0.009790182113647461 301
1726424800205 -0.001077890396118164 302
1726424800246 0.005338191986083984 303
1726424800285 -0.014698266983032227 304
1726424800325 -0.018561482429504395 305
1726424800365 0.006679892539978027 306
1726424800403 -0.00040078163146972656 307
1726424800443 0.03171062469482422 308
1726424800482 -0.012343168258666992 309
1726424800522 -0.009044408798217773 310
1726424800562 -0.00722956657409668 311
1726424800602 0.022588372230529785 312
1726424800641 -0.0067206621170043945 313
1726424800683 0.005951523780822754 314
1726424800727 -0.006783962249755859 315
1726424800784 0.01798415184020996 316
1726424800853 -0.003960251808166504 317
1726424800918 0.004658937454223633 318
1726424800965 8.678436279296875e-05 319
1726424801010 -0.021669387817382812 320
1726424801064 -0.0007100105285644531 321
1726424801125 0.003034830093383789 322
1726424801186 -0.0011371374130249023 323
1726424801250 0.017978668212890625 324
1726424801302 -0.009285449981689453 325
1726424801362 -0.00505983829498291 326
1726424801419 0.014192819595336914 327
1726424801475 -0.015559792518615723 328
1726424801526 -0.00201261043548584 329
1726424801575 0.007493257522583008 330
1726424801627 0.005658864974975586 331
1726424801675 -0.012784481048583984 332
1726424801723 -0.005780577659606934 333
1726424801771 0.0230332612991333 334
1726424801819 -0.011847257614135742 335
1726424801867 0.009680032730102539 336
1726424801914 0.0017054080963134766 337
1726424801963 -0.00832211971282959 338
1726424802012 -0.00783240795135498 339
1726424802059 -0.00668025016784668 340
1726424802107 0.0069217681884765625 341
1726424802157 0.0032858848571777344 342
1726424802207 -0.0025191307067871094 343
1726424802254 0.0032258033752441406 344
1726424802302 0.0012581348419189453 345
1726424802351 -0.004991769790649414 346
1726424802398 0.002051830291748047 347
1726424802446 0.013927698135375977 348
1726424802498 -0.009318947792053223 349
1726424802545 -0.019093751907348633 350
1726424802594 -0.009846806526184082 351
1726424802642 0.01081228256225586 352
1726424802691 -0.008952736854553223 353
1726424802738 0.018869757652282715 354
1726424802785 -0.007365226745605469 355
1726424802833 -0.005202651023864746 356
1726424802882 -0.014852046966552734 357
1726424802930 -0.013051271438598633 358
1726424802980 -0.0065135955810546875 359
1726424803037 0.03896629810333252 360
1726424803087 0.010434746742248535 361
1726424803136 -0.014372944831848145 362
1726424803186 0.007875561714172363 363
1726424803243 0.010438799858093262 364
1726424803292 -0.0035365819931030273 365
1726424803340 0.013514280319213867 366
1726424803390 -0.0017485618591308594 367
1726424803440 0.0013507604598999023 368
1726424803489 -0.0023026466369628906 369
1726424803536 -0.0030897855758666992 370
1726424803586 -0.010512948036193848 371
1726424803634 0.008094072341918945 372
1726424803682 -0.004809021949768066 373
1726424803731 -0.0066155195236206055 374
1726424803779 0.009514808654785156 375
1726424803826 -0.0006933212280273438 376
1726424803876 0.0005904436111450195 377
1726424803923 -0.009269356727600098 378
1726424803973 -0.003390073776245117 379
1726424804020 -0.014713764190673828 380
1726424804069 0.007675886154174805 381
1726424804119 -0.009701848030090332 382
1726424804168 0.019803285598754883 383
1726424804218 -0.011129975318908691 384
1726424804267 0.006635546684265137 385
1726424804318 -0.005431771278381348 386
1726424804367 0.022185087203979492 387
1726424804413 0.003679037094116211 388
1726424804461 -0.01832437515258789 389
1726424804508 -0.005266666412353516 390
1726424804558 0.00588679313659668 391
1726424804605 0.007912158966064453 392
1726424804653 0.008035898208618164 393
1726424804702 0.004379868507385254 394
1726424804752 0.0037598609924316406 395
1726424804799 -0.004340410232543945 396
1726424804847 0.0026983022689819336 397
1726424804896 0.0011576414108276367 398
1726424804944 -0.01626908779144287 399
1726424804993 0.007183670997619629 400
1726424805042 0.008051037788391113 401
1726424805090 0.0025110244750976562 402
1726424805136 -0.01517486572265625 403
1726424805181 0.013773202896118164 404
1726424805225 -0.007234692573547363 405
1726424805268 -0.014090538024902344 406
1726424805311 0.013974308967590332 407
1726424805353 0.008035063743591309 408
1726424805394 -0.005778670310974121 409
1726424805434 -0.014464974403381348 410
1726424805476 0.008508086204528809 411
1726424805516 0.007172584533691406 412
1726424805556 -0.008836746215820312 413
1726424805596 -9.584426879882812e-05 414
1726424805636 -0.005611777305603027 415
1726424805675 -0.0027191638946533203 416
1726424805716 -0.031048178672790527 417
1726424805756 -0.006864309310913086 418
1726424805796 0.011435151100158691 419
1726424805836 0.002900242805480957 420
1726424805874 0.02855396270751953 421
1726424805915 0.014159440994262695 422
1726424805956 -0.013654708862304688 423
1726424805995 0.014949321746826172 424
1726424806034 0.00032591819763183594 425
1726424806073 -0.0009256601333618164 426
1726424806113 -0.01588129997253418 427
1726424806153 0.010638833045959473 428
1726424806192 -0.005958914756774902 429
1726424806233 0.0032242536544799805 430
1726424806272 -0.003551959991455078 431
1726424806311 0.0034079551696777344 432
1726424806350 0.0020647048950195312 433
1726424806390 -0.011588692665100098 434
1726424806429 0.0002676248550415039 435
1726424806470 -0.0009925365447998047 436
1726424806509 0.017939090728759766 437
1726424806549 -0.027969837188720703 438
1726424806589 0.00787651538848877 439
1726424806629 -0.009575486183166504 440
1726424806670 -0.005960226058959961 441
1726424806715 0.006240129470825195 442
1726424806761 0.013315200805664062 443
1726424806804 0.0011382102966308594 444
1726424806847 0.006577491760253906 445
1726424806893 -0.01750040054321289 446
1726424806936 -0.02414250373840332 447
1726424806979 0.02956545352935791 448
1726424807021 0.0001500844955444336 449
1726424807061 0.010727643966674805 450
1726424807100 -0.006887197494506836 451
1726424807141 -0.001743912696838379 452
1726424807179 -0.001715540885925293 453
1726424807219 -0.029659748077392578 454
1726424807259 0.0018107891082763672 455
1726424807298 0.037119150161743164 456
1726424807337 0.008417725563049316 457
1726424807376 -0.010367631912231445 458
1726424807417 0.0008720159530639648 459
1726424807457 0.003913998603820801 460
1726424807496 -0.02962815761566162 461
1726424807536 0.012320995330810547 462
1726424807574 0.006985187530517578 463
1726424807613 -0.008020520210266113 464
1726424807652 0.005061745643615723 465
1726424807692 0.013163328170776367 466
1726424807735 -2.86102294921875e-06 467
1726424807775 0.009223222732543945 468
1726424807817 -0.005493521690368652 469
1726424807877 -0.012571573257446289 470
1726424807931 -0.00047588348388671875 471
1726424807973 0.013762474060058594 472
1726424808017 -0.014230608940124512 473
1726424808073 0.006837248802185059 474
1726424808117 0.012470126152038574 475
1726424808165 -0.0088118314743042 476
1726424808209 -0.004709601402282715 477
1726424808250 -0.009929299354553223 478
1726424808291 0.020943045616149902 479
1726424808332 -0.009021878242492676 480
1726424808373 0.010717988014221191 481
1726424808411 -0.00032782554626464844 482
1726424808465 -0.009984493255615234 483
1726424808521 -0.004462480545043945 484
1726424808578 -0.007042407989501953 485
1726424808637 0.0036879777908325195 486
1726424808699 0.002592802047729492 487
1726424808741 0.0094987154006958 488
1726424808782 -0.0038299560546875 489
1726424808827 -0.008253216743469238 490
1726424808876 -0.02800917625427246 491
1726424808922 0.010431170463562012 492
1726424808964 0.0008184909820556641 493
1726424809005 0.022852301597595215 494
1726424809054 -7.784366607666016e-05 495
1726424809105 -0.003966569900512695 496
1726424809169 -0.028635025024414062 497
1726424809228 0.027846693992614746 498
1726424809276 -0.010773062705993652 499
1726424809319 0.022022724151611328 500
1726424809359 -0.0005252361297607422 501
1726424809406 0.0022928714752197266 502
1726424809452 6.854534149169922e-05 503
1726424809494 -0.0018600225448608398 504
1726424809535 0.0004210472106933594 505
1726424809575 -0.022755146026611328 506
1726424809617 0.02093493938446045 507
1726424809659 0.00669705867767334 508
1726424809701 -0.00923466682434082 509
1726424809739 -0.012542724609375 510
1726424809776 0.010021448135375977 511
1726424809813 -0.0037827491760253906 512
1726424809851 0.013055086135864258 513
1726424809889 0.003183126449584961 514
1726424809925 -0.0026390552520751953 515
1726424809964 -0.015097737312316895 516
1726424810001 0.018635272979736328 517
1726424810039 -0.005246996879577637 518
1726424810076 0.0031768083572387695 519
1726424810115 -0.004983782768249512 520
1726424810154 0.0065479278564453125 521
1726424810192 0.0027877092361450195 522
1726424810230 -0.0021170377731323242 523
1726424810267 -0.02566051483154297 524
1726424810305 0.0014369487762451172 525
1726424810344 -0.001987457275390625 526
1726424810380 0.006412506103515625 527
1726424810419 0.012978076934814453 528
1726424810457 0.000841975212097168 529
1726424810495 -0.0009971857070922852 530
1726424810532 -0.0011867284774780273 531
1726424810571 0.006681084632873535 532
1726424810609 0.0015867948532104492 533
1726424810647 -0.01427459716796875 534
1726424810684 0.014414191246032715 535
1726424810723 0.0015081167221069336 536
1726424810760 -0.006811976432800293 537
1726424810799 0.008067011833190918 538
1726424810836 -0.011532068252563477 539
1726424810875 -0.0019462108612060547 540
1726424810913 -0.006470680236816406 541
1726424810952 0.006233334541320801 542
1726424810991 -0.0018818378448486328 543
1726424811029 0.005364179611206055 544
1726424811067 -0.017175912857055664 545
1726424811105 0.01517784595489502 546
1726424811143 0.001257181167602539 547
1726424811181 0.00022459030151367188 548
1726424811220 -0.004398703575134277 549
1726424811259 0.0014410018920898438 550
1726424811297 -0.0006242990493774414 551
1726424811335 0.004847526550292969 552
1726424811373 -0.0074874162673950195 553
1726424811411 -0.009272575378417969 554
1726424811451 0.01140296459197998 555
1726424811505 0.0052051544189453125 556
1726424811566 -0.01062476634979248 557
1726424811623 0.003690004348754883 558
1726424811674 -0.0066645145416259766 559
1726424811713 -0.002066493034362793 560
1726424811755 -0.020530343055725098 561
1726424811800 0.018227577209472656 562
1726424811849 0.016979217529296875 563
1726424811903 -0.005643129348754883 564
1726424811954 -0.00040471553802490234 565
1726424811995 0.016170144081115723 566
1726424812035 -0.002504110336303711 567
1726424812080 -0.01717662811279297 568
1726424812120 0.003877401351928711 569
1726424812160 -4.6253204345703125e-05 570
1726424812199 -0.01117253303527832 571
1726424812244 0.001473069190979004 572
1726424812295 0.005823254585266113 573
1726424812332 0.01709270477294922 574
1726424812370 -0.00644993782043457 575
1726424812408 -0.006889462471008301 576
1726424812448 -0.01414501667022705 577
1726424812486 0.02209758758544922 578
1726424812525 -0.012198090553283691 579
1726424812564 -0.01835811138153076 580
1726424812603 -0.00923299789428711 581
1726424812641 0.008382081985473633 582
1726424812680 0.036760687828063965 583
1726424812719 -0.006520628929138184 584
1726424812757 -0.014351606369018555 585
1726424812795 -0.0034679174423217773 586
1726424812834 -0.005947113037109375 587
1726424812873 -0.014362931251525879 588
1726424812912 0.0021408796310424805 589
1726424812951 0.016419529914855957 590
1726424812991 -0.01594257354736328 591
1726424813029 0.04414701461791992 592
1726424813067 -0.0198286771774292 593
1726424813106 0.012787580490112305 594
1726424813146 -0.024796605110168457 595
1726424813185 -0.00667881965637207 596
1726424813225 0.008854031562805176 597
1726424813264 0.008240222930908203 598
1726424813303 -0.0031768083572387695 599
1726424813341 -0.0012984275817871094 600
1726424813380 0.0008974075317382812 601
1726424813419 0.0046100616455078125 602
1726424813457 -0.0032194852828979492 603
1726424813496 0.007562994956970215 604
1726424813535 -0.030326008796691895 605
1726424813576 0.008727073669433594 606
1726424813617 0.01604330539703369 607
1726424813656 0.002270340919494629 608
1726424813695 -0.0009639263153076172 609
1726424813736 0.010090947151184082 610
1726424813775 0.004141330718994141 611
1726424813816 0.0034761428833007812 612
1726424813855 -0.004075527191162109 613
1726424813895 -0.022723793983459473 614
1726424813935 -0.0015935897827148438 615
1726424813975 0.002689361572265625 616
1726424814015 0.02458477020263672 617
1726424814055 0.0011764764785766602 618
1726424814095 0.0029410123825073242 619
1726424814135 -0.030170321464538574 620
1726424814184 0.008079767227172852 621
1726424814236 -0.002019166946411133 622
1726424814287 0.01381230354309082 623
1726424814341 -0.004048466682434082 624
1726424814390 -0.0007222890853881836 625
1726424814440 0.011461019515991211 626
1726424814505 -0.008786797523498535 627
1726424814569 0.005765557289123535 628
1726424814632 0.005816459655761719 629
1726424814690 -0.008504867553710938 630
1726424814746 -0.007746458053588867 631
1726424814816 -0.0039196014404296875 632
1726424814867 -0.0047512054443359375 633
1726424814917 0.005694866180419922 634
1726424814967 0.0016391277313232422 635
1726424815019 0.015315055847167969 636
1726424815070 -0.03354787826538086 637
1726424815122 0.007351040840148926 638
1726424815172 -0.006632208824157715 639
1726424815227 0.0172579288482666 640
1726424815290 -0.004657268524169922 641
1726424815350 0.01842176914215088 642
1726424815414 -0.0006012916564941406 643
1726424815475 -0.010679006576538086 644
1726424815535 0.014059901237487793 645
1726424815604 -0.008644342422485352 646
1726424815655 -0.006445169448852539 647
1726424815705 0.011779189109802246 648
1726424815758 -0.006717801094055176 649
1726424815810 -0.0027004480361938477 650
1726424815859 -0.0063211917877197266 651
1726424815907 0.006007671356201172 652
1726424815955 -0.016194581985473633 653
1726424816004 0.024008870124816895 654
1726424816055 -0.005157113075256348 655
1726424816107 0.011282086372375488 656
1726424816160 -0.02734208106994629 657
1726424816211 0.011030077934265137 658
1726424816263 -0.0009485483169555664 659
1726424816315 0.0038063526153564453 660
1726424816375 -0.015501260757446289 661
1726424816452 -0.008934259414672852 662
1726424816505 0.013272523880004883 663
1726424816556 0.006176948547363281 664
1726424816613 0.0020799636840820312 665
1726424816665 -0.008068680763244629 666
1726424816731 -0.0016444921493530273 667
1726424816781 -0.0005882978439331055 668
1726424816828 -0.008609890937805176 669
1726424816888 0.002019643783569336 670
1726424816935 -0.011722803115844727 671
1726424816982 0.022415876388549805 672
1726424817031 0.0006275177001953125 673
1726424817078 0.008682727813720703 674
1726424817129 0.0034787654876708984 675
1726424817178 0.00730133056640625 676
1726424817229 -0.008069038391113281 677
1726424817280 -0.004546999931335449 678
1726424817330 -0.0007472038269042969 679
1726424817380 0.001095414161682129 680
1726424817429 -0.003673553466796875 681
1726424817477 -0.0019876956939697266 682
1726424817527 -0.0003833770751953125 683
1726424817575 -0.009287595748901367 684
1726424817624 0.013089418411254883 685
1726424817672 -0.004981279373168945 686
1726424817722 0.005756855010986328 687
1726424817770 -0.01849496364593506 688
1726424817820 0.004632115364074707 689
1726424817868 0.015462160110473633 690
1726424817918 -0.0067632198333740234 691
1726424817966 0.008821725845336914 692
1726424818015 -0.0070953369140625 693
1726424818063 0.005493521690368652 694
1726424818111 0.002817988395690918 695
1726424818164 -0.0027222633361816406 696
1726424818212 0.002577662467956543 697
1726424818260 -0.009061932563781738 698
1726424818309 -0.009081125259399414 699
1726424818357 0.007540345191955566 700
1726424818406 -0.0017739534378051758 701
1726424818452 0.015144586563110352 702
1726424818502 -0.01795053482055664 703
1726424818550 0.011015057563781738 704
1726424818600 0.012534022331237793 705
1726424818647 -0.004786014556884766 706
1726424818695 -0.006926894187927246 707
1726424818744 0.006797432899475098 708
1726424818793 -0.048789143562316895 709
1726424818840 0.004079937934875488 710
1726424818889 0.014541149139404297 711
1726424818938 -0.00777745246887207 712
1726424818987 -0.022565841674804688 713
1726424819035 0.021793842315673828 714
1726424819085 -0.001816868782043457 715
1726424819136 0.01911485195159912 716
1726424819185 0.007220864295959473 717
1726424819232 0.005237579345703125 718
1726424819282 0.0016543865203857422 719
1726424819330 -0.0009397268295288086 720
1726424819379 0.013982534408569336 721
1726424819427 -0.015448212623596191 722
1726424819476 -0.004534125328063965 723
1726424819523 -0.015823960304260254 724
1726424819573 -0.0022079944610595703 725
1726424819620 -0.0019310712814331055 726
1726424819669 -0.007130861282348633 727
1726424819720 -0.0009202957153320312 728
1726424819772 -0.007101655006408691 729
1726424819822 -0.001646876335144043 730
1726424819872 -0.014158487319946289 731
1726424819921 0.007686138153076172 732
1726424819972 0.007290482521057129 733
1726424820022 0.03401923179626465 734
1726424820070 -0.004178881645202637 735
1726424820115 0.011484503746032715 736
1726424820159 0.0007256269454956055 737
1726424820203 -0.0006573200225830078 738
1726424820254 0.016268491744995117 739
1726424820302 -0.006655693054199219 740
1726424820345 -0.008193373680114746 741
1726424820385 0.008139967918395996 742
1726424820425 -0.003070235252380371 743
1726424820465 -0.012423872947692871 744
1726424820506 -0.0006060600280761719 745
1726424820546 -0.0005688667297363281 746
1726424820585 -0.010860562324523926 747
1726424820625 -0.009970307350158691 748
1726424820667 -0.0024927854537963867 749
1726424820714 -0.0022161006927490234 750
1726424820756 -0.0023730993270874023 751
1726424820807 0.04807472229003906 752
1726424820848 -0.0036385059356689453 753
1726424820894 -0.01588153839111328 754
1726424820937 -0.006813168525695801 755
1726424820977 0.019095540046691895 756
1726424821018 -0.0028198957443237305 757
1726424821057 -0.0064820051193237305 758
1726424821107 0.015555977821350098 759
1726424821157 -0.006652712821960449 760
1726424821212 -0.006232023239135742 761
1726424821267 0.007013440132141113 762
1726424821326 -0.017920732498168945 763
1726424821383 -0.0022906064987182617 764
1726424821435 -0.002446293830871582 765
1726424821485 -0.002686142921447754 766
1726424821537 -0.0008120536804199219 767
1726424821582 0.00789499282836914 768
1726424821624 -0.004052996635437012 769
1726424821667 0.01167595386505127 770
1726424821710 -0.00034987926483154297 771
1726424821751 0.0014220476150512695 772
1726424821793 -0.00353848934173584 773
1726424821838 0.001080632209777832 774
1726424821884 0.012273669242858887 775
1726424821928 -0.015176534652709961 776
1726424821972 -0.00319826602935791 777
1726424822015 0.014680862426757812 778
1726424822057 0.002755284309387207 779
1726424822100 -0.007750391960144043 780
1726424822144 0.011380314826965332 781
1726424822188 -0.019849538803100586 782
1726424822229 0.011650562286376953 783
1726424822278 0.003955960273742676 784
1726424822320 -0.007324934005737305 785
1726424822364 -0.024482369422912598 786
1726424822413 0.014740347862243652 787
1726424822456 -0.0007371902465820312 788
1726424822498 0.00011968612670898438 789
1726424822539 0.002578258514404297 790
1726424822581 0.0053136348724365234 791
1726424822622 0.0030745267868041992 792
1726424822664 0.0004999637603759766 793
1726424822707 -0.006931185722351074 794
1726424822749 -0.0016237497329711914 795
1726424822791 -0.0017466545104980469 796
1726424822833 0.013698697090148926 797
1726424822873 0.005207657814025879 798
1726424822913 0.007336020469665527 799
1726424822953 -0.009333252906799316 800
1726424822992 0.011673569679260254 801
1726424823032 -0.016545414924621582 802
1726424823072 0.011470675468444824 803
1726424823111 -0.004082202911376953 804
1726424823152 1.3828277587890625e-05 805
1726424823192 -0.0011386871337890625 806
1726424823231 -0.001603245735168457 807
1726424823271 -0.0006814002990722656 808
1726424823311 0.005627274513244629 809
1726424823351 -0.021701931953430176 810
1726424823389 -0.0023800134658813477 811
1726424823429 -0.001661062240600586 812
1726424823469 -0.003570556640625 813
1726424823508 -0.0003167390823364258 814
1726424823548 0.026079535484313965 815
1726424823589 -0.013316512107849121 816
1726424823630 -0.004586219787597656 817
1726424823670 -0.002214789390563965 818
1726424823709 0.015113472938537598 819
1726424823749 0.00848841667175293 820
1726424823788 0.006358504295349121 821
1726424823827 0.002044677734375 822
1726424823866 -0.0005917549133300781 823
1726424823906 -0.011821150779724121 824
1726424823946 -0.015254616737365723 825
1726424823986 -0.01009523868560791 826
1726424824025 0.019350647926330566 827
1726424824065 -0.0033344030380249023 828
1726424824105 0.009631872177124023 829
1726424824143 0.0017505884170532227 830
1726424824183 -0.018481016159057617 831
1726424824223 -0.0006945133209228516 832
1726424824262 -0.0007377862930297852 833
1726424824301 0.013813614845275879 834
1726424824341 0.009735703468322754 835
1726424824380 -0.022800922393798828 836
1726424824419 -0.006626248359680176 837
1726424824459 -0.002572774887084961 838
1726424824498 0.014935493469238281 839
1726424824538 0.008672952651977539 840
1726424824578 0.011691093444824219 841
1726424824617 -0.0027920007705688477 842
1726424824657 -0.0015333890914916992 843
1726424824696 0.0031949281692504883 844
1726424824735 0.0001169443130493164 845
1726424824776 -0.00042510032653808594 846
1726424824814 -0.0032912492752075195 847
1726424824858 -0.0005270242691040039 848
1726424824900 0.0014432668685913086 849
1726424824943 -0.005079984664916992 850
1726424824985 0.006811857223510742 851
1726424825029 -0.007005929946899414 852
1726424825078 -0.0006073713302612305 853
1726424825130 -0.020176410675048828 854
1726424825171 -0.002171039581298828 855
1726424825219 -0.010464668273925781 856
1726424825268 -0.01949465274810791 857
1726424825324 0.008062124252319336 858
1726424825374 -0.003325939178466797 859
1726424825419 -0.004913926124572754 860
1726424825461 -0.0034807920455932617 861
1726424825512 0.032271504402160645 862
1726424825563 -0.0015420913696289062 863
1726424825623 0.013623714447021484 864
1726424825671 0.008084297180175781 865
1726424825718 0.0001823902130126953 866
1726424825763 -0.009018301963806152 867
1726424825815 -0.005864977836608887 868
1726424825858 -0.001802682876586914 869
1726424825907 -0.0034404993057250977 870
1726424825951 -0.004377484321594238 871
1726424825994 -0.023832321166992188 872
1726424826037 0.007489562034606934 873
1726424826079 0.014731287956237793 874
1726424826122 0.01563084125518799 875
1726424826167 -5.4001808166503906e-05 876
1726424826219 -0.007074594497680664 877
1726424826260 -0.004641413688659668 878
1726424826300 -0.007588624954223633 879
1726424826345 -0.01328742504119873 880
1726424826405 0.012769222259521484 881
1726424826479 0.0075032711029052734 882
1726424826530 -0.0040160417556762695 883
1726424826577 -0.007194638252258301 884
1726424826619 -0.0029785633087158203 885
1726424826666 0.001859426498413086 886
1726424826708 0.0007758140563964844 887
1726424826747 -0.009276628494262695 888
1726424826789 -0.0008573532104492188 889
1726424826849 -0.005864739418029785 890
1726424826894 -0.0016013383865356445 891
1726424826938 -1.0132789611816406e-05 892
1726424826985 0.031081795692443848 893
1726424827031 -0.0005775690078735352 894
1726424827077 -0.005449414253234863 895
1726424827120 -0.0025942325592041016 896
1726424827171 -0.003030061721801758 897
1726424827225 -0.0170210599899292 898
1726424827275 -0.004288911819458008 899
1726424827327 -8.225440979003906e-06 900
1726424827370 -8.344650268554688e-06 901
1726424827426 -8.463859558105469e-06 902
1726424827471 0.00010943412780761719 903
1726424827512 -6.139278411865234e-05 904
1726424827552 0.009466171264648438 905
1726424827591 -0.005575776100158691 906
1726424827630 -0.00265657901763916 907
1726424827669 9.560585021972656e-05 908
1726424827707 -4.3511390686035156e-05 909
1726424827747 -4.506111145019531e-05 910
1726424827785 0.007124185562133789 911
1726424827823 -0.006889700889587402 912
1726424827862 -3.5762786865234375e-06 913
1726424827901 -3.337860107421875e-06 914
1726424827939 -3.337860107421875e-06 915
1726424827977 -3.5762786865234375e-06 916
1726424828016 -3.337860107421875e-06 917
1726424828058 0.0027501583099365234 918
1726424828106 0.01366269588470459 919
1726424828161 0.013112664222717285 920
1726424828209 -0.002214670181274414 921
1726424828259 -0.008551359176635742 922
1726424828306 -0.00702357292175293 923
1726424828345 -0.010453462600708008 924
1726424828387 -0.003287792205810547 925
1726424828428 -0.0009381771087646484 926
1726424828477 0.002554178237915039 927
1726424828518 -0.00012302398681640625 928
1726424828559 -0.00013303756713867188 929
1726424828597 -0.0001437664031982422 930
1726424828638 -0.00015544891357421875 931
1726424828680 -0.0001685619354248047 932
1726424828723 -0.00018310546875 933
1726424828764 0.006466031074523926 934
1726424828807 -0.0043866634368896484 935
1726424828847 -1.2516975402832031e-05 936
1726424828887 -1.2874603271484375e-05 937
1726424828929 0.0002751350402832031 938
1726424828972 -5.245208740234375e-06 939
1726424829017 -5.602836608886719e-06 940
1726424829055 0.01607191562652588 941
1726424829093 -0.011077046394348145 942
1726424829131 -0.002409815788269043 943
1726424829172 -0.003614664077758789 944
1726424829213 -0.00220489501953125 945
1726424829256 -1.5974044799804688e-05 946
1726424829298 -1.621246337890625e-05 947
1726424829340 -1.6689300537109375e-05 948
1726424829383 -1.6808509826660156e-05 949
1726424829425 -1.71661376953125e-05 950
1726424829467 0.0020548105239868164 951
1726424829511 -0.0012862682342529297 952
1726424829555 -3.314018249511719e-05 953
1726424829597 -3.337860107421875e-05 954
1726424829644 -3.409385681152344e-05 955
1726424829687 -3.4809112548828125e-05 956
1726424829737 -3.516674041748047e-05 957
1726424829783 -3.5762786865234375e-05 958
1726424829821 -3.6597251892089844e-05 959
1726424829859 -3.695487976074219e-05 960
1726424829896 -3.7789344787597656e-05 961
1726424829944 0.013950467109680176 962
1726424829998 -0.0036907196044921875 963
1726424830055 -0.006238222122192383 964
1726424830108 -0.010479569435119629 965
1726424830155 -0.0008529424667358398 966
1726424830198 -0.00025844573974609375 967
1726424830239 0.0059549808502197266 968
1726424830282 -0.006112813949584961 969
1726424830325 -0.0020301342010498047 970
1726424830368 -0.0003457069396972656 971
1726424830411 0.00999438762664795 972
1726424830453 0.004301667213439941 973
1726424830495 -0.0022127628326416016 974
1726424830540 -0.004095315933227539 975
1726424830582 -0.002440214157104492 976
1726424830626 0.004886150360107422 977
1726424830671 -0.0015535354614257812 978
1726424830728 -0.0020885467529296875 979
1726424830786 0.0019396543502807617 980
1726424830843 -0.005608916282653809 981
1726424830902 -0.00014281272888183594 982
1726424830963 -0.00014853477478027344 983
1726424831025 -0.00015473365783691406 984
1726424831090 -0.00016105175018310547 985
1726424831155 -0.00016772747039794922 986
1726424831213 -0.00017464160919189453 987
1726424831277 -0.00018203258514404297 988
1726424831337 -0.0001895427703857422 989
1726424831393 -0.00019741058349609375 990
1726424831445 -0.00020575523376464844 991
1726424831497 -0.0002143383026123047 992
1726424831551 -0.0002231597900390625 993
1726424831605 0.00693511962890625 994
1726424831660 -0.014167070388793945 995
1726424831714 -0.004751324653625488 996
1726424831760 -0.001932382583618164 997
1726424831806 -0.0064307451248168945 998
1726424831854 0.0 999
