1726501582739 2e-05 0
1726501582805 0.0579647496342659 1
1726501582863 0.04777102917432785 2
1726501582915 0.0417390801012516 3
1726501582964 0.03735627979040146 4
1726501583035 0.03388282656669617 5
1726501583089 0.030994636937975883 6
1726501583144 0.028519676998257637 7
1726501583199 0.026355024427175522 8
1726501583260 0.024433907121419907 9
1726501583321 0.022710302844643593 10
1726501583381 0.02115093544125557 11
1726501583444 0.019731026142835617 12
1726501583505 0.018431298434734344 13
1726501583562 0.017236560583114624 14
1726501583614 0.016134493052959442 15
1726501583664 0.015115023590624332 16
1726501583715 0.014169683679938316 17
1726501583764 0.013291241601109505 18
1726501583816 0.012473578564822674 19
1726501583865 0.011711398139595985 20
1726501583917 0.010999990627169609 21
1726501583981 0.010335268452763557 22
1726501584033 0.009713535197079182 23
1726501584088 0.0091315982863307 24
1726501584140 0.008586393669247627 25
1726501584189 0.008075430989265442 26
1726501584242 0.007596225012093782 27
1726501584292 0.0071465857326984406 28
1726501584351 0.006724468898028135 29
1726501584407 0.006328053772449493 30
1726501584470 0.005955742206424475 31
1726501584528 0.005605829413980246 32
1726501584598 0.005276959389448166 33
1726501584652 0.004967753775417805 34
1726501584723 0.0046770465560257435 35
1726501584782 0.004403551109135151 36
1726501584834 0.004146386403590441 37
1726501584882 0.0039043466094881296 38
1726501584934 0.0036766533739864826 39
1726501584982 0.003462420077994466 40
1726501585035 0.0032607156317681074 41
1726501585088 0.0030709588900208473 42
1726501585140 0.0028922574128955603 43
1726501585190 0.0027239995542913675 44
1726501585264 0.0025657489895820618 45
1726501585328 0.0024166000075638294 46
1726501585382 0.002276210580021143 47
1726501585440 0.002144027268514037 48
1726501585505 0.002019542036578059 49
1726501585561 0.001902369549497962 50
1726501585617 0.0017919848905876279 51
1726501585669 0.001688023447059095 52
1726501585721 0.0015900779981166124 53
1726501585769 0.0014978226972743869 54
1726501585821 0.0014110105112195015 55
1726501585871 0.0013291987124830484 56
1726501585924 0.001252157031558454 57
1726501585981 0.0011795895406976342 58
1726501586036 0.001111248740926385 59
1726501586088 0.0010468728141859174 60
1726501586157 0.0009861683938652277 61
1726501586228 0.0009290664456784725 62
1726501586288 0.0008751702844165266 63
1726501586370 0.0008244969067163765 64
1726501586421 0.0007767591159790754 65
1726501586474 0.000731798994820565 66
1726501586522 0.0006893799873068929 67
1726501586575 0.0006494870176538825 68
1726501586626 0.0006118314922787249 69
1726501586678 0.000576427613850683 70
1726501586729 0.0005430282326415181 71
1726501586778 0.0005116138490848243 72
1726501586827 0.0004819752648472786 73
1726501586876 0.00045409021549858153 74
1726501586923 0.00042782671516761184 75
1726501586974 0.00040303447167389095 76
1726501587022 0.0003796784149017185 77
1726501587072 0.0003577533643692732 78
1726501587121 0.00033703798544593155 79
1726501587171 0.00031746242893859744 80
1726501587219 0.0002990876091644168 81
1726501587269 0.0002818269713316113 82
1726501587318 0.0002654943091329187 83
1726501587369 0.00025006855139508843 84
1726501587418 0.00023567468451801687 85
1726501587469 0.00022203047410584986 86
1726501587518 0.00020918995141983032 87
1726501587571 0.00019707322644535452 88
1726501587620 0.00018565573554951698 89
1726501587672 0.00017488231242168695 90
1726501587721 0.00016473799769300967 91
1726501587774 0.00015522638568654656 92
1726501587825 0.00014625205949414521 93
1726501587878 0.00013778962602373213 94
1726501587927 0.00012983991473447531 95
1726501587980 0.00012232654262334108 96
1726501588036 0.00011522799468366429 97
1726501588092 0.00010860340989893302 98
1726501588142 0.00010222970740869641 99
1726501588198 9.639852942200378e-05 100
1726501588247 9.079439041670412e-05 101
1726501588299 8.550271741114557e-05 102
1726501588350 8.055272337514907e-05 103
1726501588402 7.591789471916854e-05 104
1726501588452 7.150937017286196e-05 105
1726501588503 6.740374374203384e-05 106
1726501588552 6.349151954054832e-05 107
1726501588605 5.981731374049559e-05 108
1726501588654 5.631703606923111e-05 109
1726501588707 5.306131788529456e-05 110
1726501588757 5.005139246350154e-05 111
1726501588810 4.7097899368964136e-05 112
1726501588862 4.437955067260191e-05 113
1726501588920 4.182421253062785e-05 114
1726501588972 3.939323505619541e-05 115
1726501589034 3.7132485886104405e-05 116
1726501589094 3.496866702334955e-05 117
1726501589145 3.297405783087015e-05 118
1726501589193 3.1033992854645476e-05 119
1726501589246 2.9307882869034074e-05 120
1726501589295 2.7546295314095914e-05 121
1726501589352 2.597890852484852e-05 122
1726501589404 2.4444681912427768e-05 123
1726501589458 2.3060412786435336e-05 124
1726501589505 2.171667256334331e-05 125
1726501589556 2.0446434064069763e-05 126
1726501589605 1.925825017679017e-05 127
1726501589657 1.8112776160705835e-05 128
1726501589705 1.7063644918380305e-05 129
1726501589756 1.608442107681185e-05 130
1726501589805 1.5199681001831777e-05 131
1726501589856 1.4294120774138719e-05 132
1726501589905 1.3480997040460352e-05 133
1726501589956 1.267597599508008e-05 134
1726501590006 1.1975268535024952e-05 135
1726501590057 1.1313151844660752e-05 136
1726501590110 1.0600037057884037e-05 137
1726501590160 1.0033650141849648e-05 138
1726501590213 9.433459126739763e-06 139
