1726236545836 0.0 0
1726236545876 0.0 1
1726236545918 0.0 2
1726236545963 0.0 3
1726236546006 0.0 4
1726236546057 0.0 5
1726236546097 0.0 6
1726236546138 0.0 7
1726236546185 0.0 8
1726236546226 0.0 9
1726236546264 0.0 10
1726236546300 0.0 11
1726236546337 0.0 12
1726236546374 0.0 13
1726236546412 0.0 14
1726236546449 0.0 15
1726236546487 0.0 16
1726236546526 0.0 17
1726236546565 0.0 18
1726236546604 0.0 19
1726236546642 0.0 20
1726236546680 0.0 21
1726236546719 0.0 22
1726236546757 0.0 23
1726236546795 0.0 24
1726236546834 0.0 25
1726236546872 0.0 26
1726236546910 0.0 27
1726236546948 0.0 28
1726236546988 0.0 29
1726236547027 0.0 30
1726236547064 0.0 31
1726236547103 0.0 32
1726236547142 0.0 33
1726236547180 0.0 34
1726236547219 0.0 35
1726236547258 0.0 36
1726236547297 0.0 37
1726236547335 0.0 38
1726236547373 0.0 39
1726236547412 0.0 40
1726236547451 0.0 41
1726236547491 0.0 42
1726236547530 0.0 43
1726236547569 0.0 44
1726236547607 0.0 45
1726236547646 0.0 46
1726236547684 0.0 47
1726236547724 0.0 48
1726236547763 0.0 49
1726236547801 0.0 50
1726236547840 0.0 51
1726236547879 0.0 52
1726236547918 0.0 53
1726236547956 0.0 54
1726236547995 0.0 55
1726236548036 0.0 56
1726236548077 0.0 57
1726236548119 0.0 58
1726236548158 0.0 59
1726236548196 0.0 60
1726236548237 0.0 61
1726236548279 0.0 62
1726236548324 0.0 63
1726236548375 0.0 64
1726236548429 0.0 65
1726236548467 0.0 66
1726236548506 0.0 67
1726236548549 0.0 68
1726236548589 0.0 69
1726236548631 0.0 70
1726236548670 0.0 71
1726236548707 0.0 72
1726236548744 0.0 73
1726236548781 0.0 74
1726236548819 0.0 75
1726236548857 0.0 76
1726236548895 0.0 77
1726236548933 0.0 78
1726236548972 0.0 79
1726236549011 0.0 80
1726236549049 0.0 81
1726236549091 0.0 82
1726236549134 0.0 83
1726236549173 0.0 84
1726236549212 0.0 85
1726236549252 0.0 86
1726236549291 0.0 87
1726236549329 0.0 88
1726236549368 0.0 89
1726236549407 0.0 90
1726236549446 0.0 91
1726236549486 0.0 92
1726236549525 0.0 93
1726236549563 0.0 94
1726236549601 0.0 95
1726236549640 0.0 96
1726236549679 0.0 97
1726236549717 0.0 98
1726236549756 0.0 99
1726236549795 0.0 100
1726236549834 0.0 101
1726236549873 0.0 102
1726236549911 0.0 103
1726236549950 0.0 104
1726236549990 0.0 105
1726236550028 0.0 106
1726236550067 0.0 107
1726236550106 0.0 108
1726236550145 0.0 109
1726236550183 0.0 110
1726236550222 0.0 111
1726236550261 0.0 112
1726236550300 0.0 113
1726236550338 0.0 114
1726236550376 0.0 115
1726236550415 0.0 116
1726236550454 0.0 117
1726236550493 0.0 118
1726236550533 0.0 119
1726236550572 0.0 120
1726236550610 0.0 121
1726236550649 0.0 122
1726236550688 0.0 123
1726236550726 0.0 124
1726236550765 0.0 125
1726236550803 0.0 126
1726236550842 0.0 127
1726236550880 0.0 128
1726236550919 0.0 129
1726236550958 0.0 130
1726236550997 0.0 131
1726236551035 0.0 132
1726236551074 0.0 133
1726236551113 0.0 134
1726236551152 0.0 135
1726236551189 0.0 136
1726236551228 0.0 137
1726236551268 0.0 138
1726236551306 0.0 139
1726236551344 0.0 140
1726236551382 0.0 141
1726236551421 0.0 142
1726236551460 0.0 143
1726236551498 0.0 144
1726236551538 0.0 145
1726236551576 0.0 146
1726236551614 0.0 147
1726236551652 0.0 148
1726236551691 0.0 149
1726236551730 0.0 150
1726236551769 0.0 151
1726236551808 0.0 152
1726236551847 0.0 153
1726236551885 0.0 154
1726236551924 0.0 155
1726236551962 0.0 156
1726236552002 0.0 157
1726236552040 0.0 158
1726236552079 0.0 159
1726236552118 0.0 160
1726236552156 0.0 161
1726236552194 0.0 162
1726236552233 0.0 163
1726236552272 0.0 164
1726236552312 0.0 165
1726236552350 0.0 166
1726236552388 0.0 167
1726236552427 0.0 168
1726236552465 0.0 169
1726236552504 0.0 170
1726236552543 0.0 171
1726236552582 0.0 172
1726236552620 0.0 173
1726236552658 0.0 174
1726236552697 0.0 175
1726236552736 0.0 176
1726236552776 0.0 177
1726236552817 0.0 178
1726236552858 0.0 179
1726236552896 0.0 180
1726236552934 0.0 181
1726236552972 0.0 182
1726236553010 0.0 183
1726236553048 0.0 184
1726236553087 0.0 185
1726236553125 0.0 186
1726236553164 0.0 187
1726236553205 0.0 188
1726236553249 0.0 189
1726236553293 0.0 190
1726236553340 0.0 191
1726236553378 0.0 192
1726236553416 0.0 193
1726236553456 0.0 194
1726236553495 0.0 195
1726236553535 0.0 196
1726236553578 0.0 197
1726236553619 0.0 198
1726236553660 0.0 199
1726236553700 0.0 200
1726236553741 0.0 201
1726236553780 0.0 202
1726236553820 0.0 203
1726236553859 0.0 204
1726236553898 0.0 205
1726236553937 0.0 206
1726236553975 0.0 207
1726236554014 0.0 208
1726236554052 0.0 209
1726236554092 0.0 210
1726236554130 0.0 211
1726236554168 0.0 212
1726236554207 0.0 213
1726236554246 0.0 214
1726236554285 0.0 215
1726236554323 0.0 216
1726236554362 0.0 217
1726236554400 0.0 218
1726236554438 0.0 219
1726236554476 0.0 220
1726236554516 0.0 221
1726236554555 0.0 222
1726236554592 0.0 223
1726236554631 0.0 224
1726236554669 0.0 225
1726236554707 0.0 226
1726236554746 0.0 227
1726236554784 0.0 228
1726236554823 0.0 229
1726236554861 0.0 230
1726236554899 0.0 231
1726236554938 0.0 232
1726236554977 0.0 233
1726236555017 0.0 234
1726236555055 0.0 235
1726236555093 0.0 236
1726236555131 0.0 237
1726236555170 0.0 238
1726236555208 0.0 239
1726236555247 0.0 240
1726236555285 0.0 241
1726236555324 0.0 242
1726236555363 0.0 243
1726236555400 0.0 244
1726236555438 0.0 245
1726236555477 0.0 246
1726236555516 0.0 247
1726236555555 0.0 248
1726236555592 0.0 249
1726236555631 0.0 250
1726236555669 0.0 251
1726236555707 0.0 252
1726236555745 0.0 253
1726236555784 0.0 254
1726236555822 0.0 255
1726236555860 0.0 256
1726236555898 0.0 257
1726236555937 0.0 258
1726236555975 0.0 259
1726236556013 0.0 260
1726236556053 0.0 261
1726236556090 0.0 262
1726236556128 0.0 263
1726236556166 0.0 264
1726236556206 0.0 265
1726236556244 0.0 266
1726236556282 0.0 267
1726236556320 0.0 268
1726236556358 0.0 269
1726236556396 0.0 270
1726236556435 0.0 271
1726236556473 0.0 272
1726236556511 0.0 273
1726236556550 0.0 274
1726236556589 0.0 275
1726236556628 0.0 276
1726236556666 0.0 277
1726236556705 0.0 278
1726236556743 0.0 279
1726236556781 0.0 280
1726236556820 0.0 281
1726236556858 0.0 282
1726236556897 0.0 283
1726236556936 0.0 284
1726236556975 0.0 285
1726236557014 0.0 286
1726236557052 0.0 287
1726236557091 0.0 288
1726236557130 0.0 289
1726236557168 0.0 290
1726236557206 0.0 291
1726236557244 0.0 292
1726236557284 0.0 293
1726236557322 0.0 294
1726236557361 0.0 295
1726236557399 0.0 296
1726236557438 0.0 297
1726236557476 0.0 298
1726236557516 0.0 299
1726236557555 0.0 300
1726236557593 0.0 301
1726236557632 0.0 302
1726236557670 0.0 303
1726236557708 0.0 304
1726236557747 0.0 305
1726236557786 0.0 306
1726236557824 0.0 307
1726236557863 0.0 308
1726236557901 0.0 309
1726236557940 0.0 310
1726236557978 0.0 311
1726236558017 0.0 312
1726236558055 0.0 313
1726236558094 0.0 314
1726236558131 0.0 315
1726236558172 0.0 316
1726236558210 0.0 317
1726236558249 0.0 318
1726236558288 0.0 319
1726236558328 0.0 320
1726236558366 0.0 321
1726236558404 0.0 322
1726236558443 0.0 323
1726236558482 0.0 324
1726236558521 0.0 325
1726236558559 0.0 326
1726236558599 0.0 327
1726236558637 0.0 328
1726236558676 0.0 329
1726236558716 0.0 330
1726236558755 0.0 331
1726236558793 0.0 332
1726236558832 0.0 333
1726236558871 0.0 334
1726236558909 0.0 335
1726236558948 0.0 336
1726236558986 0.0 337
1726236559025 0.0 338
1726236559063 0.0 339
1726236559101 0.0 340
1726236559140 0.0 341
1726236559178 0.0 342
1726236559215 0.0 343
1726236559254 0.0 344
1726236559293 0.0 345
1726236559331 0.0 346
1726236559368 0.0 347
1726236559407 0.0 348
1726236559446 0.0 349
1726236559484 0.0 350
1726236559523 0.0 351
1726236559565 0.0 352
1726236559605 0.0 353
1726236559655 0.0 354
1726236559721 0.0 355
1726236559772 0.0 356
1726236559808 0.0 357
1726236559846 0.0 358
1726236559899 0.0 359
1726236559943 0.0 360
1726236559979 0.0 361
1726236560016 0.0 362
1726236560053 0.0 363
1726236560090 0.0 364
1726236560128 0.0 365
1726236560166 0.0 366
1726236560203 0.0 367
1726236560240 0.0 368
1726236560278 0.0 369
1726236560316 0.0 370
1726236560354 0.0 371
1726236560393 0.0 372
1726236560435 0.0 373
1726236560472 0.0 374
1726236560509 0.0 375
1726236560547 0.0 376
1726236560585 0.0 377
1726236560624 0.0 378
1726236560661 0.0 379
1726236560699 0.0 380
1726236560737 0.0 381
1726236560776 0.0 382
1726236560814 0.0 383
1726236560852 0.0 384
1726236560891 0.0 385
1726236560929 0.0 386
1726236560968 0.0 387
1726236561006 0.0 388
1726236561045 0.0 389
1726236561084 0.0 390
1726236561123 0.0 391
1726236561161 0.0 392
1726236561199 0.0 393
1726236561238 0.0 394
1726236561276 0.0 395
1726236561315 0.0 396
1726236561353 0.0 397
1726236561392 0.0 398
1726236561430 0.0 399
1726236561468 0.0 400
1726236561507 0.0 401
1726236561545 0.0 402
1726236561584 0.0 403
1726236561622 0.0 404
1726236561660 0.0 405
1726236561698 0.0 406
1726236561736 0.0 407
1726236561775 0.0 408
1726236561814 0.0 409
1726236561853 0.0 410
1726236561891 0.0 411
1726236561930 0.0 412
1726236561968 0.0 413
1726236562006 0.0 414
1726236562044 0.0 415
1726236562083 0.0 416
1726236562121 0.0 417
1726236562159 0.0 418
1726236562197 0.0 419
1726236562235 0.0 420
1726236562274 0.0 421
1726236562313 0.0 422
1726236562351 0.0 423
1726236562388 0.0 424
1726236562426 0.0 425
1726236562471 0.0 426
1726236562531 0.0 427
1726236562578 0.0 428
1726236562622 0.0 429
1726236562668 0.0 430
1726236562715 0.0 431
1726236562772 0.0 432
1726236562839 0.0 433
1726236562893 0.0 434
1726236562940 0.0 435
1726236562988 0.0 436
1726236563037 0.0 437
1726236563085 0.0 438
1726236563134 0.0 439
1726236563183 0.0 440
1726236563238 0.0 441
1726236563290 0.0 442
1726236563341 0.0 443
1726236563395 0.0 444
1726236563457 0.0 445
1726236563510 0.0 446
1726236563561 0.0 447
1726236563612 0.0 448
1726236563662 0.0 449
1726236563712 0.0 450
1726236563766 0.0 451
1726236563831 0.0 452
1726236563879 0.0 453
1726236563923 0.0 454
1726236563966 0.0 455
1726236564008 0.0 456
1726236564049 0.0 457
1726236564090 0.0 458
1726236564130 0.0 459
1726236564170 0.0 460
1726236564209 0.0 461
1726236564248 0.0 462
1726236564287 0.0 463
1726236564328 0.0 464
1726236564367 0.0 465
1726236564405 0.0 466
1726236564444 0.0 467
1726236564483 0.0 468
1726236564521 0.0 469
1726236564560 0.0 470
1726236564599 0.0 471
1726236564637 0.0 472
1726236564676 0.0 473
1726236564714 0.0 474
1726236564752 0.0 475
1726236564791 0.0 476
1726236564829 0.0 477
1726236564867 0.0 478
1726236564905 0.0 479
1726236564944 0.0 480
1726236564982 0.0 481
1726236565019 0.0 482
1726236565058 0.0 483
1726236565097 0.0 484
1726236565134 0.0 485
1726236565172 0.0 486
1726236565211 0.0 487
1726236565250 0.0 488
1726236565289 0.0 489
1726236565327 0.0 490
1726236565366 0.0 491
1726236565404 0.0 492
1726236565442 0.0 493
1726236565480 0.0 494
1726236565519 0.0 495
1726236565558 0.0 496
1726236565596 0.0 497
1726236565635 0.0 498
1726236565673 0.0 499
1726236565711 0.0 500
1726236565749 0.0 501
1726236565787 0.0 502
1726236565827 0.0 503
1726236565865 0.0 504
1726236565903 0.0 505
1726236565942 0.0 506
1726236565981 0.0 507
1726236566019 0.0 508
1726236566058 0.0 509
1726236566096 0.0 510
1726236566135 0.0 511
1726236566174 0.0 512
1726236566212 0.0 513
1726236566249 0.0 514
1726236566288 0.0 515
1726236566327 0.0 516
1726236566365 0.0 517
1726236566403 0.0 518
1726236566442 0.0 519
1726236566483 0.0 520
1726236566521 0.0 521
1726236566561 0.0 522
1726236566600 0.0 523
1726236566638 0.0 524
1726236566676 0.0 525
1726236566716 0.0 526
1726236566754 0.0 527
1726236566792 0.0 528
1726236566830 0.0 529
1726236566869 0.0 530
1726236566907 0.0 531
1726236566945 0.0 532
1726236566983 0.0 533
1726236567021 0.0 534
1726236567060 0.0 535
1726236567098 0.0 536
1726236567137 0.0 537
1726236567174 0.0 538
1726236567212 0.0 539
1726236567250 0.0 540
1726236567289 0.0 541
1726236567328 0.0 542
1726236567366 0.0 543
1726236567403 0.0 544
1726236567441 0.0 545
1726236567479 0.0 546
1726236567518 0.0 547
1726236567556 0.0 548
1726236567594 0.0 549
1726236567632 0.0 550
1726236567670 0.0 551
1726236567709 0.0 552
1726236567746 0.0 553
1726236567785 0.0 554
1726236567835 0.0 555
1726236567884 0.0 556
1726236567925 0.0 557
1726236567965 0.0 558
1726236568005 0.0 559
1726236568044 0.0 560
1726236568083 0.0 561
1726236568123 0.0 562
1726236568162 0.0 563
1726236568201 0.0 564
1726236568239 0.0 565
1726236568278 0.0 566
1726236568317 0.0 567
1726236568355 0.0 568
1726236568393 0.0 569
1726236568432 0.0 570
1726236568470 0.0 571
1726236568509 0.0 572
1726236568550 0.0 573
1726236568593 0.0 574
1726236568636 0.0 575
1726236568679 0.0 576
1726236568724 0.0 577
1726236568773 0.0 578
1726236568813 0.0 579
1726236568871 0.0 580
1726236568938 0.0 581
1726236569004 0.0 582
1726236569053 0.0 583
1726236569103 0.0 584
1726236569144 0.0 585
1726236569181 0.0 586
1726236569216 0.0 587
1726236569253 0.0 588
1726236569290 0.0 589
1726236569326 0.0 590
1726236569364 0.0 591
1726236569401 0.0 592
1726236569437 0.0 593
1726236569474 0.0 594
1726236569511 0.0 595
1726236569548 0.0 596
1726236569586 0.0 597
1726236569622 0.0 598
1726236569659 0.0 599
1726236569697 0.0 600
1726236569734 0.0 601
1726236569771 0.0 602
1726236569808 0.0 603
1726236569846 0.0 604
1726236569890 0.0 605
1726236569931 0.0 606
1726236569970 0.0 607
1726236570007 0.0 608
1726236570044 0.0 609
1726236570082 0.0 610
1726236570120 0.0 611
1726236570158 0.0 612
1726236570196 0.0 613
1726236570234 0.0 614
1726236570272 0.0 615
1726236570311 0.0 616
1726236570350 0.0 617
1726236570390 0.0 618
1726236570429 0.0 619
1726236570467 0.0 620
1726236570505 0.0 621
1726236570544 0.0 622
1726236570584 0.0 623
1726236570622 0.0 624
1726236570660 0.0 625
1726236570698 0.0 626
1726236570736 0.0 627
1726236570774 0.0 628
1726236570816 0.0 629
1726236570855 0.0 630
1726236570893 0.0 631
1726236570932 0.0 632
1726236570970 0.0 633
1726236571008 0.0 634
1726236571046 0.0 635
1726236571086 0.0 636
1726236571124 0.0 637
1726236571163 0.0 638
1726236571200 0.0 639
1726236571239 0.0 640
1726236571277 0.0 641
1726236571316 0.0 642
1726236571354 0.0 643
1726236571392 0.0 644
1726236571430 0.0 645
1726236571469 0.0 646
1726236571507 0.0 647
1726236571545 0.0 648
1726236571584 0.0 649
1726236571623 0.0 650
1726236571661 0.0 651
1726236571698 0.0 652
1726236571736 0.0 653
1726236571775 0.0 654
1726236571814 0.0 655
1726236571852 0.0 656
1726236571890 0.0 657
1726236571929 0.0 658
1726236571967 0.0 659
1726236572005 0.0 660
1726236572043 0.0 661
1726236572082 0.0 662
1726236572120 0.0 663
1726236572158 0.0 664
1726236572195 0.0 665
1726236572234 0.0 666
1726236572272 0.0 667
1726236572311 0.0 668
1726236572349 0.0 669
1726236572388 0.0 670
1726236572426 0.0 671
1726236572465 0.0 672
1726236572503 0.0 673
1726236572541 0.0 674
1726236572580 0.0 675
1726236572621 0.0 676
1726236572660 0.0 677
1726236572699 0.0 678
1726236572737 0.0 679
1726236572777 0.0 680
1726236572816 0.0 681
1726236572855 0.0 682
1726236572893 0.0 683
1726236572932 0.0 684
1726236572971 0.0 685
1726236573010 0.0 686
1726236573048 0.0 687
1726236573087 0.0 688
1726236573126 0.0 689
1726236573164 0.0 690
1726236573202 0.0 691
1726236573240 0.0 692
1726236573279 0.0 693
1726236573319 0.0 694
1726236573358 0.0 695
1726236573397 0.0 696
1726236573435 0.0 697
1726236573474 0.0 698
1726236573512 0.0 699
1726236573551 0.0 700
1726236573590 0.0 701
1726236573628 0.0 702
1726236573674 0.0 703
1726236573719 0.0 704
1726236573766 0.0 705
1726236573805 0.0 706
1726236573843 0.0 707
1726236573881 0.0 708
1726236573919 0.0 709
1726236573957 0.0 710
1726236573995 0.0 711
1726236574033 0.0 712
1726236574071 0.0 713
1726236574109 0.0 714
1726236574147 0.0 715
1726236574185 0.0 716
1726236574224 0.0 717
1726236574263 0.0 718
1726236574301 0.0 719
1726236574340 0.0 720
1726236574379 0.0 721
1726236574417 0.0 722
1726236574455 0.0 723
1726236574494 0.0 724
1726236574532 0.0 725
1726236574570 0.0 726
1726236574609 0.0 727
1726236574648 0.0 728
1726236574686 0.0 729
1726236574724 0.0 730
1726236574762 0.0 731
1726236574801 0.0 732
1726236574840 0.0 733
1726236574878 0.0 734
1726236574916 0.0 735
1726236574956 0.0 736
1726236574994 0.0 737
1726236575032 0.0 738
1726236575071 0.0 739
1726236575110 0.0 740
1726236575148 0.0 741
1726236575185 0.0 742
1726236575224 0.0 743
1726236575263 0.0 744
1726236575301 0.0 745
1726236575339 0.0 746
1726236575377 0.0 747
1726236575416 0.0 748
1726236575454 0.0 749
1726236575492 0.0 750
1726236575530 0.0 751
1726236575569 0.0 752
1726236575608 0.0 753
1726236575646 0.0 754
1726236575684 0.0 755
1726236575722 0.0 756
1726236575760 0.0 757
1726236575798 0.0 758
1726236575838 0.0 759
1726236575876 0.0 760
1726236575914 0.0 761
1726236575953 0.0 762
1726236575992 0.0 763
1726236576031 0.0 764
1726236576069 0.0 765
