1727300655769 1.5739716291427612 0
1727300655805 -0.0 1
1727300655841 0.11442621052265167 2
1727300655876 0.06088636815547943 3
1727300655910 0.1549743413925171 4
1727300655945 0.09978143125772476 5
1727300655979 0.060733526945114136 6
1727300656013 0.04703738912940025 7
1727300656047 -0.0 8
1727300656081 0.07654432952404022 9
1727300656115 0.022048477083444595 10
1727300656149 0.09219576418399811 11
1727300656184 0.21083268523216248 12
1727300656218 0.07793962955474854 13
1727300656253 0.033855583518743515 14
1727300656290 0.057763852179050446 15
1727300656326 -0.0 16
1727300656363 -0.0 17
1727300656398 -0.0 18
1727300656433 -0.0 19
1727300656468 0.01807638630270958 20
1727300656504 0.05657397210597992 21
1727300656540 0.031911347061395645 22
1727300656576 -0.0 23
1727300656613 0.24167974293231964 24
1727300656649 -0.0 25
1727300656685 0.5433628559112549 26
1727300656724 -0.0 27
1727300656763 0.016652148216962814 28
1727300656802 0.1097540408372879 29
1727300656846 -0.0 30
1727300656885 0.089792400598526 31
1727300656926 0.031525369733572006 32
1727300656967 0.1138099953532219 33
1727300657009 0.04281766340136528 34
1727300657054 -0.0 35
1727300657105 0.1178683340549469 36
1727300657148 0.12223615497350693 37
1727300657198 -0.0 38
1727300657245 0.010285469703376293 39
1727300657294 0.08870190382003784 40
1727300657335 0.07657423615455627 41
1727300657378 0.013295123353600502 42
1727300657424 0.036998383700847626 43
1727300657471 0.10579249262809753 44
1727300657517 0.23993276059627533 45
1727300657560 0.06277600675821304 46
1727300657603 0.028223127126693726 47
1727300657647 0.06491399556398392 48
1727300657691 0.06813617050647736 49
1727300657744 0.11693035066127777 50
1727300657793 0.04364056885242462 51
1727300657841 0.058820851147174835 52
1727300657887 0.08756104111671448 53
1727300657931 1.2219366851695668e-08 54
1727300657974 0.017420725896954536 55
1727300658022 -0.0 56
1727300658064 0.16827568411827087 57
1727300658109 -0.0 58
1727300658157 -0.0 59
1727300658203 0.05329176411032677 60
1727300658244 -1.516887060404315e-08 61
1727300658282 -0.0 62
1727300658320 0.03255894407629967 63
1727300658357 0.04568910598754883 64
1727300658394 0.04085332527756691 65
1727300658430 0.02024160698056221 66
1727300658467 0.08156423270702362 67
1727300658503 0.04734378680586815 68
1727300658539 -0.0 69
1727300658574 0.061377692967653275 70
1727300658609 0.06289848685264587 71
1727300658644 0.14083310961723328 72
1727300658679 -0.0 73
1727300658717 0.002530222525820136 74
1727300658751 0.23909726738929749 75
1727300658786 0.14094920456409454 76
1727300658821 0.09845231473445892 77
1727300658855 0.13011468946933746 78
1727300658890 0.08928597718477249 79
1727300658924 0.10567174106836319 80
1727300658958 -0.0 81
1727300658992 0.06342991441488266 82
1727300659026 0.07567568123340607 83
1727300659059 -0.0 84
1727300659093 0.03642980381846428 85
1727300659127 0.012634523212909698 86
1727300659161 0.12112938612699509 87
1727300659196 -0.0 88
1727300659230 0.034008800983428955 89
1727300659263 0.2364039123058319 90
1727300659298 0.10899502784013748 91
1727300659337 -0.0 92
1727300659382 0.029138781130313873 93
1727300659431 0.12353343516588211 94
1727300659465 -0.0 95
1727300659501 0.2868398129940033 96
1727300659538 0.05413224920630455 97
1727300659574 0.051499173045158386 98
1727300659612 0.0051200236193835735 99
1727300659647 0.06036432087421417 100
1727300659682 -0.0 101
1727300659720 0.13274769484996796 102
1727300659757 0.01148141361773014 103
1727300659794 -0.0 104
1727300659830 0.02580273151397705 105
1727300659871 0.18237121403217316 106
1727300659914 0.06005978211760521 107
1727300659955 0.05331556871533394 108
1727300659992 3.2504718916470665e-09 109
1727300660029 2.2443733538324295e-09 110
1727300660067 0.03672744706273079 111
1727300660103 -0.0 112
1727300660142 0.08383969962596893 113
1727300660179 0.14150863885879517 114
1727300660216 0.05884350463747978 115
1727300660252 0.09053388983011246 116
1727300660289 0.012762028723955154 117
1727300660325 0.034063223749399185 118
1727300660362 0.11678381264209747 119
1727300660398 0.10766789317131042 120
1727300660437 -0.0 121
1727300660472 0.06077444180846214 122
1727300660507 0.043889120221138 123
1727300660543 0.3083122670650482 124
1727300660577 -0.0 125
1727300660612 0.15214131772518158 126
1727300660646 -0.0 127
1727300660679 0.12549692392349243 128
1727300660712 0.17570734024047852 129
1727300660745 0.10146138072013855 130
1727300660778 -0.0 131
1727300660815 0.023876139894127846 132
1727300660853 0.24494417011737823 133
1727300660890 0.14995993673801422 134
1727300660925 0.041991740465164185 135
1727300660961 0.659493625164032 136
1727300660994 0.02188640460371971 137
1727300661028 -0.0 138
1727300661062 0.04043714329600334 139
1727300661095 0.058103542774915695 140
1727300661130 4.887746030135531e-08 141
1727300661165 0.029827548190951347 142
1727300661199 0.026588641107082367 143
1727300661233 0.09362448006868362 144
1727300661266 0.0031120239291340113 145
1727300661301 0.024936717003583908 146
1727300661334 0.052107084542512894 147
1727300661369 0.04561365395784378 148
1727300661402 -0.0 149
1727300661437 -0.0 150
1727300661472 7.584434413843155e-09 151
1727300661508 0.1919335573911667 152
1727300661542 0.012520154006779194 153
1727300661575 -0.0 154
1727300661608 0.1600443571805954 155
1727300661648 0.04707255959510803 156
1727300661685 0.008285736665129662 157
1727300661726 0.04893205687403679 158
1727300661766 0.04402691870927811 159
1727300661803 0.10656755417585373 160
1727300661839 -0.0 161
1727300661878 -0.0 162
1727300661915 0.05978932976722717 163
1727300661953 0.13893873989582062 164
1727300661989 0.031461093574762344 165
1727300662027 0.060637105256319046 166
1727300662063 2.4438733703391335e-08 167
1727300662097 0.11830420792102814 168
1727300662131 -0.0 169
1727300662165 0.05813956633210182 170
1727300662199 0.05976441130042076 171
1727300662234 -0.0 172
1727300662268 -0.0 173
1727300662302 0.043841321021318436 174
1727300662336 0.0605824775993824 175
1727300662370 0.018327860161662102 176
1727300662403 -0.0 177
1727300662438 0.10654549300670624 178
1727300662480 0.01894698105752468 179
1727300662522 -4.189498170603656e-08 180
1727300662558 0.00875659566372633 181
1727300662592 0.09726398438215256 182
1727300662628 -0.0 183
1727300662663 0.16842471063137054 184
1727300662699 0.016532478854060173 185
1727300662736 0.11515633761882782 186
1727300662781 0.07866401225328445 187
1727300662827 0.10117318481206894 188
1727300662868 -0.0 189
1727300662903 0.08664032816886902 190
1727300662938 0.10267587751150131 191
1727300662973 -0.0 192
1727300663009 -0.0 193
1727300663043 0.08583475649356842 194
1727300663077 0.051067713648080826 195
1727300663115 -0.0 196
1727300663154 0.025990774855017662 197
1727300663192 0.016484223306179047 198
1727300663228 1.516886705132947e-08 199
1727300663267 0.05279064550995827 200
1727300663303 0.041618868708610535 201
1727300663345 -0.0 202
1727300663393 0.1028018668293953 203
1727300663438 0.021326782181859016 204
1727300663488 0.09435680508613586 205
1727300663535 0.06964105367660522 206
1727300663582 -0.0 207
1727300663626 0.1471138447523117 208
1727300663671 0.036020081490278244 209
1727300663718 -0.0 210
1727300663763 -0.0 211
1727300663815 0.1078869104385376 212
1727300663868 -0.0 213
1727300663926 0.056199461221694946 214
1727300663983 0.044083599001169205 215
1727300664055 -0.0 216
1727300664106 0.04397808015346527 217
1727300664156 -1.516887060404315e-08 218
1727300664202 0.13630831241607666 219
1727300664256 0.15854769945144653 220
1727300664305 0.10330265760421753 221
1727300664357 0.043220918625593185 222
1727300664414 0.00015128916129469872 223
1727300664469 0.13201230764389038 224
1727300664522 0.015563988126814365 225
1727300664577 0.4945233166217804 226
1727300664630 -0.0 227
1727300664685 0.44367966055870056 228
1727300664739 0.024034859612584114 229
1727300664791 0.1356123983860016 230
1727300664846 0.009966131299734116 231
1727300664909 3.539402726460139e-08 232
1727300664965 0.06994625180959702 233
1727300665020 -0.0 234
1727300665074 0.027941320091485977 235
1727300665123 0.07280118763446808 236
1727300665165 0.04087052121758461 237
1727300665205 0.21766993403434753 238
1727300665246 -0.0 239
1727300665301 0.032402362674474716 240
1727300665353 -0.0 241
1727300665407 0.036301545798778534 242
1727300665461 0.07538968324661255 243
1727300665513 3.792217206921578e-09 244
1727300665564 0.12775233387947083 245
1727300665615 0.14202287793159485 246
1727300665665 -0.0 247
1727300665717 0.1336047500371933 248
1727300665764 0.08670230209827423 249
1727300665813 0.02269095927476883 250
1727300665865 0.09420036524534225 251
1727300665910 0.03444734215736389 252
1727300665959 0.018562566488981247 253
1727300666007 -0.0 254
1727300666059 0.2838972210884094 255
1727300666101 0.048379138112068176 256
1727300666142 0.09062463045120239 257
1727300666184 -0.0 258
1727300666233 -0.0 259
1727300666279 0.004364446736872196 260
1727300666321 -0.0 261
1727300666364 0.13993488252162933 262
1727300666404 -0.0 263
1727300666441 4.488746707664859e-09 264
1727300666478 0.09948012232780457 265
1727300666517 0.13544586300849915 266
1727300666559 0.09535518288612366 267
1727300666596 0.001540616387501359 268
1727300666632 0.07539037615060806 269
1727300666668 0.06042100116610527 270
1727300666703 -0.0 271
1727300666738 -0.0 272
1727300666774 0.04407135024666786 273
1727300666811 0.022590819746255875 274
1727300666846 -0.0 275
1727300666882 0.2467198371887207 276
1727300666918 -0.0 277
1727300666953 -0.0 278
1727300666989 0.053073834627866745 279
1727300667022 0.14637233316898346 280
1727300667054 0.049728404730558395 281
1727300667087 0.043249018490314484 282
1727300667119 -0.0 283
1727300667155 0.14051216840744019 284
1727300667190 0.059185076504945755 285
1727300667222 0.3681928217411041 286
1727300667255 0.04727736860513687 287
1727300667288 -0.0 288
1727300667321 0.31090497970581055 289
1727300667355 0.13046665489673615 290
1727300667388 -0.0 291
1727300667420 0.051131222397089005 292
1727300667453 0.4030514359474182 293
1727300667486 0.10494549572467804 294
1727300667524 0.13941308856010437 295
1727300667567 0.05106512829661369 296
1727300667610 0.1818889081478119 297
1727300667649 0.1587577760219574 298
1727300667686 0.09546877443790436 299
1727300667724 0.09025625139474869 300
1727300667758 0.14177753031253815 301
1727300667792 0.12403479218482971 302
1727300667827 0.10053694993257523 303
1727300667862 0.07551570236682892 304
1727300667899 -3.202316634087765e-08 305
1727300667933 0.1329168677330017 306
1727300667970 -0.0 307
1727300668019 0.1075562834739685 308
1727300668058 0.08828787505626678 309
1727300668095 0.19791917502880096 310
1727300668132 7.584434413843155e-09 311
1727300668167 0.02730484865605831 312
1727300668201 0.30806687474250793 313
1727300668235 7.978274396691631e-08 314
1727300668269 0.060144927352666855 315
1727300668302 0.16545066237449646 316
1727300668335 -0.0 317
1727300668370 0.05847024917602539 318
1727300668405 -7.584434413843155e-09 319
1727300668439 0.013051238842308521 320
1727300668472 0.08399976044893265 321
1727300668505 0.025362219661474228 322
1727300668539 0.17302580177783966 323
1727300668572 -0.0 324
1727300668606 -0.0 325
1727300668643 0.11130506545305252 326
1727300668679 0.145920991897583 327
1727300668720 0.06071436405181885 328
1727300668772 -0.0 329
1727300668825 0.06871220469474792 330
1727300668865 -0.0 331
1727300668899 0.6040816903114319 332
1727300668937 0.6133154630661011 333
1727300668973 -0.0 334
1727300669009 0.3502126932144165 335
1727300669050 0.11015854775905609 336
1727300669087 0.00039648052188567817 337
1727300669123 -0.0 338
1727300669161 -0.0 339
1727300669196 0.4529185891151428 340
1727300669230 -5.2523496663070546e-08 341
1727300669265 -0.0 342
