1727307277906 2.014693021774292 0
1727307277943 2.014693021774292 1
1727307277978 2.014693021774292 2
1727307278013 2.014693021774292 3
1727307278048 2.014693021774292 4
1727307278083 2.014693021774292 5
1727307278119 2.014693021774292 6
1727307278155 2.014693021774292 7
1727307278191 2.014693021774292 8
1727307278227 2.014693021774292 9
1727307278263 2.014693021774292 10
1727307278299 2.014693021774292 11
1727307278336 2.014693021774292 12
1727307278374 2.014693021774292 13
1727307278411 2.014693021774292 14
1727307278448 2.014693021774292 15
1727307278484 2.014693021774292 16
1727307278520 2.014693021774292 17
1727307278556 2.014693021774292 18
1727307278594 2.014693021774292 19
1727307278630 2.014693021774292 20
1727307278667 2.014693021774292 21
1727307278703 2.014693021774292 22
1727307278740 2.014693021774292 23
1727307278777 2.014693021774292 24
1727307278812 2.014693021774292 25
1727307278849 2.014693021774292 26
1727307278885 2.014693021774292 27
1727307278921 2.014693021774292 28
1727307278959 2.014693021774292 29
1727307278995 2.014693021774292 30
1727307279031 2.014693021774292 31
1727307279071 2.014693021774292 32
1727307279108 2.014693021774292 33
1727307279144 2.014693021774292 34
1727307279184 2.014693021774292 35
1727307279221 2.014693021774292 36
1727307279258 2.014693021774292 37
1727307279294 2.014693021774292 38
1727307279330 2.014693021774292 39
1727307279367 2.014693021774292 40
1727307279403 2.014693021774292 41
1727307279440 2.014693021774292 42
1727307279477 2.014693021774292 43
1727307279513 2.014693021774292 44
1727307279550 2.014693021774292 45
1727307279587 2.014693021774292 46
1727307279624 2.014693021774292 47
1727307279660 2.014693021774292 48
1727307279696 2.014693021774292 49
1727307279732 2.014693021774292 50
1727307279769 2.014693021774292 51
1727307279807 2.014693021774292 52
1727307279844 2.014693021774292 53
1727307279880 2.014693021774292 54
1727307279916 2.014693021774292 55
1727307279954 2.014693021774292 56
1727307279990 2.014693021774292 57
1727307280027 2.014693021774292 58
1727307280063 2.014693021774292 59
1727307280100 2.014693021774292 60
1727307280136 2.014693021774292 61
1727307280173 2.014693021774292 62
1727307280209 2.014693021774292 63
1727307280252 2.014693021774292 64
1727307280289 2.014693021774292 65
1727307280326 2.014693021774292 66
1727307280363 2.014693021774292 67
1727307280400 2.014693021774292 68
1727307280438 2.014693021774292 69
1727307280474 2.014693021774292 70
1727307280511 2.014693021774292 71
1727307280550 2.014693021774292 72
1727307280587 2.014693021774292 73
1727307280625 2.014693021774292 74
1727307280666 2.014693021774292 75
1727307280705 2.014693021774292 76
1727307280742 2.014693021774292 77
1727307280779 2.014693021774292 78
1727307280816 2.014693021774292 79
1727307280854 2.014693021774292 80
1727307280899 2.014693021774292 81
1727307280944 2.014693021774292 82
1727307280979 2.014693021774292 83
1727307281015 2.014693021774292 84
1727307281050 2.014693021774292 85
1727307281085 2.014693021774292 86
1727307281120 2.014693021774292 87
1727307281156 2.014693021774292 88
1727307281193 2.014693021774292 89
1727307281230 2.014693021774292 90
1727307281267 2.014693021774292 91
1727307281304 2.014693021774292 92
1727307281341 2.014693021774292 93
1727307281380 2.014693021774292 94
1727307281417 2.014693021774292 95
1727307281457 2.014693021774292 96
1727307281496 2.014693021774292 97
1727307281535 2.014693021774292 98
1727307281573 2.014693021774292 99
1727307281611 2.014693021774292 100
1727307281648 2.014693021774292 101
1727307281685 2.014693021774292 102
1727307281722 2.014693021774292 103
1727307281759 2.014693021774292 104
1727307281795 2.014693021774292 105
1727307281832 2.014693021774292 106
1727307281869 2.014693021774292 107
1727307281908 2.014693021774292 108
1727307281961 2.014693021774292 109
1727307282014 2.014693021774292 110
1727307282054 2.014693021774292 111
1727307282111 2.014693021774292 112
1727307282157 2.014693021774292 113
1727307282199 2.014693021774292 114
1727307282241 2.014693021774292 115
1727307282285 2.014693021774292 116
1727307282325 2.014693021774292 117
1727307282366 2.014693021774292 118
1727307282406 2.014693021774292 119
1727307282444 2.014693021774292 120
1727307282480 2.014693021774292 121
1727307282516 2.014693021774292 122
1727307282553 2.014693021774292 123
1727307282594 2.014693021774292 124
1727307282635 2.014693021774292 125
1727307282675 2.014693021774292 126
1727307282710 2.014693021774292 127
1727307282745 2.014693021774292 128
1727307282780 2.014693021774292 129
1727307282816 2.014693021774292 130
1727307282851 2.014693021774292 131
1727307282886 2.014693021774292 132
1727307282921 2.014693021774292 133
1727307282960 2.014693021774292 134
1727307283002 2.014693021774292 135
1727307283044 2.014693021774292 136
1727307283083 2.014693021774292 137
1727307283119 2.014693021774292 138
1727307283154 2.014693021774292 139
1727307283192 2.014693021774292 140
1727307283226 2.014693021774292 141
1727307283261 2.014693021774292 142
1727307283297 2.014693021774292 143
1727307283332 2.014693021774292 144
1727307283367 2.014693021774292 145
1727307283403 2.014693021774292 146
1727307283439 2.014693021774292 147
1727307283475 2.014693021774292 148
1727307283510 2.014693021774292 149
1727307283547 2.014693021774292 150
1727307283583 2.014693021774292 151
1727307283619 2.014693021774292 152
1727307283655 2.014693021774292 153
1727307283691 2.014693021774292 154
1727307283727 2.014693021774292 155
1727307283763 2.014693021774292 156
1727307283800 2.014693021774292 157
1727307283837 2.014693021774292 158
1727307283875 2.014693021774292 159
1727307283910 2.014693021774292 160
1727307283948 2.014693021774292 161
1727307283985 2.014693021774292 162
1727307284021 2.014693021774292 163
1727307284057 2.014693021774292 164
1727307284092 2.014693021774292 165
1727307284127 2.014693021774292 166
1727307284165 2.014693021774292 167
1727307284202 2.014693021774292 168
1727307284239 2.014693021774292 169
1727307284275 2.014693021774292 170
1727307284314 2.014693021774292 171
1727307284350 2.014693021774292 172
1727307284386 2.014693021774292 173
1727307284423 2.014693021774292 174
1727307284460 2.014693021774292 175
1727307284495 2.014693021774292 176
1727307284532 2.014693021774292 177
1727307284567 2.014693021774292 178
1727307284604 2.014693021774292 179
1727307284640 2.014693021774292 180
1727307284677 2.014693021774292 181
1727307284713 2.014693021774292 182
1727307284750 2.014693021774292 183
1727307284786 2.014693021774292 184
1727307284823 2.014693021774292 185
1727307284860 2.014693021774292 186
1727307284895 2.014693021774292 187
1727307284931 2.014693021774292 188
1727307284966 2.014693021774292 189
1727307285002 2.014693021774292 190
1727307285038 2.014693021774292 191
1727307285074 2.014693021774292 192
1727307285109 2.014693021774292 193
1727307285145 2.014693021774292 194
1727307285180 2.014693021774292 195
1727307285217 2.014693021774292 196
1727307285253 2.014693021774292 197
1727307285289 2.014693021774292 198
1727307285325 2.014693021774292 199
1727307285362 2.014693021774292 200
1727307285399 2.014693021774292 201
1727307285436 2.014693021774292 202
1727307285472 2.014693021774292 203
1727307285509 2.014693021774292 204
1727307285545 2.014693021774292 205
