1727297769008 0.24439501762390137 0
1727297769049 0.26039671897888184 1
1727297769087 0.18482565879821777 2
1727297769122 0.05989336967468262 3
1727297769161 0.10418868064880371 4
1727297769199 0.18361186981201172 5
1727297769235 0.0035321712493896484 6
1727297769272 0.16260981559753418 7
1727297769309 0.22763943672180176 8
1727297769346 0.16080188751220703 9
1727297769382 0.25441431999206543 10
1727297769422 0.532238245010376 11
1727297769459 0.20396709442138672 12
1727297769496 0.14184141159057617 13
1727297769533 0.20575881004333496 14
1727297769571 0.07465195655822754 15
1727297769608 0.12811779975891113 16
1727297769645 0.12701129913330078 17
1727297769685 0.07254981994628906 18
1727297769721 0.2436821460723877 19
1727297769758 0.14140057563781738 20
1727297769799 0.15500737726688385 21
1727297769836 0.1582024097442627 22
1727297769872 0.14943790435791016 23
1727297769919 0.36187848448753357 24
1727297769963 0.10407328605651855 25
1727297769999 0.22356796264648438 26
1727297770035 0.14849162101745605 27
1727297770072 0.21397781372070312 28
1727297770109 0.4252537190914154 29
1727297770146 0.22861027717590332 30
1727297770184 0.22132086753845215 31
1727297770220 0.14476299285888672 32
1727297770255 0.24820828437805176 33
1727297770293 0.13915443420410156 34
1727297770334 0.15379881858825684 35
1727297770371 0.11719655990600586 36
1727297770408 0.19584178924560547 37
1727297770447 0.18865299224853516 38
1727297770484 0.24618816375732422 39
1727297770521 0.2276918888092041 40
1727297770559 0.347281813621521 41
1727297770596 0.20907926559448242 42
1727297770637 0.23568511009216309 43
1727297770678 0.04776334762573242 44
1727297770716 0.2503993511199951 45
1727297770753 0.046845197677612305 46
1727297770790 0.1389298439025879 47
1727297770827 0.17837166786193848 48
1727297770864 0.24658560752868652 49
1727297770901 0.18320989608764648 50
1727297770940 0.13027167320251465 51
1727297770976 0.025662660598754883 52
1727297771015 0.24129748344421387 53
1727297771051 0.18579888343811035 54
1727297771087 0.18359708786010742 55
1727297771123 0.1737840175628662 56
1727297771162 0.15456867218017578 57
1727297771199 0.15982365608215332 58
1727297771235 0.12296319007873535 59
1727297771271 0.2283797264099121 60
1727297771321 0.05767941474914551 61
1727297771366 0.2061777114868164 62
1727297771411 0.10225510597229004 63
1727297771456 0.15209722518920898 64
1727297771496 0.05129194259643555 65
1727297771531 0.23428130149841309 66
1727297771568 0.04225635528564453 67
1727297771605 0.10449624061584473 68
1727297771642 0.1357886791229248 69
1727297771682 0.15620720386505127 70
1727297771730 0.23806118965148926 71
1727297771777 0.09479093551635742 72
1727297771822 0.19462800025939941 73
1727297771870 0.21317005157470703 74
1727297771916 0.199876070022583 75
1727297771961 0.1674211025238037 76
1727297772005 0.1372818946838379 77
1727297772048 0.20206332206726074 78
1727297772091 0.17517948150634766 79
1727297772132 0.17982912063598633 80
1727297772170 0.15073347091674805 81
1727297772219 0.18235111236572266 82
1727297772263 0.08928990364074707 83
1727297772308 0.09538006782531738 84
1727297772348 0.09465670585632324 85
1727297772384 0.11292576789855957 86
1727297772423 0.1546955108642578 87
1727297772468 0.16063237190246582 88
1727297772509 0.20161747932434082 89
1727297772549 0.01737523078918457 90
1727297772587 -0.0029828548431396484 91
1727297772623 0.16315960884094238 92
1727297772660 0.14162707328796387 93
1727297772700 0.19646883010864258 94
1727297772745 0.16023755073547363 95
1727297772784 0.11295962333679199 96
1727297772831 0.2369225025177002 97
1727297772872 0.20288634300231934 98
1727297772908 0.13931679725646973 99
1727297772950 0.2610952854156494 100
1727297772994 0.27665162086486816 101
1727297773037 0.11078333854675293 102
1727297773079 0.16286206245422363 103
1727297773121 0.2191777229309082 104
1727297773158 0.15920662879943848 105
1727297773203 0.2599947452545166 106
1727297773243 0.19739913940429688 107
1727297773280 0.13922500610351562 108
1727297773322 0.08341574668884277 109
1727297773365 0.24178361892700195 110
1727297773404 0.10723018646240234 111
1727297773444 0.040857553482055664 112
1727297773490 0.1078946590423584 113
1727297773545 0.08565711975097656 114
1727297773584 0.25479602813720703 115
1727297773624 0.1729602813720703 116
1727297773668 0.15654826164245605 117
1727297773712 0.07120823860168457 118
1727297773750 0.2089245319366455 119
1727297773787 0.11205720901489258 120
1727297773831 0.18492865562438965 121
1727297773876 0.13463664054870605 122
1727297773914 0.1555016040802002 123
1727297773955 0.2611713409423828 124
1727297774008 0.25463175773620605 125
1727297774048 0.16866421699523926 126
1727297774086 0.24541258811950684 127
1727297774124 0.2428133487701416 128
1727297774163 0.22736501693725586 129
1727297774205 0.002167224884033203 130
1727297774241 0.27905988693237305 131
1727297774279 0.16525912284851074 132
1727297774316 0.11679911613464355 133
1727297774354 0.23271799087524414 134
1727297774390 0.14964079856872559 135
1727297774427 0.262554407119751 136
1727297774470 0.23850369453430176 137
1727297774512 0.08631491661071777 138
1727297774561 0.1393263339996338 139
1727297774607 0.03663325309753418 140
1727297774654 0.20012187957763672 141
1727297774697 0.23057889938354492 142
1727297774736 0.21669530868530273 143
1727297774787 0.23557496070861816 144
1727297774830 0.23009228706359863 145
1727297774872 0.2650325298309326 146
1727297774918 0.17988228797912598 147
1727297774964 0.19627022743225098 148
1727297775009 0.34462645649909973 149
1727297775054 0.07004141807556152 150
1727297775091 0.010707378387451172 151
1727297775130 -0.15231764316558838 152
1727297775175 -0.28408801555633545 153
1727297775219 0.1216421127319336 154
1727297775263 0.1796882152557373 155
1727297775311 0.11330223083496094 156
1727297775357 0.21900248527526855 157
1727297775399 0.1627969741821289 158
1727297775444 0.2281641960144043 159
1727297775489 0.20743417739868164 160
1727297775530 0.2098839282989502 161
1727297775577 0.2634904384613037 162
1727297775620 0.3082959055900574 163
1727297775664 0.11149239540100098 164
1727297775711 0.13563847541809082 165
1727297775754 0.21345973014831543 166
1727297775800 0.09174275398254395 167
1727297775845 0.19918203353881836 168
1727297775888 0.09930038452148438 169
1727297775931 0.1304488182067871 170
1727297775978 0.12653088569641113 171
1727297776024 0.14954137802124023 172
1727297776069 0.27370190620422363 173
1727297776116 0.15327143669128418 174
1727297776154 0.03311610221862793 175
1727297776193 -0.04457747936248779 176
1727297776251 0.08911371231079102 177
1727297776309 0.26014018058776855 178
1727297776357 0.180922269821167 179
1727297776403 0.1821122169494629 180
1727297776453 0.25424110889434814 181
1727297776490 0.12328839302062988 182
1727297776528 -0.027402400970458984 183
1727297776565 0.21450066566467285 184
1727297776601 0.225722074508667 185
1727297776643 0.3032066822052002 186
1727297776696 0.19062542915344238 187
1727297776747 0.12473297119140625 188
1727297776799 0.17821526527404785 189
1727297776855 0.06314969062805176 190
1727297776909 0.11798787117004395 191
1727297776967 0.11788296699523926 192
1727297777023 0.17580819129943848 193
1727297777079 0.08376598358154297 194
1727297777133 0.05928182601928711 195
1727297777191 0.08104491233825684 196
1727297777250 0.09686446189880371 197
1727297777306 0.16904211044311523 198
1727297777356 0.02611374855041504 199
1727297777409 0.2567446231842041 200
1727297777460 0.21390819549560547 201
1727297777512 0.20020318031311035 202
1727297777562 0.09943485260009766 203
1727297777609 0.09971928596496582 204
1727297777663 0.23784804344177246 205
1727297777721 0.2044064998626709 206
1727297777787 0.23493742942810059 207
1727297777844 0.16178059577941895 208
1727297777911 0.22224712371826172 209
1727297777969 0.18291759490966797 210
1727297778031 0.15163230895996094 211
1727297778096 0.4119454026222229 212
1727297778154 0.0027017593383789062 213
1727297778209 0.10878467559814453 214
1727297778260 0.22124648094177246 215
1727297778307 0.1150658130645752 216
1727297778355 0.1883985996246338 217
1727297778412 0.24044251441955566 218
1727297778474 0.09685587882995605 219
1727297778539 0.14317059516906738 220
1727297778594 0.09925150871276855 221
1727297778631 0.14824199676513672 222
1727297778668 0.2302301824092865 223
1727297778709 0.05382704734802246 224
1727297778756 -0.0002231597900390625 225
1727297778798 0.15945172309875488 226
1727297778838 0.21462082862854004 227
1727297778875 0.2894415855407715 228
1727297778912 0.18760061264038086 229
1727297778951 0.1133112907409668 230
1727297778988 0.00517582893371582 231
1727297779024 0.20740461349487305 232
1727297779060 0.22187209129333496 233
1727297779096 0.2454087734222412 234
1727297779131 0.208540678024292 235
1727297779167 0.13709020614624023 236
1727297779205 0.1175544261932373 237
1727297779243 0.17569661140441895 238
1727297779278 0.13891148567199707 239
1727297779314 0.11049652099609375 240
1727297779350 0.01634693145751953 241
1727297779387 -0.024570465087890625 242
1727297779424 0.09739327430725098 243
1727297779463 0.12429451942443848 244
1727297779500 0.13482379913330078 245
1727297779537 0.15089130401611328 246
1727297779577 0.05725383758544922 247
1727297779612 -0.14773821830749512 248
1727297779648 -0.21873211860656738 249
1727297779684 0.0011458396911621094 250
1727297779722 -0.09436631202697754 251
1727297779758 -0.24822938442230225 252
1727297779794 0.10506701469421387 253
1727297779834 0.03194117546081543 254
1727297779870 0.20570898056030273 255
1727297779908 0.14621305465698242 256
1727297779946 0.2305459976196289 257
1727297779983 0.23239755630493164 258
1727297780019 0.2502257823944092 259
1727297780055 0.16162991523742676 260
1727297780091 0.050847768783569336 261
1727297780131 -0.017993450164794922 262
1727297780167 0.23759150505065918 263
1727297780207 0.23782634735107422 264
1727297780242 0.23138713836669922 265
1727297780279 0.25522732734680176 266
1727297780316 0.2549147605895996 267
1727297780353 0.19975996017456055 268
1727297780389 0.25922590494155884 269
1727297780425 0.13820576667785645 270
1727297780466 0.16979312896728516 271
1727297780502 0.16135168075561523 272
1727297780539 0.22064995765686035 273
1727297780576 0.035192251205444336 274
1727297780612 -0.0005290508270263672 275
1727297780649 0.1649789810180664 276
1727297780690 0.20257282257080078 277
1727297780731 0.14507079124450684 278
1727297780770 0.22921156883239746 279
1727297780812 0.19127869606018066 280
1727297780848 0.14103221893310547 281
1727297780891 0.24541735649108887 282
1727297780929 0.21201777458190918 283
1727297780968 0.1538536548614502 284
1727297781009 0.030604839324951172 285
1727297781046 0.1156003475189209 286
1727297781083 0.18941307067871094 287
1727297781118 0.2743387222290039 288
1727297781159 0.1307523250579834 289
1727297781197 0.19877243041992188 290
1727297781234 0.08841753005981445 291
1727297781269 0.20069217681884766 292
1727297781305 0.05713343620300293 293
1727297781342 0.15096473693847656 294
1727297781381 0.45878076553344727 295
1727297781418 0.17541766166687012 296
1727297781454 0.06605887413024902 297
1727297781492 0.12936854362487793 298
1727297781532 0.08015942573547363 299
1727297781571 0.15928149223327637 300
1727297781607 0.2800884246826172 301
1727297781643 0.26648783683776855 302
1727297781680 0.18628668785095215 303
1727297781718 0.0737922191619873 304
1727297781755 0.2800264358520508 305
1727297781793 0.12118101119995117 306
1727297781829 0.23505902290344238 307
1727297781865 0.26949334144592285 308
1727297781905 0.22572827339172363 309
1727297781943 -0.025271177291870117 310
1727297781981 0.26143574714660645 311
1727297782017 0.24918079376220703 312
1727297782055 0.17973923683166504 313
1727297782096 0.15038442611694336 314
1727297782134 0.1777667999267578 315
1727297782170 0.12308716773986816 316
1727297782212 0.2860351502895355 317
1727297782255 0.2849764823913574 318
1727297782299 0.17513036727905273 319
1727297782341 0.15633749961853027 320
1727297782378 0.1755080223083496 321
1727297782414 0.13414978981018066 322
1727297782450 0.23931121826171875 323
1727297782490 0.11713433265686035 324
1727297782529 0.06568741798400879 325
1727297782567 0.19580698013305664 326
1727297782602 0.2312101125717163 327
1727297782639 0.03496217727661133 328
1727297782676 0.2631700038909912 329
1727297782713 0.11538267135620117 330
1727297782749 0.2478036880493164 331
1727297782785 0.2394726276397705 332
1727297782821 0.1806633472442627 333
1727297782858 0.4898109436035156 334
1727297782894 0.174330472946167 335
1727297782934 0.28266286849975586 336
1727297782979 0.2102489471435547 337
1727297783023 -0.008199691772460938 338
1727297783066 -0.21548843383789062 339
1727297783113 0.09896707534790039 340
1727297783157 0.1884932518005371 341
1727297783203 0.17569231986999512 342
1727297783240 0.027787446975708008 343
1727297783276 -0.21175873279571533 344
1727297783312 -0.29602622985839844 345
1727297783349 -0.4026622772216797 346
1727297783386 -0.40457630157470703 347
1727297783422 -0.045367807149887085 348
1727297783460 -0.19555938243865967 349
1727297783497 -0.31138455867767334 350
1727297783534 -0.4002441167831421 351
1727297783571 -0.4702835977077484 352
1727297783608 -0.37349700927734375 353
1727297783644 -0.45149779319763184 354
1727297783681 -0.5112979412078857 355
1727297783718 -0.5672181844711304 356
1727297783757 -0.6028721332550049 357
1727297783794 -0.6237308979034424 358
1727297783831 -0.6248219609260559 359
1727297783868 -0.5080825090408325 360
1727297783904 -0.5604265928268433 361
1727297783942 -0.6085758209228516 362
1727297783982 -0.6456774473190308 363
1727297784019 -0.6789232492446899 364
1727297784056 -0.6789232492446899 365
