1726502536991 0.9989129304885864 0
1726502537065 0.9997384548187256 1
1726502537136 0.9998009204864502 2
1726502537202 0.9998180866241455 3
1726502537265 0.9998239278793335 4
1726502537327 0.999826192855835 5
1726502537386 0.9998270869255066 6
1726502537443 0.9998274445533752 7
1726502537495 0.9998275637626648 8
1726502537573 0.9998276829719543 9
1726502537644 0.9998277425765991 10
1726502537694 0.9998277425765991 11
1726502537743 0.9998277425765991 12
1726502537802 0.9998277425765991 13
1726502537864 0.9998276829719543 14
1726502537919 0.9998276829719543 15
1726502537972 0.9998276829719543 16
1726502538022 0.9998277425765991 17
1726502538076 0.9998276829719543 18
1726502538127 0.9998277425765991 19
1726502538179 0.9998276829719543 20
1726502538230 0.9998276829719543 21
1726502538282 0.9998276829719543 22
1726502538332 0.9998276829719543 23
1726502538383 0.9998277425765991 24
1726502538434 0.9998276829719543 25
1726502538485 0.9998277425765991 26
1726502538535 0.9998276233673096 27
1726502538586 0.9998277425765991 28
