1727308192707 1.5271570682525635 0
1727308192748 -0.0 1
1727308192791 -0.0 2
1727308192832 -0.0 3
1727308192871 -0.0 4
1727308192908 -0.0 5
1727308192945 -0.0 6
1727308192984 -0.0 7
1727308193023 -0.0 8
1727308193061 -0.0 9
1727308193097 -0.0 10
1727308193134 -0.0 11
1727308193172 -0.0 12
1727308193209 -0.0 13
1727308193245 -0.0 14
1727308193283 -0.0 15
1727308193320 -0.0 16
1727308193357 -0.0 17
1727308193395 -0.0 18
1727308193432 -0.0 19
1727308193469 -0.0 20
1727308193507 -0.0 21
1727308193544 -0.0 22
1727308193582 -0.0 23
1727308193619 -0.0 24
1727308193656 -0.0 25
1727308193693 -0.0 26
1727308193731 -0.0 27
1727308193768 -0.0 28
1727308193805 -0.0 29
1727308193842 -0.0 30
1727308193879 -0.0 31
1727308193916 -0.0 32
1727308193953 -0.0 33
1727308193990 -0.0 34
1727308194027 -0.0 35
1727308194064 -0.0 36
1727308194100 -0.0 37
1727308194137 -0.0 38
1727308194174 -0.0 39
1727308194213 -0.0 40
1727308194249 -0.0 41
1727308194286 -0.0 42
1727308194322 -0.0 43
1727308194361 -0.0 44
1727308194400 -0.0 45
1727308194437 -0.0 46
1727308194473 -0.0 47
1727308194511 -0.0 48
1727308194549 -0.0 49
1727308194585 -0.0 50
1727308194622 -0.0 51
1727308194658 -0.0 52
1727308194694 -0.0 53
1727308194732 -0.0 54
1727308194769 -0.0 55
1727308194806 -0.0 56
1727308194842 -0.0 57
1727308194879 -0.0 58
1727308194916 -0.0 59
1727308194954 -0.0 60
1727308194991 -0.0 61
1727308195028 -0.0 62
1727308195065 -0.0 63
1727308195102 -0.0 64
1727308195139 -0.0 65
1727308195176 -0.0 66
1727308195214 -0.0 67
1727308195253 -0.0 68
1727308195290 -0.0 69
1727308195327 -0.0 70
1727308195364 -0.0 71
1727308195404 -0.0 72
1727308195442 -0.0 73
1727308195484 -0.0 74
1727308195524 -0.0 75
1727308195561 -0.0 76
1727308195598 -0.0 77
1727308195634 -0.0 78
1727308195671 -0.0 79
1727308195710 -0.0 80
1727308195748 -0.0 81
1727308195786 -0.0 82
1727308195827 -0.0 83
1727308195866 -0.0 84
1727308195907 -0.0 85
1727308195944 -0.0 86
1727308195984 -0.0 87
1727308196022 -0.0 88
1727308196058 -0.0 89
1727308196095 -0.0 90
1727308196134 -0.0 91
1727308196170 -0.0 92
1727308196208 -0.0 93
1727308196249 -0.0 94
1727308196287 -0.0 95
1727308196324 -0.0 96
1727308196360 -0.0 97
1727308196397 -0.0 98
1727308196434 -0.0 99
1727308196473 -0.0 100
1727308196509 -0.0 101
1727308196547 -0.0 102
1727308196585 -0.0 103
1727308196622 -0.0 104
1727308196659 -0.0 105
1727308196697 -0.0 106
1727308196734 -0.0 107
1727308196772 -0.0 108
1727308196809 -0.0 109
1727308196850 -0.0 110
1727308196902 -0.0 111
1727308196954 -0.0 112
1727308196993 -0.0 113
1727308197032 -0.0 114
1727308197071 -0.0 115
1727308197109 -0.0 116
1727308197147 -0.0 117
1727308197187 -0.0 118
1727308197227 -0.0 119
1727308197264 -0.0 120
1727308197304 -0.0 121
1727308197342 -0.0 122
1727308197380 -0.0 123
1727308197417 -0.0 124
1727308197455 -0.0 125
1727308197493 -0.0 126
1727308197530 -0.0 127
1727308197566 -0.0 128
1727308197603 -0.0 129
1727308197640 -0.0 130
1727308197677 -0.0 131
1727308197714 -0.0 132
1727308197751 -0.0 133
1727308197788 -0.0 134
1727308197825 -0.0 135
1727308197862 -0.0 136
1727308197898 -0.0 137
1727308197934 -0.0 138
1727308197972 -0.0 139
1727308198009 -0.0 140
1727308198045 -0.0 141
1727308198081 -0.0 142
1727308198116 -0.0 143
1727308198152 -0.0 144
1727308198188 -0.0 145
1727308198226 -0.0 146
1727308198262 -0.0 147
1727308198299 -0.0 148
1727308198335 -0.0 149
1727308198373 -0.0 150
1727308198411 -0.0 151
1727308198447 -0.0 152
1727308198483 -0.0 153
1727308198519 -0.0 154
1727308198557 -0.0 155
1727308198594 -0.0 156
1727308198629 -0.0 157
1727308198666 -0.0 158
1727308198702 -0.0 159
1727308198739 -0.0 160
1727308198777 -0.0 161
1727308198813 -0.0 162
1727308198848 -0.0 163
1727308198884 -0.0 164
1727308198921 -0.0 165
1727308198958 -0.0 166
1727308198996 -0.0 167
1727308199032 -0.0 168
1727308199068 -0.0 169
1727308199104 -0.0 170
1727308199142 -0.0 171
1727308199179 -0.0 172
1727308199215 -0.0 173
1727308199251 -0.0 174
1727308199287 -0.0 175
1727308199324 -0.0 176
1727308199360 -0.0 177
1727308199397 -0.0 178
1727308199433 -0.0 179
1727308199469 -0.0 180
1727308199507 -0.0 181
1727308199544 -0.0 182
1727308199581 -0.0 183
1727308199617 -0.0 184
1727308199654 -0.0 185
1727308199692 -0.0 186
1727308199729 -0.0 187
1727308199767 0.121799997985363 188
1727308199806 0.121799997985363 189
