1726235826351 1.3697903156280518 0
1726235826393 1.3697903156280518 1
1726235826431 1.3697903156280518 2
1726235826468 1.3697903156280518 3
1726235826505 1.3697903156280518 4
1726235826544 1.3697903156280518 5
1726235826583 1.3697903156280518 6
1726235826622 1.3697903156280518 7
1726235826666 1.3697903156280518 8
1726235826705 1.3697903156280518 9
1726235826742 1.3697903156280518 10
1726235826780 1.3697903156280518 11
1726235826819 1.3697903156280518 12
1726235826857 1.3697903156280518 13
1726235826896 1.3697903156280518 14
1726235826934 1.3697903156280518 15
1726235826973 1.3697903156280518 16
1726235827011 1.3697903156280518 17
1726235827049 1.3697903156280518 18
1726235827086 1.3697903156280518 19
1726235827125 1.3697903156280518 20
1726235827164 1.3697903156280518 21
1726235827202 1.3697903156280518 22
1726235827240 1.3697903156280518 23
1726235827278 1.3697903156280518 24
1726235827318 1.3697903156280518 25
1726235827356 1.3697903156280518 26
1726235827394 1.3697903156280518 27
1726235827436 1.3697903156280518 28
1726235827478 1.3697903156280518 29
1726235827517 1.3697903156280518 30
1726235827557 1.3697903156280518 31
1726235827596 1.3697903156280518 32
1726235827635 1.3697903156280518 33
1726235827674 1.3697903156280518 34
1726235827713 1.3697903156280518 35
1726235827750 1.3697903156280518 36
1726235827788 1.3697903156280518 37
1726235827827 1.3697903156280518 38
1726235827866 1.3697903156280518 39
1726235827908 1.3697903156280518 40
1726235827948 1.3697903156280518 41
1726235827987 1.3697903156280518 42
1726235828025 1.3697903156280518 43
1726235828063 1.3697903156280518 44
1726235828102 1.3697903156280518 45
1726235828141 1.3697903156280518 46
1726235828179 1.3697903156280518 47
1726235828217 1.3697903156280518 48
1726235828257 1.3697903156280518 49
1726235828295 1.3697903156280518 50
1726235828334 1.3697903156280518 51
1726235828373 1.3697903156280518 52
1726235828411 1.3697903156280518 53
1726235828450 1.3697903156280518 54
1726235828488 1.3697903156280518 55
1726235828526 1.3697903156280518 56
1726235828565 1.3697903156280518 57
1726235828602 1.3697903156280518 58
1726235828640 1.3697903156280518 59
1726235828680 1.3697903156280518 60
1726235828718 1.3697903156280518 61
1726235828756 1.3697903156280518 62
1726235828793 1.3697903156280518 63
1726235828833 1.3697903156280518 64
1726235828871 1.3697903156280518 65
1726235828910 1.3697903156280518 66
1726235828948 1.3697903156280518 67
1726235828988 1.3697903156280518 68
1726235829025 1.3697903156280518 69
1726235829063 1.3697903156280518 70
1726235829101 1.3697903156280518 71
1726235829141 1.3697903156280518 72
1726235829179 1.3697903156280518 73
1726235829218 1.3697903156280518 74
1726235829256 1.3697903156280518 75
1726235829295 1.3697903156280518 76
1726235829333 1.3697903156280518 77
1726235829372 1.3697903156280518 78
1726235829409 1.3697903156280518 79
1726235829449 1.3697903156280518 80
1726235829487 1.3697903156280518 81
1726235829525 1.3697903156280518 82
1726235829563 1.3697903156280518 83
1726235829602 1.3697903156280518 84
1726235829641 1.3697903156280518 85
1726235829679 1.3697903156280518 86
1726235829717 1.3697903156280518 87
1726235829756 1.3697903156280518 88
1726235829794 1.3697903156280518 89
1726235829833 1.3697903156280518 90
1726235829872 1.3697903156280518 91
1726235829912 1.3697903156280518 92
1726235829951 1.3697903156280518 93
1726235829989 1.3697903156280518 94
1726235830027 1.3697903156280518 95
1726235830066 1.3697903156280518 96
1726235830104 1.3697903156280518 97
1726235830143 1.3697903156280518 98
1726235830182 1.3697903156280518 99
1726235830220 1.3697903156280518 100
1726235830259 1.3697903156280518 101
1726235830297 1.3697903156280518 102
1726235830337 1.3697903156280518 103
1726235830375 1.3697903156280518 104
1726235830415 1.3697903156280518 105
1726235830457 1.3697903156280518 106
1726235830500 1.3697903156280518 107
1726235830541 1.3697903156280518 108
1726235830581 1.3697903156280518 109
1726235830621 1.3697903156280518 110
1726235830662 1.3697903156280518 111
1726235830702 1.3697903156280518 112
1726235830741 1.3697903156280518 113
1726235830780 1.3697903156280518 114
1726235830820 1.3697903156280518 115
1726235830859 1.3697903156280518 116
1726235830898 1.3697903156280518 117
1726235830938 1.3697903156280518 118
1726235830976 1.3697903156280518 119
1726235831015 1.3697903156280518 120
1726235831053 1.3697903156280518 121
1726235831093 1.3697903156280518 122
1726235831131 1.3697903156280518 123
1726235831170 1.3697903156280518 124
1726235831210 1.3697903156280518 125
1726235831250 1.3697903156280518 126
1726235831288 1.3697903156280518 127
1726235831326 1.3697903156280518 128
1726235831364 1.3697903156280518 129
1726235831402 1.3697903156280518 130
1726235831441 1.3697903156280518 131
1726235831479 1.3697903156280518 132
1726235831517 1.3697903156280518 133
1726235831555 1.3697903156280518 134
1726235831593 1.3697903156280518 135
1726235831630 1.3697903156280518 136
1726235831668 1.3697903156280518 137
1726235831707 1.3697903156280518 138
1726235831744 1.3697903156280518 139
1726235831782 1.3697903156280518 140
1726235831821 1.3697903156280518 141
1726235831860 1.3697903156280518 142
1726235831898 1.3697903156280518 143
1726235831936 1.3697903156280518 144
1726235831975 1.3697903156280518 145
1726235832013 1.3697903156280518 146
1726235832050 1.3697903156280518 147
1726235832087 1.3697903156280518 148
1726235832126 1.3697903156280518 149
1726235832165 1.3697903156280518 150
1726235832202 1.3697903156280518 151
1726235832240 1.3697903156280518 152
1726235832279 1.3697903156280518 153
1726235832317 1.3697903156280518 154
1726235832355 1.3697903156280518 155
1726235832393 1.3697903156280518 156
1726235832438 1.3697903156280518 157
1726235832483 1.3697903156280518 158
1726235832532 1.3697903156280518 159
1726235832571 1.3697903156280518 160
1726235832616 1.3697903156280518 161
1726235832656 1.3697903156280518 162
1726235832694 1.3697903156280518 163
1726235832733 1.3697903156280518 164
1726235832772 1.3697903156280518 165
1726235832810 1.3697903156280518 166
1726235832848 1.3697903156280518 167
1726235832886 1.3697903156280518 168
1726235832926 1.3697903156280518 169
1726235832964 1.3697903156280518 170
1726235833002 1.3697903156280518 171
1726235833040 1.3697903156280518 172
1726235833079 1.3697903156280518 173
1726235833117 1.3697903156280518 174
1726235833155 1.3697903156280518 175
1726235833193 1.3697903156280518 176
1726235833232 1.3697903156280518 177
1726235833270 1.3697903156280518 178
1726235833308 1.3697903156280518 179
1726235833346 1.3697903156280518 180
1726235833385 1.3697903156280518 181
1726235833424 1.3697903156280518 182
1726235833461 1.3697903156280518 183
1726235833498 1.3697903156280518 184
1726235833537 1.3697903156280518 185
1726235833575 1.3697903156280518 186
1726235833612 1.3697903156280518 187
1726235833650 1.3697903156280518 188
1726235833689 1.3697903156280518 189
1726235833727 1.3697903156280518 190
1726235833765 1.3697903156280518 191
1726235833802 1.3697903156280518 192
1726235833841 1.3697903156280518 193
1726235833879 1.3697903156280518 194
1726235833918 1.3697903156280518 195
1726235833956 1.3697903156280518 196
1726235833995 1.3697903156280518 197
1726235834033 1.3697903156280518 198
1726235834071 1.3697903156280518 199
1726235834109 1.3697903156280518 200
1726235834148 1.3697903156280518 201
1726235834186 1.3697903156280518 202
1726235834223 1.3697903156280518 203
1726235834261 1.3697903156280518 204
1726235834300 1.3697903156280518 205
1726235834338 1.3697903156280518 206
1726235834375 1.3697903156280518 207
1726235834413 1.3697903156280518 208
1726235834452 1.3697903156280518 209
1726235834491 1.3697903156280518 210
1726235834529 1.3697903156280518 211
1726235834566 1.3697903156280518 212
1726235834606 1.3697903156280518 213
1726235834643 1.3697903156280518 214
1726235834681 1.3697903156280518 215
1726235834719 1.3697903156280518 216
1726235834757 1.3697903156280518 217
1726235834795 1.3697903156280518 218
1726235834833 1.3697903156280518 219
1726235834871 1.3697903156280518 220
1726235834909 1.3697903156280518 221
1726235834948 1.3697903156280518 222
1726235834986 1.3697903156280518 223
1726235835023 1.3697903156280518 224
1726235835061 1.3697903156280518 225
1726235835099 1.3697903156280518 226
1726235835137 1.3697903156280518 227
1726235835175 1.3697903156280518 228
1726235835213 1.3697903156280518 229
1726235835251 1.3697903156280518 230
1726235835289 1.3697903156280518 231
1726235835326 1.3697903156280518 232
1726235835365 1.3697903156280518 233
1726235835402 1.3697903156280518 234
1726235835441 1.3697903156280518 235
1726235835479 1.3697903156280518 236
1726235835517 1.3697903156280518 237
1726235835555 1.3697903156280518 238
1726235835593 1.3697903156280518 239
1726235835630 1.3697903156280518 240
1726235835669 1.3697903156280518 241
1726235835707 1.3697903156280518 242
1726235835745 1.3697903156280518 243
1726235835783 1.3697903156280518 244
1726235835822 1.3697903156280518 245
1726235835860 1.3697903156280518 246
1726235835898 1.3697903156280518 247
1726235835936 1.3697903156280518 248
1726235835975 1.3697903156280518 249
1726235836013 1.3697903156280518 250
1726235836050 1.3697903156280518 251
1726235836087 1.3697903156280518 252
1726235836126 1.3697903156280518 253
1726235836164 1.3697903156280518 254
1726235836202 1.3697903156280518 255
1726235836240 1.3697903156280518 256
1726235836279 1.3697903156280518 257
1726235836317 1.3697903156280518 258
1726235836355 1.3697903156280518 259
1726235836393 1.3697903156280518 260
1726235836438 1.3697903156280518 261
1726235836490 1.3697903156280518 262
1726235836535 1.3697903156280518 263
1726235836578 1.3697903156280518 264
1726235836624 1.3697903156280518 265
1726235836671 1.3697903156280518 266
1726235836721 1.3697903156280518 267
1726235836775 1.3697903156280518 268
1726235836824 1.3697903156280518 269
1726235836873 1.3697903156280518 270
1726235836921 1.3697903156280518 271
1726235836971 1.3697903156280518 272
1726235837020 1.3697903156280518 273
1726235837070 1.3697903156280518 274
1726235837119 1.3697903156280518 275
1726235837168 1.3697903156280518 276
1726235837219 1.3697903156280518 277
1726235837270 1.3697903156280518 278
1726235837319 1.3697903156280518 279
1726235837374 1.3697903156280518 280
1726235837425 1.3697903156280518 281
1726235837484 1.3697903156280518 282
1726235837543 1.3697903156280518 283
1726235837592 1.3697903156280518 284
1726235837647 1.3697903156280518 285
1726235837705 1.3697903156280518 286
1726235837749 1.3697903156280518 287
1726235837793 1.3697903156280518 288
1726235837836 1.3697903156280518 289
1726235837877 1.3697903156280518 290
1726235837919 1.3697903156280518 291
1726235837969 1.3697903156280518 292
1726235838014 1.3697903156280518 293
1726235838063 1.3697903156280518 294
1726235838105 1.3697903156280518 295
1726235838144 1.3697903156280518 296
1726235838182 1.3697903156280518 297
1726235838220 1.3697903156280518 298
1726235838264 1.3697903156280518 299
1726235838306 1.3697903156280518 300
1726235838346 1.3697903156280518 301
1726235838385 1.3697903156280518 302
1726235838424 1.3697903156280518 303
1726235838463 1.3697903156280518 304
1726235838503 1.3697903156280518 305
1726235838544 1.3697903156280518 306
1726235838587 1.3697903156280518 307
1726235838637 1.3697903156280518 308
1726235838684 1.3697903156280518 309
1726235838721 1.3697903156280518 310
1726235838757 1.3697903156280518 311
1726235838795 1.3697903156280518 312
1726235838831 1.3697903156280518 313
1726235838869 1.3697903156280518 314
1726235838906 1.3697903156280518 315
1726235838945 1.3697903156280518 316
1726235838983 1.3697903156280518 317
1726235839020 1.3697903156280518 318
1726235839058 1.3697903156280518 319
1726235839096 1.3697903156280518 320
1726235839134 1.3697903156280518 321
1726235839172 1.3697903156280518 322
1726235839210 1.3697903156280518 323
1726235839249 1.3697903156280518 324
1726235839287 1.3697903156280518 325
1726235839325 1.3697903156280518 326
1726235839362 1.3697903156280518 327
1726235839401 1.3697903156280518 328
1726235839440 1.3697903156280518 329
1726235839478 1.3697903156280518 330
1726235839515 1.3697903156280518 331
1726235839553 1.3697903156280518 332
1726235839591 1.3697903156280518 333
1726235839629 1.3697903156280518 334
1726235839667 1.3697903156280518 335
1726235839705 1.3697903156280518 336
1726235839744 1.3697903156280518 337
1726235839782 1.3697903156280518 338
1726235839820 1.3697903156280518 339
1726235839859 1.3697903156280518 340
1726235839898 1.3697903156280518 341
1726235839937 1.3697903156280518 342
1726235839975 1.3697903156280518 343
1726235840014 1.3697903156280518 344
1726235840052 1.3697903156280518 345
1726235840090 1.3697903156280518 346
1726235840128 1.3697903156280518 347
1726235840167 1.3697903156280518 348
1726235840206 1.3697903156280518 349
1726235840245 1.3697903156280518 350
1726235840282 1.3697903156280518 351
1726235840321 1.3697903156280518 352
1726235840358 1.3697903156280518 353
1726235840397 1.3697903156280518 354
1726235840434 1.3697903156280518 355
1726235840473 1.3697903156280518 356
1726235840511 1.3697903156280518 357
1726235840549 1.3697903156280518 358
1726235840586 1.3697903156280518 359
1726235840625 1.3697903156280518 360
1726235840663 1.3697903156280518 361
1726235840701 1.3697903156280518 362
1726235840739 1.3697903156280518 363
1726235840777 1.3697903156280518 364
1726235840815 1.3697903156280518 365
1726235840853 1.3697903156280518 366
1726235840891 1.3697903156280518 367
1726235840930 1.3697903156280518 368
1726235840968 1.3697903156280518 369
1726235841007 1.3697903156280518 370
1726235841044 1.3697903156280518 371
1726235841082 1.3697903156280518 372
1726235841121 1.3697903156280518 373
1726235841159 1.3697903156280518 374
1726235841197 1.3697903156280518 375
1726235841236 1.3697903156280518 376
1726235841274 1.3697903156280518 377
1726235841313 1.3697903156280518 378
1726235841350 1.3697903156280518 379
1726235841389 1.3697903156280518 380
1726235841427 1.3697903156280518 381
1726235841467 1.3697903156280518 382
1726235841506 1.3697903156280518 383
1726235841551 1.3697903156280518 384
1726235841608 1.3697903156280518 385
1726235841646 1.3697903156280518 386
1726235841686 1.3697903156280518 387
1726235841727 1.3697903156280518 388
1726235841771 1.3697903156280518 389
1726235841807 1.3697903156280518 390
1726235841844 1.3697903156280518 391
1726235841881 1.3697903156280518 392
1726235841918 1.3697903156280518 393
1726235841956 1.3697903156280518 394
1726235841993 1.3697903156280518 395
1726235842032 1.3697903156280518 396
1726235842069 1.3697903156280518 397
1726235842107 1.3697903156280518 398
1726235842144 1.3697903156280518 399
1726235842182 1.3697903156280518 400
1726235842220 1.3697903156280518 401
1726235842258 1.3697903156280518 402
1726235842296 1.3697903156280518 403
1726235842335 1.3697903156280518 404
1726235842373 1.3697903156280518 405
1726235842411 1.3697903156280518 406
1726235842449 1.3697903156280518 407
1726235842489 1.3697903156280518 408
1726235842527 1.3697903156280518 409
1726235842565 1.3697903156280518 410
1726235842602 1.3697903156280518 411
1726235842641 1.3697903156280518 412
1726235842679 1.3697903156280518 413
1726235842733 1.3697903156280518 414
1726235842780 1.3697903156280518 415
1726235842822 1.3697903156280518 416
1726235842862 1.3697903156280518 417
1726235842902 1.3697903156280518 418
1726235842943 1.3697903156280518 419
1726235842983 1.3697903156280518 420
1726235843021 1.3697903156280518 421
1726235843060 1.3697903156280518 422
1726235843100 1.3697903156280518 423
1726235843138 1.3697903156280518 424
1726235843176 1.3697903156280518 425
1726235843214 1.3697903156280518 426
1726235843253 1.3697903156280518 427
1726235843292 1.3697903156280518 428
1726235843331 1.3697903156280518 429
1726235843369 1.3697903156280518 430
1726235843408 1.3697903156280518 431
1726235843446 1.3697903156280518 432
1726235843485 1.3697903156280518 433
1726235843524 1.3697903156280518 434
1726235843583 1.3697903156280518 435
1726235843641 1.3697903156280518 436
1726235843681 1.3697903156280518 437
1726235843717 1.3697903156280518 438
1726235843753 1.3697903156280518 439
1726235843791 1.3697903156280518 440
1726235843831 1.3697903156280518 441
1726235843877 1.3697903156280518 442
1726235843926 1.3697903156280518 443
1726235843967 1.3697903156280518 444
1726235844004 1.3697903156280518 445
1726235844040 1.3697903156280518 446
1726235844076 1.3697903156280518 447
1726235844113 1.3697903156280518 448
1726235844149 1.3697903156280518 449
1726235844186 1.3697903156280518 450
1726235844226 1.3697903156280518 451
1726235844264 1.3697903156280518 452
1726235844303 1.3697903156280518 453
1726235844343 1.3697903156280518 454
1726235844382 1.3697903156280518 455
1726235844419 1.3697903156280518 456
1726235844457 1.3697903156280518 457
1726235844495 1.3697903156280518 458
1726235844532 1.3697903156280518 459
1726235844570 1.3697903156280518 460
1726235844608 1.3697903156280518 461
1726235844646 1.3697903156280518 462
1726235844683 1.3697903156280518 463
1726235844721 1.3697903156280518 464
1726235844759 1.3697903156280518 465
1726235844797 1.3697903156280518 466
1726235844835 1.3697903156280518 467
1726235844873 1.3697903156280518 468
1726235844911 1.3697903156280518 469
1726235844949 1.3697903156280518 470
1726235844987 1.3697903156280518 471
1726235845025 1.3697903156280518 472
1726235845062 1.3697903156280518 473
1726235845100 1.3697903156280518 474
1726235845139 1.3697903156280518 475
1726235845179 1.3697903156280518 476
1726235845224 1.3697903156280518 477
1726235845265 1.3697903156280518 478
1726235845310 1.3697903156280518 479
1726235845347 1.3697903156280518 480
1726235845384 1.3697903156280518 481
1726235845421 1.3697903156280518 482
1726235845457 1.3697903156280518 483
1726235845495 1.3697903156280518 484
1726235845533 1.3697903156280518 485
1726235845571 1.3697903156280518 486
1726235845612 1.3697903156280518 487
1726235845654 1.3697903156280518 488
1726235845698 1.3697903156280518 489
1726235845740 1.3697903156280518 490
1726235845781 1.3697903156280518 491
1726235845822 1.3697903156280518 492
1726235845868 1.3697903156280518 493
1726235845916 1.3697903156280518 494
1726235845961 1.3697903156280518 495
1726235845998 1.3697903156280518 496
1726235846034 1.3697903156280518 497
1726235846071 1.3697903156280518 498
1726235846108 1.3697903156280518 499
1726235846145 1.3697903156280518 500
1726235846182 1.3697903156280518 501
1726235846220 1.3697903156280518 502
1726235846256 1.3697903156280518 503
1726235846294 1.3697903156280518 504
1726235846331 1.3697903156280518 505
1726235846368 1.3697903156280518 506
1726235846405 1.3697903156280518 507
1726235846442 1.3697903156280518 508
1726235846481 1.3697903156280518 509
1726235846518 1.3697903156280518 510
1726235846556 1.3697903156280518 511
1726235846593 1.3697903156280518 512
1726235846631 1.3697903156280518 513
1726235846669 1.3697903156280518 514
1726235846706 1.3697903156280518 515
1726235846744 1.3697903156280518 516
1726235846782 1.3697903156280518 517
1726235846821 1.3697903156280518 518
1726235846859 1.3697903156280518 519
1726235846897 1.3697903156280518 520
1726235846936 1.3697903156280518 521
1726235846975 1.3697903156280518 522
1726235847014 1.3697903156280518 523
1726235847058 1.3697903156280518 524
1726235847107 1.3697903156280518 525
1726235847144 1.3697903156280518 526
1726235847181 1.3697903156280518 527
1726235847219 1.3697903156280518 528
1726235847257 1.3697903156280518 529
1726235847300 1.3697903156280518 530
1726235847341 1.3697903156280518 531
1726235847381 1.3697903156280518 532
1726235847420 1.3697903156280518 533
1726235847460 1.3697903156280518 534
1726235847497 1.3697903156280518 535
1726235847535 1.3697903156280518 536
1726235847572 1.3697903156280518 537
1726235847611 1.3697903156280518 538
1726235847650 1.3697903156280518 539
1726235847691 1.3697903156280518 540
1726235847731 1.3697903156280518 541
1726235847773 1.3697903156280518 542
1726235847816 1.3697903156280518 543
1726235847855 1.3697903156280518 544
1726235847895 1.3697903156280518 545
1726235847936 1.3697903156280518 546
1726235847980 1.3697903156280518 547
1726235848036 1.3697903156280518 548
1726235848073 1.3697903156280518 549
1726235848109 1.3697903156280518 550
1726235848146 1.3697903156280518 551
1726235848183 1.3697903156280518 552
1726235848221 1.3697903156280518 553
1726235848258 1.3697903156280518 554
1726235848296 1.3697903156280518 555
1726235848333 1.3697903156280518 556
1726235848372 1.3697903156280518 557
1726235848409 1.3697903156280518 558
1726235848447 1.3697903156280518 559
1726235848484 1.3697903156280518 560
1726235848522 1.3697903156280518 561
1726235848560 1.3697903156280518 562
1726235848598 1.3697903156280518 563
1726235848636 1.3697903156280518 564
1726235848674 1.3697903156280518 565
1726235848713 1.3697903156280518 566
1726235848751 1.3697903156280518 567
1726235848789 1.3697903156280518 568
1726235848827 1.3697903156280518 569
1726235848865 1.3697903156280518 570
1726235848904 1.3697903156280518 571
1726235848942 1.3697903156280518 572
1726235848981 1.3697903156280518 573
1726235849019 1.3697903156280518 574
1726235849056 1.3697903156280518 575
1726235849094 1.3697903156280518 576
1726235849132 1.3697903156280518 577
1726235849170 1.3697903156280518 578
1726235849208 1.3697903156280518 579
1726235849247 1.3697903156280518 580
1726235849285 1.3697903156280518 581
1726235849323 1.3697903156280518 582
1726235849361 1.3697903156280518 583
1726235849399 1.3697903156280518 584
1726235849438 1.3697903156280518 585
1726235849477 1.3697903156280518 586
1726235849516 1.3697903156280518 587
1726235849553 1.3697903156280518 588
1726235849592 1.3697903156280518 589
1726235849630 1.3697903156280518 590
1726235849668 1.3697903156280518 591
1726235849707 1.3697903156280518 592
1726235849746 1.3697903156280518 593
1726235849784 1.3697903156280518 594
1726235849822 1.3697903156280518 595
1726235849859 1.3697903156280518 596
1726235849898 1.3697903156280518 597
1726235849937 1.3697903156280518 598
1726235849975 1.3697903156280518 599
1726235850014 1.3697903156280518 600
1726235850052 1.3697903156280518 601
1726235850090 1.3697903156280518 602
1726235850128 1.3697903156280518 603
1726235850165 1.3697903156280518 604
1726235850203 1.3697903156280518 605
1726235850242 1.3697903156280518 606
1726235850282 1.3697903156280518 607
1726235850322 1.3697903156280518 608
1726235850361 1.3697903156280518 609
1726235850399 1.3697903156280518 610
1726235850437 1.3697903156280518 611
1726235850476 1.3697903156280518 612
1726235850515 1.3697903156280518 613
1726235850553 1.3697903156280518 614
1726235850591 1.3697903156280518 615
1726235850629 1.3697903156280518 616
1726235850667 1.3697903156280518 617
1726235850705 1.3697903156280518 618
1726235850743 1.3697903156280518 619
1726235850782 1.3697903156280518 620
1726235850820 1.3697903156280518 621
1726235850862 1.3697903156280518 622
1726235850906 1.3697903156280518 623
1726235850951 1.3697903156280518 624
1726235850991 1.3697903156280518 625
1726235851031 1.3697903156280518 626
1726235851071 1.3697903156280518 627
1726235851110 1.3697903156280518 628
1726235851150 1.3697903156280518 629
1726235851188 1.3697903156280518 630
1726235851228 1.3697903156280518 631
1726235851266 1.3697903156280518 632
1726235851305 1.3697903156280518 633
1726235851343 1.3697903156280518 634
1726235851382 1.3697903156280518 635
1726235851421 1.3697903156280518 636
1726235851462 1.3697903156280518 637
1726235851502 1.3697903156280518 638
1726235851541 1.3697903156280518 639
1726235851579 1.3697903156280518 640
1726235851618 1.3697903156280518 641
1726235851656 1.3697903156280518 642
1726235851695 1.3697903156280518 643
1726235851734 1.3697903156280518 644
1726235851773 1.3697903156280518 645
1726235851815 1.3697903156280518 646
1726235851861 1.3697903156280518 647
1726235851903 1.3697903156280518 648
1726235851944 1.3697903156280518 649
1726235851982 1.3697903156280518 650
1726235852018 1.3697903156280518 651
1726235852056 1.3697903156280518 652
1726235852093 1.3697903156280518 653
1726235852130 1.3697903156280518 654
1726235852167 1.3697903156280518 655
1726235852204 1.3697903156280518 656
1726235852244 1.3697903156280518 657
1726235852282 1.3697903156280518 658
1726235852320 1.3697903156280518 659
1726235852357 1.3697903156280518 660
1726235852396 1.3697903156280518 661
1726235852434 1.3697903156280518 662
1726235852472 1.3697903156280518 663
1726235852509 1.3697903156280518 664
1726235852548 1.3697903156280518 665
1726235852586 1.3697903156280518 666
1726235852623 1.3697903156280518 667
1726235852661 1.3697903156280518 668
1726235852701 1.3697903156280518 669
1726235852759 1.3697903156280518 670
1726235852818 1.3697903156280518 671
1726235852854 1.3697903156280518 672
1726235852891 1.3697903156280518 673
1726235852928 1.3697903156280518 674
1726235852964 1.3697903156280518 675
1726235853002 1.3697903156280518 676
1726235853039 1.3697903156280518 677
1726235853076 1.3697903156280518 678
1726235853113 1.3697903156280518 679
1726235853151 1.3697903156280518 680
1726235853188 1.3697903156280518 681
1726235853226 1.3697903156280518 682
1726235853264 1.3697903156280518 683
1726235853302 1.3697903156280518 684
1726235853341 1.3697903156280518 685
1726235853379 1.3697903156280518 686
1726235853417 1.3697903156280518 687
1726235853456 1.3697903156280518 688
1726235853495 1.3697903156280518 689
1726235853534 1.3697903156280518 690
1726235853572 1.3697903156280518 691
1726235853610 1.3697903156280518 692
1726235853648 1.3697903156280518 693
1726235853686 1.3697903156280518 694
1726235853725 1.3697903156280518 695
1726235853763 1.3697903156280518 696
1726235853802 1.3697903156280518 697
1726235853841 1.3697903156280518 698
1726235853879 1.3697903156280518 699
1726235853917 1.3697903156280518 700
1726235853957 1.3697903156280518 701
1726235853995 1.3697903156280518 702
1726235854033 1.3697903156280518 703
1726235854071 1.3697903156280518 704
1726235854110 1.3697903156280518 705
1726235854148 1.3697903156280518 706
1726235854186 1.3697903156280518 707
1726235854223 1.3697903156280518 708
1726235854263 1.3697903156280518 709
1726235854302 1.3697903156280518 710
1726235854340 1.3697903156280518 711
1726235854377 1.3697903156280518 712
1726235854416 1.3697903156280518 713
1726235854454 1.3697903156280518 714
1726235854491 1.3697903156280518 715
1726235854529 1.3697903156280518 716
1726235854568 1.3697903156280518 717
1726235854606 1.3697903156280518 718
1726235854644 1.3697903156280518 719
1726235854682 1.3697903156280518 720
1726235854720 1.3697903156280518 721
1726235854759 1.3697903156280518 722
1726235854797 1.3697903156280518 723
1726235854835 1.3697903156280518 724
1726235854873 1.3697903156280518 725
1726235854912 1.3697903156280518 726
1726235854951 1.3697903156280518 727
1726235854990 1.3697903156280518 728
1726235855029 1.3697903156280518 729
1726235855067 1.3697903156280518 730
1726235855106 1.3697903156280518 731
1726235855144 1.3697903156280518 732
1726235855182 1.3697903156280518 733
1726235855221 1.3697903156280518 734
1726235855259 1.3697903156280518 735
1726235855297 1.3697903156280518 736
1726235855336 1.3697903156280518 737
1726235855375 1.3697903156280518 738
1726235855413 1.3697903156280518 739
1726235855451 1.3697903156280518 740
1726235855490 1.3697903156280518 741
1726235855529 1.3697903156280518 742
1726235855566 1.3697903156280518 743
1726235855604 1.3697903156280518 744
1726235855643 1.3697903156280518 745
1726235855681 1.3697903156280518 746
1726235855719 1.3697903156280518 747
1726235855757 1.3697903156280518 748
1726235855796 1.3697903156280518 749
1726235855841 1.3697903156280518 750
1726235855881 1.3697903156280518 751
1726235855924 1.3697903156280518 752
1726235855962 1.3697903156280518 753
1726235856000 1.3697903156280518 754
1726235856038 1.3697903156280518 755
1726235856076 1.3697903156280518 756
