1727299563771 2e-05 0
1727299563812 3.728839159011841 1
1727299563853 2.9002299308776855 2
1727299563893 4.515139579772949 3
1727299563934 5.291502475738525 4
1727299563975 4.832658290863037 5
1727299564014 4.775485992431641 6
1727299564050 4.688808441162109 7
1727299564087 4.849188327789307 8
1727299564123 4.978127479553223 9
1727299564161 4.711569309234619 10
1727299564198 4.917104721069336 11
1727299564237 5.109747886657715 12
1727299564275 4.319774150848389 13
1727299564313 4.183135986328125 14
1727299564352 5.5100531578063965 15
1727299564392 4.515933036804199 16
1727299564430 4.860130786895752 17
1727299564469 3.4124720096588135 18
1727299564507 4.695945739746094 19
1727299564544 5.077200412750244 20
1727299564582 4.966403961181641 21
1727299564620 4.808316707611084 22
1727299564657 4.529329299926758 23
1727299564695 4.521036624908447 24
1727299564733 4.645200252532959 25
1727299564770 4.4721360206604 26
1727299564809 4.890984058380127 27
1727299564847 4.1018900871276855 28
1727299564884 5.054595947265625 29
1727299564924 4.774428367614746 30
1727299564963 4.257089614868164 31
1727299565001 5.385339736938477 32
1727299565038 4.6962809562683105 33
1727299565075 4.96755838394165 34
1727299565112 5.60012674331665 35
1727299565153 4.184963703155518 36
1727299565197 4.547784805297852 37
1727299565243 3.8300740718841553 38
1727299565289 4.51692533493042 39
1727299565334 5.099019527435303 40
1727299565379 5.187922477722168 41
1727299565424 4.817221641540527 42
1727299565469 4.712290287017822 43
1727299565514 4.3853230476379395 44
1727299565559 3.2954189777374268 45
1727299565605 4.523693084716797 46
1727299565647 4.695693016052246 47
1727299565684 5.096500873565674 48
1727299565751 4.836836338043213 49
1727299565788 1.385901927947998 50
1727299565826 4.406740188598633 51
1727299565863 4.603238582611084 52
1727299565902 5.336735248565674 53
1727299565939 4.865678310394287 54
1727299565977 4.9189581871032715 55
1727299566015 4.747152805328369 56
1727299566053 4.873676300048828 57
1727299566090 4.690415859222412 58
1727299566127 5.052985668182373 59
1727299566163 4.908624172210693 60
1727299566202 4.712024688720703 61
1727299566239 4.9135565757751465 62
1727299566276 4.925414085388184 63
1727299566313 4.424685478210449 64
1727299566352 5.0732927322387695 65
1727299566390 5.073559761047363 66
1727299566427 2.36669659614563 67
1727299566465 4.775371551513672 68
1727299566503 5.245537281036377 69
1727299566541 4.817699909210205 70
1727299566577 5.141870975494385 71
1727299566615 4.41859245300293 72
1727299566651 4.603178977966309 73
1727299566689 2.3031911849975586 74
1727299566729 4.719371795654297 75
1727299566766 5.176917552947998 76
1727299566806 4.252683639526367 77
1727299566844 4.862453460693359 78
1727299566882 4.294064998626709 79
1727299566922 5.006750583648682 80
1727299566960 4.898979663848877 81
1727299566999 4.849604606628418 82
1727299567037 4.422955513000488 83
1727299567072 4.773362159729004 84
1727299567109 4.839803218841553 85
1727299567145 5.192974090576172 86
1727299567182 5.019700050354004 87
1727299567220 4.772789001464844 88
1727299567256 4.902027606964111 89
1727299567300 5.1592116355896 90
1727299567349 5.45843505859375 91
1727299567389 4.582437515258789 92
1727299567442 3.8444111347198486 93
1727299567485 4.490610599517822 94
1727299567532 4.941786766052246 95
1727299567581 4.126911640167236 96
1727299567623 4.680957317352295 97
1727299567662 4.978961944580078 98
1727299567706 2.29638671875 99
1727299567748 4.622636795043945 100
1727299567800 2.011944055557251 101
1727299567845 4.5591278076171875 102
1727299567894 4.243171691894531 103
1727299567937 4.583244323730469 104
1727299567986 4.67940092086792 105
1727299568035 4.6677775382995605 106
1727299568083 4.690415859222412 107
1727299568128 3.961812734603882 108
1727299568175 4.433164119720459 109
1727299568227 4.840446949005127 110
1727299568276 3.9578049182891846 111
1727299568333 4.690415859222412 112
1727299568376 4.9715576171875 113
1727299568413 5.022061824798584 114
1727299568453 4.508295059204102 115
1727299568505 5.106387138366699 116
1727299568552 5.290362358093262 117
1727299568595 4.683812618255615 118
1727299568650 4.606847286224365 119
1727299568707 4.94267463684082 120
1727299568754 4.913328170776367 121
1727299568802 5.305460453033447 122
1727299568842 4.199850559234619 123
1727299568890 4.972055912017822 124
1727299568928 4.409797191619873 125
1727299568970 4.797036647796631 126
1727299569017 4.830584526062012 127
1727299569066 4.943301200866699 128
1727299569103 4.227206230163574 129
1727299569143 4.080143451690674 130
1727299569184 4.523193359375 131
1727299569227 4.22890043258667 132
1727299569280 4.637319087982178 133
1727299569326 4.41758918762207 134
1727299569368 3.862112522125244 135
1727299569405 4.400876522064209 136
1727299569446 4.568081378936768 137
1727299569488 4.630120277404785 138
1727299569530 5.067435264587402 139
1727299569566 5.268831729888916 140
1727299569605 4.61093807220459 141
1727299569641 4.628024578094482 142
1727299569677 4.143721103668213 143
1727299569714 4.558216094970703 144
1727299569761 4.595842361450195 145
1727299569803 1.725728154182434 146
1727299569845 3.955273151397705 147
1727299569889 4.38289737701416 148
1727299569931 4.922327995300293 149
1727299569977 5.158819198608398 150
1727299570022 4.270605564117432 151
1727299570067 4.184879302978516 152
1727299570109 4.898979663848877 153
1727299570154 4.242640495300293 154
1727299570199 5.246756076812744 155
1727299570243 4.6439208984375 156
1727299570286 4.665102481842041 157
1727299570333 5.261721611022949 158
1727299570378 4.479926109313965 159
1727299570427 5.4336395263671875 160
1727299570472 4.654873847961426 161
1727299570515 4.050844669342041 162
1727299570558 5.032263278961182 163
1727299570605 4.896150588989258 164
1727299570652 4.9065632820129395 165
1727299570695 4.6914896965026855 166
1727299570737 4.988149642944336 167
1727299570778 4.9500932693481445 168
1727299570830 3.8064448833465576 169
1727299570875 2.3394155502319336 170
1727299570922 1.1703956127166748 171
1727299570974 5.454105854034424 172
1727299571025 4.690415859222412 173
1727299571070 4.962109088897705 174
1727299571122 4.689341068267822 175
1727299571169 4.6345601081848145 176
1727299571221 4.288130283355713 177
1727299571271 4.464745044708252 178
1727299571319 5.232913017272949 179
1727299571363 4.8603434562683105 180
1727299571406 4.674530029296875 181
1727299571454 5.028390884399414 182
1727299571503 4.58169412612915 183
1727299571554 4.4110517501831055 184
1727299571594 4.698633670806885 185
1727299571637 5.013962268829346 186
1727299571682 5.234352111816406 187
1727299571724 4.697533130645752 188
1727299571770 4.018492221832275 189
1727299571815 5.260971546173096 190
1727299571860 4.6769232749938965 191
1727299571911 5.1953582763671875 192
1727299571961 5.037034511566162 193
1727299572015 4.716922283172607 194
1727299572065 4.728122234344482 195
1727299572117 4.908571720123291 196
1727299572164 4.982536315917969 197
1727299572211 5.288415431976318 198
1727299572252 4.649804592132568 199
1727299572291 4.341456890106201 200
1727299572329 4.859551429748535 201
1727299572380 2.1624755859375 202
1727299572418 1.2297300100326538 203
1727299572455 4.204134941101074 204
1727299572493 5.297234058380127 205
1727299572532 4.522055149078369 206
1727299572569 4.848232746124268 207
1727299572608 1.058525800704956 208
1727299572653 4.938478946685791 209
1727299572694 5.077728748321533 210
1727299572730 5.291502475738525 211
1727299572768 4.904388427734375 212
1727299572806 4.578800201416016 213
1727299572851 5.380477428436279 214
1727299572900 1.3954330682754517 215
1727299572941 0.8351216316223145 216
1727299572982 4.248312473297119 217
1727299573021 4.493960380554199 218
1727299573059 5.100886821746826 219
1727299573096 5.0145039558410645 220
1727299573136 4.032101154327393 221
1727299573176 5.029883861541748 222
1727299573213 4.937263011932373 223
1727299573253 5.091040134429932 224
1727299573301 5.453550815582275 225
1727299573344 4.456419467926025 226
1727299573390 4.115545272827148 227
1727299573434 4.7272047996521 228
1727299573477 4.650831699371338 229
1727299573517 4.462156772613525 230
1727299573553 4.797886371612549 231
1727299573589 4.8077712059021 232
1727299573627 4.442812919616699 233
1727299573663 5.2205071449279785 234
1727299573701 4.772514820098877 235
1727299573738 1.6560230255126953 236
1727299573780 4.693971157073975 237
1727299573833 4.484092712402344 238
1727299573879 4.945091724395752 239
1727299573924 4.690415859222412 240
1727299573967 4.9077887535095215 241
1727299574015 4.771794319152832 242
1727299574059 4.121096134185791 243
1727299574104 4.705520153045654 244
1727299574146 4.851001739501953 245
1727299574193 4.242640495300293 246
1727299574238 4.690415859222412 247
1727299574282 5.174273490905762 248
1727299574319 4.799811363220215 249
1727299574356 4.435126781463623 250
1727299574391 4.296065330505371 251
1727299574427 4.778016090393066 252
1727299574465 5.264296054840088 253
1727299574502 5.089330196380615 254
1727299574540 4.801224231719971 255
1727299574577 4.972789764404297 256
1727299574614 4.7659525871276855 257
1727299574651 4.9025468826293945 258
1727299574687 5.037446975708008 259
1727299574723 4.683900356292725 260
1727299574761 4.641394138336182 261
1727299574799 5.315153121948242 262
1727299574838 5.137506008148193 263
1727299574875 5.191385746002197 264
1727299574924 4.713766574859619 265
1727299574968 4.653886795043945 266
1727299575015 4.278896808624268 267
1727299575060 4.7592597007751465 268
1727299575103 1.841469645500183 269
1727299575149 4.526057243347168 270
1727299575197 3.9877915382385254 271
1727299575243 4.458159923553467 272
1727299575289 4.6968255043029785 273
1727299575333 4.161386013031006 274
1727299575377 5.069605827331543 275
1727299575425 4.734139919281006 276
1727299575479 5.399726390838623 277
1727299575533 5.2822465896606445 278
1727299575585 4.95355749130249 279
1727299575632 5.013021945953369 280
1727299575675 4.0 281
1727299575719 4.863962173461914 282
1727299575764 5.065385341644287 283
1727299575806 2.1804540157318115 284
1727299575846 1.3856468200683594 285
1727299575889 0.5851303339004517 286
1727299575937 4.4161295890808105 287
1727299575985 4.885863304138184 288
1727299576033 4.790144443511963 289
1727299576080 4.563936710357666 290
1727299576125 4.855740070343018 291
1727299576167 5.137407302856445 292
1727299576211 4.6981048583984375 293
1727299576247 5.0519843101501465 294
1727299576294 4.809566497802734 295
1727299576338 4.9880900382995605 296
1727299576380 2.570755958557129 297
1727299576425 1.818650722503662 298
1727299576463 2.6656007889869215e-07 299
