1726484888948 1.5101983547210693 0
1726484888975 1.4598017930984497 1
1726484889002 1.5321967601776123 2
1726484889029 1.583221673965454 3
1726484889055 1.4483699798583984 4
1726484889082 1.3861258029937744 5
1726484889109 1.5299581289291382 6
1726484889137 1.5804946422576904 7
1726484889163 1.467471957206726 8
1726484889189 1.4569945335388184 9
1726484889216 1.5165553092956543 10
1726484889241 1.3315781354904175 11
1726484889268 1.092220425605774 12
1726484889296 1.068324089050293 13
1726484889324 0.8515933752059937 14
1726484889351 1.0684269666671753 15
1726484889378 0.9906833171844482 16
1726484889404 1.4033842086791992 17
1726484889429 1.4328025579452515 18
1726484889456 1.4879918098449707 19
1726484889485 1.4922151565551758 20
1726484889512 1.3993966579437256 21
1726484889541 1.3113114833831787 22
1726484889568 0.9876579642295837 23
1726484889594 1.225236415863037 24
1726484889620 1.237366795539856 25
1726484889645 1.2548226118087769 26
1726484889672 1.556166410446167 27
1726484889699 1.5520981550216675 28
1726484889727 1.5001869201660156 29
1726484889753 1.5534942150115967 30
1726484889780 1.3853764533996582 31
1726484889808 1.185138463973999 32
1726484889833 1.13319993019104 33
1726484889861 1.2225837707519531 34
1726484889888 1.0787103176116943 35
1726484889914 0.9880381226539612 36
1726484889941 1.1519657373428345 37
1726484889968 1.2527532577514648 38
1726484889994 1.1165729761123657 39
1726484890018 1.2221152782440186 40
1726484890047 1.1154658794403076 41
1726484890073 1.4706748723983765 42
1726484890100 1.4744566679000854 43
1726484890127 1.5814077854156494 44
1726484890154 1.5387552976608276 45
1726484890178 1.3601783514022827 46
1726484890205 1.3689014911651611 47
1726484890232 1.3465434312820435 48
1726484890258 1.1286147832870483 49
1726484890286 1.3319958448410034 50
1726484890314 1.4191241264343262 51
1726484890341 1.511436939239502 52
1726484890366 1.5367225408554077 53
1726484890393 1.5576820373535156 54
1726484890421 1.5337276458740234 55
1726484890449 1.5402483940124512 56
1726484890476 1.507509469985962 57
1726484890503 1.3897807598114014 58
1726484890530 1.2656404972076416 59
1726484890559 1.4574494361877441 60
1726484890583 1.2221190929412842 61
1726484890610 1.230259656906128 62
1726484890636 1.1437662839889526 63
1726484890663 1.3973362445831299 64
1726484890689 1.3165969848632812 65
1726484890715 1.1567165851593018 66
1726484890740 1.0265493392944336 67
1726484890767 1.490005612373352 68
1726484890795 1.3767048120498657 69
1726484890823 1.5574078559875488 70
1726484890849 1.4316104650497437 71
1726484890876 1.1178770065307617 72
1726484890902 1.4979212284088135 73
1726484890927 1.5681946277618408 74
1726484890953 1.409895896911621 75
1726484890980 1.4005695581436157 76
1726484891007 1.5655367374420166 77
1726484891035 1.5527887344360352 78
1726484891063 1.5125799179077148 79
1726484891089 1.5161449909210205 80
1726484891114 1.4341952800750732 81
1726484891141 1.553761601448059 82
1726484891167 1.5605727434158325 83
1726484891194 1.5787161588668823 84
1726484891220 1.5307725667953491 85
1726484891246 1.5756268501281738 86
1726484891273 1.4435975551605225 87
1726484891302 1.5484639406204224 88
1726484891329 1.5510177612304688 89
1726484891354 1.4345834255218506 90
1726484891381 1.55769944190979 91
1726484891407 1.3036158084869385 92
1726484891433 1.2584455013275146 93
1726484891461 0.9958983659744263 94
1726484891488 1.2523080110549927 95
1726484891515 1.3629175424575806 96
1726484891541 1.4910707473754883 97
1726484891568 1.092618703842163 98
1726484891593 1.3491934537887573 99
1726484891619 1.5157909393310547 100
1726484891647 1.5552148818969727 101
1726484891674 1.340050220489502 102
1726484891700 1.4664026498794556 103
1726484891726 1.3590600490570068 104
1726484891752 1.518787145614624 105
1726484891776 1.5614981651306152 106
1726484891805 1.552238941192627 107
1726484891832 1.4723520278930664 108
1726484891858 1.2884987592697144 109
1726484891885 1.487513780593872 110
1726484891911 1.5310126543045044 111
1726484891938 1.503732681274414 112
1726484891963 1.4744229316711426 113
1726484891990 1.520301103591919 114
1726484892018 1.5269219875335693 115
1726484892046 1.3689371347427368 116
1726484892074 1.3802694082260132 117
1726484892100 1.377701997756958 118
1726484892127 1.5193489789962769 119
1726484892152 1.5285708904266357 120
1726484892179 1.4787710905075073 121
1726484892208 1.464590072631836 122
1726484892238 1.5083823204040527 123
1726484892268 1.4943351745605469 124
1726484892298 1.4928336143493652 125
1726484892327 1.3807165622711182 126
1726484892354 1.4967610836029053 127
1726484892381 1.5311576128005981 128
1726484892408 1.4344661235809326 129
1726484892435 1.4875465631484985 130
1726484892460 1.54238760471344 131
1726484892489 1.5129796266555786 132
1726484892516 1.4612499475479126 133
1726484892544 1.4056949615478516 134
1726484892571 1.382097840309143 135
1726484892597 1.1244072914123535 136
1726484892624 1.179658055305481 137
1726484892649 1.0221647024154663 138
1726484892675 1.0520936250686646 139
1726484892702 1.5303086042404175 140
1726484892729 1.3806750774383545 141
1726484892755 1.3443126678466797 142
1726484892782 1.413567304611206 143
1726484892811 1.5815625190734863 144
1726484892836 1.5444105863571167 145
1726484892863 1.5029752254486084 146
1726484892890 1.5204557180404663 147
1726484892917 1.2684972286224365 148
1726484892943 1.111293077468872 149
1726484892970 1.5587724447250366 150
1726484892999 1.5221202373504639 151
1726484893023 1.5673604011535645 152
1726484893053 1.543394923210144 153
1726484893081 1.427582859992981 154
1726484893110 1.5085363388061523 155
1726484893137 1.5095853805541992 156
1726484893164 1.4626400470733643 157
1726484893192 1.151150107383728 158
1726484893221 0.6206018328666687 159
1726484893248 0.5710650682449341 160
1726484893275 1.0191913843154907 161
1726484893301 1.2780779600143433 162
1726484893329 1.3737130165100098 163
1726484893356 1.1817289590835571 164
1726484893383 1.094537377357483 165
1726484893410 1.3257946968078613 166
1726484893437 1.3411953449249268 167
1726484893463 1.50384521484375 168
1726484893488 1.4745306968688965 169
1726484893516 1.3990325927734375 170
1726484893544 1.5150744915008545 171
1726484893571 1.5127909183502197 172
1726484893598 1.2234383821487427 173
1726484893624 1.3994746208190918 174
1726484893650 1.5219721794128418 175
1726484893675 1.3676784038543701 176
1726484893701 1.478044867515564 177
1726484893728 1.5756747722625732 178
1726484893754 1.5535954236984253 179
1726484893779 1.376893401145935 180
1726484893806 0.9825878739356995 181
1726484893832 0.9148623943328857 182
1726484893859 1.3287601470947266 183
1726484893886 1.4571657180786133 184
1726484893912 1.4975087642669678 185
1726484893938 1.4800324440002441 186
1726484893965 1.491816759109497 187
1726484893989 1.5517609119415283 188
1726484894016 1.5219799280166626 189
1726484894044 1.5771818161010742 190
1726484894071 1.3831535577774048 191
1726484894098 1.4387143850326538 192
1726484894125 1.331324577331543 193
1726484894151 1.2698323726654053 194
1726484894176 1.2775166034698486 195
1726484894203 1.4982631206512451 196
1726484894230 1.5458097457885742 197
1726484894257 1.5292984247207642 198
1726484894282 1.5487663745880127 199
1726484894310 1.5667130947113037 200
1726484894336 1.5492318868637085 201
1726484894361 1.5539106130599976 202
1726484894387 1.5084586143493652 203
1726484894414 1.4082969427108765 204
1726484894440 1.4573546648025513 205
1726484894466 1.484021782875061 206
1726484894492 1.38713800907135 207
1726484894516 1.5399229526519775 208
1726484894544 1.4873921871185303 209
1726484894572 1.2302014827728271 210
1726484894599 1.3472535610198975 211
1726484894627 1.454087257385254 212
1726484894655 1.2804291248321533 213
1726484894683 1.2185137271881104 214
1726484894711 1.2306993007659912 215
1726484894738 1.4693717956542969 216
1726484894765 1.3467589616775513 217
1726484894796 0.8271685838699341 218
1726484894823 0.8778300285339355 219
1726484894849 1.4511083364486694 220
1726484894875 1.3572052717208862 221
1726484894901 0.9706262350082397 222
1726484894928 1.1911237239837646 223
1726484894956 1.4690253734588623 224
1726484894982 1.4542040824890137 225
1726484895009 1.3017072677612305 226
1726484895037 1.4381707906723022 227
1726484895065 1.3557679653167725 228
1726484895091 1.5759875774383545 229
1726484895118 1.584475040435791 230
1726484895144 1.5759303569793701 231
1726484895169 1.4599802494049072 232
1726484895195 1.5330262184143066 233
1726484895223 1.5292494297027588 234
1726484895249 1.5507798194885254 235
1726484895275 1.4474304914474487 236
1726484895303 1.4949524402618408 237
1726484895332 1.5680110454559326 238
1726484895357 1.5635859966278076 239
1726484895384 1.5484449863433838 240
1726484895411 1.579284429550171 241
1726484895437 1.5512206554412842 242
1726484895463 1.5681359767913818 243
1726484895490 1.574565052986145 244
1726484895514 1.4581363201141357 245
1726484895540 1.536397933959961 246
1726484895568 1.4521973133087158 247
1726484895594 1.5314768552780151 248
1726484895620 1.4768848419189453 249
1726484895647 1.5416309833526611 250
1726484895671 1.4936442375183105 251
1726484895697 1.5433731079101562 252
1726484895724 1.5352721214294434 253
1726484895751 1.4425758123397827 254
1726484895777 1.2850477695465088 255
1726484895805 1.2664902210235596 256
1726484895834 1.0148463249206543 257
1726484895862 1.3342883586883545 258
1726484895887 1.476999044418335 259
1726484895917 1.5433661937713623 260
1726484895946 1.5060081481933594 261
1726484895974 1.5219449996948242 262
1726484896001 1.4780017137527466 263
1726484896028 1.376935601234436 264
1726484896055 1.4516113996505737 265
1726484896084 1.5750887393951416 266
1726484896111 1.579845905303955 267
1726484896137 1.4970389604568481 268
1726484896164 1.5542113780975342 269
1726484896191 1.5011515617370605 270
1726484896218 1.173342227935791 271
1726484896244 1.3320647478103638 272
1726484896271 1.355804443359375 273
1726484896297 1.4049851894378662 274
1726484896325 1.5425691604614258 275
1726484896350 1.4709765911102295 276
1726484896377 1.4793107509613037 277
1726484896405 1.435220718383789 278
1726484896434 1.479724645614624 279
1726484896461 1.3430206775665283 280
1726484896489 1.4639800786972046 281
1726484896516 1.5254485607147217 282
1726484896542 1.3685499429702759 283
1726484896571 1.4754581451416016 284
1726484896600 1.4629695415496826 285
1726484896629 1.5209585428237915 286
1726484896656 1.3895230293273926 287
1726484896683 1.3855706453323364 288
1726484896711 1.3979637622833252 289
1726484896740 1.228119969367981 290
1726484896768 1.4540441036224365 291
1726484896793 1.3992516994476318 292
1726484896823 1.251137137413025 293
1726484896853 1.3095734119415283 294
1726484896882 1.3297877311706543 295
1726484896910 1.451836109161377 296
1726484896938 1.3771058320999146 297
1726484896965 1.52153480052948 298
1726484896992 1.584478735923767 299
1726484897019 1.4867513179779053 300
1726484897045 1.5735148191452026 301
1726484897073 1.4400691986083984 302
1726484897102 1.5362566709518433 303
1726484897130 1.5660996437072754 304
1726484897157 1.4805452823638916 305
1726484897184 1.5118361711502075 306
1726484897211 1.5467216968536377 307
1726484897237 1.3988031148910522 308
1726484897262 1.5692565441131592 309
1726484897290 1.5460854768753052 310
1726484897320 1.4940519332885742 311
1726484897349 1.3830885887145996 312
1726484897377 1.4808259010314941 313
1726484897406 1.5439438819885254 314
1726484897434 1.5438059568405151 315
1726484897461 1.37166166305542 316
1726484897487 1.5394299030303955 317
1726484897511 1.5779860019683838 318
1726484897537 1.5209214687347412 319
1726484897565 1.5296270847320557 320
1726484897592 1.4753614664077759 321
1726484897618 1.4939594268798828 322
1726484897645 1.4734039306640625 323
1726484897670 1.5625736713409424 324
1726484897696 1.5790960788726807 325
1726484897722 1.5120793581008911 326
1726484897749 1.3884763717651367 327
1726484897774 1.457802653312683 328
1726484897801 1.4650126695632935 329
1726484897829 1.4195362329483032 330
1726484897854 1.2740066051483154 331
1726484897881 1.2604575157165527 332
1726484897907 1.3623977899551392 333
1726484897934 1.3836637735366821 334
1726484897961 1.5286957025527954 335
1726484897988 1.4782907962799072 336
1726484898013 1.5439430475234985 337
1726484898039 1.5780922174453735 338
1726484898070 1.578211784362793 339
1726484898098 1.578582763671875 340
1726484898126 1.4165974855422974 341
1726484898153 1.4702394008636475 342
1726484898180 1.5784735679626465 343
1726484898209 1.4524359703063965 344
1726484898237 1.5547544956207275 345
1726484898262 1.4714841842651367 346
1726484898290 1.5598185062408447 347
1726484898321 1.5244295597076416 348
1726484898352 1.4150753021240234 349
1726484898380 1.475245714187622 350
1726484898412 1.4649205207824707 351
1726484898440 1.5520826578140259 352
1726484898467 1.5528538227081299 353
1726484898493 1.5809803009033203 354
1726484898520 1.4673981666564941 355
1726484898547 1.3533321619033813 356
1726484898573 1.3396499156951904 357
1726484898601 1.4722663164138794 358
1726484898628 1.56083083152771 359
1726484898654 1.4671496152877808 360
1726484898680 1.5645537376403809 361
1726484898707 1.4393655061721802 362
1726484898734 1.506532907485962 363
1726484898759 1.5314297676086426 364
1726484898786 1.4461829662322998 365
1726484898815 1.5137907266616821 366
1726484898842 1.5093252658843994 367
1726484898868 1.5476213693618774 368
1726484898895 1.2238415479660034 369
1726484898921 1.3020745515823364 370
1726484898947 1.4563592672348022 371
1726484898974 1.5474954843521118 372
1726484899001 1.4740493297576904 373
1726484899028 1.3598833084106445 374
1726484899054 1.3628995418548584 375
1726484899082 1.2770801782608032 376
1726484899111 1.1662724018096924 377
1726484899135 1.0591174364089966 378
1726484899163 1.454904556274414 379
1726484899189 1.489436388015747 380
1726484899216 1.2679917812347412 381
1726484899243 0.9767148494720459 382
1726484899269 1.0881237983703613 383
1726484899295 1.370375633239746 384
1726484899322 1.2783212661743164 385
1726484899349 1.2431806325912476 386
1726484899377 1.4964470863342285 387
1726484899404 1.3641574382781982 388
1726484899431 1.560137391090393 389
1726484899457 1.5049054622650146 390
1726484899484 1.517992615699768 391
1726484899509 1.4979450702667236 392
1726484899536 1.5726567506790161 393
1726484899565 1.559096097946167 394
1726484899592 1.4878180027008057 395
1726484899619 1.5786874294281006 396
1726484899645 1.5590119361877441 397
1726484899671 1.5551639795303345 398
1726484899696 1.5479772090911865 399
1726484899723 1.54642653465271 400
1726484899749 1.5819282531738281 401
1726484899776 1.5729968547821045 402
1726484899801 1.4958064556121826 403
1726484899830 1.5613489151000977 404
1726484899857 1.5660914182662964 405
1726484899882 1.4783262014389038 406
1726484899908 1.495732307434082 407
1726484899935 1.5343925952911377 408
1726484899962 1.4929659366607666 409
1726484899989 1.5135698318481445 410
1726484900017 1.5371567010879517 411
1726484900043 1.5038869380950928 412
1726484900071 1.5707242488861084 413
1726484900099 1.5495936870574951 414
1726484900126 1.401553750038147 415
1726484900153 1.5802394151687622 416
1726484900180 1.544769525527954 417
1726484900206 1.550083875656128 418
1726484900235 1.5333995819091797 419
1726484900261 1.410773754119873 420
1726484900287 1.4641878604888916 421
1726484900316 1.416177749633789 422
1726484900343 1.5814824104309082 423
1726484900370 1.5693738460540771 424
1726484900397 1.5724904537200928 425
1726484900424 1.4671249389648438 426
1726484900451 1.5487682819366455 427
1726484900476 1.5558369159698486 428
1726484900503 1.5578563213348389 429
1726484900530 1.4496283531188965 430
1726484900557 1.5285592079162598 431
1726484900586 1.562525987625122 432
1726484900614 1.4827898740768433 433
1726484900641 1.4959455728530884 434
1726484900668 1.4214026927947998 435
1726484900694 1.5788490772247314 436
1726484900722 1.430189609527588 437
1726484900749 1.5784063339233398 438
1726484900777 1.5784772634506226 439
1726484900804 1.5790852308273315 440
1726484900832 1.5797756910324097 441
1726484900859 1.5804229974746704 442
1726484900886 1.5809921026229858 443
1726484900918 1.5814791917800903 444
1726484900956 1.5053588151931763 445
1726484900991 1.4625734090805054 446
1726484901057 1.4555227756500244 447
1726484901105 1.407029628753662 448
1726484901147 1.3843635320663452 449
1726484901187 1.437950611114502 450
1726484901232 1.5384770631790161 451
1726484901269 1.556167483329773 452
1726484901302 1.5755393505096436 453
1726484901334 1.5330196619033813 454
1726484901369 1.581826090812683 455
1726484901401 1.490369200706482 456
1726484901433 1.5190563201904297 457
1726484901466 1.2933390140533447 458
1726484901501 1.4593627452850342 459
1726484901542 1.4545061588287354 460
1726484901580 1.5087743997573853 461
1726484901618 1.5078725814819336 462
1726484901651 1.3626409769058228 463
1726484901683 1.489698886871338 464
1726484901716 1.4963879585266113 465
1726484901748 1.5035929679870605 466
1726484901781 1.5258612632751465 467
1726484901818 1.53328537940979 468
1726484901857 1.4922763109207153 469
1726484901894 1.5481880903244019 470
1726484901931 1.5020675659179688 471
1726484901966 1.5645369291305542 472
1726484902001 1.5182502269744873 473
1726484902036 1.4912605285644531 474
1726484902077 1.507617473602295 475
1726484902145 1.4713282585144043 476
1726484902181 1.541478157043457 477
1726484902215 1.3993852138519287 478
1726484902256 1.4622490406036377 479
1726484902297 1.4584088325500488 480
1726484902337 1.4236323833465576 481
1726484902373 1.5197663307189941 482
1726484902404 1.5765318870544434 483
1726484902435 1.394429087638855 484
1726484902464 1.5562838315963745 485
1726484902494 1.5637598037719727 486
1726484902523 1.5189083814620972 487
1726484902552 1.523413896560669 488
1726484902581 1.5252845287322998 489
1726484902610 1.5264832973480225 490
1726484902637 1.527435064315796 491
1726484902663 1.5282608270645142 492
1726484902692 1.5289968252182007 493
1726484902720 1.529656171798706 494
1726484902747 1.5321043729782104 495
1726484902774 1.4264461994171143 496
1726484902801 1.5743368864059448 497
1726484902829 1.5075197219848633 498
1726484902859 1.4462940692901611 499
1726484902889 1.507814645767212 500
1726484902917 1.4877264499664307 501
1726484902944 1.4591903686523438 502
1726484902972 1.4374356269836426 503
1726484903000 1.3603116273880005 504
1726484903029 1.3302358388900757 505
1726484903057 1.5259900093078613 506
1726484903088 1.4594104290008545 507
1726484903118 1.4059391021728516 508
1726484903145 1.5374836921691895 509
1726484903172 1.5172579288482666 510
1726484903200 1.5364694595336914 511
1726484903227 1.441882610321045 512
1726484903254 1.4867186546325684 513
1726484903281 1.559234380722046 514
1726484903309 1.572756290435791 515
1726484903339 1.5369281768798828 516
1726484903367 1.4299266338348389 517
1726484903393 1.3554291725158691 518
1726484903420 1.5350881814956665 519
1726484903448 1.4914377927780151 520
1726484903479 1.4967132806777954 521
1726484903511 1.4947469234466553 522
1726484903540 1.4537475109100342 523
1726484903568 1.5326236486434937 524
1726484903596 1.505650281906128 525
1726484903625 1.5245438814163208 526
1726484903652 1.5432630777359009 527
1726484903680 1.5442675352096558 528
1726484903709 1.5437779426574707 529
1726484903737 1.5429761409759521 530
1726484903766 1.542109489440918 531
1726484903795 1.5412542819976807 532
1726484903825 1.5404348373413086 533
1726484903856 1.4908732175827026 534
1726484903885 1.5807379484176636 535
1726484903914 1.5796128511428833 536
1726484903942 1.578446388244629 537
1726484903970 1.577471137046814 538
1726484904000 1.5766711235046387 539
1726484904029 1.5760087966918945 540
1726484904058 1.575451135635376 541
1726484904089 1.5749731063842773 542
1726484904118 1.5629091262817383 543
1726484904146 1.5077874660491943 544
1726484904175 1.5046443939208984 545
1726484904202 1.4707051515579224 546
1726484904231 1.5021477937698364 547
1726484904258 1.5078237056732178 548
1726484904285 1.5284168720245361 549
1726484904315 1.5025111436843872 550
1726484904344 1.464369535446167 551
1726484904372 1.4947885274887085 552
1726484904400 1.5039007663726807 553
1726484904427 1.4695450067520142 554
1726484904455 1.5299277305603027 555
1726484904481 1.5169110298156738 556
1726484904509 1.501741647720337 557
1726484904538 1.5001753568649292 558
1726484904566 1.4872260093688965 559
1726484904595 1.4716521501541138 560
1726484904622 1.5083591938018799 561
1726484904649 1.502793312072754 562
1726484904676 1.4442169666290283 563
1726484904700 1.480741024017334 564
1726484904727 1.4997632503509521 565
1726484904753 1.55126953125 566
1726484904780 1.5535932779312134 567
1726484904806 1.5545992851257324 568
1726484904834 1.554962158203125 569
1726484904863 1.5550122261047363 570
1726484904892 1.5549044609069824 571
1726484904917 1.5547184944152832 572
1726484904944 1.5544973611831665 573
1726484904971 1.5542643070220947 574
1726484904997 1.5540316104888916 575
1726484905024 1.553806185722351 576
1726484905050 1.553591251373291 577
1726484905076 1.5533878803253174 578
1726484905105 1.5531965494155884 579
1726484905132 1.5530166625976562 580
1726484905158 1.5528481006622314 581
1726484905185 1.5526896715164185 582
1726484905212 1.5525410175323486 583
1726484905238 1.5524013042449951 584
1726484905264 1.5522699356079102 585
1726484905289 1.5521464347839355 586
1726484905316 1.552030324935913 587
1726484905346 1.5519208908081055 588
1726484905373 1.5518178939819336 589
1726484905399 1.5517210960388184 590
1726484905426 1.5516297817230225 591
1726484905452 1.5515438318252563 592
1726484905477 1.5514631271362305 593
1726484905504 1.551387071609497 594
1726484905531 1.5513155460357666 595
1726484905558 1.5512484312057495 596
1726484905585 1.551185131072998 597
1726484905615 1.5511257648468018 598
1726484905642 1.551069974899292 599
1726484905670 1.5510177612304688 600
1726484905696 1.5509684085845947 601
1726484905725 1.5509223937988281 602
1726484905754 1.5508791208267212 603
1726484905783 1.5508384704589844 604
1726484905812 1.5508004426956177 605
1726484905841 1.5507649183273315 606
1726484905870 1.5507314205169678 607
1726484905896 1.5507001876831055 608
1726484905925 1.550670862197876 609
1726484905951 1.5506434440612793 610
1726484905976 1.5506178140640259 611
1726484906003 1.5505938529968262 612
1726484906031 1.5505714416503906 613
1726484906057 1.5505504608154297 614
1726484906084 1.5505306720733643 615
1726484906113 1.550512433052063 616
1726484906138 1.5504951477050781 617
1726484906164 1.5504791736602783 618
1726484906191 1.550464153289795 619
1726484906218 1.550450325012207 620
1726484906245 1.550437092781067 621
1726484906272 1.5504250526428223 622
1726484906303 1.5504136085510254 623
1726484906339 1.5504028797149658 624
1726484906369 1.5503931045532227 625
1726484906399 1.5503838062286377 626
1726484906427 1.550374984741211 627
1726484906454 1.550366997718811 628
1726484906482 1.5503594875335693 629
1726484906509 1.5503525733947754 630
1726484906536 1.5503458976745605 631
1726484906563 1.550339937210083 632
1726484906592 1.5503342151641846 633
1726484906621 1.5503287315368652 634
1726484906649 1.5503239631652832 635
1726484906676 1.5503193140029907 636
1726484906703 1.5503151416778564 637
1726484906730 1.5503109693527222 638
1726484906755 1.5271035432815552 639
1726484906783 1.5292065143585205 640
1726484906813 1.5305837392807007 641
1726484906845 1.5317118167877197 642
1726484906874 1.5327370166778564 643
1726484906902 1.533709168434143 644
1726484906930 1.5346438884735107 645
1726484906956 1.5355429649353027 646
1726484906983 1.5364035367965698 647
1726484907012 1.5372228622436523 648
1726484907041 1.5379984378814697 649
1726484907068 1.538729190826416 650
1726484907097 1.539414644241333 651
1726484907127 1.540055751800537 652
1726484907154 1.5406534671783447 653
1726484907183 1.5412100553512573 654
1726484907211 1.541727066040039 655
1726484907239 1.5422070026397705 656
1726484907267 1.5426521301269531 657
1726484907295 1.5430643558502197 658
1726484907323 1.5434461832046509 659
1726484907354 1.5437997579574585 660
1726484907381 1.5441268682479858 661
1726484907411 1.5444297790527344 662
1726484907439 1.5447099208831787 663
1726484907466 1.5449692010879517 664
1726484907492 1.5452089309692383 665
1726484907519 1.5454308986663818 666
1726484907547 1.5456361770629883 667
1726484907576 1.5458264350891113 668
1726484907606 1.5460023880004883 669
1726484907634 1.5461652278900146 670
1726484907661 1.5463160276412964 671
1726484907689 1.5464556217193604 672
1726484907718 1.5465848445892334 673
1726484907747 1.546704649925232 674
1726484907775 1.5468153953552246 675
1726484907804 1.5469181537628174 676
1726484907832 1.547013282775879 677
1726484907861 1.5471012592315674 678
1726484907887 1.5471830368041992 679
1726484907916 1.5472586154937744 680
1726484907948 1.5473288297653198 681
1726484907975 1.547393798828125 682
1726484908001 1.5474538803100586 683
1726484908028 1.547509789466858 684
1726484908056 1.5475616455078125 685
1726484908083 1.5476094484329224 686
1726484908112 1.5476539134979248 687
1726484908139 1.5476951599121094 688
1726484908166 1.5477334260940552 689
1726484908191 1.5477688312530518 690
1726484908219 1.5478017330169678 691
1726484908246 1.5478321313858032 692
1726484908273 1.5478603839874268 693
1726484908300 1.5478864908218384 694
1726484908326 1.5479108095169067 695
1726484908355 1.5479333400726318 696
1726484908382 1.5479543209075928 697
1726484908407 1.5479736328125 698
1726484908436 1.5479916334152222 699
1726484908463 1.5480083227157593 700
1726484908489 1.5480237007141113 701
1726484908515 1.5480380058288574 702
1726484908542 1.5480514764785767 703
1726484908570 1.5480639934539795 704
1726484908604 1.5480751991271973 705
1726484908632 1.5480859279632568 706
1726484908657 1.548095941543579 707
1726484908685 1.5481048822402954 708
1726484908714 1.548113465309143 709
1726484908741 1.548121452331543 710
1726484908768 1.548128604888916 711
1726484908795 1.5481352806091309 712
1726484908824 1.5481417179107666 713
1726484908851 1.5481475591659546 714
1726484908879 1.548153042793274 715
1726484908905 1.5481581687927246 716
1726484908933 1.5481626987457275 717
1726484908961 1.5481669902801514 718
1726484908988 1.5481709241867065 719
1726484909015 1.5481748580932617 720
1726484909041 1.5481781959533691 721
1726484909068 1.5481812953948975 722
1726484909093 1.5481843948364258 723
1726484909120 1.548187255859375 724
1726484909147 1.5481898784637451 725
1726484909174 1.5481922626495361 726
1726484909201 1.548194408416748 727
1726484909227 1.5481963157653809 728
1726484909255 1.5481982231140137 729
1726484909281 1.5482001304626465 730
1726484909307 1.5482016801834106 731
1726484909334 1.5482032299041748 732
1726484909363 1.5482046604156494 733
1726484909393 1.5482059717178345 734
1726484909421 1.54820716381073 735
1726484909448 1.548208236694336 736
1726484909476 1.5482094287872314 737
1726484909503 1.5482103824615479 738
1726484909528 1.5482110977172852 739
1726484909555 1.5482120513916016 740
