1726427312899 2e-05 0
1726427312944 -0.05817675590515137 1
1726427312989 0.03464627265930176 2
1726427313031 0.025191545486450195 3
1726427313072 -0.008330702781677246 4
1726427313111 -0.025574922561645508 5
1726427313152 0.03186023235321045 6
1726427313192 -0.02214503288269043 7
1726427313232 0.01648128032684326 8
1726427313273 -0.056879401206970215 9
1726427313315 0.02767324447631836 10
1726427313356 0.020417213439941406 11
1726427313396 -0.04220688343048096 12
1726427313438 0.042055487632751465 13
1726427313479 -0.04625344276428223 14
1726427313524 0.0015535354614257812 15
1726427313566 0.03142905235290527 16
1726427313608 -0.0024843215942382812 17
1726427313657 -0.012870550155639648 18
1726427313708 0.017037630081176758 19
1726427313753 -0.010614871978759766 20
1726427313795 0.0077353715896606445 21
1726427313839 0.02461087703704834 22
1726427313880 -0.0563967227935791 23
1726427313927 0.024918079376220703 24
1726427313975 -0.02123856544494629 25
1726427314021 0.05089271068572998 26
1726427314063 -0.029689431190490723 27
1726427314117 -0.03963768482208252 28
1726427314172 -0.0006927251815795898 29
1726427314218 0.015447616577148438 30
1726427314273 -0.005158185958862305 31
1726427314312 0.06782960891723633 32
1726427314352 -0.06267142295837402 33
1726427314392 0.030173182487487793 34
1726427314432 -0.019475221633911133 35
1726427314471 0.026097536087036133 36
1726427314514 -0.036795616149902344 37
1726427314554 0.03429520130157471 38
1726427314595 0.0015530586242675781 39
1726427314635 -0.04451131820678711 40
1726427314678 -0.017286300659179688 41
1726427314719 0.07594943046569824 42
1726427314761 0.025487422943115234 43
1726427314801 -0.03253626823425293 44
1726427314842 0.0034645795822143555 45
1726427314886 -0.0034929513931274414 46
1726427314928 -0.03266584873199463 47
1726427314971 -0.03620636463165283 48
1726427315023 0.025949478149414062 49
1726427315065 0.0034559965133666992 50
1726427315109 0.03760421276092529 51
1726427315154 0.005993843078613281 52
1726427315197 -0.02654242515563965 53
1726427315240 0.011649847030639648 54
1726427315284 0.002679109573364258 55
1726427315354 0.014471650123596191 56
1726427315397 -0.009292364120483398 57
1726427315454 -0.022267580032348633 58
1726427315507 -0.013208746910095215 59
1726427315557 -0.0006383657455444336 60
1726427315600 0.04645729064941406 61
1726427315652 0.01139521598815918 62
1726427315691 -0.007154107093811035 63
1726427315749 -0.003401637077331543 64
1726427315801 -0.03970634937286377 65
1726427315849 -0.013833284378051758 66
1726427315908 0.007541537284851074 67
1726427315967 0.024920344352722168 68
1726427316025 0.019875764846801758 69
1726427316076 0.025487422943115234 70
1726427316127 -0.04091787338256836 71
1726427316190 -0.03181791305541992 72
1726427316241 -0.002751588821411133 73
1726427316291 0.026977181434631348 74
1726427316341 0.027595043182373047 75
1726427316395 -0.0011845827102661133 76
1726427316445 -0.049284934997558594 77
1726427316505 0.0050811767578125 78
1726427316557 0.0355224609375 79
1726427316607 -0.04470634460449219 80
1726427316662 0.0396420955657959 81
1726427316716 -0.01743912696838379 82
1726427316769 0.01692986488342285 83
1726427316821 -0.03913283348083496 84
1726427316873 0.04540431499481201 85
1726427316934 0.010008692741394043 86
1726427316984 -0.016952872276306152 87
1726427317030 0.011539816856384277 88
1726427317076 -0.007077217102050781 89
1726427317120 -0.01084887981414795 90
1726427317166 0.0161210298538208 91
1726427317213 -0.01372992992401123 92
1726427317259 0.0034912824630737305 93
1726427317302 -0.03161752223968506 94
1726427317347 0.03658401966094971 95
1726427317390 -0.04212641716003418 96
1726427317433 0.022393107414245605 97
1726427317483 -0.020447134971618652 98
1726427317534 0.014899253845214844 99
1726427317585 0.01712334156036377 100
1726427317634 0.010317325592041016 101
1726427317682 -0.025811076164245605 102
1726427317728 -0.014591217041015625 103
1726427317774 -0.018852710723876953 104
1726427317819 0.013462424278259277 105
1726427317865 0.061769843101501465 106
1726427317910 -0.08479464054107666 107
1726427317953 0.0237351655960083 108
1726427317996 0.04533791542053223 109
1726427318040 -0.04533791542053223 110
1726427318083 0.004572153091430664 111
1726427318124 -0.004275083541870117 112
1726427318166 0.03530073165893555 113
1726427318208 -0.06154739856719971 114
1726427318250 0.08052194118499756 115
1726427318291 -0.054572343826293945 116
1726427318333 0.0018644332885742188 117
1726427318375 -0.0018644332885742188 118
1726427318419 0.0 119
1726427318463 0.0429227352142334 120
1726427318508 0.011649489402770996 121
1726427318552 -0.030521750450134277 122
1726427318596 0.030521750450134277 123
1726427318638 -0.0024344921112060547 124
1726427318682 -0.017565369606018066 125
1726427318727 -0.011541247367858887 126
1726427318771 0.008894801139831543 127
1726427318814 0.029062628746032715 128
1726427318858 -0.026666998863220215 129
1726427318900 -0.010439157485961914 130
1726427318941 0.019040346145629883 131
1726427318984 0.011649608612060547 132
1726427319030 -0.02206134796142578 133
1726427319072 -0.032510995864868164 134
1726427319115 0.0 135
1726427319158 0.002691030502319336 136
1726427319199 0.04062223434448242 137
1726427319243 0.032174110412597656 138
1726427319293 -0.035039663314819336 139
1726427319342 0.031305789947509766 140
1726427319390 -0.06540358066558838 141
1726427319436 0.04112088680267334 142
1726427319481 0.024563908576965332 143
1726427319528 -0.02278923988342285 144
1726427319573 0.01138007640838623 145
1726427319629 -0.045599937438964844 146
1726427319677 -0.015025615692138672 147
1726427319723 -0.0025441646575927734 148
1726427319770 0.02034783363342285 149
1726427319813 -0.017803668975830078 150
1726427319857 0.03202247619628906 151
1726427319901 -0.03220546245574951 152
1726427319946 0.02342402935028076 153
1726427319988 -0.023241043090820312 154
1726427320032 0.0 155
1726427320080 0.05248117446899414 156
1726427320122 -0.05248117446899414 157
1726427320178 0.04036259651184082 158
1726427320228 -0.02561509609222412 159
1726427320276 -0.016603469848632812 160
1726427320321 0.04420876502990723 161
1726427320362 -0.013507843017578125 162
1726427320404 -0.0018237829208374023 163
1726427320447 0.03937959671020508 164
1726427320490 -0.019190669059753418 165
1726427320534 -0.030408620834350586 166
1726427320580 0.007249116897583008 167
1726427320629 0.02594935894012451 168
1726427320684 -0.016551971435546875 169
1726427320732 0.027506113052368164 170
1726427320777 -0.060381412506103516 171
1726427320831 0.05491209030151367 172
1726427320889 0.01715373992919922 173
1726427320941 -0.048587918281555176 174
1726427321004 -0.019478321075439453 175
1726427321058 0.04522430896759033 176
1726427321127 -0.07574617862701416 177
1726427321189 0.06887233257293701 178
1726427321251 -0.06887221336364746 179
1726427321311 0.0637354850769043 180
1726427321372 -0.0029516220092773438 181
1726427321433 0.010149240493774414 182
1726427321493 -0.026652812957763672 183
1726427321553 0.050423502922058105 184
1726427321602 -0.03571605682373047 185
1726427321650 0.016706466674804688 186
1726427321698 0.0154799222946167 187
1726427321748 -0.06593883037567139 188
1726427321796 0.005376219749450684 189
1726427321846 -0.009197115898132324 190
1726427321899 0.004535079002380371 191
1726427321953 0.0429227352142334 192
1726427322004 -0.0429227352142334 193
1726427322056 0.0493168830871582 194
1726427322111 -0.007197856903076172 195
1726427322174 -0.041284799575805664 196
1726427322226 -0.0008342266082763672 197
1726427322278 0.04999995231628418 198
1726427322332 -0.020317912101745605 199
1726427322384 -0.029682040214538574 200
1726427322434 0.04803156852722168 201
1726427322485 -0.0043059587478637695 202
1726427322536 -0.0139085054397583 203
1726427322592 0.020360231399536133 204
1726427322657 -0.05017733573913574 205
1726427322707 0.054572224617004395 206
1726427322755 -0.036060452461242676 207
1726427322805 0.0232236385345459 208
1726427322854 -0.01768481731414795 209
1726427322906 0.030819296836853027 210
1726427322957 -0.04017531871795654 211
1726427323009 -0.014694571495056152 212
1726427323060 0.0492016077041626 213
1726427323114 -0.03888547420501709 214
1726427323195 0.023833155632019043 215
1726427323268 -0.029577016830444336 216
1726427323325 -0.027356505393981934 217
1726427323377 0.07735645771026611 218
1726427323432 -0.012650489807128906 219
1726427323499 0.02685689926147461 220
1726427323554 -0.06966865062713623 221
1726427323605 0.06800901889801025 222
1726427323655 -0.014292478561401367 223
1726427323706 0.0017457008361816406 224
1726427323756 -0.054572224617004395 225
1726427323808 0.006584286689758301 226
1726427323857 0.043575167655944824 227
1726427323908 0.01740562915802002 228
1726427323959 -0.042832255363464355 229
1726427324012 -0.008328914642333984 230
1726427324065 0.03816831111907959 231
1726427324116 -0.007111191749572754 232
1726427324168 -0.023410558700561523 233
1726427324219 0.0016399621963500977 234
1726427324270 0.03631746768951416 235
1726427324321 -0.0074356794357299805 236
1726427324372 0.0061463117599487305 237
1726427324435 -0.060718536376953125 238
1726427324485 0.061392784118652344 239
1726427324538 -0.055083632469177246 240
1726427324593 0.02225649356842041 241
1726427324645 -0.028565645217895508 242
1726427324697 0.0 243
1726427324749 0.0 244
1726427324801 0.023784756660461426 245
1726427324863 -0.01921248435974121 246
1726427324916 0.025819778442382812 247
1726427324968 0.0112074613571167 248
1726427325025 -0.0026758909225463867 249
1726427325077 0.010975360870361328 250
1726427325135 -0.005958199501037598 251
1726427325208 0.010653018951416016 252
1726427325278 -0.04733896255493164 253
1726427325343 0.03276491165161133 254
1726427325392 0.011584877967834473 255
1726427325439 0.007544159889221191 256
1726427325489 -0.05914878845214844 257
1726427325539 0.024050593376159668 258
1726427325590 0.030521631240844727 259
1726427325641 -0.004572272300720215 260
1726427325692 0.024277567863464355 261
1726427325740 -0.024277567863464355 262
1726427325790 -0.007077217102050781 263
1726427325858 0.001165151596069336 264
1726427325910 -0.041718482971191406 265
1726427325962 0.02168107032775879 266
1726427326012 0.0002639293670654297 267
1726427326065 0.03348135948181152 268
1726427326114 -0.05779576301574707 269
1726427326167 0.004572272300720215 270
1726427326218 -0.01648867130279541 271
1726427326267 0.011916399002075195 272
1726427326315 0.019942164421081543 273
1726427326360 0.03463006019592285 274
1726427326404 -0.030521631240844727 275
1726427326448 0.03903770446777344 276
1726427326491 -0.04221189022064209 277
1726427326534 0.046808719635009766 278
1726427326576 -0.04699349403381348 279
1726427326617 -0.020691633224487305 280
1726427326659 0.047980427742004395 281
1726427326705 -0.010304570198059082 282
1726427326748 -0.03767585754394531 283
1726427326793 0.07548737525939941 284
1726427326837 -0.028473615646362305 285
1726427326881 -0.02487015724182129 286
1726427326929 0.025704145431518555 287
1726427326973 0.020357489585876465 288
1726427327014 -0.01820528507232666 289
1726427327057 0.025487422943115234 290
1726427327100 -0.07210195064544678 291
1726427327141 -0.001756906509399414 292
1726427327182 -0.006250977516174316 293
1726427327223 0.012394428253173828 294
1726427327264 -0.007771968841552734 295
1726427327305 0.03178715705871582 296
1726427327346 0.019914865493774414 297
1726427327386 -0.008779525756835938 298
1726427327426 -0.04849576950073242 299
1726427327468 0.02748739719390869 300
1726427327513 0.0021364688873291016 301
1726427327556 -0.0006561279296875 302
1726427327599 -0.023394465446472168 303
1726427327643 0.04999995231628418 304
1726427327685 -0.045427680015563965 305
1726427327729 0.0009481906890869141 306
1726427327772 -0.018794894218444824 307
1726427327814 0.040167808532714844 308
1726427327856 0.041474342346191406 309
1726427327897 -0.06084871292114258 310
1726427327939 0.041147828102111816 311
1726427327979 -0.04866683483123779 312
1726427328051 0.016643881797790527 313
1726427328093 0.012369513511657715 314
1726427328134 -0.024723410606384277 315
1726427328175 0.019760608673095703 316
1726427328214 -0.006530642509460449 317
1726427328254 0.013172507286071777 318
1726427328295 -0.004658341407775879 319
1726427328335 -0.011861443519592285 320
1726427328375 0.007840514183044434 321
1726427328415 0.03361082077026367 322
1726427328455 -0.03099381923675537 323
1726427328500 0.03520047664642334 324
1726427328546 -0.055359721183776855 325
1726427328588 0.033496975898742676 326
1726427328630 -0.013917326927185059 327
1726427328673 -0.020212888717651367 328
1726427328718 0.04022800922393799 329
1726427328760 -0.039551734924316406 330
1726427328803 -0.004513978958129883 331
1726427328848 0.0064945220947265625 332
1726427328901 0.021965622901916504 333
1726427328959 0.005618453025817871 334
1726427329014 0.017037034034729004 335
1726427329071 -0.077065110206604 336
1726427329129 0.05689406394958496 337
1726427329186 -0.006894111633300781 338
1726427329236 0.02374422550201416 339
1726427329285 0.006777524948120117 340
1726427329325 -0.04999995231628418 341
1726427329366 -0.030521750450134277 342
1726427329421 0.07550835609436035 343
1726427329467 -0.0597459077835083 344
1726427329514 0.009589314460754395 345
1726427329563 0.012509584426879883 346
1726427329621 0.028173446655273438 347
1726427329669 -0.01672184467315674 348
1726427329717 -0.0002542734146118164 349
1726427329774 -0.004879951477050781 350
1726427329827 -0.014585137367248535 351
1726427329886 -0.011959075927734375 352
1726427329936 0.02182590961456299 353
1726427329986 0.04106128215789795 354
1726427330030 -0.08052170276641846 355
1726427330075 0.09560930728912354 356
1726427330122 -0.06508755683898926 357
1726427330163 0.03238320350646973 358
1726427330209 -0.015031814575195312 359
1726427330255 0.02099919319152832 360
1726427330307 -0.018872380256652832 361
1726427330362 -0.032759904861450195 362
1726427330408 0.04916071891784668 363
1726427330447 -0.0404512882232666 364
1726427330494 0.004353880882263184 365
1726427330535 0.027033567428588867 366
1726427330574 -0.0043447017669677734 367
1726427330619 0.012975454330444336 368
1726427330659 -0.010712623596191406 369
1726427330701 -0.05525505542755127 370
1726427330744 0.025949478149414062 371
1726427330786 0.04229617118835449 372
1726427330832 0.01013338565826416 373
1726427330884 -0.04883754253387451 374
1726427330942 0.03607618808746338 375
1726427330984 -0.009848833084106445 376
1726427331039 -0.027094006538391113 377
1726427331099 0.04912757873535156 378
1726427331155 -0.05185294151306152 379
1726427331199 0.0455632209777832 380
1726427331238 -0.04113423824310303 381
1726427331276 0.06616318225860596 382
1726427331317 -0.027669429779052734 383
1726427331356 -0.006046652793884277 384
1726427331395 0.0182877779006958 385
1726427331433 -0.05591750144958496 386
1726427331471 0.055325865745544434 387
1726427331510 -0.030521631240844727 388
1726427331550 -0.0168687105178833 389
1726427331593 0.04926764965057373 390
1726427331639 -0.0564495325088501 391
1726427331681 -0.00825488567352295 392
1726427331724 0.038344502449035645 393
1726427331766 0.015024900436401367 394
1726427331806 -0.04511451721191406 395
1726427331846 -0.025949597358703613 396
1726427331885 0.07326090335845947 397
1726427331926 0.003054499626159668 398
1726427331966 -0.07631528377532959 399
1726427332005 0.023761868476867676 400
1726427332046 0.04094874858856201 401
1726427332088 0.009062409400939941 402
1726427332128 -0.010278820991516113 403
1726427332168 -0.03306317329406738 404
1726427332209 0.022367477416992188 405
1726427332250 0.004868626594543457 406
1726427332294 0.037169814109802246 407
1726427332336 -0.025964736938476562 408
1726427332384 0.032564640045166016 409
1726427332446 -0.025487422943115234 410
1726427332489 -0.00506591796875 411
1726427332531 0.0004863739013671875 412
1726427332572 -0.0213698148727417 413
1726427332613 0.00677800178527832 414
1726427332653 0.01917135715484619 415
1726427332694 -0.007077217102050781 416
1726427332735 -0.01887214183807373 417
1726427332775 -0.006969332695007324 418
1726427332819 0.02641308307647705 419
1726427332862 0.006505608558654785 420
1726427332903 -0.04999995231628418 421
1726427332946 0.006220817565917969 422
1726427332987 0.03423917293548584 423
1726427333028 -0.01640951633453369 424
1726427333070 -0.02511882781982422 425
1726427333113 0.02511882781982422 426
1726427333154 0.016754865646362305 427
1726427333198 0.03468203544616699 428
1726427333239 -0.02091515064239502 429
1726427333280 -0.08052170276641846 430
1726427333321 0.06942462921142578 431
1726427333362 0.011097073554992676 432
1726427333402 -0.030521750450134277 433
1726427333443 1.1920928955078125e-07 434
1726427333483 0.04610121250152588 435
1726427333523 -0.02722907066345215 436
1726427333565 -0.004715681076049805 437
1726427333609 0.013409256935119629 438
1726427333653 0.002955913543701172 439
1726427333697 -0.04954934120178223 440
1726427333740 0.04954934120178223 441
1726427333787 0.008450150489807129 442
1726427333832 -0.06302237510681152 443
1726427333874 0.006043195724487305 444
1726427333916 -0.0007696151733398438 445
1726427333964 -0.0032573938369750977 446
1726427334012 0.04428505897521973 447
1726427334057 0.0034841299057006836 448
1726427334101 -0.012895822525024414 449
1726427334149 0.017682671546936035 450
1726427334197 -0.031049132347106934 451
1726427334245 0.0005273818969726562 452
1726427334293 -0.01954817771911621 453
1726427334337 0.005369305610656738 454
1726427334383 0.04470062255859375 455
1726427334427 -0.054572105407714844 456
1726427334504 0.054572105407714844 457
1726427334552 -0.03403782844543457 458
1726427334599 0.024138331413269043 459
1726427334648 -0.07062220573425293 460
1726427334699 0.03147459030151367 461
1726427334746 0.03739762306213379 462
1726427334786 -0.0429227352142334 463
1726427334829 0.0 464
1726427334871 0.04248523712158203 465
1726427334912 -0.006646275520324707 466
1726427334954 -0.012108922004699707 467
1726427334998 0.026042938232421875 468
1726427335056 0.0002269744873046875 469
1726427335122 -0.050324082374572754 470
1726427335172 0.01567554473876953 471
1726427335222 0.06013596057891846 472
1726427335269 -0.044191718101501465 473
1726427335312 -0.027022242546081543 474
1726427335364 -0.005494117736816406 475
1726427335407 0.055792927742004395 476
1726427335450 -0.054572224617004395 477
1726427335498 0.0 478
1726427335549 -0.019365429878234863 479
1726427335592 0.019365429878234863 480
