1726427137816 1.4328937530517578 0
1726427137861 1.5611991882324219 1
1726427137908 1.5761622190475464 2
1726427137951 1.5415685176849365 3
1726427137995 1.3140032291412354 4
1726427138048 0.5435644388198853 5
1726427138089 1.4181958436965942 6
1726427138134 1.4056390523910522 7
1726427138172 0.9948885440826416 8
1726427138211 1.025307536125183 9
1726427138249 1.4312922954559326 10
1726427138292 1.4737310409545898 11
1726427138338 0.9989957213401794 12
1726427138381 1.2727148532867432 13
1726427138427 0.8626503944396973 14
1726427138467 1.4191529750823975 15
1726427138510 0.5435644388198853 16
1726427138552 1.499908208847046 17
1726427138594 1.3543434143066406 18
1726427138641 1.0279417037963867 19
1726427138683 1.3673267364501953 20
1726427138726 0.8112781047821045 21
1726427138772 1.2073473930358887 22
1726427138816 1.531643271446228 23
1726427138860 1.4726343154907227 24
1726427138908 0.9973739981651306 25
1726427138958 1.2767491340637207 26
1726427139001 1.252995491027832 27
1726427139041 1.4501278400421143 28
1726427139081 1.2917157411575317 29
1726427139122 1.1280908584594727 30
1726427139162 1.5605369806289673 31
1726427139202 0.9603239893913269 32
1726427139243 1.4056390523910522 33
1726427139293 1.0579499006271362 34
1726427139340 1.5616142749786377 35
1726427139388 0.8623231053352356 36
1726427139436 1.1165236234664917 37
1726427139479 0.8672855496406555 38
1726427139523 0.9119824171066284 39
1726427139565 1.519828200340271 40
1726427139609 0.8112781047821045 41
1726427139663 1.186191201210022 42
1726427139714 0.9959176778793335 43
1726427139762 1.4057191610336304 44
1726427139817 1.5767236948013306 45
1726427139875 0.9920209646224976 46
1726427139936 1.5593762397766113 47
1726427139987 1.4975439310073853 48
1726427140031 1.4056390523910522 49
1726427140078 0.5489197969436646 50
1726427140126 1.3323769569396973 51
1726427140170 1.5612781047821045 52
1726427140212 1.4037073850631714 53
1726427140255 1.2987949848175049 54
1726427140296 0.9725394248962402 55
1726427140339 0.9544340372085571 56
1726427140381 0.9544340372085571 57
1726427140421 1.3469809293746948 58
1726427140463 0.9544340372085571 59
1726427140504 0.8112781047821045 60
1726427140545 1.4985592365264893 61
1726427140587 1.4318389892578125 62
1726427140628 1.5 63
1726427140671 1.5428258180618286 64
1726427140715 1.5773162841796875 65
1726427140759 1.5612781047821045 66
1726427140806 1.3614857196807861 67
1726427140853 0.6993060111999512 68
1726427140902 0.9544340372085571 69
1726427140949 1.3029131889343262 70
1726427140999 1.4056390523910522 71
1726427141048 1.5222508907318115 72
1726427141097 0.7649630904197693 73
1726427141150 1.0620300769805908 74
1726427141202 1.3245911598205566 75
1726427141253 0.9250045418739319 76
1726427141302 1.3185904026031494 77
1726427141353 1.4448063373565674 78
1726427141403 1.0052642822265625 79
1726427141451 1.5555715560913086 80
1726427141500 0.814115047454834 81
1726427141550 1.2198954820632935 82
1726427141600 1.0332099199295044 83
1726427141651 0.9544340372085571 84
1726427141700 0.9898490905761719 85
1726427141752 1.2888489961624146 86
1726427141806 1.5792999267578125 87
1726427141856 0.9544340372085571 88
1726427141907 1.536949872970581 89
1726427141960 1.4743421077728271 90
1726427142010 1.5661684274673462 91
1726427142060 1.229240894317627 92
1726427142109 1.542181372642517 93
1726427142161 1.5630078315734863 94
1726427142211 1.1006357669830322 95
1726427142262 1.2987949848175049 96
1726427142311 1.222412347793579 97
1726427142361 1.5138601064682007 98
1726427142412 1.489046335220337 99
1726427142463 0.8112781047821045 100
1726427142513 0.8112781047821045 101
1726427142563 0.10981476306915283 102
1726427142614 0.9544340372085571 103
1726427142667 -0.0 104
1726427142716 0.8836749196052551 105
1726427142765 1.0 106
1726427142815 0.8112781047821045 107
1726427142866 0.993516206741333 108
1726427142918 0.8840265870094299 109
1726427142970 1.5085278749465942 110
1726427143022 1.1597590446472168 111
1726427143074 1.0 112
1726427143123 1.544569730758667 113
1726427143173 0.9544340372085571 114
1726427143223 0.9323790669441223 115
1726427143273 1.4056390523910522 116
1726427143327 1.4120893478393555 117
1726427143383 1.0971301794052124 118
1726427143432 1.2987949848175049 119
1726427143497 1.2901910543441772 120
1726427143560 1.2987949848175049 121
1726427143622 1.322155475616455 122
1726427143689 1.4163553714752197 123
1726427143748 0.8465955257415771 124
1726427143805 1.5235360860824585 125
1726427143854 1.1718404293060303 126
1726427143904 1.2590430974960327 127
1726427143954 1.4056390523910522 128
1726427144007 1.0295209884643555 129
1726427144057 1.4008519649505615 130
1726427144107 1.417323350906372 131
1726427144159 0.9832870960235596 132
1726427144209 1.5 133
1726427144261 1.2678933143615723 134
1726427144325 1.5612781047821045 135
1726427144395 1.1597535610198975 136
1726427144455 1.5 137
1726427144506 1.4661898612976074 138
1726427144554 0.9191856384277344 139
1726427144603 0.8112781047821045 140
1726427144653 1.3260284662246704 141
1726427144702 0.4138755798339844 142
1726427144754 1.5482902526855469 143
1726427144807 1.4083008766174316 144
1726427144858 0.984057605266571 145
1726427144911 1.2520493268966675 146
1726427144979 0.9999717473983765 147
1726427145028 1.5 148
1726427145077 0.8112781047821045 149
1726427145127 1.5612164735794067 150
1726427145178 1.5612781047821045 151
1726427145233 0.983154296875 152
1726427145294 1.3325893878936768 153
1726427145346 0.835246741771698 154
1726427145396 1.5471298694610596 155
1726427145446 1.2070362567901611 156
1726427145496 1.5 157
1726427145546 0.9994728565216064 158
1726427145597 1.3858692646026611 159
1726427145647 1.5 160
1726427145697 1.2527153491973877 161
1726427145747 1.2987949848175049 162
1726427145800 1.3436273336410522 163
1726427145849 1.0 164
1726427145899 1.2452892065048218 165
1726427145949 1.028295636177063 166
1726427145999 1.087845802307129 167
1726427146046 1.2957680225372314 168
1726427146093 0.5435644388198853 169
1726427146138 1.452202558517456 170
1726427146183 1.0564253330230713 171
1726427146226 0.9570409655570984 172
1726427146269 0.9470927715301514 173
1726427146311 1.5 174
1726427146353 0.9346753358840942 175
1726427146395 1.541949987411499 176
1726427146436 1.5273926258087158 177
1726427146478 1.2627893686294556 178
1726427146520 1.3663358688354492 179
1726427146561 0.9544340372085571 180
1726427146604 0.9544340372085571 181
1726427146645 0.9910298585891724 182
1726427146686 1.4875686168670654 183
1726427146727 1.330096960067749 184
1726427146767 1.4800376892089844 185
1726427146807 1.579349398612976 186
1726427146848 1.5612781047821045 187
1726427146889 1.567143440246582 188
1726427146931 0.8877620697021484 189
1726427146972 1.5612781047821045 190
1726427147013 1.5627214908599854 191
1726427147053 0.9544340372085571 192
1726427147093 0.8952749967575073 193
1726427147134 0.5343174934387207 194
1726427147175 1.4292523860931396 195
1726427147216 1.2822002172470093 196
1726427147256 1.0324137210845947 197
1726427147297 1.0763514041900635 198
1726427147338 0.9544340372085571 199
1726427147378 0.23459452390670776 200
1726427147419 1.1904467344284058 201
1726427147459 1.3454833030700684 202
1726427147498 0.7859266996383667 203
1726427147539 1.3162657022476196 204
1726427147580 0.9544340372085571 205
1726427147622 0.8112781047821045 206
1726427147663 1.5135589838027954 207
1726427147703 1.2987949848175049 208
1726427147744 1.2987949848175049 209
1726427147785 0.9917516708374023 210
1726427147826 -0.0 211
1726427147866 1.018449068069458 212
1726427147907 0.9219218492507935 213
1726427147947 1.5612781047821045 214
1726427147987 1.0 215
1726427148029 1.5612781047821045 216
