1726432237482 2e-05 0
1726432237536 0.7404097318649292 1
1726432237587 0.7357280254364014 2
1726432237642 0.5619690418243408 3
1726432237698 0.46631374955177307 4
1726432237749 0.5088695287704468 5
1726432237800 0.6747970581054688 6
1726432237852 0.5558484792709351 7
1726432237905 0.44492971897125244 8
1726432237957 0.6139237284660339 9
1726432238009 0.6474432349205017 10
1726432238061 0.7085108757019043 11
1726432238114 0.7613500356674194 12
1726432238168 0.5960989594459534 13
1726432238222 0.9076340794563293 14
1726432238274 0.4342140257358551 15
1726432238328 0.3861790895462036 16
1726432238380 0.4294748604297638 17
1726432238432 0.5677661895751953 18
1726432238498 0.5065113306045532 19
1726432238550 0.3858794867992401 20
1726432238601 0.7396513223648071 21
1726432238658 0.6606764793395996 22
1726432238711 0.8652754426002502 23
1726432238760 0.4549040198326111 24
1726432238811 0.6544594168663025 25
1726432238863 0.6460445523262024 26
1726432238918 0.767288327217102 27
1726432238970 0.43214181065559387 28
1726432239022 0.5740985870361328 29
1726432239077 0.5115057826042175 30
1726432239130 0.5660892128944397 31
1726432239179 0.35129135847091675 32
1726432239227 0.6752089858055115 33
1726432239273 0.8710466027259827 34
1726432239320 0.5085680484771729 35
1726432239366 0.4946882724761963 36
1726432239410 0.23954375088214874 37
1726432239454 0.838293194770813 38
1726432239498 0.36395105719566345 39
1726432239541 0.7501667737960815 40
1726432239585 0.45970651507377625 41
1726432239631 0.5043684840202332 42
1726432239676 0.5243082642555237 43
1726432239719 0.7949603199958801 44
1726432239762 0.5735240578651428 45
1726432239805 0.7742905020713806 46
1726432239848 0.5565197467803955 47
1726432239892 0.587181806564331 48
1726432239936 0.7139685153961182 49
1726432239977 0.696681022644043 50
1726432240018 0.5163561701774597 51
1726432240060 0.8249540328979492 52
1726432240105 0.7213484644889832 53
1726432240154 0.8348387479782104 54
1726432240198 0.5747998952865601 55
1726432240242 0.7851143479347229 56
1726432240286 0.5577453970909119 57
1726432240328 0.3843131959438324 58
1726432240371 0.6464335322380066 59
1726432240415 0.7479555010795593 60
1726432240458 0.6385422348976135 61
1726432240501 0.7731572389602661 62
1726432240543 0.5137749314308167 63
1726432240585 0.4328902065753937 64
1726432240629 0.6222094893455505 65
1726432240670 0.6879229545593262 66
1726432240714 0.5572654008865356 67
1726432240761 0.7815241813659668 68
1726432240806 0.5719632506370544 69
1726432240851 0.7443721890449524 70
1726432240897 0.7819796204566956 71
1726432240946 0.48366135358810425 72
1726432240991 0.8277983069419861 73
1726432241035 0.8381243348121643 74
1726432241078 0.7233758568763733 75
1726432241126 0.5061182379722595 76
1726432241171 0.586017370223999 77
1726432241247 0.5074764490127563 78
1726432241294 0.6573573350906372 79
1726432241340 0.8291929960250854 80
1726432241390 0.6134215593338013 81
1726432241436 0.3922403156757355 82
1726432241484 0.42353740334510803 83
1726432241540 0.7434341907501221 84
1726432241578 0.2193489968776703 85
1726432241617 0.616019070148468 86
1726432241660 0.44006118178367615 87
1726432241700 0.566844642162323 88
1726432241742 0.7905238270759583 89
1726432241785 0.8521808981895447 90
1726432241848 0.7601625919342041 91
1726432241888 0.8871688842773438 92
1726432241930 0.6249127984046936 93
1726432241968 0.6068807244300842 94
1726432242009 0.6851667165756226 95
1726432242050 0.541071891784668 96
1726432242091 0.8905552625656128 97
1726432242138 0.6805757284164429 98
1726432242179 0.7460522651672363 99
1726432242219 0.6792536377906799 100
1726432242260 0.699142336845398 101
1726432242300 0.7895853519439697 102
1726432242341 0.9046562910079956 103
1726432242384 0.6575766205787659 104
1726432242426 0.6465739011764526 105
1726432242466 0.69907146692276 106
1726432242507 0.6173974871635437 107
1726432242548 0.5074982047080994 108
1726432242589 0.9148002862930298 109
1726432242632 0.9078350067138672 110
1726432242675 0.4859219491481781 111
1726432242716 0.7038267254829407 112
1726432242757 0.6794140338897705 113
1726432242799 0.568983256816864 114
1726432242841 0.8051585555076599 115
1726432242882 0.2980683445930481 116
1726432242924 0.6126533150672913 117
1726432242967 0.5956543684005737 118
1726432243010 0.7483885288238525 119
1726432243057 0.5900989770889282 120
1726432243104 0.52476966381073 121
1726432243153 0.6150906085968018 122
1726432243196 0.6436505913734436 123
1726432243248 0.43343690037727356 124
1726432243288 0.47133052349090576 125
1726432243331 0.4651404619216919 126
1726432243377 0.4812258183956146 127
1726432243418 0.580047070980072 128
1726432243459 0.8005004525184631 129
1726432243500 0.6439683437347412 130
1726432243542 0.6535621285438538 131
1726432243583 0.5648736953735352 132
1726432243624 0.2505202889442444 133
1726432243667 0.7477675080299377 134
1726432243710 0.7795743346214294 135
1726432243752 0.6920961737632751 136
1726432243794 0.6218178272247314 137
1726432243836 0.4381101429462433 138
1726432243878 0.5725398659706116 139
1726432243921 0.5129441022872925 140
1726432243964 0.6927602291107178 141
1726432244005 0.7438341975212097 142
1726432244047 0.6683422923088074 143
1726432244089 0.685398519039154 144
1726432244132 0.4622402787208557 145
1726432244177 0.7537990212440491 146
1726432244219 0.59062260389328 147
1726432244262 0.6923998594284058 148
1726432244307 0.7839974164962769 149
1726432244357 0.4511118233203888 150
1726432244410 0.5146383047103882 151
1726432244452 0.5455900430679321 152
1726432244501 0.6192598938941956 153
1726432244544 0.9318942427635193 154
1726432244595 0.34040969610214233 155
1726432244647 0.6293355822563171 156
1726432244686 0.4622412621974945 157
1726432244727 0.415767103433609 158
1726432244766 0.8855382204055786 159
1726432244806 0.6617171764373779 160
1726432244847 0.608713686466217 161
1726432244887 0.5853179097175598 162
1726432244929 0.5137637853622437 163
1726432244971 0.4968791902065277 164
1726432245011 0.4430280327796936 165
1726432245053 0.7227959632873535 166
1726432245094 0.46676942706108093 167
1726432245134 0.5493489503860474 168
1726432245177 0.6169644594192505 169
1726432245221 0.6718401312828064 170
1726432245265 0.7422999143600464 171
1726432245307 0.5542618632316589 172
1726432245349 0.6541431546211243 173
1726432245391 0.44174841046333313 174
1726432245435 0.6029178500175476 175
1726432245477 0.7781591415405273 176
1726432245519 0.6056200861930847 177
1726432245560 0.6387831568717957 178
1726432245603 0.5599226951599121 179
1726432245645 0.6038380861282349 180
1726432245685 0.8850835561752319 181
1726432245727 0.7118898630142212 182
1726432245769 0.894396185874939 183
1726432245811 0.7943920493125916 184
1726432245853 0.6423899531364441 185
1726432245897 0.507032573223114 186
1726432245940 0.6882373690605164 187
1726432245982 0.819229006767273 188
1726432246024 0.9690568447113037 189
1726432246064 0.7333548069000244 190
1726432246106 0.5903144478797913 191
1726432246150 0.6789663434028625 192
1726432246193 0.8010823726654053 193
1726432246235 0.8679312467575073 194
1726432246277 0.795296311378479 195
1726432246319 0.8278989195823669 196
1726432246362 0.4722176790237427 197
1726432246403 0.8695785403251648 198
1726432246445 0.5347561836242676 199
1726432246488 0.6943085789680481 200
1726432246529 0.49732813239097595 201
1726432246570 0.5447870492935181 202
1726432246612 0.4765947759151459 203
1726432246654 0.5929853916168213 204
1726432246697 0.7520147562026978 205
1726432246739 0.45674559473991394 206
1726432246780 0.5193657279014587 207
1726432246822 0.41890791058540344 208
1726432246863 0.5194573998451233 209
1726432246906 0.6408007144927979 210
1726432246949 0.5521324276924133 211
1726432246990 0.20174196362495422 212
1726432247031 0.7237451076507568 213
1726432247074 0.6380370259284973 214
1726432247117 0.7379472851753235 215
1726432247164 0.6283014416694641 216
1726432247209 0.8196123242378235 217
1726432247273 0.6205911636352539 218
1726432247318 0.7308218479156494 219
1726432247375 0.6881458759307861 220
1726432247420 0.6229143738746643 221
1726432247474 0.5390098094940186 222
1726432247523 0.7258009910583496 223
1726432247586 0.6439096927642822 224
1726432247630 0.7174565196037292 225
1726432247673 0.7105426788330078 226
1726432247714 0.6122993230819702 227
1726432247755 0.3898305296897888 228
1726432247795 0.6491997241973877 229
1726432247836 0.6751378178596497 230
1726432247876 0.829291582107544 231
1726432247919 0.8315112590789795 232
1726432247959 0.8819399476051331 233
1726432248000 0.6678970456123352 234
1726432248041 0.747146487236023 235
1726432248082 0.6452375650405884 236
1726432248123 0.6045246720314026 237
1726432248164 0.7035563588142395 238
1726432248208 0.5574232339859009 239
1726432248249 0.5500695109367371 240
1726432248289 0.8261621594429016 241
1726432248330 0.5320004224777222 242
1726432248372 0.5833956003189087 243
1726432248413 0.4610125720500946 244
1726432248454 0.6291322112083435 245
1726432248496 0.6248293519020081 246
1726432248537 0.7639496922492981 247
1726432248579 0.4382506310939789 248
1726432248622 0.4509214758872986 249
1726432248665 0.48569434881210327 250
1726432248708 0.534696638584137 251
1726432248750 0.4038706123828888 252
1726432248792 0.5144551992416382 253
1726432248834 0.4463452398777008 254
1726432248876 0.7707083225250244 255
1726432248921 0.48714253306388855 256
1726432248964 0.500647246837616 257
1726432249006 0.727209210395813 258
1726432249047 0.5123810768127441 259
1726432249089 0.5730193257331848 260
1726432249131 0.6613684892654419 261
1726432249175 0.5818537473678589 262
1726432249217 0.6874110698699951 263
1726432249259 0.5045392513275146 264
1726432249301 0.6473433971405029 265
1726432249343 0.5852251052856445 266
1726432249385 0.6455291509628296 267
1726432249427 0.6737498641014099 268
1726432249469 0.6435849666595459 269
1726432249511 0.8069162964820862 270
1726432249552 0.013752995990216732 271
1726432249593 0.7540646195411682 272
1726432249636 0.8442082405090332 273
1726432249677 0.7749390602111816 274
1726432249720 0.46732354164123535 275
1726432249773 0.4400063455104828 276
1726432249829 0.7971552014350891 277
1726432249886 0.42634186148643494 278
1726432249942 0.23492982983589172 279
1726432250000 0.6269643902778625 280
1726432250057 0.7798381447792053 281
1726432250116 0.8179223537445068 282
1726432250175 0.4692196846008301 283
1726432250233 0.6356331706047058 284
1726432250291 0.4398873746395111 285
1726432250350 0.479655921459198 286
1726432250413 0.569768488407135 287
1726432250475 0.890559732913971 288
1726432250534 0.7246869206428528 289
1726432250591 0.9585387706756592 290
1726432250642 0.7820418477058411 291
1726432250701 0.6226480007171631 292
1726432250754 0.4730040431022644 293
1726432250804 0.3888275623321533 294
1726432250855 0.6644111275672913 295
1726432250905 0.6800273656845093 296
1726432250957 0.669251024723053 297
1726432251006 0.5382516384124756 298
1726432251059 0.7072276473045349 299
1726432251118 0.5366167426109314 300
1726432251183 0.46739163994789124 301
1726432251269 0.6870111227035522 302
1726432251353 0.357443630695343 303
1726432251432 0.6354232430458069 304
1726432251495 0.3426533639431 305
1726432251581 0.48593515157699585 306
1726432251664 0.028950337320566177 307
1726432251755 0.8744548559188843 308
1726432251823 0.7180882096290588 309
1726432251886 0.4356580376625061 310
1726432251946 0.3056882917881012 311
1726432252006 0.5314314961433411 312
1726432252066 0.3904132544994354 313
1726432252126 0.419589638710022 314
1726432252191 0.4662640392780304 315
1726432252258 0.4007900059223175 316
1726432252333 0.558790922164917 317
1726432252396 0.37516993284225464 318
1726432252465 0.701409637928009 319
1726432252554 0.26792576909065247 320
1726432252626 0.7204808592796326 321
1726432252698 0.583073616027832 322
1726432252773 0.366351842880249 323
1726432252836 0.9270848035812378 324
1726432252888 0.6673433184623718 325
1726432252960 0.4881705939769745 326
1726432253031 0.4268324673175812 327
1726432253095 0.3761724829673767 328
1726432253168 0.6270423531532288 329
1726432253223 0.29093608260154724 330
1726432253274 0.545466959476471 331
1726432253326 0.3315756916999817 332
1726432253378 0.6515729427337646 333
1726432253429 0.583251416683197 334
1726432253479 0.6284571290016174 335
1726432253530 0.784062385559082 336
1726432253581 0.6754657626152039 337
1726432253634 0.4194803237915039 338
1726432253685 0.7537898421287537 339
1726432253739 0.860037088394165 340
1726432253791 0.531574010848999 341
1726432253842 0.8269849419593811 342
1726432253894 0.7681839466094971 343
1726432253946 0.4019779562950134 344
1726432253999 0.056703995913267136 345
1726432254050 0.8035610914230347 346
1726432254101 0.5341630578041077 347
1726432254153 0.6632339954376221 348
1726432254204 0.6034591794013977 349
1726432254258 0.561982274055481 350
1726432254311 0.7956138253211975 351
1726432254361 0.04100160673260689 352
1726432254415 0.028189247474074364 353
1726432254468 0.7565615773200989 354
1726432254519 0.9230250120162964 355
1726432254571 0.716783881187439 356
1726432254622 0.4966214597225189 357
1726432254678 0.6246688365936279 358
1726432254736 0.7096976041793823 359
1726432254782 0.46957486867904663 360
1726432254829 0.42577114701271057 361
1726432254877 0.019643127918243408 362
1726432254925 0.8124110698699951 363
1726432254969 0.037048835307359695 364
1726432255012 0.6472291946411133 365
1726432255056 0.7811463475227356 366
1726432255099 0.6796241998672485 367
1726432255141 0.45716625452041626 368
1726432255184 0.317811518907547 369
1726432255227 0.2842339277267456 370
1726432255271 0.6085277795791626 371
1726432255313 0.026473335921764374 372
1726432255356 0.5520446300506592 373
1726432255398 0.6510733366012573 374
1726432255440 0.8134244680404663 375
1726432255487 0.26958343386650085 376
1726432255531 0.40648192167282104 377
1726432255583 0.30147624015808105 378
1726432255633 0.6666768193244934 379
1726432255675 0.042306385934352875 380
1726432255735 0.5830740332603455 381
1726432255800 0.5195132493972778 382
1726432255846 0.7622666358947754 383
1726432255885 0.5664086937904358 384
1726432255924 0.6324275732040405 385
1726432255967 0.6833643317222595 386
1726432256006 0.7211316227912903 387
1726432256046 0.6360182166099548 388
1726432256085 0.5492314100265503 389
1726432256128 0.7839789390563965 390
1726432256168 0.024462252855300903 391
1726432256210 0.719484806060791 392
1726432256257 0.8016649484634399 393
1726432256316 0.6641044020652771 394
1726432256375 0.02672945149242878 395
1726432256425 0.7575902342796326 396
1726432256471 0.6336935758590698 397
1726432256510 0.5627257227897644 398
1726432256550 0.85740065574646 399
1726432256591 0.7657464146614075 400
1726432256631 0.7112031579017639 401
1726432256673 0.8007070422172546 402
1726432256715 0.7535338401794434 403
1726432256756 0.5937803983688354 404
1726432256797 0.7178627252578735 405
1726432256839 0.7685772776603699 406
1726432256879 0.6592514514923096 407
1726432256920 0.742813229560852 408
1726432256961 0.6304550766944885 409
1726432257002 0.6442789435386658 410
1726432257044 0.6003668308258057 411
1726432257084 0.04369547590613365 412
1726432257124 0.4349425435066223 413
1726432257170 0.4032973647117615 414
1726432257213 0.48654085397720337 415
1726432257257 0.43636465072631836 416
1726432257303 0.9281747937202454 417
1726432257354 0.4635658860206604 418
1726432257401 0.5711506009101868 419
1726432257473 0.4703711271286011 420
1726432257529 0.05874459818005562 421
1726432257580 0.5726965069770813 422
1726432257631 0.3458499312400818 423
1726432257671 0.5383303165435791 424
1726432257716 0.5342966914176941 425
1726432257757 0.6696944236755371 426
1726432257797 0.19591043889522552 427
1726432257843 0.47058069705963135 428
1726432257890 0.57633376121521 429
1726432257940 0.6193920969963074 430
1726432257982 0.6708160042762756 431
1726432258024 0.6001183390617371 432
1726432258065 0.8696826696395874 433
1726432258106 0.7402363419532776 434
1726432258149 0.47734737396240234 435
1726432258192 0.3679717183113098 436
1726432258238 0.5076286792755127 437
1726432258280 0.01950143277645111 438
1726432258322 0.7296288013458252 439
1726432258365 0.8387194871902466 440
1726432258406 0.7701701521873474 441
1726432258448 0.6785189509391785 442
1726432258493 0.6428896188735962 443
1726432258545 0.6952151656150818 444
1726432258593 0.621103823184967 445
1726432258640 0.45563820004463196 446
1726432258683 0.819683313369751 447
1726432258730 0.030970009043812752 448
1726432258771 0.6564756631851196 449
1726432258811 0.7157419919967651 450
1726432258852 0.7247195243835449 451
1726432258894 0.7151183485984802 452
1726432258935 0.6776535511016846 453
1726432258979 0.40104353427886963 454
1726432259020 0.5800231099128723 455
1726432259061 0.815812349319458 456
1726432259102 0.8580560088157654 457
1726432259145 0.8707630634307861 458
1726432259188 0.5526617765426636 459
1726432259231 0.6735674142837524 460
1726432259274 0.9362257719039917 461
1726432259315 0.47325512766838074 462
1726432259357 0.8699852228164673 463
1726432259400 0.6165401935577393 464
1726432259443 0.7778361439704895 465
1726432259487 0.5544825196266174 466
1726432259528 0.04638950899243355 467
1726432259573 0.05358017608523369 468
1726432259616 0.6021136045455933 469
1726432259659 0.6132382750511169 470
1726432259701 0.6275501847267151 471
1726432259743 0.41240358352661133 472
1726432259784 0.02143908478319645 473
1726432259827 0.8209360837936401 474
1726432259867 0.04014705866575241 475
1726432259908 0.3612073063850403 476
1726432259952 0.7671809792518616 477
1726432259993 0.7282848954200745 478
1726432260036 0.6630653142929077 479
1726432260078 0.627204418182373 480
1726432260118 0.6484417915344238 481
1726432260160 0.8134027719497681 482
1726432260203 0.4498499631881714 483
1726432260245 0.5298948884010315 484
1726432260288 0.5083990693092346 485
1726432260331 0.4974415898323059 486
1726432260373 0.2618241012096405 487
1726432260415 0.8164999485015869 488
1726432260457 0.03329876810312271 489
1726432260499 0.5871850848197937 490
1726432260542 0.3354213833808899 491
1726432260585 0.02430916391313076 492
1726432260628 0.02485380694270134 493
1726432260672 0.7240305542945862 494
1726432260714 0.3587785065174103 495
1726432260757 0.6680431365966797 496
1726432260799 0.021767016500234604 497
1726432260841 0.7333507537841797 498
1726432260884 0.49203789234161377 499
1726432260927 0.3168027400970459 500
1726432260970 0.04199216514825821 501
1726432261018 0.29674360156059265 502
1726432261062 0.050315387547016144 503
1726432261103 0.723639190196991 504
1726432261149 0.5830902457237244 505
1726432261192 0.49244871735572815 506
1726432261237 0.03979538753628731 507
1726432261280 0.7184244990348816 508
1726432261322 0.05000344663858414 509
1726432261365 0.4890165627002716 510
1726432261408 0.9413118958473206 511
1726432261454 0.31724676489830017 512
1726432261505 0.4658590257167816 513
1726432261560 0.4566301703453064 514
1726432261621 0.45348572731018066 515
1726432261693 0.3394272029399872 516
1726432261742 0.34752681851387024 517
1726432261784 0.27903053164482117 518
1726432261829 0.4618093967437744 519
1726432261870 0.7468752264976501 520
1726432261910 0.6191850900650024 521
1726432261951 0.5804212093353271 522
1726432261993 0.42690837383270264 523
1726432262034 0.5545016527175903 524
1726432262076 0.5282484292984009 525
1726432262117 0.6337344646453857 526
1726432262158 0.4682442247867584 527
1726432262200 0.05960044637322426 528
1726432262241 0.030934717506170273 529
1726432262282 0.4318130314350128 530
1726432262325 0.6493693590164185 531
1726432262365 0.6440732479095459 532
1726432262408 0.7571208477020264 533
1726432262449 0.3804222643375397 534
1726432262491 0.7002357840538025 535
1726432262532 0.7028135657310486 536
1726432262574 0.2588781416416168 537
1726432262614 0.4820954501628876 538
1726432262655 0.7665462493896484 539
1726432262697 0.5086708664894104 540
1726432262740 0.7558640241622925 541
1726432262781 0.6087350249290466 542
1726432262824 0.03378112614154816 543
1726432262866 0.9661033153533936 544
1726432262908 0.7224449515342712 545
1726432262949 0.6652699708938599 546
1726432262992 0.019104832783341408 547
1726432263035 0.019950268790125847 548
1726432263077 0.5812748670578003 549
1726432263118 0.79048091173172 550
1726432263162 0.4248560667037964 551
1726432263204 0.7095176577568054 552
1726432263248 0.047843337059020996 553
1726432263289 0.7030638456344604 554
1726432263331 0.6860141158103943 555
1726432263375 0.06109027937054634 556
1726432263416 0.5923023819923401 557
1726432263458 0.7277867794036865 558
1726432263502 0.7636783719062805 559
1726432263543 0.5233157873153687 560
1726432263584 0.6559724807739258 561
1726432263627 0.47034990787506104 562
1726432263670 0.320068895816803 563
1726432263712 0.49588871002197266 564
1726432263754 0.4859534502029419 565
1726432263797 0.04645053669810295 566
1726432263838 0.5765854716300964 567
1726432263881 0.03161707520484924 568
1726432263925 0.0326748825609684 569
1726432263970 0.03384843468666077 570
1726432264015 0.4594922959804535 571
1726432264058 0.27262789011001587 572
1726432264111 0.805853009223938 573
1726432264156 0.04363386705517769 574
1726432264199 0.03089832328259945 575
1726432264242 0.5971065759658813 576
1726432264283 0.0715690329670906 577
1726432264324 0.07269775867462158 578
1726432264367 0.05486665666103363 579
1726432264409 0.052041925489902496 580
1726432264451 0.020777493715286255 581
1726432264493 0.004246461670845747 582
1726432264536 0.004298452287912369 583
1726432264584 0.004351381212472916 584
1726432264634 0.004405386280268431 585
1726432264680 0.004460333846509457 586
1726432264739 0.26290956139564514 587
1726432264793 0.004239491652697325 588
1726432264845 0.4640641510486603 589
1726432264899 0.18014036118984222 590
1726432264961 0.30687710642814636 591
1726432265028 0.045605406165122986 592
1726432265077 0.04099274054169655 593
1726432265135 0.27183103561401367 594
1726432265203 0.03393998369574547 595
1726432265268 0.009694403037428856 596
1726432265318 0.009832448326051235 597
1726432265368 0.009973368607461452 598
1726432265423 0.010117392055690289 599
1726432265474 0.010264520533382893 600
1726432265526 0.01041493285447359 601
1726432265578 0.010568804107606411 602
1726432265629 0.010726134292781353 603
1726432265679 0.6205910444259644 604
1726432265735 0.023640934377908707 605
1726432265788 0.024152206256985664 606
1726432265855 0.02470681071281433 607
1726432265918 0.025312183424830437 608
1726432265972 0.02597728744149208 609
1726432266021 0.4100358784198761 610
1726432266072 0.05194396525621414 611
1726432266121 0.04507835954427719 612
1726432266176 0.04127109423279762 613
1726432266227 0.042422376573085785 614
1726432266278 0.24270761013031006 615
1726432266330 0.03458229824900627 616
1726432266382 0.03719598799943924 617
1726432266434 0.14644144475460052 618
1726432266488 0.46130385994911194 619
1726432266540 0.3365105092525482 620
1726432266592 0.04811154678463936 621
1726432266643 0.49494117498397827 622
1726432266693 0.36768460273742676 623
1726432266749 0.03735864907503128 624
1726432266802 0.040565211325883865 625
1726432266854 0.046094272285699844 626
1726432266906 0.3646439015865326 627
1726432266958 0.004339852835983038 628
1726432267010 0.004400817211717367 629
1726432267063 0.004462671931833029 630
1726432267113 0.004525617230683565 631
1726432267167 0.004589523188769817 632
1726432267220 0.004654522053897381 633
1726432267273 0.6947062611579895 634
1726432267324 0.02680036425590515 635
1726432267376 0.0037412531673908234 636
1726432267428 0.003790557384490967 637
1726432267480 0.003840640652924776 638
1726432267533 0.0038914994802325964 639
1726432267585 0.003943147137761116 640
1726432267641 0.0039956290274858475 641
1726432267692 0.004048981703817844 642
1726432267742 0.004103167448192835 643
1726432267794 0.78751540184021 644
1726432267844 0.3270457983016968 645
1726432267897 0.5078640580177307 646
1726432267947 0.029049251228570938 647
1726432268000 0.4709702730178833 648
1726432268052 0.5480387210845947 649
1726432268103 0.6204580664634705 650
1726432268156 0.030433552339673042 651
1726432268210 0.757569432258606 652
1726432268262 0.04352123662829399 653
1726432268318 0.40285784006118774 654
1726432268377 0.04340227320790291 655
1726432268429 0.04708555340766907 656
1726432268485 0.051751814782619476 657
1726432268537 0.05803102254867554 658
1726432268587 0.06749561429023743 659
1726432268640 0.05855291709303856 660
1726432268691 0.022202584892511368 661
1726432268746 0.006590382661670446 662
1726432268799 0.44918444752693176 663
1726432268851 0.12605060636997223 664
1726432268912 0.045266006141901016 665
1726432268987 0.019500337541103363 666
1726432269049 0.002131449058651924 667
1726432269110 0.0021622558124363422 668
1726432269164 0.7279799580574036 669
1726432269211 0.8437420129776001 670
1726432269259 0.02390238456428051 671
1726432269304 0.024420607835054398 672
1726432269350 0.024964839220046997 673
1726432269394 0.025537462905049324 674
1726432269438 0.5551239848136902 675
1726432269483 0.027998844161629677 676
1726432269527 0.029117701575160027 677
1726432269568 0.03043508529663086 678
1726432269611 0.032032474875450134 679
1726432269654 0.034047599881887436 680
1726432269695 0.036738015711307526 681
1726432269737 0.520990252494812 682
1726432269779 0.49673688411712646 683
1726432269821 0.014727029949426651 684
1726432269863 0.014791660010814667 685
1726432269906 0.014860675670206547 686
1726432269948 0.3008837103843689 687
1726432269991 0.6683850884437561 688
1726432270033 0.015061672776937485 689
1726432270074 0.015306321904063225 690
1726432270116 0.015567822381854057 691
1726432270157 0.01584848202764988 692
1726432270198 0.01615106873214245 693
1726432270242 0.016479063779115677 694
1726432270283 0.016836510971188545 695
1726432270325 0.017228340730071068 696
1726432270368 0.01766078732907772 697
1726432270408 0.7008257508277893 698
1726432270450 0.5777875185012817 699
1726432270492 0.6675357222557068 700
1726432270534 0.07177753001451492 701
1726432270575 0.5636650919914246 702
1726432270616 0.027828440070152283 703
1726432270657 0.40361759066581726 704
1726432270700 0.30618566274642944 705
1726432270742 0.02347400225698948 706
1726432270784 0.024326911196112633 707
1726432270829 0.4849220812320709 708
1726432270876 0.005940049421042204 709
1726432270924 0.0060010687448084354 710
1726432270969 0.006062742322683334 711
1726432271015 0.00612504780292511 712
1726432271060 0.006188058294355869 713
1726432271104 0.006251804996281862 714
1726432271149 0.006316178012639284 715
1726432271193 0.006381296087056398 716
1726432271237 0.006447140593081713 717
1726432271281 0.006513718981295824 718
1726432271324 0.0065810480155050755 719
1726432271368 0.6573165655136108 720
1726432271409 0.24646343290805817 721
1726432271452 0.3060157299041748 722
1726432271496 0.2854383587837219 723
1726432271539 0.27510520815849304 724
1726432271581 0.004721751436591148 725
1726432271622 0.004775023087859154 726
1726432271665 0.004828992765396833 727
1726432271708 0.3623560965061188 728
1726432271751 0.0370359793305397 729
1726432271794 0.3010859489440918 730
1726432271836 0.33791443705558777 731
1726432271878 0.028579292818903923 732
1726432271921 0.030098317191004753 733
1726432271962 0.33969995379447937 734
1726432272005 0.039684027433395386 735
1726432272049 0.044362545013427734 736
1726432272091 0.05211314931511879 737
1726432272133 0.02222634293138981 738
1726432272175 0.002102774567902088 739
1726432272218 0.0021326898131519556 740
1726432272265 0.002163050463423133 741
1726432272315 0.0021938260179013014 742
1726432272360 0.002225038595497608 743
1726432272410 0.002256690990179777 744
1726432272454 0.002288814401254058 745
1726432272504 0.002321371342986822 746
1726432272546 0.0023543797433376312 747
1726432272594 0.43118685483932495 748
1726432272636 0.01887579821050167 749
1726432272697 0.006108479108661413 750
1726432272748 0.006180320400744677 751
1726432272790 0.006253027357161045 752
1726432272829 0.006326618604362011 753
1726432272872 0.006401074584573507 754
1726432272913 0.006476386915892363 755
1726432272954 0.439640611410141 756
1726432272997 0.008456899784505367 757
1726432273038 0.008486801758408546 758
1726432273079 0.008590313605964184 759
1726432273121 0.008695275522768497 760
1726432273162 0.008801577612757683 761
1726432273204 0.008909424766898155 762
1726432273247 0.009018619544804096 763
1726432273289 0.4545324146747589 764
1726432273330 0.005958450026810169 765
1726432273374 0.0060327001847326756 766
1726432273415 0.006107878405600786 767
1726432273456 0.4570655822753906 768
1726432273499 0.3525782525539398 769
1726432273542 0.052378099411726 770
1726432273584 0.06436484307050705 771
1726432273626 0.014731550589203835 772
1726432273669 0.0071494244039058685 773
1726432273711 0.007243713829666376 774
1726432273753 0.0073392996564507484 775
1726432273795 0.5216703414916992 776
1726432273839 0.006400596350431442 777
1726432273881 0.006487155333161354 778
1726432273923 0.006575215607881546 779
1726432273965 0.006664808839559555 780
1726432274008 0.006756066810339689 781
1726432274052 0.006546494551002979 782
1726432274094 0.004792692139744759 783
1726432274136 0.30013641715049744 784
1726432274178 0.006597062107175589 785
1726432274221 0.006690635811537504 786
1726432274266 0.006785611156374216 787
1726432274309 0.006882057059556246 788
1726432274352 0.006979890633374453 789
1726432274393 0.007079279515892267 790
1726432274437 0.007180113345384598 791
1726432274481 0.007282526697963476 792
1726432274526 0.007386466022580862 793
1726432274569 0.00749204633757472 794
1726432274611 0.00759928347542882 795
1726432274653 0.00770817045122385 796
1726432274696 0.007818764075636864 797
1726432274738 0.6333577632904053 798
1726432274784 0.014820091426372528 799
1726432274825 0.015125753358006477 800
1726432274868 0.015444965101778507 801
1726432274911 0.01577914133667946 802
1726432274954 0.016129886731505394 803
1726432274996 0.016499171033501625 804
1726432275041 0.01688910275697708 805
1726432275084 0.01730254665017128 806
1726432275127 0.22776637971401215 807
1726432275169 0.012649526819586754 808
1726432275212 0.012952158227562904 809
1726432275256 0.013270054012537003 810
1726432275298 0.0136045441031456 811
1726432275341 0.013957200571894646 812
1726432275385 0.014330019243061543 813
1726432275428 0.014725198969244957 814
1726432275470 0.015145431272685528 815
1726432275514 0.01559375412762165 816
1726432275556 0.016073795035481453 817
1726432275600 0.016590069979429245 818
1726432275642 0.01714804396033287 819
1726432275684 0.017754456028342247 820
1726432275726 0.018165897578001022 821
1726432275769 0.015286862850189209 822
1726432275813 0.015996649861335754 823
1726432275855 0.2808012068271637 824
1726432275897 0.19246196746826172 825
1726432275941 0.16526064276695251 826
1726432275987 0.06261369585990906 827
1726432276031 0.00983983464539051 828
1726432276074 0.0 829
