1726426534440 2e-05 0
1726426534489 1.976561427116394 1
1726426534531 1.8811075687408447 2
1726426534577 2.2497849464416504 3
1726426534628 2.075728416442871 4
1726426534671 2.44692325592041 5
1726426534723 2.3234989643096924 6
1726426534780 1.8452427387237549 7
1726426534823 2.289736747741699 8
1726426534892 2.3656296730041504 9
1726426534939 1.8907414674758911 10
1726426534986 1.3438353538513184 11
1726426535024 2.3669750690460205 12
1726426535070 2.1559019088745117 13
1726426535111 1.5823434591293335 14
1726426535151 2.265089511871338 15
1726426535189 1.9506351947784424 16
1726426535227 2.8284270763397217 17
1726426535265 2.7734389305114746 18
1726426535303 2.3342678546905518 19
1726426535341 2.2024338245391846 20
1726426535380 2.066511392593384 21
1726426535420 1.9778947830200195 22
1726426535459 1.3458589315414429 23
1726426535497 1.0805715322494507 24
1726426535535 2.1856930255889893 25
1726426535573 2.2666666507720947 26
1726426535612 1.4142135381698608 27
1726426535652 2.172165632247925 28
1726426535693 2.382884979248047 29
1726426535733 2.4494898319244385 30
1726426535772 2.4494898319244385 31
1726426535810 2.000077486038208 32
1726426535852 1.9735418558120728 33
1726426535895 2.047922134399414 34
1726426535934 2.8284270763397217 35
1726426535974 2.0358736515045166 36
1726426536015 2.2266178131103516 37
1726426536068 2.329989194869995 38
1726426536116 2.69987154006958 39
1726426536154 2.0 40
1726426536191 0.7219693660736084 41
1726426536234 1.992291808128357 42
1726426536273 2.0 43
1726426536312 2.308201551437378 44
1726426536355 2.070612907409668 45
1726426536393 1.1836761236190796 46
1726426536434 1.7648169994354248 47
1726426536479 1.9741206169128418 48
1726426536529 1.8250298500061035 49
1726426536571 1.9233651161193848 50
1726426536612 1.6104614734649658 51
1726426536650 1.6430919170379639 52
1726426536688 2.0 53
1726426536726 1.4142135381698608 54
1726426536764 2.0 55
1726426536805 2.4494898319244385 56
1726426536850 1.83761727809906 57
1726426536891 2.5828356742858887 58
1726426536947 1.3401137590408325 59
1726426536997 1.486224889755249 60
1726426537035 1.6010340452194214 61
1726426537074 1.470623254776001 62
1726426537120 1.8490954637527466 63
1726426537167 1.525679111480713 64
1726426537207 2.29129695892334 65
1726426537247 2.353341579437256 66
1726426537292 1.8800660371780396 67
1726426537337 1.4440850019454956 68
1726426537387 2.036041021347046 69
1726426537426 2.0379910469055176 70
1726426537465 0.4730530083179474 71
1726426537508 2.6607511043548584 72
1726426537553 1.7859419584274292 73
1726426537597 2.559417486190796 74
1726426537635 2.00726318359375 75
1726426537674 1.8469098806381226 76
1726426537712 1.8987460136413574 77
1726426537755 1.253841519355774 78
1726426537798 1.37916100025177 79
1726426537838 1.4000383615493774 80
1726426537882 1.417601227760315 81
1726426537918 1.2315539121627808 82
1726426537956 2.6470484733581543 83
1726426537993 0.9794950485229492 84
1726426538031 1.7361541986465454 85
1726426538069 2.444014549255371 86
1726426538108 2.35557222366333 87
1726426538146 1.1516584157943726 88
1726426538184 1.4385312795639038 89
1726426538222 1.9415836334228516 90
1726426538261 2.5076334476470947 91
1726426538299 1.5344716310501099 92
1726426538337 1.7259184122085571 93
1726426538376 2.006392240524292 94
1726426538415 1.8369224071502686 95
1726426538455 2.3182501792907715 96
1726426538496 2.085644006729126 97
1726426538534 1.5559486150741577 98
1726426538576 1.8540059328079224 99
1726426538617 2.033935070037842 100
1726426538656 2.0447957515716553 101
1726426538695 2.4650073051452637 102
1726426538734 2.0057363510131836 103
1726426538772 2.006702184677124 104
1726426538811 1.9815454483032227 105
1726426538850 2.289907693862915 106
1726426538889 1.7068852186203003 107
1726426538928 1.6785454750061035 108
1726426538967 2.3478646278381348 109
1726426539006 2.474825859069824 110
1726426539044 2.4142096042633057 111
1726426539086 1.8851995468139648 112
1726426539127 2.8284270763397217 113
1726426539166 2.0 114
1726426539205 2.407133102416992 115
1726426539244 1.4237627983093262 116
1726426539283 1.933961272239685 117
1726426539322 2.2967329025268555 118
1726426539361 2.000403642654419 119
1726426539400 2.4010539054870605 120
1726426539438 1.948311448097229 121
1726426539477 2.517404794692993 122
1726426539516 2.3617186546325684 123
1726426539554 2.03402042388916 124
1726426539593 2.7637758255004883 125
1726426539632 1.7698477506637573 126
1726426539674 2.0579028129577637 127
1726426539713 2.073714017868042 128
1726426539751 1.681578278541565 129
1726426539789 1.3389238119125366 130
1726426539827 1.8977218866348267 131
1726426539866 2.2257936000823975 132
1726426539904 1.5449023246765137 133
1726426539943 2.017326593399048 134
1726426539981 2.618771553039551 135
1726426540021 2.2893831729888916 136
1726426540063 1.5864747762680054 137
1726426540107 1.5570663213729858 138
1726426540158 1.899479866027832 139
1726426540198 2.25229549407959 140
1726426540248 2.4579458236694336 141
1726426540289 1.877317190170288 142
1726426540326 2.286115884780884 143
1726426540364 2.1631505489349365 144
1726426540402 1.3081138134002686 145
1726426540439 1.67068350315094 146
1726426540478 2.3944525718688965 147
1726426540516 1.9520775079727173 148
1726426540553 1.6559739112854004 149
1726426540592 1.817198395729065 150
1726426540630 2.089277982711792 151
1726426540677 1.9828211069107056 152
1726426540728 1.7997881174087524 153
1726426540778 2.258265256881714 154
1726426540831 1.9000980854034424 155
1726426540884 2.2644002437591553 156
1726426540928 1.4297375679016113 157
1726426540973 2.3053271770477295 158
1726426541019 2.242671251296997 159
1726426541064 2.1648786067962646 160
1726426541112 1.8624210357666016 161
1726426541159 1.7838468551635742 162
1726426541207 2.5977354049682617 163
1726426541258 0.7425932884216309 164
1726426541305 2.5529465675354004 165
1726426541353 1.6236932277679443 166
1726426541403 2.740111827850342 167
1726426541452 2.510298728942871 168
1726426541503 2.3617191314697266 169
1726426541552 2.2719855308532715 170
1726426541600 1.8550816774368286 171
1726426541648 2.299329996109009 172
1726426541696 0.939785361289978 173
1726426541745 2.315279960632324 174
1726426541795 2.4811882972717285 175
1726426541844 1.3216689825057983 176
1726426541893 2.37412428855896 177
1726426541944 1.9557722806930542 178
1726426541992 2.542656183242798 179
1726426542043 2.6542341709136963 180
1726426542095 1.6765456199645996 181
1726426542143 2.193354845046997 182
1726426542191 2.4479293823242188 183
1726426542238 1.8286781311035156 184
1726426542287 1.1848903894424438 185
1726426542334 2.115093231201172 186
1726426542382 2.6055526733398438 187
1726426542430 1.6806282997131348 188
1726426542477 1.4728953838348389 189
1726426542525 1.7748613357543945 190
1726426542579 2.116732358932495 191
1726426542659 1.4811427593231201 192
1726426542727 1.9836664199829102 193
1726426542796 2.3095908164978027 194
1726426542867 2.3881711959838867 195
1726426542945 1.9738613367080688 196
1726426543012 2.4494898319244385 197
1726426543070 2.0019118785858154 198
1726426543118 1.538231372833252 199
1726426543169 1.6795144081115723 200
1726426543216 2.0710642337799072 201
1726426543267 1.6765706539154053 202
1726426543315 2.0811169147491455 203
1726426543362 2.0672647953033447 204
1726426543410 1.530523657798767 205
1726426543459 1.4636108875274658 206
1726426543507 0.7848615050315857 207
1726426543556 2.0126595497131348 208
1726426543605 1.9919569492340088 209
1726426543654 2.110607385635376 210
1726426543702 2.346675395965576 211
1726426543751 1.795551061630249 212
1726426543799 1.9037067890167236 213
1726426543849 2.31857967376709 214
1726426543900 1.9716376066207886 215
1726426543948 1.8918609619140625 216
1726426543995 2.186129570007324 217
1726426544042 2.286325216293335 218
1726426544089 2.391792058944702 219
1726426544141 2.032775640487671 220
1726426544188 2.1594491004943848 221
1726426544235 2.1698882579803467 222
1726426544282 1.7237107753753662 223
1726426544330 2.03208065032959 224
1726426544380 1.9929248094558716 225
1726426544429 1.8794727325439453 226
1726426544481 0.9969255924224854 227
1726426544530 1.6790326833724976 228
1726426544581 2.3687119483947754 229
1726426544647 2.1959609985351562 230
1726426544702 1.9437403678894043 231
1726426544748 2.235391616821289 232
1726426544794 1.4683973789215088 233
1726426544841 1.9699276685714722 234
1726426544889 2.438837766647339 235
1726426544936 1.9163326025009155 236
1726426544983 1.3299329280853271 237
1726426545031 1.463796615600586 238
1726426545082 2.145955801010132 239
1726426545135 2.225881814956665 240
1726426545187 2.002739667892456 241
1726426545238 2.021592378616333 242
1726426545287 2.1005125045776367 243
1726426545336 1.9853017330169678 244
1726426545386 2.0 245
1726426545433 2.755887508392334 246
1726426545480 1.7876416444778442 247
1726426545527 1.6518418788909912 248
1726426545575 1.0512243509292603 249
1726426545623 1.9018614292144775 250
1726426545673 1.8583526611328125 251
1726426545723 1.8171907663345337 252
1726426545768 2.1196298599243164 253
1726426545812 2.1242830753326416 254
1726426545855 2.6623382568359375 255
1726426545897 2.2729036808013916 256
1726426545938 2.055967330932617 257
1726426545979 1.6800235509872437 258
1726426546019 1.6800235509872437 259
1726426546058 2.283088207244873 260
1726426546098 1.8461651802062988 261
1726426546137 2.14877986907959 262
1726426546177 2.1121675968170166 263
1726426546216 1.3122817277908325 264
1726426546256 2.3152263164520264 265
1726426546300 2.360149621963501 266
1726426546341 1.988142490386963 267
1726426546387 1.8822332620620728 268
1726426546424 2.333176612854004 269
1726426546462 1.9561808109283447 270
1726426546500 1.1586332321166992 271
1726426546538 1.4319591522216797 272
1726426546576 2.1030185222625732 273
1726426546614 1.9816910028457642 274
1726426546653 1.8901152610778809 275
1726426546691 2.3981595039367676 276
1726426546729 2.73818302154541 277
1726426546784 2.1808643341064453 278
1726426546844 1.7296251058578491 279
1726426546890 0.8047939538955688 280
1726426546930 2.021029233932495 281
1726426546970 1.604004979133606 282
1726426547009 1.6201057434082031 283
1726426547048 2.118450880050659 284
1726426547087 1.5846301317214966 285
1726426547126 1.5541774034500122 286
1726426547165 1.9017456769943237 287
1726426547203 1.974837303161621 288
1726426547242 1.9072118997573853 289
1726426547280 1.4536625146865845 290
1726426547318 1.563557505607605 291
1726426547356 2.114814043045044 292
1726426547395 2.72054386138916 293
1726426547435 0.9951927661895752 294
1726426547477 2.3944411277770996 295
1726426547516 1.764807939529419 296
1726426547554 2.355794906616211 297
1726426547592 2.1840150356292725 298
1726426547630 2.066075563430786 299
1726426547670 1.4142135381698608 300
1726426547708 1.9297764301300049 301
1726426547747 2.3686938285827637 302
1726426547785 1.1589624881744385 303
1726426547823 2.6286442279815674 304
1726426547862 1.483804702758789 305
1726426547900 2.032636880874634 306
1726426547938 2.0641884803771973 307
1726426547976 2.3484320640563965 308
1726426548015 1.9822553396224976 309
1726426548055 1.9822553396224976 310
1726426548095 1.876024603843689 311
1726426548136 2.066042423248291 312
1726426548179 2.1774065494537354 313
1726426548219 1.9220010042190552 314
1726426548260 1.8964669704437256 315
1726426548298 2.043102502822876 316
1726426548344 2.753218173980713 317
1726426548384 1.2968958616256714 318
1726426548426 2.3179521560668945 319
1726426548465 1.527652621269226 320
1726426548503 1.4135771989822388 321
1726426548542 2.4478018283843994 322
1726426548581 2.536733627319336 323
1726426548620 1.785696029663086 324
1726426548659 2.4494898319244385 325
1726426548698 2.1105329990386963 326
1726426548736 1.762194275856018 327
1726426548774 2.4110195636749268 328
1726426548816 1.4142135381698608 329
1726426548855 1.9033050537109375 330
1726426548895 0.9688394069671631 331
1726426548937 1.9224101305007935 332
1726426548976 1.403914213180542 333
1726426549015 2.583454132080078 334
1726426549054 2.5239017009735107 335
1726426549092 2.308962345123291 336
1726426549133 1.9523380994796753 337
1726426549190 2.121375560760498 338
1726426549241 2.087588310241699 339
1726426549280 1.9144583940505981 340
1726426549329 1.5585383176803589 341
1726426549368 2.7334377765655518 342
1726426549410 2.257838726043701 343
1726426549449 2.6641764640808105 344
1726426549492 2.2900824546813965 345
1726426549531 1.8050543069839478 346
1726426549576 1.6685510873794556 347
1726426549616 2.038731336593628 348
1726426549656 1.6562443971633911 349
1726426549695 2.3466620445251465 350
1726426549733 2.683826446533203 351
1726426549778 2.331793785095215 352
1726426549818 2.116786241531372 353
1726426549858 1.618200421333313 354
1726426549900 2.0392651557922363 355
1726426549945 2.1025922298431396 356
1726426549984 2.0031192302703857 357
1726426550028 1.8353259563446045 358
1726426550070 2.1816141605377197 359
1726426550109 2.0771400928497314 360
1726426550150 1.8450872898101807 361
1726426550190 2.0078210830688477 362
1726426550228 1.8049308061599731 363
1726426550274 1.5683400630950928 364
1726426550314 1.9235455989837646 365
1726426550354 1.425201416015625 366
1726426550396 1.0078752040863037 367
1726426550442 2.235792875289917 368
1726426550482 1.9593087434768677 369
1726426550529 2.1273577213287354 370
1726426550569 1.5284030437469482 371
1726426550622 2.603604555130005 372
1726426550665 1.762603759765625 373
1726426550709 1.885994553565979 374
1726426550754 2.3573238849639893 375
1726426550794 2.323711633682251 376
1726426550842 1.6445746421813965 377
1726426550883 2.7580533027648926 378
1726426550925 2.0621073246002197 379
1726426550977 1.9057687520980835 380
1726426551022 2.4494898319244385 381
1726426551067 2.4494898319244385 382
