1727297744451 2e-05 0
1727297744490 2.79880428314209 1
1727297744527 3.5997822284698486 2
1727297744565 4.017687797546387 3
1727297744601 3.407006025314331 4
1727297744638 3.0669853687286377 5
1727297744674 3.217601776123047 6
1727297744711 3.2682526111602783 7
1727297744748 3.2966620922088623 8
1727297744785 0.6960664391517639 9
1727297744824 3.533475875854492 10
1727297744862 3.6813881397247314 11
1727297744899 3.236354112625122 12
1727297744936 3.4037327766418457 13
1727297744973 3.78247332572937 14
1727297745010 3.821821689605713 15
1727297745046 3.955564498901367 16
1727297745086 4.416379928588867 17
1727297745122 3.3186700344085693 18
1727297745162 3.5537731647491455 19
1727297745207 3.0230319499969482 20
1727297745250 3.1177122592926025 21
1727297745294 3.2532429695129395 22
1727297745340 3.3280370235443115 23
1727297745382 3.5836362838745117 24
1727297745422 3.247899293899536 25
1727297745459 3.4829423427581787 26
1727297745499 3.082803726196289 27
1727297745535 3.7466251850128174 28
1727297745574 3.703186273574829 29
1727297745611 3.278779983520508 30
1727297745654 3.119184970855713 31
1727297745703 3.134416341781616 32
1727297745742 4.264711856842041 33
1727297745779 3.5650408267974854 34
1727297745823 3.5118911266326904 35
1727297745870 3.0446653366088867 36
1727297745913 3.354576587677002 37
1727297745951 3.2775728702545166 38
1727297745987 3.8436293601989746 39
1727297746026 3.367021083831787 40
1727297746063 3.241847515106201 41
1727297746102 3.772552967071533 42
1727297746138 3.2181589603424072 43
1727297746177 2.7247366905212402 44
1727297746214 3.8279998302459717 45
1727297746250 3.1688754558563232 46
1727297746288 3.1461880207061768 47
1727297746333 3.8268940448760986 48
1727297746379 3.2505760192871094 49
1727297746420 3.6383655071258545 50
1727297746458 3.425603151321411 51
1727297746496 2.9766390323638916 52
1727297746533 3.0238590240478516 53
1727297746571 2.9582252502441406 54
1727297746610 3.44636607170105 55
1727297746657 3.485940456390381 56
1727297746717 3.260427951812744 57
1727297746776 3.095288038253784 58
1727297746836 3.0098063945770264 59
1727297746890 3.29909348487854 60
1727297746947 3.3612470626831055 61
1727297746999 4.264033794403076 62
1727297747051 3.2771334648132324 63
1727297747106 3.5948145389556885 64
1727297747158 3.2297613620758057 65
1727297747209 3.1999266147613525 66
1727297747262 3.320808172225952 67
1727297747317 3.5266366004943848 68
1727297747374 2.973949432373047 69
1727297747422 3.483976125717163 70
1727297747472 4.021235942840576 71
1727297747525 3.298962116241455 72
1727297747580 4.483234882354736 73
1727297747629 3.6010220050811768 74
1727297747684 3.5815277099609375 75
1727297747736 3.4830434322357178 76
1727297747788 3.824105978012085 77
1727297747841 3.3707165718078613 78
1727297747897 3.3799121379852295 79
1727297747953 3.4444873332977295 80
1727297748006 3.0516703128814697 81
1727297748058 2.707249402999878 82
1727297748113 3.327528238296509 83
1727297748165 2.9925661087036133 84
1727297748210 3.333357572555542 85
1727297748256 3.1953420639038086 86
1727297748300 3.0274860858917236 87
1727297748346 3.4805352687835693 88
1727297748389 3.563922643661499 89
1727297748432 3.087890863418579 90
1727297748476 3.6969101428985596 91
1727297748520 3.3445608615875244 92
1727297748565 3.69362211227417 93
1727297748610 3.303447961807251 94
1727297748655 3.413902997970581 95
1727297748699 2.645505905151367 96
1727297748743 3.6340363025665283 97
1727297748782 2.803826093673706 98
1727297748818 3.7833545207977295 99
1727297748856 3.143320083618164 100
1727297748893 3.1772193908691406 101
1727297748932 3.3854503631591797 102
1727297748969 3.672926902770996 103
1727297749006 3.3058271408081055 104
1727297749043 3.763427734375 105
1727297749081 3.6057851314544678 106
1727297749127 3.672614097595215 107
1727297749171 3.507253408432007 108
1727297749216 3.481811285018921 109
1727297749261 3.9816651344299316 110
1727297749306 3.5567626953125 111
1727297749353 3.6131927967071533 112
1727297749398 3.9553403854370117 113
1727297749442 3.5658035278320312 114
1727297749487 3.7938766479492188 115
1727297749525 2.711728811264038 116
1727297749567 3.877725601196289 117
1727297749615 3.1019649505615234 118
1727297749658 3.754650831222534 119
1727297749707 3.191890001296997 120
1727297749747 3.202252149581909 121
1727297749788 3.2254090309143066 122
1727297749835 3.7060863971710205 123
1727297749879 4.147751808166504 124
1727297749916 3.568814992904663 125
1727297749954 2.8019490242004395 126
1727297749991 3.432070255279541 127
1727297750027 3.6460416316986084 128
1727297750064 0.3348560035228729 129
1727297750102 3.4209887981414795 130
1727297750139 3.559267520904541 131
1727297750178 3.6527626514434814 132
1727297750215 3.8030481338500977 133
1727297750251 3.2549080848693848 134
1727297750287 2.985128164291382 135
1727297750324 3.0511891841888428 136
1727297750363 3.67661714553833 137
1727297750400 3.3149349689483643 138
1727297750436 2.3827221393585205 139
1727297750473 3.081423282623291 140
1727297750510 3.042104959487915 141
1727297750550 3.558600664138794 142
1727297750588 3.2058539390563965 143
1727297750625 3.1802408695220947 144
1727297750665 3.3094730377197266 145
1727297750705 3.4355990886688232 146
1727297750741 3.1310153007507324 147
1727297750777 3.3397979736328125 148
1727297750820 3.1371145248413086 149
1727297750864 3.2857751846313477 150
1727297750905 3.3444364070892334 151
1727297750942 3.072813034057617 152
1727297750979 3.4204182624816895 153
1727297751016 3.046832323074341 154
1727297751051 3.7991135120391846 155
1727297751088 3.343017101287842 156
1727297751126 3.5577361583709717 157
1727297751165 3.6560466289520264 158
1727297751202 3.5183908939361572 159
1727297751239 3.443549394607544 160
1727297751275 3.2623062133789062 161
1727297751311 3.3075671195983887 162
1727297751351 4.366557598114014 163
1727297751387 2.988408088684082 164
1727297751423 3.7839365005493164 165
1727297751459 3.37589430809021 166
1727297751496 3.1646525859832764 167
1727297751532 3.201327085494995 168
1727297751571 3.9104208946228027 169
1727297751609 2.781008720397949 170
1727297751647 2.763620138168335 171
1727297751691 3.564378023147583 172
1727297751734 3.1378982067108154 173
1727297751779 4.005387306213379 174
1727297751816 3.101057529449463 175
1727297751860 2.87833833694458 176
1727297751896 3.1389827728271484 177
1727297751932 3.9324729442596436 178
1727297751968 3.7404098510742188 179
1727297752005 3.337186336517334 180
1727297752041 3.2226760387420654 181
1727297752078 3.7653708457946777 182
1727297752115 3.304976463317871 183
1727297752152 3.546705722808838 184
1727297752187 3.6186561584472656 185
1727297752224 2.565645217895508 186
1727297752258 3.2725136280059814 187
1727297752294 2.510629415512085 188
1727297752330 3.846872329711914 189
1727297752367 3.4222161769866943 190
1727297752404 3.7015316486358643 191
1727297752440 3.341566324234009 192
1727297752477 3.7910027503967285 193
1727297752516 3.6076548099517822 194
1727297752554 3.291160821914673 195
1727297752598 3.4252445697784424 196
1727297752635 3.3535726070404053 197
1727297752671 4.167942523956299 198
1727297752708 2.7709157466888428 199
1727297752745 3.549341917037964 200
1727297752781 3.2463700771331787 201
1727297752817 3.1504533290863037 202
1727297752858 3.087660789489746 203
1727297752899 3.002257823944092 204
1727297752940 2.9598872661590576 205
1727297752984 3.4517135620117188 206
1727297753030 3.4068503379821777 207
1727297753084 3.719564914703369 208
1727297753127 3.410909652709961 209
1727297753177 3.9407589435577393 210
1727297753220 3.6262195110321045 211
1727297753263 4.1245527267456055 212
1727297753311 3.7491400241851807 213
1727297753357 3.7294740676879883 214
1727297753401 3.31132435798645 215
1727297753445 3.1397199630737305 216
1727297753490 3.264606475830078 217
1727297753536 0.3643157184123993 218
1727297753584 3.41892671585083 219
1727297753624 2.7926087379455566 220
1727297753661 3.7029337882995605 221
1727297753698 3.482836961746216 222
1727297753736 2.844849109649658 223
1727297753773 3.304084539413452 224
1727297753808 2.9797616004943848 225
1727297753846 3.391611337661743 226
1727297753884 3.594752311706543 227
1727297753922 3.7865257263183594 228
1727297753957 3.4001448154449463 229
1727297753994 3.1210107803344727 230
1727297754031 3.0197274684906006 231
1727297754080 2.8422579765319824 232
1727297754122 3.9168660640716553 233
1727297754160 3.171856641769409 234
1727297754198 0.5643467307090759 235
1727297754234 0.6413308382034302 236
1727297754276 2.8317394256591797 237
1727297754313 3.449047565460205 238
1727297754353 3.259500026702881 239
1727297754398 3.0553109645843506 240
1727297754448 3.3535821437835693 241
1727297754494 3.3611490726470947 242
1727297754538 3.4723050594329834 243
1727297754587 3.168109178543091 244
1727297754631 3.388756513595581 245
1727297754674 4.167282581329346 246
1727297754710 3.5128517150878906 247
1727297754747 3.3708159923553467 248
1727297754793 2.6997973918914795 249
1727297754828 3.921719789505005 250
1727297754868 3.3087317943573 251
1727297754915 2.989459276199341 252
1727297754960 3.2991678714752197 253
1727297755007 3.8386740684509277 254
1727297755057 3.759766101837158 255
1727297755102 3.7664878368377686 256
1727297755146 2.98923921585083 257
1727297755191 3.7648773193359375 258
1727297755235 3.440545082092285 259
1727297755283 4.011229991912842 260
1727297755325 3.742027759552002 261
1727297755370 3.3214216232299805 262
1727297755414 3.189541816711426 263
1727297755458 3.4613616466522217 264
1727297755503 3.547969341278076 265
1727297755546 2.9573423862457275 266
1727297755590 4.160350322723389 267
1727297755635 3.6328299045562744 268
1727297755679 3.653953790664673 269
1727297755721 3.5879955291748047 270
1727297755765 3.8984293937683105 271
1727297755810 3.8539328575134277 272
1727297755855 2.761444568634033 273
1727297755899 4.008065223693848 274
1727297755946 3.3750686645507812 275
1727297755992 3.3277862071990967 276
1727297756044 3.489140510559082 277
1727297756089 3.0564916133880615 278
1727297756137 3.097555637359619 279
1727297756178 4.288541316986084 280
1727297756214 4.112930774688721 281
1727297756250 3.5316715240478516 282
1727297756297 3.301008701324463 283
1727297756340 3.3128504753112793 284
1727297756384 3.9161672592163086 285
1727297756421 3.964094400405884 286
1727297756457 3.6656641960144043 287
1727297756493 3.332639694213867 288
1727297756530 3.3059475421905518 289
1727297756568 3.5776004791259766 290
1727297756607 2.794250965118408 291
1727297756645 3.9138553142547607 292
1727297756682 2.896146774291992 293
1727297756718 2.6821789741516113 294
1727297756757 3.2984368801116943 295
1727297756807 3.467021942138672 296
1727297756844 3.5994536876678467 297
1727297756882 3.6409242153167725 298
1727297756920 3.632571220397949 299
1727297756956 3.607619524002075 300
1727297756992 3.463796377182007 301
1727297757027 3.69050931930542 302
1727297757063 3.939478635787964 303
1727297757098 3.578376293182373 304
1727297757137 0.5416533946990967 305
1727297757172 0.45249050855636597 306
1727297757208 0.4261155426502228 307
1727297757244 0.3475598692893982 308
1727297757280 4.057758331298828 309
1727297757318 3.705174207687378 310
1727297757355 3.631500244140625 311
1727297757395 2.7728614807128906 312
1727297757436 0.399601548910141 313
1727297757480 0.33961933851242065 314
1727297757526 3.721740245819092 315
1727297757577 3.5199296474456787 316
1727297757627 0.5469403266906738 317
1727297757673 3.5457537174224854 318
1727297757716 0.9816728234291077 319
1727297757755 0.4705507457256317 320
1727297757791 0.4833572208881378 321
1727297757827 0.31957313418388367 322
1727297757865 0.24283336102962494 323
1727297757902 3.3196632862091064 324
1727297757941 3.957491874694824 325
1727297757977 4.1975603103637695 326
1727297758013 3.3241055011749268 327
1727297758050 2.7662770748138428 328
1727297758088 2.9263250827789307 329
1727297758130 3.2165348529815674 330
1727297758167 2.776577949523926 331
1727297758204 3.1415040493011475 332
1727297758240 3.147829532623291 333
1727297758277 4.200835227966309 334
1727297758314 4.559273719787598 335
1727297758351 4.09885835647583 336
1727297758392 0.40693244338035583 337
1727297758428 3.2565677165985107 338
1727297758466 3.3181519508361816 339
1727297758503 3.161252021789551 340
1727297758540 3.6085808277130127 341
1727297758576 3.8056280612945557 342
1727297758614 3.172943353652954 343
1727297758652 3.9520604610443115 344
1727297758688 3.011786460876465 345
1727297758724 3.5982933044433594 346
1727297758760 3.252070903778076 347
1727297758798 3.3825621604919434 348
1727297758835 3.0841174125671387 349
1727297758873 4.132859706878662 350
1727297758911 3.847848892211914 351
1727297758957 3.0771217346191406 352
1727297758997 3.5622239112854004 353
1727297759034 3.597411632537842 354
1727297759074 0.4227316379547119 355
1727297759111 0.5011604428291321 356
1727297759152 0.3982367217540741 357
1727297759188 3.2909538745880127 358
1727297759227 3.9297373294830322 359
1727297759265 3.1758642196655273 360
1727297759302 3.9429500102996826 361
1727297759339 3.644857168197632 362
1727297759377 3.958373785018921 363
1727297759415 2.877239465713501 364
1727297759453 3.4941701889038086 365
1727297759493 0.5351389646530151 366
1727297759529 3.489192247390747 367
1727297759566 3.1631245613098145 368
1727297759603 3.174809455871582 369
1727297759643 2.964815616607666 370
1727297759680 0.8573446869850159 371
1727297759716 3.863152265548706 372
1727297759762 0.35467684268951416 373
1727297759807 0.4188464283943176 374
1727297759855 0.46210306882858276 375
1727297759895 0.5842599272727966 376
1727297759935 3.6310179233551025 377
1727297759981 3.308993101119995 378
1727297760027 2.6527931690216064 379
1727297760064 3.691993474960327 380
1727297760102 2.958087921142578 381
1727297760143 3.872955083847046 382
1727297760180 3.5767271518707275 383
1727297760216 4.228280067443848 384
1727297760254 3.6241090297698975 385
1727297760291 3.63557767868042 386
1727297760328 3.434635877609253 387
1727297760366 0.4992767870426178 388
1727297760404 3.3840787410736084 389
1727297760442 0.38497400283813477 390
1727297760481 0.46307480335235596 391
1727297760518 0.4293766915798187 392
1727297760556 0.19348527491092682 393
1727297760595 0.18688620626926422 394
1727297760632 2.8004584312438965 395
1727297760670 2.5634686946868896 396
1727297760707 2.9262166023254395 397
1727297760748 3.3378493785858154 398
1727297760796 0.34853866696357727 399
1727297760837 3.5304811000823975 400
1727297760876 3.4143965244293213 401
1727297760916 0.5970245003700256 402
1727297760968 0.389486163854599 403
1727297761015 0.38540148735046387 404
1727297761069 3.5770745277404785 405
1727297761122 0.43006986379623413 406
1727297761168 4.350158214569092 407
1727297761215 3.5478315353393555 408
1727297761257 3.7475905418395996 409
1727297761295 3.4599924087524414 410
1727297761334 3.3304364681243896 411
1727297761369 3.585893154144287 412
1727297761409 3.4117960929870605 413
1727297761447 3.2815942764282227 414
1727297761489 3.4591403007507324 415
1727297761526 3.44697904586792 416
1727297761565 0.4337823987007141 417
1727297761602 0.2772767245769501 418
1727297761650 2.8514721393585205 419
1727297761711 3.73636531829834 420
1727297761767 3.4715561866760254 421
1727297761816 3.3916239738464355 422
1727297761867 4.122803688049316 423
1727297761926 0.5570386052131653 424
1727297761983 0.45896708965301514 425
1727297762033 0.46747350692749023 426
1727297762086 0.512229323387146 427
1727297762146 0.20281699299812317 428
1727297762190 0.1471186727285385 429
1727297762239 3.0828871726989746 430
1727297762289 0.6308319568634033 431
1727297762343 0.2899866998195648 432
1727297762399 0.07390628755092621 433
1727297762454 0.07610923796892166 434
1727297762507 0.07856421172618866 435
1727297762559 0.08131694793701172 436
1727297762609 0.08442380279302597 437
1727297762668 0.08795525133609772 438
1727297762724 0.09200005978345871 439
1727297762779 0.09668514877557755 440
1727297762832 0.10219886153936386 441
1727297762884 0.10876718163490295 442
1727297762937 0.10865740478038788 443
1727297762991 0.11531876772642136 444
1727297763042 0.12324827909469604 445
1727297763097 0.12622101604938507 446
1727297763151 0.13679924607276917 447
1727297763201 0.15037678182125092 448
1727297763244 0.1482568085193634 449
1727297763280 0.1632428914308548 450
1727297763321 0.1480547934770584 451
1727297763365 0.1615731120109558 452
1727297763405 0.12120094150304794 453
1727297763448 0.11351954191923141 454
1727297763486 0.12319042533636093 455
1727297763522 0.13781949877738953 456
1727297763559 0.1159760057926178 457
1727297763595 0.13447453081607819 458
1727297763658 0.08383844047784805 459
1727297763713 5.1619135632563484e-08 460
