1726503203648 0.0 0
1726503203718 0.0 1
1726503203768 0.0 2
1726503203816 0.0 3
1726503203866 0.0 4
1726503203915 0.0 5
1726503203967 0.0 6
1726503204016 0.0 7
1726503204068 0.0 8
1726503204117 0.0 9
1726503204169 0.0 10
1726503204220 0.0 11
1726503204271 0.0 12
1726503204323 0.0 13
1726503204374 0.0 14
1726503204424 0.0 15
1726503204476 0.0 16
1726503204527 0.0 17
1726503204578 0.0 18
1726503204628 0.0 19
1726503204680 0.0 20
1726503204732 0.0 21
1726503204783 0.0 22
1726503204833 0.0 23
1726503204887 0.0 24
1726503204937 0.0 25
1726503204989 0.0 26
1726503205039 0.0 27
1726503205090 0.0 28
1726503205140 0.0 29
1726503205191 0.0 30
1726503205241 0.0 31
1726503205292 0.0 32
1726503205342 0.0 33
1726503205393 0.0 34
1726503205444 0.0 35
1726503205500 0.0 36
1726503205554 0.0 37
1726503205604 0.0 38
1726503205656 0.0 39
1726503205707 0.0 40
1726503205758 0.0 41
1726503205808 0.0 42
1726503205859 0.0 43
1726503205909 0.0 44
1726503205961 0.0 45
1726503206012 0.0 46
1726503206063 0.0 47
1726503206113 0.0 48
1726503206164 0.0 49
1726503206218 0.0 50
1726503206270 0.0 51
1726503206321 0.0 52
1726503206372 0.0 53
1726503206422 0.0 54
1726503206474 0.0 55
1726503206525 0.0 56
1726503206576 0.0 57
1726503206626 0.0 58
1726503206677 0.0 59
1726503206729 0.0 60
1726503206780 0.0 61
1726503206830 0.0 62
1726503206882 0.0 63
1726503206932 0.0 64
1726503206985 0.0 65
1726503207035 0.0 66
1726503207086 0.0 67
1726503207137 0.0 68
1726503207188 0.0 69
1726503207240 0.0 70
1726503207291 0.0 71
1726503207341 0.0 72
1726503207393 0.0 73
1726503207443 0.0 74
1726503207496 0.0 75
1726503207546 0.0 76
1726503207597 0.0 77
1726503207647 0.0 78
1726503207697 0.0 79
1726503207757 0.0 80
1726503207822 0.0 81
1726503207879 0.0 82
1726503207932 0.0 83
1726503207989 0.0 84
1726503208041 0.0 85
1726503208093 0.0 86
1726503208146 0.0 87
1726503208197 0.0 88
1726503208250 0.0 89
1726503208302 0.0 90
1726503208356 0.0 91
1726503208418 0.0 92
1726503208478 0.0 93
1726503208538 0.0 94
1726503208592 0.0 95
1726503208644 0.0 96
1726503208696 0.0 97
1726503208748 0.0 98
1726503208801 0.0 99
1726503208852 0.0 100
1726503208904 0.0 101
1726503208955 0.0 102
1726503209009 0.0 103
1726503209060 0.0 104
1726503209115 0.0 105
1726503209165 0.0 106
1726503209217 0.0 107
1726503209269 0.0 108
1726503209322 0.0 109
1726503209372 0.0 110
1726503209424 0.0 111
1726503209476 0.0 112
1726503209529 0.0 113
1726503209587 0.0 114
1726503209640 0.0 115
1726503209696 0.0 116
