1727302038479 0.275226354598999 0
1727302038518 -0.027410268783569336 1
1727302038555 -0.023525357246398926 2
1727302038590 0.10547542572021484 3
1727302038627 0.05830717086791992 4
1727302038663 0.02037835121154785 5
1727302038700 0.10506749153137207 6
1727302038735 0.10716962814331055 7
1727302038774 0.13594985008239746 8
1727302038816 0.1746511459350586 9
1727302038852 0.17319393157958984 10
1727302038887 0.025344371795654297 11
1727302038921 0.03112316131591797 12
1727302038955 -0.021665573120117188 13
1727302038990 0.16055035591125488 14
1727302039026 0.1066591739654541 15
1727302039063 0.07246828079223633 16
1727302039098 0.22082853317260742 17
1727302039132 0.18570828437805176 18
1727302039166 0.15417790412902832 19
1727302039199 -0.08411312103271484 20
1727302039235 0.14705443382263184 21
1727302039272 0.15300917625427246 22
1727302039306 4.857577800750732 23
1727302039342 0.10549664497375488 24
1727302039393 -0.004856586456298828 25
1727302039437 0.07723069190979004 26
1727302039477 0.11947274208068848 27
1727302039515 0.04519510269165039 28
1727302039553 0.17080903053283691 29
1727302039589 0.17696571350097656 30
1727302039626 0.11061620712280273 31
1727302039662 0.11343574523925781 32
1727302039697 0.08382344245910645 33
1727302039733 0.1522519588470459 34
1727302039770 0.14179205894470215 35
1727302039808 0.1961193084716797 36
1727302039840 -0.05974936485290527 37
1727302039874 0.12212252616882324 38
1727302039908 0.019062519073486328 39
1727302039941 0.07246828079223633 40
1727302039975 0.0534360408782959 41
1727302040009 0.15920138359069824 42
1727302040044 0.20990610122680664 43
1727302040078 0.04028892517089844 44
1727302040114 -0.11680865287780762 45
1727302040150 0.0549924373626709 46
1727302040184 0.009344339370727539 47
1727302040221 3.9262471199035645 48
1727302040256 -0.042936086654663086 49
1727302040292 0.08425736427307129 50
1727302040331 -0.09422564506530762 51
1727302040366 -0.12751376628875732 52
1727302040401 0.012936592102050781 53
1727302040438 -0.056656837463378906 54
1727302040476 0.1552417278289795 55
1727302040514 -0.018203020095825195 56
1727302040551 0.17450404167175293 57
1727302040587 0.048288583755493164 58
1727302040626 -0.15681195259094238 59
1727302040664 0.019932985305786133 60
1727302040702 0.08609747886657715 61
1727302040738 0.11686921119689941 62
1727302040774 0.15059399604797363 63
1727302040809 0.09399080276489258 64
1727302040844 0.21323537826538086 65
1727302040879 -0.17012691497802734 66
1727302040915 0.12575602531433105 67
1727302040950 0.012936592102050781 68
1727302040984 0.03270363807678223 69
1727302041019 0.1850602626800537 70
1727302041054 0.08483386039733887 71
1727302041089 0.056006431579589844 72
1727302041125 -0.029635190963745117 73
1727302041159 0.1906754970550537 74
1727302041194 0.09903359413146973 75
1727302041229 0.1866741180419922 76
1727302041265 0.15514802932739258 77
1727302041300 0.19045257568359375 78
1727302041335 0.10454463958740234 79
1727302041371 0.10425233840942383 80
1727302041405 0.02781224250793457 81
1727302041440 0.1110379695892334 82
1727302041475 0.10549664497375488 83
1727302041511 0.03908419609069824 84
1727302041546 0.07359623908996582 85
1727302041581 -0.5984606742858887 86
1727302041617 -0.7801951169967651 87
1727302041650 -0.08638882637023926 88
1727302041685 0.2648165225982666 89
1727302041720 0.08087778091430664 90
1727302041754 0.17531967163085938 91
1727302041792 0.16766953468322754 92
1727302041826 0.16759419441223145 93
1727302041860 0.05155158042907715 94
1727302041894 0.06308531761169434 95
1727302041929 0.15479588508605957 96
1727302041964 -0.07297897338867188 97
1727302041999 0.14730000495910645 98
1727302042037 0.13310480117797852 99
1727302042072 0.14949679374694824 100
1727302042107 -0.06020939350128174 101
1727302042144 0.20746874809265137 102
1727302042178 0.09044551849365234 103
1727302042214 0.07155847549438477 104
1727302042250 0.0718839168548584 105
1727302042287 0.16129374504089355 106
1727302042323 0.07055330276489258 107
1727302042358 0.1600332260131836 108
1727302042394 0.1377716064453125 109
1727302042430 0.0672309398651123 110
1727302042464 -0.008843421936035156 111
1727302042499 -0.01672995090484619 112
1727302042535 0.18550610542297363 113
1727302042575 -0.10086286067962646 114
1727302042615 -0.04572570323944092 115
1727302042652 -0.0008456707000732422 116
1727302042690 0.02724623680114746 117
1727302042730 0.1376793384552002 118
1727302042767 0.17389440536499023 119
1727302042805 0.17732501029968262 120
1727302042841 0.16527771949768066 121
1727302042878 0.01991105079650879 122
1727302042916 0.10660624504089355 123
1727302042954 -0.0055429935455322266 124
1727302042989 0.10471987724304199 125
1727302043029 -0.029819965362548828 126
1727302043066 0.11336970329284668 127
1727302043103 0.2144773006439209 128
1727302043140 4.76090145111084 129
1727302043177 -0.02029407024383545 130
1727302043214 -0.061646223068237305 131
1727302043252 0.18198442459106445 132
1727302043290 0.09134936332702637 133
1727302043327 0.11374664306640625 134
1727302043362 0.05700802803039551 135
1727302043398 0.1929779052734375 136
1727302043437 -0.03385138511657715 137
1727302043473 0.2004683017730713 138
1727302043509 0.1415729522705078 139
1727302043546 -0.0025932788848876953 140
1727302043583 3.9262471199035645 141
1727302043619 0.021939516067504883 142
1727302043653 0.07895493507385254 143
1727302043687 -0.11982154846191406 144
1727302043723 -0.41623079776763916 145
1727302043759 0.11803722381591797 146
1727302043796 0.03952479362487793 147
1727302043831 0.15406537055969238 148
1727302043867 0.05635690689086914 149
1727302043901 0.011125326156616211 150
1727302043936 4.169336318969727 151
1727302043971 0.218245267868042 152
1727302044005 -0.136907696723938 153
1727302044042 3.9262471199035645 154
1727302044076 0.11384916305541992 155
1727302044111 0.20874476432800293 156
1727302044148 0.07173705101013184 157
1727302044184 -0.16783928871154785 158
1727302044222 0.10425233840942383 159
1727302044258 0.10506010055541992 160
1727302044298 0.22528505325317383 161
1727302044335 0.21118617057800293 162
1727302044373 -0.05629301071166992 163
1727302044407 0.1961193084716797 164
1727302044442 0.11983895301818848 165
1727302044476 -0.1404435634613037 166
1727302044510 0.14602446556091309 167
1727302044546 0.08146929740905762 168
1727302044580 0.11747217178344727 169
1727302044618 0.005888700485229492 170
1727302044654 0.19471406936645508 171
1727302044690 0.11868882179260254 172
1727302044725 -0.08847236633300781 173
1727302044759 0.10775351524353027 174
1727302044795 -0.08054661750793457 175
1727302044830 0.1272575855255127 176
1727302044865 0.2159116268157959 177
1727302044900 0.03573918342590332 178
1727302044934 0.1694502830505371 179
1727302044968 0.05988574028015137 180
1727302045003 0.2144773006439209 181
1727302045039 -0.6841497421264648 182
1727302045074 0.22103118896484375 183
1727302045109 0.13909125328063965 184
1727302045143 0.16621923446655273 185
1727302045178 0.07257199287414551 186
1727302045212 3.9262471199035645 187
1727302045246 4.603375434875488 188
1727302045281 0.2579073905944824 189
1727302045316 0.21016144752502441 190
1727302045350 0.2060990333557129 191
1727302045385 0.0694584846496582 192
1727302045419 0.1961195468902588 193
1727302045454 -0.23885202407836914 194
1727302045487 0.11174511909484863 195
1727302045521 -0.06536352634429932 196
1727302045558 -0.7801951169967651 197
1727302045593 0.0980064868927002 198
1727302045628 0.09308290481567383 199
1727302045662 0.04482531547546387 200
1727302045697 0.19345831871032715 201
1727302045732 -0.17641186714172363 202
1727302045767 -0.04455554485321045 203
1727302045804 -0.04916787147521973 204
1727302045840 0.08175826072692871 205
1727302045875 -0.006991386413574219 206
1727302045909 0.03139042854309082 207
1727302045943 -0.13742566108703613 208
1727302045978 -0.10163354873657227 209
1727302046014 -0.05226576328277588 210
1727302046049 0.10230517387390137 211
1727302046084 0.2310926914215088 212
1727302046118 0.13486123085021973 213
1727302046152 -0.039383888244628906 214
1727302046187 0.5291475057601929 215
1727302046221 0.14535760879516602 216
1727302046256 0.1410815715789795 217
1727302046292 -0.09465646743774414 218
1727302046328 0.1339271068572998 219
1727302046362 0.11820530891418457 220
1727302046396 0.042914628982543945 221
1727302046431 0.0918436050415039 222
1727302046466 0.21556496620178223 223
1727302046501 0.08725881576538086 224
1727302046538 0.13197994232177734 225
1727302046573 0.11752533912658691 226
1727302046608 -0.04029226303100586 227
1727302046642 0.19890522956848145 228
1727302046676 0.08310770988464355 229
1727302046713 -0.06302666664123535 230
1727302046749 -0.6789228916168213 231
1727302046784 0.20177435874938965 232
1727302046820 0.19211316108703613 233
1727302046855 0.04451704025268555 234
1727302046890 0.21835112571716309 235
1727302046927 0.13438081741333008 236
1727302046962 0.03179001808166504 237
1727302046998 -0.021149277687072754 238
1727302047033 0.1515965461730957 239
1727302047070 0.16004014015197754 240
1727302047106 0.03196358680725098 241
1727302047141 0.10137908160686493 242
1727302047176 0.05496859550476074 243
1727302047212 -0.0635983943939209 244
1727302047249 0.19376921653747559 245
1727302047286 0.09881734848022461 246
1727302047321 0.06437158584594727 247
1727302047357 0.26953554153442383 248
1727302047392 -0.0880136489868164 249
1727302047428 -0.00668025016784668 250
1727302047465 0.1517167091369629 251
1727302047501 0.03226923942565918 252
1727302047542 -0.08452773094177246 253
1727302047580 0.05115461349487305 254
1727302047618 0.031032085418701172 255
1727302047656 0.05668783187866211 256
1727302047695 0.09558796882629395 257
1727302047731 0.002895355224609375 258
1727302047771 0.17462515830993652 259
1727302047812 -0.15446901321411133 260
1727302047850 0.10615396499633789 261
1727302047890 0.0687859058380127 262
1727302047929 0.10313248634338379 263
1727302047968 0.15005803108215332 264
1727302048005 -0.1312716007232666 265
1727302048044 3.9262471199035645 266
1727302048081 -0.02348792552947998 267
1727302048118 3.9262471199035645 268
1727302048155 -0.0880136489868164 269
1727302048192 -0.06615543365478516 270
1727302048229 -0.047121405601501465 271
1727302048266 -0.03740823268890381 272
1727302048307 0.09002470970153809 273
1727302048344 0.1875441074371338 274
1727302048380 4.203827381134033 275
1727302048419 0.13640570640563965 276
1727302048456 -0.1390993595123291 277
1727302048492 -0.7801951169967651 278
1727302048529 -0.7801951169967651 279
