1727301429182 2.014693021774292 0
1727301429217 2.014693021774292 1
1727301429249 2.014693021774292 2
1727301429285 2.014693021774292 3
1727301429323 2.014693021774292 4
1727301429356 2.014693021774292 5
1727301429392 2.014693021774292 6
1727301429427 2.014693021774292 7
1727301429460 2.014693021774292 8
1727301429496 2.014693021774292 9
1727301429534 2.014693021774292 10
1727301429567 2.014693021774292 11
1727301429602 2.014693021774292 12
1727301429641 2.014693021774292 13
1727301429674 2.014693021774292 14
1727301429707 2.014693021774292 15
1727301429741 2.014693021774292 16
1727301429774 2.014693021774292 17
1727301429812 2.014693021774292 18
1727301429849 2.014693021774292 19
1727301429883 2.014693021774292 20
1727301429917 2.014693021774292 21
1727301429950 2.014693021774292 22
1727301429983 2.014693021774292 23
1727301430017 2.014693021774292 24
1727301430050 2.014693021774292 25
1727301430085 2.014693021774292 26
1727301430119 2.014693021774292 27
1727301430153 2.014693021774292 28
1727301430187 2.014693021774292 29
1727301430226 2.014693021774292 30
1727301430265 2.014693021774292 31
1727301430306 2.014693021774292 32
1727301430342 2.014693021774292 33
1727301430377 2.014693021774292 34
1727301430415 2.014693021774292 35
1727301430449 2.014693021774292 36
1727301430481 2.014693021774292 37
1727301430518 2.014693021774292 38
1727301430558 2.014693021774292 39
1727301430594 2.014693021774292 40
1727301430631 2.014693021774292 41
1727301430664 2.014693021774292 42
1727301430699 2.014693021774292 43
1727301430740 2.014693021774292 44
1727301430777 2.014693021774292 45
1727301430819 2.014693021774292 46
1727301430855 2.014693021774292 47
1727301430889 2.014693021774292 48
1727301430930 2.014693021774292 49
1727301430965 2.014693021774292 50
1727301430998 2.014693021774292 51
1727301431036 2.014693021774292 52
1727301431073 2.014693021774292 53
1727301431106 2.014693021774292 54
1727301431144 2.014693021774292 55
1727301431179 2.014693021774292 56
1727301431212 2.014693021774292 57
1727301431246 2.014693021774292 58
1727301431287 2.014693021774292 59
1727301431322 2.014693021774292 60
1727301431357 2.014693021774292 61
1727301431398 2.014693021774292 62
1727301431430 2.014693021774292 63
1727301431469 2.014693021774292 64
1727301431505 2.014693021774292 65
1727301431543 2.014693021774292 66
1727301431577 2.014693021774292 67
1727301431610 2.014693021774292 68
1727301431645 2.014693021774292 69
1727301431684 2.014693021774292 70
1727301431718 2.014693021774292 71
1727301431764 2.014693021774292 72
1727301431798 2.014693021774292 73
1727301431839 2.014693021774292 74
1727301431874 2.014693021774292 75
1727301431907 2.014693021774292 76
1727301431941 2.014693021774292 77
1727301431977 2.014693021774292 78
1727301432011 2.014693021774292 79
1727301432047 2.014693021774292 80
1727301432081 2.014693021774292 81
1727301432114 2.014693021774292 82
1727301432148 2.014693021774292 83
1727301432181 2.014693021774292 84
1727301432213 2.014693021774292 85
1727301432246 2.014693021774292 86
1727301432279 2.014693021774292 87
1727301432312 2.014693021774292 88
1727301432347 2.014693021774292 89
1727301432382 2.014693021774292 90
1727301432416 2.014693021774292 91
1727301432453 2.014693021774292 92
1727301432487 2.014693021774292 93
1727301432524 2.014693021774292 94
1727301432558 2.014693021774292 95
1727301432593 2.014693021774292 96
1727301432629 2.014693021774292 97
1727301432666 2.014693021774292 98
1727301432700 2.014693021774292 99
1727301432735 2.014693021774292 100
1727301432768 2.014693021774292 101
1727301432810 2.014693021774292 102
1727301432849 2.014693021774292 103
1727301432884 2.014693021774292 104
1727301432919 2.014693021774292 105
1727301432953 2.014693021774292 106
1727301432989 2.014693021774292 107
1727301433026 2.014693021774292 108
1727301433061 2.014693021774292 109
1727301433094 2.014693021774292 110
1727301433125 2.014693021774292 111
1727301433157 2.014693021774292 112
1727301433189 2.014693021774292 113
1727301433222 2.014693021774292 114
1727301433255 2.014693021774292 115
1727301433287 2.014693021774292 116
1727301433319 2.014693021774292 117
1727301433351 2.014693021774292 118
1727301433386 2.014693021774292 119
1727301433420 2.014693021774292 120
1727301433455 2.014693021774292 121
1727301433489 2.014693021774292 122
1727301433525 2.014693021774292 123
1727301433559 2.014693021774292 124
1727301433594 2.014693021774292 125
1727301433630 2.014693021774292 126
1727301433664 2.014693021774292 127
1727301433697 2.014693021774292 128
1727301433731 2.014693021774292 129
1727301433767 2.014693021774292 130
1727301433804 2.014693021774292 131
1727301433839 2.014693021774292 132
1727301433872 2.014693021774292 133
1727301433906 2.014693021774292 134
1727301433937 2.014693021774292 135
1727301433968 2.014693021774292 136
1727301433999 2.014693021774292 137
1727301434034 2.014693021774292 138
1727301434066 2.014693021774292 139
1727301434098 2.014693021774292 140
1727301434132 2.014693021774292 141
1727301434167 2.014693021774292 142
1727301434201 2.014693021774292 143
1727301434237 2.014693021774292 144
1727301434271 2.014693021774292 145
1727301434303 2.014693021774292 146
1727301434335 2.014693021774292 147
1727301434369 2.014693021774292 148
1727301434402 2.014693021774292 149
1727301434433 2.014693021774292 150
1727301434465 2.014693021774292 151
1727301434496 2.014693021774292 152
1727301434529 2.014693021774292 153
1727301434560 2.014693021774292 154
1727301434594 2.014693021774292 155
1727301434626 2.014693021774292 156
1727301434658 2.014693021774292 157
1727301434690 2.014693021774292 158
1727301434721 2.014693021774292 159
1727301434753 2.014693021774292 160
1727301434786 2.014693021774292 161
1727301434818 2.014693021774292 162
1727301434854 2.014693021774292 163
1727301434886 2.014693021774292 164
1727301434918 2.014693021774292 165
1727301434949 2.014693021774292 166
1727301434981 2.014693021774292 167
1727301435017 2.014693021774292 168
1727301435051 2.014693021774292 169
1727301435084 2.014693021774292 170
1727301435119 2.014693021774292 171
1727301435152 2.014693021774292 172
1727301435185 2.014693021774292 173
1727301435217 2.014693021774292 174
1727301435249 2.014693021774292 175
1727301435282 2.014693021774292 176
1727301435315 2.014693021774292 177
1727301435347 2.014693021774292 178
1727301435379 2.014693021774292 179
1727301435411 2.014693021774292 180
1727301435446 2.014693021774292 181
1727301435478 2.014693021774292 182
1727301435510 2.014693021774292 183
1727301435544 2.014693021774292 184
1727301435577 2.014693021774292 185
1727301435610 2.014693021774292 186
1727301435644 2.014693021774292 187
1727301435676 2.014693021774292 188
1727301435708 2.014693021774292 189
1727301435740 2.014693021774292 190
1727301435773 2.014693021774292 191
1727301435806 2.014693021774292 192
1727301435839 2.014693021774292 193
