1727297681235 0.2873842716217041 0
1727297681286 0.25228071212768555 1
1727297681335 0.2158190757036209 2
1727297681385 -0.006318092346191406 3
1727297681431 0.09575915336608887 4
1727297681479 0.09700703620910645 5
1727297681524 0.12206554412841797 6
1727297681568 0.2615776062011719 7
1727297681615 0.1981346607208252 8
1727297681661 0.10050034523010254 9
1727297681706 0.18575263023376465 10
1727297681743 0.23914361000061035 11
1727297681781 0.23792624473571777 12
1727297681818 0.06579470634460449 13
1727297681855 0.20618820190429688 14
1727297681896 0.16165518760681152 15
1727297681934 0.22440099716186523 16
1727297681971 0.21506214141845703 17
1727297682007 0.19977188110351562 18
1727297682044 0.10127615928649902 19
1727297682089 0.24397969245910645 20
1727297682126 0.14769625663757324 21
1727297682164 0.020249128341674805 22
1727297682201 0.1588442325592041 23
1727297682237 0.050710201263427734 24
1727297682275 0.09015631675720215 25
1727297682311 0.1759488582611084 26
1727297682351 0.23677563667297363 27
1727297682395 0.23303985595703125 28
1727297682446 0.09930872917175293 29
1727297682486 0.23972034454345703 30
1727297682523 0.07327437400817871 31
1727297682560 0.2503798007965088 32
1727297682607 0.0311276912689209 33
1727297682652 0.2578256130218506 34
1727297682704 0.2431180477142334 35
1727297682757 0.056912899017333984 36
1727297682802 0.20537614822387695 37
1727297682845 0.577368438243866 38
1727297682882 0.17270588874816895 39
1727297682921 0.16831278800964355 40
1727297682961 0.17303943634033203 41
1727297682999 0.2705414295196533 42
1727297683036 0.20967793464660645 43
1727297683076 0.2880065441131592 44
1727297683116 0.15711188316345215 45
1727297683153 0.18377065658569336 46
1727297683191 0.2842369079589844 47
1727297683227 -0.05493319034576416 48
1727297683270 0.26931124925613403 49
1727297683315 0.11228775978088379 50
1727297683359 0.1691429615020752 51
1727297683407 -0.0560302734375 52
1727297683452 -0.1763094663619995 53
1727297683496 0.07707381248474121 54
1727297683545 0.1726984977722168 55
1727297683590 0.16712737083435059 56
1727297683635 0.1447310447692871 57
1727297683681 0.21245884895324707 58
1727297683718 0.2392115592956543 59
1727297683754 0.1555788516998291 60
1727297683797 0.05237007141113281 61
1727297683835 0.15843987464904785 62
1727297683877 0.20675134658813477 63
1727297683914 0.10289168357849121 64
1727297683964 0.25499653816223145 65
1727297684009 0.1848742961883545 66
1727297684053 0.15554332733154297 67
1727297684098 0.13153767585754395 68
1727297684143 0.20751023292541504 69
1727297684187 0.14043188095092773 70
1727297684231 0.2422773838043213 71
1727297684284 0.22516655921936035 72
1727297684323 0.0988767147064209 73
1727297684361 0.18769240379333496 74
1727297684405 0.17582464218139648 75
1727297684449 0.14460492134094238 76
1727297684493 0.198211669921875 77
1727297684538 0.2443251609802246 78
1727297684593 0.2661125659942627 79
1727297684647 0.2041311264038086 80
1727297684694 0.02944183349609375 81
1727297684737 -0.04970872402191162 82
1727297684781 0.17232275009155273 83
1727297684819 0.17854762077331543 84
1727297684858 -0.07299911975860596 85
1727297684893 -0.08076715469360352 86
1727297684931 0.013283491134643555 87
1727297684967 0.18265819549560547 88
1727297685003 -0.030412912368774414 89
1727297685040 0.17261934280395508 90
1727297685077 0.20634913444519043 91
1727297685114 0.18796324729919434 92
1727297685151 0.19671344757080078 93
1727297685190 0.2931734621524811 94
1727297685230 0.1597912311553955 95
1727297685270 0.2542555332183838 96
1727297685309 0.17397594451904297 97
1727297685350 0.2469799518585205 98
1727297685395 0.15567755699157715 99
1727297685433 0.1721940040588379 100
1727297685471 0.2180318832397461 101
1727297685516 0.22028398513793945 102
1727297685558 0.16196966171264648 103
1727297685595 0.13322234153747559 104
1727297685633 0.04808998107910156 105
1727297685670 0.20295500755310059 106
1727297685706 0.07128143310546875 107
1727297685742 0.2674553394317627 108
1727297685783 -0.0032312870025634766 109
1727297685825 0.050333499908447266 110
1727297685865 -0.03917288780212402 111
1727297685905 0.10982275009155273 112
1727297685948 0.02621603012084961 113
1727297685990 0.16124653816223145 114
1727297686034 0.2131025791168213 115
1727297686082 0.22687697410583496 116
1727297686123 0.192854642868042 117
1727297686165 0.289262056350708 118
1727297686211 0.010643720626831055 119
1727297686253 0.21306467056274414 120
1727297686295 0.11402416229248047 121
1727297686339 -0.10046827793121338 122
1727297686383 0.11702466011047363 123
1727297686426 0.1531531810760498 124
1727297686472 0.30071187019348145 125
1727297686512 0.06240582466125488 126
1727297686557 0.04963850975036621 127
1727297686593 0.17194223403930664 128
1727297686639 0.1628868579864502 129
1727297686697 0.28578948974609375 130
1727297686754 0.017000675201416016 131
1727297686805 0.1885967254638672 132
1727297686871 0.143263578414917 133
1727297686938 0.24563813209533691 134
1727297687002 0.15655016899108887 135
1727297687069 0.14907121658325195 136
1727297687136 0.2006242275238037 137
1727297687194 0.24554443359375 138
1727297687250 0.029663562774658203 139
1727297687317 0.19279098510742188 140
1727297687375 0.24866628646850586 141
1727297687439 0.12793707847595215 142
1727297687501 0.09589934349060059 143
1727297687563 0.20316457748413086 144
1727297687619 0.1945481300354004 145
1727297687681 0.20743775367736816 146
1727297687736 0.19168615341186523 147
1727297687804 0.1992042064666748 148
1727297687859 0.12251710891723633 149
1727297687912 0.20905017852783203 150
1727297687969 0.09455633163452148 151
1727297688027 0.09154868125915527 152
1727297688093 0.05552506446838379 153
1727297688191 0.07235527038574219 154
1727297688248 0.19422578811645508 155
1727297688307 0.17071270942687988 156
1727297688359 0.1499919891357422 157
1727297688405 0.26372265815734863 158
1727297688464 0.21689701080322266 159
1727297688526 0.24544882774353027 160
1727297688573 0.05465412139892578 161
1727297688617 0.21035122871398926 162
1727297688656 0.19850516319274902 163
1727297688692 0.1961228847503662 164
1727297688729 0.13489127159118652 165
1727297688766 0.22379660606384277 166
1727297688805 0.24483704566955566 167
1727297688847 0.12930655479431152 168
1727297688885 0.14919185638427734 169
1727297688929 0.1808910369873047 170
1727297688967 0.08217668533325195 171
1727297689009 0.12327790260314941 172
1727297689052 0.049750566482543945 173
1727297689097 0.16175270080566406 174
1727297689136 0.12995123863220215 175
1727297689183 0.14426183700561523 176
1727297689226 0.13404369354248047 177
1727297689264 0.18026041984558105 178
1727297689301 0.1750028133392334 179
1727297689336 0.06377077102661133 180
1727297689380 0.2167668342590332 181
1727297689425 0.2042982578277588 182
1727297689462 0.19790244102478027 183
1727297689499 0.21712493896484375 184
1727297689536 0.20749449729919434 185
1727297689584 0.25469183921813965 186
1727297689624 0.20927977561950684 187
1727297689662 0.12320566177368164 188
1727297689701 0.060562849044799805 189
1727297689738 0.11913704872131348 190
1727297689775 0.09204363822937012 191
1727297689828 0.05588364601135254 192
1727297689870 0.18558955192565918 193
1727297689911 0.23240303993225098 194
1727297689948 0.025463104248046875 195
1727297689985 0.13345003128051758 196
1727297690020 0.24884819984436035 197
1727297690056 0.2167799472808838 198
1727297690094 0.1716756820678711 199
1727297690137 0.15868592262268066 200
1727297690177 0.21796274185180664 201
1727297690216 0.1933126449584961 202
1727297690253 0.254349946975708 203
1727297690288 0.21477293968200684 204
1727297690324 0.19797515869140625 205
1727297690362 0.15041756629943848 206
1727297690400 -0.001901388168334961 207
1727297690438 0.25888514518737793 208
1727297690477 0.11484026908874512 209
1727297690520 0.1615133285522461 210
1727297690566 0.2226250171661377 211
1727297690613 0.17361950874328613 212
1727297690653 0.03886151313781738 213
1727297690691 0.20116448402404785 214
1727297690728 0.25491344928741455 215
1727297690767 0.23584246635437012 216
1727297690805 0.17087292671203613 217
1727297690851 0.1818091869354248 218
1727297690890 0.16095423698425293 219
1727297690928 0.09844183921813965 220
1727297690964 0.09370279312133789 221
1727297691001 0.10602188110351562 222
1727297691038 0.2246720790863037 223
1727297691075 0.2715721130371094 224
1727297691111 0.2814676761627197 225
1727297691149 0.18705415725708008 226
1727297691185 0.024692296981811523 227
1727297691222 -0.07134103775024414 228
1727297691258 0.1747124195098877 229
1727297691294 0.06605815887451172 230
1727297691329 0.1958162784576416 231
1727297691367 0.14821434020996094 232
1727297691404 0.19152569770812988 233
1727297691441 0.09713077545166016 234
1727297691477 0.09665489196777344 235
1727297691513 0.16700077056884766 236
1727297691549 0.1290442943572998 237
1727297691585 0.20363330841064453 238
1727297691625 0.15067768096923828 239
1727297691662 0.1473524570465088 240
1727297691705 0.09711575508117676 241
1727297691749 0.22623848915100098 242
1727297691789 0.19141197204589844 243
1727297691825 0.21965861320495605 244
1727297691861 0.19072866439819336 245
1727297691899 0.20613479614257812 246
1727297691937 0.26394224166870117 247
1727297691973 0.1325392723083496 248
1727297692014 0.14443182945251465 249
1727297692058 0.2491130828857422 250
1727297692101 0.15211224555969238 251
1727297692145 0.18310761451721191 252
1727297692189 0.1888129711151123 253
1727297692237 0.28733396530151367 254
1727297692281 0.15424394607543945 255
1727297692323 0.2597160339355469 256
1727297692367 0.24461030960083008 257
1727297692411 0.24600434303283691 258
1727297692453 0.187727689743042 259
1727297692500 0.16985201835632324 260
1727297692543 0.04655623435974121 261
1727297692584 -0.0740511417388916 262
1727297692630 0.14000225067138672 263
1727297692673 0.21419072151184082 264
1727297692714 0.12735819816589355 265
1727297692750 -0.04079699516296387 266
1727297692787 0.20508456230163574 267
1727297692832 0.24458694458007812 268
1727297692876 0.2372899055480957 269
1727297692921 0.21836638450622559 270
1727297692964 0.180588960647583 271
1727297693000 0.09858536720275879 272
1727297693036 0.19075632095336914 273
1727297693073 0.2770540714263916 274
1727297693109 0.23706340789794922 275
1727297693157 0.23122334480285645 276
1727297693209 0.2867882251739502 277
1727297693251 0.1957392692565918 278
1727297693289 0.20713520050048828 279
1727297693333 0.22918224334716797 280
1727297693377 0.0915677547454834 281
1727297693414 -0.15053176879882812 282
1727297693450 -0.13673222064971924 283
1727297693496 -0.025563359260559082 284
1727297693533 -0.0811988115310669 285
1727297693570 -0.1550438404083252 286
1727297693613 0.15196967124938965 287
1727297693652 0.23028230667114258 288
1727297693689 0.08209538459777832 289
1727297693724 -0.1050724983215332 290
1727297693771 -0.17219185829162598 291
1727297693817 -0.2213069200515747 292
1727297693860 0.11108851432800293 293
1727297693907 0.1948075294494629 294
1727297693950 0.18097853660583496 295
1727297693999 0.28075075149536133 296
1727297694045 0.2788383960723877 297
1727297694089 0.1622941493988037 298
1727297694134 0.20910882949829102 299
1727297694179 0.1591336727142334 300
1727297694223 0.03497314453125 301
1727297694268 -0.12557339668273926 302
1727297694312 0.0207517147064209 303
1727297694355 0.2952606678009033 304
1727297694401 0.016789674758911133 305
1727297694445 -0.08986663818359375 306
1727297694497 0.07458281517028809 307
1727297694559 0.03521418571472168 308
1727297694602 -0.005556821823120117 309
1727297694647 -0.10217726230621338 310
1727297694693 -0.30927562713623047 311
1727297694742 -0.4334334135055542 312
1727297694797 -0.4637622833251953 313
1727297694842 -0.027576923370361328 314
1727297694890 0.09815001487731934 315
1727297694935 0.07478857040405273 316
1727297694980 0.2235703468322754 317
1727297695024 0.14391350746154785 318
1727297695060 0.18607330322265625 319
1727297695096 0.22546744346618652 320
1727297695134 0.18732309341430664 321
1727297695171 0.06484484672546387 322
1727297695207 0.28817129135131836 323
1727297695243 0.22042441368103027 324
1727297695279 0.14101743698120117 325
1727297695315 0.18056678771972656 326
1727297695351 0.14405179023742676 327
1727297695389 0.21167469024658203 328
1727297695425 0.09623861312866211 329
1727297695463 0.09869933128356934 330
1727297695506 0.07222641259431839 331
1727297695544 0.19470667839050293 332
1727297695584 0.11907052993774414 333
1727297695620 0.19067645072937012 334
1727297695658 0.19634151458740234 335
1727297695695 0.15708541870117188 336
1727297695733 0.23675251007080078 337
1727297695773 0.16463041305541992 338
1727297695809 0.16306614875793457 339
1727297695847 0.19666814804077148 340
1727297695885 0.06063270568847656 341
1727297695923 0.07976651191711426 342
1727297695960 0.022252798080444336 343
1727297696001 0.15024733543395996 344
1727297696046 0.11950516700744629 345
1727297696089 0.25496435165405273 346
1727297696133 0.10193037986755371 347
1727297696176 0.17077851295471191 348
1727297696220 0.1339733600616455 349
1727297696256 0.1424872875213623 350
1727297696292 0.04552340507507324 351
1727297696328 0.033368825912475586 352
1727297696364 0.17147135734558105 353
1727297696403 0.07164144515991211 354
1727297696442 0.12058520317077637 355
1727297696482 -0.011052846908569336 356
1727297696519 -0.24316883087158203 357
1727297696556 -0.3837735652923584 358
1727297696593 -0.4573202133178711 359
1727297696630 -0.1369633674621582 360
1727297696675 -0.24649620056152344 361
1727297696717 -0.35024476051330566 362
1727297696756 -0.43535375595092773 363
1727297696800 -0.4634544849395752 364
1727297696843 -0.48442161083221436 365
1727297696889 -0.5066851377487183 366
1727297696929 -0.5339521169662476 367
1727297696965 -0.5697000026702881 368
1727297697002 -0.6287350654602051 369
1727297697038 -0.659188985824585 370
1727297697075 -0.681755542755127 371
1727297697112 -0.7009878158569336 372
1727297697151 -0.7199771404266357 373
1727297697187 -0.7475464344024658 374
1727297697223 -0.7529867887496948 375
1727297697259 -0.7589633464813232 376
1727297697300 -0.7656289339065552 377
1727297697349 -0.7732501029968262 378
1727297697395 -0.7801951169967651 379
1727297697433 -0.7801951169967651 380
