1726485145322 0.41168075799942017 0
1726485145351 6.023911952972412 1
1726485145377 6.029359817504883 2
1726485145408 0.4219972491264343 3
1726485145438 0.2759275436401367 4
1726485145468 0.26831597089767456 5
1726485145497 6.257781505584717 6
1726485145526 6.185014724731445 7
1726485145557 0.7176539301872253 8
1726485145585 -0.3050367534160614 9
1726485145615 0.5237672328948975 10
1726485145644 -0.11283272504806519 11
1726485145672 6.235755920410156 12
1726485145701 -0.05503666400909424 13
1726485145731 0.2149937003850937 14
1726485145761 0.018267154693603516 15
1726485145789 0.8439633250236511 16
1726485145817 6.356315612792969 17
1726485145844 -0.15720593929290771 18
1726485145873 -0.1251997947692871 19
1726485145906 -0.13089299201965332 20
1726485145934 0.45404621958732605 21
1726485145966 -0.19530701637268066 22
1726485145996 0.052104465663433075 23
1726485146027 0.9932339191436768 24
1726485146056 -0.04690181463956833 25
1726485146087 0.2923814654350281 26
1726485146116 0.24693040549755096 27
1726485146144 0.2552895247936249 28
1726485146174 5.9908294677734375 29
1726485146205 6.288938999176025 30
1726485146236 -0.05503666400909424 31
1726485146267 0.10287535190582275 32
1726485146299 -0.1493978500366211 33
1726485146328 0.45979154109954834 34
1726485146357 0.28133249282836914 35
1726485146389 0.49361664056777954 36
1726485146421 0.042827218770980835 37
1726485146453 -0.16298484802246094 38
1726485146484 -0.18537962436676025 39
1726485146514 -0.20745861530303955 40
1726485146545 -0.22956347465515137 41
1726485146575 0.04945778846740723 42
1726485146605 0.6278700232505798 43
1726485146636 0.1601940542459488 44
1726485146665 0.1306038647890091 45
1726485146693 -0.007988452911376953 46
1726485146725 0.7474448084831238 47
1726485146754 6.023911952972412 48
1726485146782 0.34708505868911743 49
1726485146810 0.2785044014453888 50
1726485146841 -0.13032293319702148 51
1726485146872 -0.16194581985473633 52
1726485146902 -0.21994853019714355 53
1726485146932 0.33767130970954895 54
1726485146963 -0.10873325914144516 55
1726485146994 -0.1547081470489502 56
1726485147024 0.7108792662620544 57
1726485147054 0.2898440957069397 58
1726485147084 0.22180625796318054 59
1726485147113 0.81201171875 60
1726485147143 -0.1933664083480835 61
1726485147175 -0.002445906400680542 62
1726485147207 -0.1220085620880127 63
1726485147239 -0.26585862040519714 64
1726485147269 -0.25569477677345276 65
1726485147300 -0.30503666400909424 66
1726485147330 0.44250333309173584 67
1726485147360 -0.30503666400909424 68
1726485147392 0.07194890826940536 69
1726485147423 -0.1493978500366211 70
1726485147454 6.264226913452148 71
1726485147484 6.232513427734375 72
1726485147515 6.4504547119140625 73
1726485147545 0.07065188139677048 74
1726485147574 0.142039954662323 75
1726485147603 0.24430692195892334 76
1726485147634 6.2408294677734375 77
1726485147665 0.22384986281394958 78
1726485147696 -0.05503666400909424 79
1726485147727 0.1581079512834549 80
1726485147757 0.12624472379684448 81
1726485147785 0.9871745109558105 82
1726485147815 6.251234531402588 83
1726485147843 0.24212859570980072 84
1726485147873 -0.05651569366455078 85
1726485147904 -0.160619854927063 86
1726485147937 -0.16438889503479004 87
1726485147972 -0.14939773082733154 88
1726485148002 0.5169146060943604 89
1726485148031 0.4975104033946991 90
1726485148061 1.0977903604507446 91
1726485148090 0.024309009313583374 92
1726485148119 -0.1086115837097168 93
1726485148148 0.3015187382698059 94
1726485148177 -0.11591076850891113 95
1726485148206 0.07281101495027542 96
1726485148235 -0.1493978500366211 97
1726485148264 0.7230247855186462 98
1726485148292 0.05645063519477844 99
1726485148319 -0.021696574985980988 100
1726485148345 -0.27967095375061035 101
1726485148372 -0.05503666400909424 102
1726485148400 -0.06893229484558105 103
1726485148432 -0.11749708652496338 104
1726485148463 0.2168605923652649 105
1726485148492 6.361689567565918 106
1726485148522 6.179551124572754 107
1726485148552 0.48084136843681335 108
1726485148580 -0.17489516735076904 109
1726485148608 -0.24747049808502197 110
1726485148636 -0.30503666400909424 111
1726485148664 6.179551124572754 112
1726485148691 6.2408294677734375 113
1726485148720 0.12282195687294006 114
1726485148747 0.9099220633506775 115
1726485148774 6.257737159729004 116
1726485148802 -0.007061004638671875 117
1726485148829 -0.016455650329589844 118
1726485148858 0.11401045322418213 119
1726485148887 -0.3050367534160614 120
1726485148916 -0.30503666400909424 121
