1726485145342 0.1737096756696701 0
1726485145370 6.1402268409729 1
1726485145399 6.1402268409729 2
1726485145429 0.3225643038749695 3
1726485145460 0.2402162402868271 4
1726485145489 0.13395541906356812 5
1726485145519 6.1402268409729 6
1726485145549 6.1402268409729 7
1726485145578 0.6841859221458435 8
1726485145607 1.9868215517249155e-08 9
1726485145636 0.41944029927253723 10
1726485145665 0.03656512126326561 11
1726485145693 6.1402268409729 12
1726485145723 0.0 13
1726485145753 0.18564222753047943 14
1726485145779 0.0 15
1726485145809 0.727179229259491 16
1726485145836 6.1402268409729 17
1726485145865 0.0 18
1726485145896 0.0 19
1726485145927 0.0 20
1726485145957 0.31090065836906433 21
1726485145988 0.0 22
1726485146018 0.08826684206724167 23
1726485146048 0.899749755859375 24
1726485146079 0.023796921595931053 25
1726485146108 0.24320930242538452 26
1726485146137 0.1280701607465744 27
1726485146166 0.42219671607017517 28
1726485146195 6.1402268409729 29
1726485146228 6.1402268409729 30
1726485146258 0.0 31
1726485146290 0.09897315502166748 32
1726485146320 0.0 33
1726485146349 0.4812091588973999 34
1726485146381 0.23424483835697174 35
1726485146413 0.6135042309761047 36
1726485146443 0.1593768298625946 37
1726485146475 0.09077943116426468 38
1726485146506 0.0 39
1726485146536 0.0 40
1726485146566 0.0 41
1726485146595 0.2441244125366211 42
1726485146625 0.782519519329071 43
1726485146655 0.13563360273838043 44
1726485146684 0.20679409801959991 45
1726485146715 0.0 46
1726485146744 0.6837612986564636 47
1726485146774 6.1402268409729 48
1726485146803 0.2769225239753723 49
1726485146833 0.25980237126350403 50
1726485146864 0.0 51
1726485146894 0.0 52
1726485146924 0.0 53
1726485146955 0.26487138867378235 54
1726485146986 0.011679806746542454 55
1726485147016 0.0 56
1726485147047 0.6355788111686707 57
1726485147076 0.23384813964366913 58
1726485147105 0.37120410799980164 59
1726485147135 0.6910057067871094 60
1726485147166 0.0 61
1726485147199 0.031434088945388794 62
1726485147231 0.0 63
1726485147260 1.9868215517249155e-08 64
1726485147290 0.029414139688014984 65
1726485147322 0.0 66
1726485147352 0.484505295753479 67
1726485147383 0.0 68
1726485147415 0.08030619472265244 69
1726485147444 0.0 70
1726485147476 6.1402268409729 71
1726485147507 6.1402268409729 72
1726485147537 6.273518085479736 73
1726485147565 0.09590303152799606 74
1726485147593 0.25492924451828003 75
1726485147624 0.3507007360458374 76
1726485147655 6.1402268409729 77
1726485147686 0.12349972128868103 78
1726485147717 0.0 79
1726485147747 0.17291326820850372 80
1726485147776 0.25442570447921753 81
1726485147805 0.8773448467254639 82
1726485147835 6.1402268409729 83
1726485147865 0.20769189298152924 84
1726485147895 0.0 85
1726485147928 0.0 86
1726485147961 0.0 87
1726485147992 0.0 88
1726485148022 0.42338231205940247 89
1726485148053 0.41536280512809753 90
1726485148082 1.0424140691757202 91
1726485148111 0.06856569647789001 92
1726485148140 0.0 93
1726485148169 0.23741872608661652 94
1726485148197 0.0 95
1726485148227 0.00614059716463089 96
1726485148256 0.0 97
1726485148284 0.5341295599937439 98
1726485148310 0.13488152623176575 99
1726485148337 0.11736606806516647 100
1726485148364 0.0 101
1726485148392 0.0 102
1726485148424 0.0 103
1726485148455 0.0 104
1726485148484 0.1879315972328186 105
1726485148513 6.1402268409729 106
1726485148544 6.1402268409729 107
1726485148572 0.4424073398113251 108
1726485148600 0.0 109
1726485148628 0.0 110
1726485148654 0.0 111
1726485148682 6.1402268409729 112
1726485148711 6.1402268409729 113
1726485148739 0.3034684956073761 114
1726485148767 0.7453674674034119 115
1726485148794 6.1402268409729 116
1726485148822 0.0 117
1726485148850 0.0 118
1726485148879 0.09160864353179932 119
1726485148908 1.9868215517249155e-08 120
1726485148936 0.0 121
