1727305363828 1.992417335510254 0
1727305363869 1.8660860061645508 1
1727305363911 1.8589355945587158 2
1727305363953 1.8819870948791504 3
1727305363992 1.9005622863769531 4
1727305364030 0.5264701247215271 5
1727305364066 1.8405163288116455 6
1727305364103 1.8898463249206543 7
1727305364144 1.8435301780700684 8
1727305364186 1.9637649059295654 9
1727305364223 1.9111459255218506 10
1727305364260 1.6900615692138672 11
1727305364301 1.6932121515274048 12
1727305364339 1.8355112075805664 13
1727305364378 1.9293229579925537 14
1727305364417 1.9007322788238525 15
1727305364456 1.7971546649932861 16
1727305364493 1.9838764667510986 17
1727305364529 1.9379117488861084 18
1727305364567 1.637479543685913 19
1727305364607 1.933736801147461 20
1727305364652 1.6745190620422363 21
1727305364702 1.738388180732727 22
1727305364758 1.7392067909240723 23
1727305364800 1.7072014808654785 24
1727305364841 1.8718750476837158 25
1727305364884 1.9649314880371094 26
1727305364930 1.8402135372161865 27
1727305364977 1.432581901550293 28
1727305365022 1.7444075345993042 29
1727305365071 1.8853471279144287 30
1727305365132 1.5500214099884033 31
1727305365186 1.8924064636230469 32
1727305365231 1.8177084922790527 33
1727305365277 1.6621676683425903 34
1727305365326 1.8987029790878296 35
1727305365370 1.8935054540634155 36
1727305365413 1.7958892583847046 37
1727305365455 1.8707175254821777 38
1727305365496 1.7037687301635742 39
1727305365539 1.651275873184204 40
1727305365579 1.656174898147583 41
1727305365618 1.8919472694396973 42
1727305365661 1.7959671020507812 43
1727305365703 1.319776177406311 44
1727305365742 1.593827247619629 45
1727305365782 1.8891245126724243 46
1727305365823 1.6897538900375366 47
1727305365865 1.7480822801589966 48
1727305365906 1.8942890167236328 49
1727305365947 1.9339141845703125 50
1727305365990 1.748260259628296 51
1727305366029 1.8498711585998535 52
1727305366068 1.5315124988555908 53
1727305366106 1.9597681760787964 54
1727305366144 1.947872519493103 55
1727305366182 1.9440536499023438 56
1727305366221 1.7153438329696655 57
1727305366259 1.9057384729385376 58
1727305366298 1.8901538848876953 59
1727305366337 1.8605592250823975 60
1727305366377 1.884004831314087 61
1727305366416 1.6739821434020996 62
1727305366455 1.5798782110214233 63
1727305366492 1.4660050868988037 64
1727305366529 1.7849633693695068 65
1727305366566 1.6627037525177002 66
1727305366604 1.6756715774536133 67
1727305366645 1.8120722770690918 68
1727305366699 1.8471159934997559 69
1727305366754 1.7374534606933594 70
1727305366805 1.4022760391235352 71
1727305366854 1.8670814037322998 72
1727305366903 1.8440423011779785 73
1727305366947 1.538589358329773 74
1727305366995 1.6677443981170654 75
1727305367043 1.8179056644439697 76
1727305367092 1.6838178634643555 77
1727305367139 1.588252067565918 78
1727305367185 1.2192928791046143 79
1727305367241 1.5143896341323853 80
1727305367290 1.8378357887268066 81
1727305367338 1.8964948654174805 82
1727305367385 1.8809189796447754 83
1727305367431 1.880047082901001 84
1727305367480 1.908109426498413 85
1727305367526 1.9535568952560425 86
1727305367576 1.7286115884780884 87
1727305367625 1.8086116313934326 88
1727305367675 1.9041717052459717 89
1727305367725 1.9272092580795288 90
1727305367770 1.9394891262054443 91
1727305367813 1.8958135843276978 92
1727305367856 1.6985067129135132 93
1727305367899 1.8412823677062988 94
1727305367939 1.8746287822723389 95
1727305367980 1.2192928791046143 96
1727305368022 1.6993505954742432 97
1727305368062 1.7053154706954956 98
1727305368103 1.9063310623168945 99
1727305368144 1.7395203113555908 100
1727305368187 1.8139901161193848 101
1727305368231 1.5981218814849854 102
1727305368272 1.9259120225906372 103
1727305368313 1.9687128067016602 104
1727305368354 1.8979207277297974 105
1727305368393 1.9506207704544067 106
1727305368433 1.8692896366119385 107
1727305368472 1.8420850038528442 108
1727305368512 1.776216745376587 109
1727305368553 1.7435948848724365 110
1727305368593 1.8175550699234009 111
1727305368631 1.8192074298858643 112
1727305368672 1.7163808345794678 113
1727305368713 1.9280437231063843 114
1727305368753 1.9361722469329834 115
1727305368791 1.9581446647644043 116
1727305368829 1.7079637050628662 117
1727305368867 1.77506422996521 118
1727305368905 1.903378963470459 119
1727305368948 1.7655861377716064 120
1727305368989 1.9668444395065308 121
1727305369033 1.7930176258087158 122
1727305369076 1.9314136505126953 123
1727305369115 1.7637479305267334 124
1727305369153 1.8236080408096313 125
1727305369196 1.8051788806915283 126
1727305369238 1.7906931638717651 127
1727305369281 1.9374423027038574 128
1727305369325 1.6616356372833252 129
1727305369369 1.9736281633377075 130
1727305369416 1.8599106073379517 131
1727305369457 1.896077036857605 132
1727305369500 1.906696081161499 133
1727305369544 1.8491837978363037 134
1727305369590 1.8870625495910645 135
1727305369637 1.6301016807556152 136
1727305369684 1.8994877338409424 137
1727305369730 1.9873685836791992 138
1727305369775 1.709324598312378 139
1727305369818 1.7971917390823364 140
1727305369865 1.8564252853393555 141
1727305369912 1.8271770477294922 142
1727305369955 1.9643136262893677 143
1727305370000 1.6959939002990723 144
1727305370042 1.7322887182235718 145
1727305370087 1.9061262607574463 146
1727305370131 1.7927274703979492 147
1727305370173 1.9579746723175049 148
1727305370214 1.6949938535690308 149
1727305370253 1.9438869953155518 150
1727305370292 1.9577670097351074 151
1727305370332 1.7631293535232544 152
1727305370370 1.5676307678222656 153
1727305370417 0.5264701247215271 154
1727305370455 1.5910792350769043 155
1727305370494 1.993652582168579 156
1727305370534 1.9257376194000244 157
1727305370576 1.8335609436035156 158
1727305370616 1.6742058992385864 159
1727305370656 1.5572597980499268 160
1727305370698 1.7441058158874512 161
1727305370737 1.7522242069244385 162
1727305370777 1.6996791362762451 163
1727305370818 0.5264701247215271 164
1727305370857 1.870384693145752 165
1727305370900 1.7700426578521729 166
1727305370940 0.9814540147781372 167
1727305370979 1.4020813703536987 168
1727305371018 1.8735744953155518 169
1727305371057 1.8973028659820557 170
1727305371095 1.63494074344635 171
1727305371134 1.9278111457824707 172
1727305371173 1.9335577487945557 173
1727305371214 1.8845065832138062 174
1727305371253 1.3785794973373413 175
1727305371291 1.88321852684021 176
1727305371330 1.8965070247650146 177
1727305371368 1.3425817489624023 178
1727305371406 1.8973689079284668 179
1727305371444 1.5305708646774292 180
1727305371482 1.6959786415100098 181
1727305371520 1.717655897140503 182
1727305371558 1.961467981338501 183
1727305371598 1.8417890071868896 184
1727305371637 1.8634841442108154 185
1727305371676 1.9120383262634277 186
1727305371712 1.892477035522461 187
1727305371748 1.917420744895935 188
1727305371786 1.7910401821136475 189
1727305371824 1.497141718864441 190
1727305371863 1.921069860458374 191
1727305371903 1.9808332920074463 192
1727305371942 1.8064563274383545 193
1727305371982 1.8656179904937744 194
1727305372021 1.8060613870620728 195
1727305372058 1.868280053138733 196
1727305372096 1.8241033554077148 197
1727305372135 1.9584722518920898 198
1727305372174 1.7182531356811523 199
1727305372213 0.5264701247215271 200
1727305372253 1.8251664638519287 201
1727305372293 1.9548892974853516 202
1727305372332 1.9677817821502686 203
1727305372371 1.6185810565948486 204
1727305372410 1.9200917482376099 205
1727305372450 1.7293603420257568 206
1727305372489 1.8367023468017578 207
1727305372531 1.8319313526153564 208
1727305372576 1.7406690120697021 209
1727305372629 1.6471481323242188 210
1727305372674 1.8975636959075928 211
1727305372719 1.90101957321167 212
1727305372763 1.9360554218292236 213
1727305372803 1.9124878644943237 214
1727305372844 1.566361427307129 215
1727305372886 1.8560550212860107 216
1727305372926 1.912545919418335 217
1727305372973 1.8552544116973877 218
1727305373015 1.3425817489624023 219
1727305373061 1.7361252307891846 220
1727305373104 1.4426136016845703 221
1727305373149 1.7607600688934326 222
1727305373194 1.6628880500793457 223
1727305373240 1.623425006866455 224
1727305373285 1.7366831302642822 225
1727305373331 1.914161205291748 226
1727305373378 1.432581901550293 227
1727305373422 1.4325478076934814 228
1727305373464 1.4325852394104004 229
1727305373506 1.8942909240722656 230
1727305373548 1.7035892009735107 231
1727305373590 1.7180858850479126 232
1727305373633 1.863532304763794 233
1727305373676 1.9373836517333984 234
1727305373718 1.5807950496673584 235
1727305373759 1.6861011981964111 236
1727305373798 1.5978361368179321 237
1727305373837 1.778772234916687 238
1727305373876 1.7746275663375854 239
1727305373915 1.968268632888794 240
1727305373953 1.876977562904358 241
1727305373991 1.9327702522277832 242
1727305374030 1.9731900691986084 243
1727305374068 1.432581901550293 244
1727305374105 1.9567629098892212 245
1727305374143 1.8975083827972412 246
1727305374181 1.9403834342956543 247
1727305374218 1.847214937210083 248
1727305374255 1.7326810359954834 249
1727305374291 1.875302791595459 250
1727305374334 1.8044254779815674 251
1727305374373 1.8893417119979858 252
1727305374410 1.7573596239089966 253
1727305374449 1.8209811449050903 254
1727305374485 1.7308794260025024 255
1727305374525 1.8838328123092651 256
1727305374562 1.9207154512405396 257
1727305374599 1.8693509101867676 258
1727305374638 1.3425817489624023 259
1727305374676 1.7223103046417236 260
1727305374713 1.8197399377822876 261
1727305374750 1.7682890892028809 262
1727305374787 1.432581901550293 263
1727305374827 1.7609844207763672 264
1727305374865 1.6172657012939453 265
1727305374903 1.749131202697754 266
1727305374941 1.8329529762268066 267
1727305374980 1.824899673461914 268
1727305375019 1.7408058643341064 269
1727305375057 1.9708325862884521 270
1727305375095 1.9091601371765137 271
1727305375132 1.949669599533081 272
1727305375170 1.8788481950759888 273
1727305375207 1.6741509437561035 274
1727305375243 1.894641399383545 275
1727305375281 1.9226534366607666 276
1727305375319 1.841102123260498 277
1727305375358 1.8105264902114868 278
1727305375397 1.9546040296554565 279
1727305375437 1.7554430961608887 280
1727305375476 1.8413748741149902 281
1727305375517 1.8248569965362549 282
1727305375555 1.8967478275299072 283
1727305375593 1.6906867027282715 284
1727305375630 1.3878743648529053 285
1727305375668 1.8950295448303223 286
1727305375708 1.817630410194397 287
1727305375746 1.927959680557251 288
1727305375782 1.7790112495422363 289
1727305375820 1.893157720565796 290
1727305375860 1.9815599918365479 291
1727305375897 1.7197959423065186 292
1727305375935 1.9070954322814941 293
1727305375972 1.931492567062378 294
1727305376010 1.459926962852478 295
1727305376046 1.947919249534607 296
1727305376081 1.8842487335205078 297
1727305376123 1.8833292722702026 298
1727305376163 1.938888430595398 299
1727305376201 1.9305598735809326 300
1727305376239 1.961099624633789 301
1727305376277 1.8286933898925781 302
1727305376317 1.7773237228393555 303
1727305376357 1.8404532670974731 304
1727305376398 1.86868155002594 305
1727305376436 1.8358702659606934 306
1727305376474 1.885581374168396 307
1727305376512 1.5659606456756592 308
1727305376548 1.8607244491577148 309
1727305376587 1.9570711851119995 310
1727305376625 1.8693268299102783 311
1727305376664 1.950018048286438 312
1727305376700 1.9549771547317505 313
1727305376737 1.8613063097000122 314
1727305376778 1.6301124095916748 315
1727305376818 1.636718511581421 316
1727305376857 1.8913040161132812 317
1727305376898 1.7553387880325317 318
1727305376937 1.7172845602035522 319
1727305376973 1.9058141708374023 320
1727305377009 1.9184900522232056 321
1727305377046 1.7389090061187744 322
1727305377084 1.802462100982666 323
1727305377124 1.6354299783706665 324
1727305377168 1.2192928791046143 325
1727305377208 1.9429041147232056 326
1727305377245 1.9010729789733887 327
1727305377282 1.729999303817749 328
1727305377320 1.6151881217956543 329
1727305377358 1.5726537704467773 330
1727305377396 1.7988367080688477 331
1727305377437 1.9306590557098389 332
1727305377478 1.728833556175232 333
1727305377519 1.3425817489624023 334
1727305377558 1.8533720970153809 335
1727305377595 1.9219715595245361 336
1727305377634 1.750788927078247 337
1727305377677 1.9649653434753418 338
1727305377717 1.9886963367462158 339
1727305377754 1.8024275302886963 340
1727305377792 1.810867428779602 341
1727305377829 1.9281377792358398 342
1727305377868 1.9783521890640259 343
1727305377910 1.8537977933883667 344
1727305377950 1.937296748161316 345
1727305377991 1.9321670532226562 346
1727305378030 1.9648315906524658 347
1727305378068 1.7714872360229492 348
1727305378108 1.730351448059082 349
1727305378145 1.8804422616958618 350
1727305378183 1.9624449014663696 351
1727305378222 1.7669551372528076 352
1727305378261 1.6535128355026245 353
1727305378299 1.986870527267456 354
1727305378337 1.9536876678466797 355
1727305378376 1.837874174118042 356
1727305378414 1.8658027648925781 357
1727305378452 1.5156517028808594 358
1727305378490 1.907957911491394 359
1727305378529 1.8690959215164185 360
1727305378568 1.9623212814331055 361
1727305378609 1.3425817489624023 362
1727305378650 1.9444613456726074 363
1727305378687 1.432581901550293 364
1727305378726 1.4325478076934814 365
1727305378763 1.4325852394104004 366
1727305378802 1.432551383972168 367
1727305378846 1.432581901550293 368
1727305378886 1.4325478076934814 369
1727305378925 1.4325852394104004 370
1727305378964 1.432551383972168 371
1727305379003 1.432581901550293 372
1727305379043 1.4325478076934814 373
1727305379082 1.4325852394104004 374
1727305379122 1.432551383972168 375
1727305379162 1.432581901550293 376
1727305379200 1.4325478076934814 377
1727305379238 1.4325852394104004 378
1727305379275 1.432551383972168 379
1727305379313 1.432581901550293 380
1727305379351 1.4325478076934814 381
1727305379390 1.4325852394104004 382
1727305379428 1.432551383972168 383
1727305379466 1.432581901550293 384
1727305379505 1.4325478076934814 385
1727305379544 1.4325852394104004 386
1727305379584 1.432551383972168 387
1727305379622 1.432581901550293 388
1727305379665 1.4325478076934814 389
1727305379705 1.4325852394104004 390
1727305379745 1.432551383972168 391
1727305379786 1.432581901550293 392
1727305379825 1.4325478076934814 393
1727305379864 1.4325852394104004 394
1727305379902 1.432551383972168 395
1727305379941 1.432581901550293 396
1727305379978 1.4325478076934814 397
1727305380015 1.4325852394104004 398
1727305380052 1.432551383972168 399
1727305380091 1.432581901550293 400
1727305380129 1.4325478076934814 401
1727305380167 1.4325852394104004 402
1727305380206 1.432551383972168 403
1727305380243 1.432581901550293 404
1727305380281 1.4325478076934814 405
1727305380319 1.4325852394104004 406
1727305380358 1.432551383972168 407
1727305380395 1.432581901550293 408
1727305380433 1.4325478076934814 409
1727305380471 1.4325852394104004 410
1727305380509 1.432551383972168 411
1727305380547 1.432581901550293 412
1727305380584 1.4325478076934814 413
1727305380622 1.4325852394104004 414
1727305380660 1.432551383972168 415
1727305380697 1.432581901550293 416
1727305380735 1.4325478076934814 417
1727305380772 1.4325852394104004 418
1727305380812 1.432551383972168 419
1727305380852 1.432581901550293 420
1727305380891 1.4325478076934814 421
1727305380929 1.4325852394104004 422
1727305380970 1.432551383972168 423
1727305381015 1.432581901550293 424
1727305381056 1.4325478076934814 425
1727305381093 1.4325852394104004 426
1727305381131 1.432551383972168 427
1727305381172 1.432581901550293 428
1727305381211 1.4325478076934814 429
1727305381254 1.4325852394104004 430
1727305381308 1.432551383972168 431
1727305381347 1.432581901550293 432
1727305381387 1.4325478076934814 433
1727305381431 1.4325852394104004 434
1727305381467 1.432551383972168 435
1727305381504 1.432581901550293 436
1727305381542 1.4325478076934814 437
1727305381580 1.4325852394104004 438
1727305381618 1.432551383972168 439
1727305381663 1.432581901550293 440
1727305381703 1.4325478076934814 441
1727305381745 1.4325852394104004 442
1727305381787 1.432551383972168 443
1727305381829 1.432581901550293 444
1727305381873 1.4325478076934814 445
1727305381918 1.4325852394104004 446
1727305381973 1.432551383972168 447
1727305382017 1.432581901550293 448
1727305382063 1.4325478076934814 449
1727305382106 1.4325852394104004 450
1727305382155 1.432551383972168 451
1727305382213 1.432581901550293 452
1727305382270 1.4325478076934814 453
1727305382321 1.4325852394104004 454
1727305382368 1.432551383972168 455
1727305382416 1.432581901550293 456
1727305382462 1.4325478076934814 457
1727305382505 1.4325852394104004 458
1727305382547 1.432551383972168 459
1727305382589 1.432581901550293 460
1727305382629 1.4325478076934814 461
1727305382668 1.4325852394104004 462
1727305382707 1.432551383972168 463
1727305382748 1.432581901550293 464
1727305382790 1.4325478076934814 465
1727305382830 1.4325852394104004 466
1727305382869 1.432551383972168 467
1727305382907 1.432581901550293 468
1727305382947 1.4325478076934814 469
1727305382987 1.4325852394104004 470
1727305383026 1.432551383972168 471
1727305383064 1.432581901550293 472
1727305383100 1.4325478076934814 473
1727305383140 1.4325852394104004 474
1727305383179 1.432551383972168 475
1727305383221 1.432581901550293 476
1727305383262 1.4325478076934814 477
1727305383302 1.4325852394104004 478
1727305383342 1.432551383972168 479
1727305383384 1.432581901550293 480
1727305383426 1.4325478076934814 481
1727305383466 1.4325852394104004 482
1727305383505 1.432551383972168 483
1727305383545 1.432581901550293 484
1727305383582 1.4325478076934814 485
1727305383623 1.4325852394104004 486
1727305383665 1.432551383972168 487
1727305383703 1.432581901550293 488
1727305383741 1.4325478076934814 489
1727305383780 1.4325852394104004 490
1727305383819 1.432551383972168 491
1727305383857 1.432581901550293 492
1727305383894 1.4325478076934814 493
1727305383931 1.4325852394104004 494
1727305383968 1.432551383972168 495
1727305384005 1.432581901550293 496
1727305384043 1.4325478076934814 497
1727305384081 1.4325852394104004 498
1727305384121 1.432551383972168 499
1727305384160 1.432581901550293 500
1727305384198 1.4325478076934814 501
1727305384237 1.4325852394104004 502
1727305384275 1.432551383972168 503
1727305384314 1.432581901550293 504
1727305384355 1.4325478076934814 505
1727305384393 1.4325852394104004 506
1727305384430 1.432551383972168 507
1727305384467 1.432581901550293 508
1727305384505 1.4325478076934814 509
1727305384545 1.4325852394104004 510
1727305384581 1.432551383972168 511
1727305384618 1.432581901550293 512
1727305384654 1.4325478076934814 513
1727305384692 1.4325852394104004 514
1727305384729 1.432551383972168 515
1727305384766 1.432581901550293 516
1727305384804 1.4325478076934814 517
1727305384841 1.4325852394104004 518
1727305384878 1.432551383972168 519
1727305384916 1.432581901550293 520
1727305384954 1.4325478076934814 521
1727305384991 1.4325852394104004 522
1727305385029 1.432551383972168 523
1727305385067 1.432581901550293 524
1727305385105 1.4325478076934814 525
1727305385145 1.4325852394104004 526
1727305385184 1.432551383972168 527
1727305385222 1.432581901550293 528
1727305385259 1.4325478076934814 529
1727305385297 1.4325852394104004 530
1727305385336 1.432551383972168 531
1727305385374 1.432581901550293 532
1727305385412 1.4325478076934814 533
1727305385449 1.4325852394104004 534
1727305385488 1.432551383972168 535
1727305385526 1.432581901550293 536
1727305385564 1.4325478076934814 537
1727305385603 1.4325852394104004 538
1727305385638 1.432551383972168 539
1727305385675 1.432581901550293 540
1727305385711 1.4325478076934814 541
1727305385748 1.4325852394104004 542
1727305385784 1.432551383972168 543
1727305385822 1.432581901550293 544
1727305385860 1.4325478076934814 545
1727305385896 1.4325852394104004 546
1727305385934 1.432551383972168 547
1727305385970 1.432581901550293 548
1727305386009 1.4325478076934814 549
1727305386049 1.4325852394104004 550
1727305386085 1.432551383972168 551
1727305386122 1.432581901550293 552
1727305386159 1.4325478076934814 553
1727305386198 1.4325852394104004 554
1727305386237 1.432551383972168 555
1727305386277 1.432581901550293 556
1727305386313 1.4325478076934814 557
1727305386350 1.4325852394104004 558
1727305386386 1.432551383972168 559
1727305386424 1.432581901550293 560
1727305386461 1.4325478076934814 561
1727305386499 1.4325852394104004 562
1727305386539 1.432551383972168 563
1727305386574 1.432581901550293 564
1727305386611 1.4325478076934814 565
1727305386648 1.4325852394104004 566
1727305386689 1.432551383972168 567
1727305386727 1.432581901550293 568
1727305386766 1.4325478076934814 569
1727305386805 1.4325852394104004 570
1727305386844 1.432551383972168 571
1727305386881 1.432581901550293 572
1727305386918 1.4325478076934814 573
1727305386955 1.4325852394104004 574
1727305386992 1.432551383972168 575
1727305387029 1.432581901550293 576
1727305387066 1.4325478076934814 577
1727305387107 1.4325852394104004 578
1727305387144 1.432551383972168 579
1727305387182 1.432581901550293 580
1727305387220 1.4325478076934814 581
1727305387258 1.4325852394104004 582
1727305387296 1.432551383972168 583
1727305387335 1.432581901550293 584
1727305387372 1.4325478076934814 585
1727305387413 1.4325852394104004 586
1727305387455 1.432551383972168 587
1727305387498 1.432581901550293 588
1727305387542 1.4325478076934814 589
1727305387579 1.4325852394104004 590
1727305387616 1.432551383972168 591
1727305387653 1.432581901550293 592
1727305387690 1.4325478076934814 593
1727305387727 1.4325852394104004 594
1727305387765 1.432551383972168 595
1727305387803 1.432581901550293 596
1727305387842 1.4325478076934814 597
1727305387879 1.4325852394104004 598
1727305387915 1.432551383972168 599
1727305387952 1.432581901550293 600
1727305387989 1.4325478076934814 601
1727305388027 1.4325852394104004 602
1727305388065 1.432551383972168 603
1727305388104 1.432581901550293 604
1727305388143 1.4325478076934814 605
1727305388182 1.4325852394104004 606
1727305388220 1.432551383972168 607
1727305388257 1.432581901550293 608
1727305388295 1.4325478076934814 609
1727305388334 1.4325852394104004 610
1727305388371 1.432551383972168 611
1727305388409 1.432581901550293 612
1727305388447 1.4325478076934814 613
1727305388485 1.4325852394104004 614
1727305388521 1.432551383972168 615
1727305388560 1.432581901550293 616
1727305388599 1.4325478076934814 617
1727305388636 1.4325852394104004 618
1727305388673 1.432551383972168 619
1727305388712 1.432581901550293 620
1727305388751 1.4325478076934814 621
1727305388788 1.4325852394104004 622
1727305388824 1.432551383972168 623
1727305388860 1.432581901550293 624
1727305388897 1.4325478076934814 625
1727305388934 1.4325852394104004 626
1727305388970 1.432551383972168 627
1727305389006 1.432581901550293 628
1727305389044 1.4325478076934814 629
1727305389082 1.4325852394104004 630
1727305389120 1.432551383972168 631
1727305389162 1.432581901550293 632
1727305389202 1.4325478076934814 633
1727305389240 1.4325852394104004 634
1727305389279 1.432551383972168 635
1727305389316 1.432581901550293 636
1727305389353 1.4325478076934814 637
1727305389391 1.4325852394104004 638
1727305389429 1.432551383972168 639
1727305389465 1.432581901550293 640
1727305389502 1.4325478076934814 641
1727305389540 1.4325852394104004 642
1727305389578 1.432551383972168 643
1727305389616 1.432581901550293 644
1727305389658 1.4325478076934814 645
1727305389695 1.4325852394104004 646
1727305389732 1.432551383972168 647
1727305389768 1.432581901550293 648
1727305389804 1.4325478076934814 649
1727305389841 1.4325852394104004 650
1727305389876 1.432551383972168 651
1727305389913 1.432581901550293 652
1727305389952 1.4325478076934814 653
1727305389989 1.4325852394104004 654
1727305390024 1.432551383972168 655
1727305390060 1.432581901550293 656
1727305390099 1.4325478076934814 657
1727305390138 1.4325852394104004 658
1727305390176 1.432551383972168 659
1727305390214 1.432581901550293 660
1727305390252 1.4325478076934814 661
1727305390290 1.4325852394104004 662
1727305390325 1.432551383972168 663
1727305390362 1.432581901550293 664
1727305390399 1.4325478076934814 665
1727305390437 1.4325852394104004 666
1727305390475 1.432551383972168 667
1727305390512 1.432581901550293 668
1727305390550 1.4325478076934814 669
1727305390587 1.4325852394104004 670
1727305390624 1.432551383972168 671
1727305390660 1.432581901550293 672
1727305390696 1.4325478076934814 673
1727305390733 1.4325852394104004 674
1727305390770 1.432551383972168 675
1727305390808 1.432581901550293 676
1727305390845 1.4325478076934814 677
1727305390883 1.4325852394104004 678
1727305390920 1.432551383972168 679
1727305390958 1.432581901550293 680
1727305390995 1.4325478076934814 681
1727305391032 1.4325852394104004 682
1727305391068 1.432551383972168 683
1727305391103 1.432581901550293 684
1727305391143 1.4325478076934814 685
1727305391180 1.4325852394104004 686
1727305391219 1.432551383972168 687
1727305391256 1.432581901550293 688
1727305391293 1.4325478076934814 689
1727305391331 1.4325852394104004 690
1727305391369 1.432551383972168 691
1727305391412 1.432581901550293 692
1727305391450 1.4325478076934814 693
1727305391486 1.4325852394104004 694
1727305391524 1.432551383972168 695
1727305391561 1.432581901550293 696
1727305391600 1.4325478076934814 697
1727305391637 1.4325852394104004 698
1727305391673 1.432551383972168 699
1727305391709 1.432581901550293 700
1727305391745 1.4325478076934814 701
1727305391782 1.4325852394104004 702
1727305391820 1.432551383972168 703
1727305391855 1.432581901550293 704
1727305391890 1.4325478076934814 705
1727305391927 1.4325852394104004 706
1727305391966 1.432551383972168 707
1727305392001 1.432581901550293 708
1727305392038 1.4325478076934814 709
1727305392075 1.4325852394104004 710
1727305392115 1.432551383972168 711
1727305392153 1.432581901550293 712
1727305392190 1.4325478076934814 713
1727305392229 1.4325852394104004 714
1727305392268 1.432551383972168 715
1727305392305 1.432581901550293 716
1727305392343 1.4325478076934814 717
1727305392377 1.4325852394104004 718
1727305392412 1.432551383972168 719
1727305392449 1.432581901550293 720
1727305392486 1.4325478076934814 721
1727305392523 1.4325852394104004 722
1727305392558 1.432551383972168 723
1727305392593 1.432581901550293 724
1727305392630 1.4325478076934814 725
1727305392667 1.4325852394104004 726
1727305392704 1.432551383972168 727
1727305392740 1.432581901550293 728
1727305392776 1.4325478076934814 729
1727305392814 1.4325852394104004 730
1727305392851 1.432551383972168 731
1727305392889 1.432581901550293 732
1727305392928 1.4325478076934814 733
1727305392972 1.4325852394104004 734
1727305393010 1.432551383972168 735
1727305393047 1.432581901550293 736
1727305393085 1.4325478076934814 737
1727305393124 1.4325852394104004 738
1727305393162 1.432551383972168 739
1727305393198 1.432581901550293 740
1727305393236 1.4325478076934814 741
1727305393273 1.4325852394104004 742
1727305393309 1.432551383972168 743
1727305393348 1.432581901550293 744
1727305393385 1.4325478076934814 745
1727305393423 1.4325852394104004 746
1727305393463 1.432551383972168 747
1727305393504 1.432581901550293 748
1727305393542 1.4325478076934814 749
1727305393581 1.4325852394104004 750
1727305393620 1.432551383972168 751
1727305393657 1.432581901550293 752
1727305393698 1.4325478076934814 753
1727305393737 1.4325852394104004 754
1727305393777 1.432551383972168 755
1727305393813 1.432581901550293 756
1727305393851 1.4325478076934814 757
1727305393887 1.4325852394104004 758
1727305393923 1.432551383972168 759
1727305393960 1.432581901550293 760
1727305393997 1.4325478076934814 761
1727305394033 1.4325852394104004 762
1727305394069 1.432551383972168 763
1727305394104 1.432581901550293 764
1727305394140 1.4325478076934814 765
1727305394176 1.4325852394104004 766
1727305394212 1.432551383972168 767
1727305394248 1.432581901550293 768
1727305394285 1.4325478076934814 769
1727305394322 1.4325852394104004 770
1727305394360 1.432551383972168 771
1727305394399 1.432581901550293 772
1727305394437 1.4325478076934814 773
1727305394475 1.4325852394104004 774
1727305394512 1.432551383972168 775
1727305394548 1.432581901550293 776
1727305394583 1.4325478076934814 777
1727305394619 1.4325852394104004 778
1727305394656 1.432551383972168 779
1727305394692 1.432581901550293 780
1727305394728 1.4325478076934814 781
1727305394766 1.4325852394104004 782
1727305394804 1.432551383972168 783
1727305394841 1.432581901550293 784
1727305394879 1.4325478076934814 785
1727305394920 1.4325852394104004 786
1727305394958 1.432551383972168 787
1727305394995 1.432581901550293 788
1727305395032 1.4325478076934814 789
1727305395067 1.4325852394104004 790
1727305395103 1.432551383972168 791
1727305395140 1.432581901550293 792
1727305395178 1.4325478076934814 793
1727305395215 1.4325852394104004 794
1727305395252 1.432551383972168 795
1727305395289 1.432581901550293 796
1727305395326 1.4325478076934814 797
1727305395363 1.4325852394104004 798
1727305395401 1.432551383972168 799
1727305395437 1.432581901550293 800
1727305395475 1.4325478076934814 801
1727305395512 1.4325852394104004 802
1727305395549 1.432551383972168 803
1727305395585 1.432581901550293 804
1727305395622 1.4325478076934814 805
1727305395659 1.4325852394104004 806
1727305395698 1.432551383972168 807
1727305395735 1.432581901550293 808
1727305395772 1.4325478076934814 809
1727305395811 1.4325852394104004 810
1727305395849 1.432551383972168 811
1727305395887 1.432581901550293 812
1727305395924 1.4325478076934814 813
1727305395960 1.4325852394104004 814
1727305395997 1.432551383972168 815
1727305396035 1.432581901550293 816
1727305396070 1.4325478076934814 817
1727305396105 1.4325852394104004 818
1727305396140 1.432551383972168 819
1727305396176 1.432581901550293 820
1727305396213 1.4325478076934814 821
1727305396249 1.4325852394104004 822
1727305396286 1.432551383972168 823
1727305396325 1.432581901550293 824
1727305396362 1.4325478076934814 825
1727305396400 1.4325852394104004 826
1727305396440 1.432551383972168 827
1727305396479 1.432581901550293 828
1727305396517 1.4325478076934814 829
1727305396556 1.4325852394104004 830
1727305396595 1.432551383972168 831
1727305396634 1.432581901550293 832
1727305396673 1.4325478076934814 833
1727305396714 1.4325852394104004 834
1727305396754 1.432551383972168 835
1727305396809 1.432581901550293 836
1727305396863 1.4325478076934814 837
1727305396908 1.4325852394104004 838
1727305396950 1.432551383972168 839
1727305396997 1.432581901550293 840
1727305397040 1.4325478076934814 841
1727305397083 1.4325852394104004 842
1727305397128 1.432551383972168 843
1727305397186 1.432581901550293 844
1727305397235 1.4325478076934814 845
1727305397277 1.4325852394104004 846
1727305397322 1.432551383972168 847
1727305397366 1.432581901550293 848
1727305397414 1.4325478076934814 849
1727305397463 1.4325852394104004 850
1727305397506 1.432551383972168 851
1727305397549 1.432581901550293 852
1727305397592 1.4325478076934814 853
1727305397635 1.4325852394104004 854
1727305397676 1.432551383972168 855
1727305397716 1.432581901550293 856
1727305397754 1.4325478076934814 857
1727305397791 1.4325852394104004 858
1727305397829 1.432551383972168 859
1727305397865 1.432581901550293 860
1727305397902 1.4325478076934814 861
1727305397940 1.4325852394104004 862
1727305397976 1.432551383972168 863
1727305398014 1.432581901550293 864
1727305398051 1.4325478076934814 865
1727305398088 1.4325852394104004 866
1727305398125 1.432551383972168 867
1727305398161 1.432581901550293 868
1727305398198 1.4325478076934814 869
1727305398234 1.4325852394104004 870
1727305398271 1.432551383972168 871
1727305398309 1.432581901550293 872
1727305398346 1.4325478076934814 873
1727305398381 1.4325852394104004 874
1727305398417 1.432551383972168 875
1727305398454 1.432581901550293 876
1727305398491 1.4325478076934814 877
1727305398528 1.4325852394104004 878
1727305398567 1.432551383972168 879
1727305398608 1.432581901550293 880
1727305398649 1.4325478076934814 881
1727305398687 1.4325852394104004 882
1727305398727 1.432551383972168 883
1727305398768 1.432581901550293 884
1727305398807 1.4325478076934814 885
1727305398846 1.4325852394104004 886
1727305398886 1.432551383972168 887
1727305398926 1.432581901550293 888
1727305398972 1.4325478076934814 889
1727305399007 1.4325852394104004 890
1727305399043 1.432551383972168 891
1727305399079 1.432581901550293 892
1727305399117 1.4325478076934814 893
1727305399152 1.4325852394104004 894
1727305399189 1.432551383972168 895
1727305399226 1.432581901550293 896
1727305399262 1.4325478076934814 897
1727305399303 1.4325852394104004 898
1727305399342 1.432551383972168 899
1727305399379 1.432581901550293 900
1727305399414 1.4325478076934814 901
1727305399450 1.4325852394104004 902
1727305399486 1.432551383972168 903
1727305399525 1.432581901550293 904
1727305399564 1.4325478076934814 905
1727305399600 1.4325852394104004 906
1727305399638 1.432551383972168 907
1727305399674 1.432581901550293 908
1727305399711 1.4325478076934814 909
1727305399748 1.4325852394104004 910
1727305399784 1.432551383972168 911
1727305399821 1.432581901550293 912
1727305399857 1.4325478076934814 913
1727305399894 1.4325852394104004 914
1727305399931 1.432551383972168 915
1727305399967 1.432581901550293 916
1727305400005 1.4325478076934814 917
1727305400041 1.4325852394104004 918
1727305400079 1.432551383972168 919
1727305400115 1.432581901550293 920
1727305400157 1.4325478076934814 921
1727305400203 1.4325852394104004 922
1727305400254 1.432551383972168 923
1727305400307 1.432581901550293 924
1727305400348 1.4325478076934814 925
1727305400391 1.4325852394104004 926
1727305400437 1.432551383972168 927
1727305400482 1.432581901550293 928
1727305400528 1.4325478076934814 929
1727305400573 1.4325852394104004 930
1727305400618 1.432551383972168 931
1727305400664 1.432581901550293 932
1727305400709 1.4325478076934814 933
1727305400754 1.4325852394104004 934
1727305400806 1.432551383972168 935
1727305400851 1.432581901550293 936
1727305400896 1.4325478076934814 937
1727305400940 1.4325852394104004 938
1727305400988 1.432551383972168 939
1727305401045 1.432581901550293 940
1727305401091 1.4325478076934814 941
1727305401137 1.4325852394104004 942
1727305401185 1.432551383972168 943
1727305401233 1.432581901550293 944
1727305401280 1.4325478076934814 945
1727305401328 1.4325852394104004 946
1727305401384 1.432551383972168 947
1727305401434 1.432581901550293 948
1727305401477 1.4325478076934814 949
1727305401518 1.4325852394104004 950
1727305401561 1.432551383972168 951
1727305401605 1.432581901550293 952
1727305401644 1.4325478076934814 953
1727305401686 1.4325852394104004 954
1727305401726 1.432551383972168 955
1727305401766 1.432581901550293 956
1727305401805 1.4325478076934814 957
1727305401844 1.4325852394104004 958
1727305401886 1.432551383972168 959
1727305401926 1.432581901550293 960
1727305401963 1.4325478076934814 961
1727305402000 1.4325852394104004 962
1727305402037 1.432551383972168 963
1727305402073 1.432581901550293 964
1727305402109 1.4325478076934814 965
1727305402144 1.4325852394104004 966
1727305402182 1.432551383972168 967
1727305402219 1.432581901550293 968
1727305402256 1.4325478076934814 969
1727305402292 1.4325852394104004 970
1727305402329 1.432551383972168 971
1727305402365 1.432581901550293 972
1727305402402 1.4325478076934814 973
1727305402438 1.4325852394104004 974
1727305402473 1.432551383972168 975
1727305402509 1.432581901550293 976
1727305402548 1.4325478076934814 977
1727305402585 1.4325852394104004 978
1727305402621 1.432551383972168 979
1727305402656 1.432581901550293 980
1727305402693 1.4325478076934814 981
1727305402729 1.4325852394104004 982
1727305402766 1.432551383972168 983
1727305402802 1.432581901550293 984
1727305402840 1.4325478076934814 985
1727305402876 1.4325852394104004 986
1727305402912 1.432551383972168 987
1727305402949 1.432581901550293 988
1727305402986 1.4325478076934814 989
1727305403025 1.4325852394104004 990
1727305403062 1.432551383972168 991
1727305403103 1.432581901550293 992
1727305403141 1.4325478076934814 993
1727305403182 1.4325852394104004 994
1727305403219 1.432551383972168 995
1727305403256 1.432581901550293 996
1727305403292 1.4325478076934814 997
1727305403328 1.4325852394104004 998
1727305403363 1.432551383972168 999
