1727297950763 2.3379364013671875 0
1727297950811 2.2226271629333496 1
1727297950858 2.2249696254730225 2
1727297950903 2.2835628986358643 3
1727297950949 2.274091958999634 4
1727297950992 2.1757848262786865 5
1727297951038 2.2179062366485596 6
1727297951085 2.169008731842041 7
1727297951127 1.9789302349090576 8
1727297951172 2.1992318630218506 9
1727297951216 2.136599540710449 10
1727297951259 2.2218568325042725 11
1727297951302 2.070375442504883 12
1727297951349 2.265451431274414 13
1727297951395 2.207977771759033 14
1727297951440 2.1672940254211426 15
1727297951484 2.1820602416992188 16
1727297951529 2.212982654571533 17
1727297951579 1.915797233581543 18
1727297951621 2.117424726486206 19
1727297951666 1.9816290140151978 20
1727297951710 2.0144705772399902 21
1727297951756 2.221705198287964 22
1727297951798 2.101375102996826 23
1727297951845 2.215592861175537 24
1727297951888 2.2113969326019287 25
1727297951933 2.114118814468384 26
1727297951978 2.2044448852539062 27
1727297952021 2.22452449798584 28
1727297952066 2.1723005771636963 29
1727297952110 2.104214668273926 30
1727297952154 2.255397319793701 31
1727297952197 2.183499813079834 32
1727297952241 2.102632761001587 33
1727297952284 2.1427440643310547 34
1727297952330 2.1409730911254883 35
1727297952374 2.196493148803711 36
1727297952417 2.1974024772644043 37
1727297952461 2.2082507610321045 38
1727297952506 2.110569715499878 39
1727297952550 2.183933973312378 40
1727297952599 2.1052098274230957 41
1727297952644 1.940793514251709 42
1727297952683 2.1905810832977295 43
1727297952721 2.197929859161377 44
1727297952759 2.2520527839660645 45
1727297952797 2.244983196258545 46
1727297952845 2.185511827468872 47
1727297952883 2.239673614501953 48
1727297952920 2.195599317550659 49
1727297952963 2.194546699523926 50
1727297953002 2.2331771850585938 51
1727297953042 2.125025749206543 52
1727297953079 2.1564154624938965 53
1727297953123 2.080883026123047 54
1727297953160 2.128556251525879 55
1727297953197 2.2554116249084473 56
1727297953251 2.224069356918335 57
1727297953292 2.1983120441436768 58
1727297953336 2.130953311920166 59
1727297953385 2.2302346229553223 60
1727297953429 2.208575963973999 61
1727297953466 2.1831533908843994 62
1727297953507 2.128011703491211 63
1727297953543 2.143375873565674 64
1727297953586 2.1292052268981934 65
1727297953628 2.2658183574676514 66
1727297953664 2.013455390930176 67
1727297953702 2.1517579555511475 68
1727297953749 2.270151138305664 69
1727297953799 2.209588050842285 70
1727297953844 2.156038284301758 71
1727297953892 2.2039694786071777 72
1727297953938 2.1190972328186035 73
1727297953982 2.1218273639678955 74
1727297954029 2.191086769104004 75
1727297954070 2.1176679134368896 76
1727297954108 2.1562743186950684 77
1727297954146 2.2207236289978027 78
1727297954182 2.235935688018799 79
1727297954216 2.118502140045166 80
1727297954253 1.9874184131622314 81
1727297954296 2.1159682273864746 82
1727297954343 2.0492568016052246 83
1727297954386 2.2559447288513184 84
1727297954435 2.174074649810791 85
1727297954479 2.146137237548828 86
1727297954527 2.1570048332214355 87
1727297954568 2.0742292404174805 88
1727297954620 2.2441933155059814 89
1727297954663 2.288609504699707 90
1727297954705 2.0758562088012695 91
1727297954746 2.193148136138916 92
1727297954788 2.1538848876953125 93
1727297954833 2.1935057640075684 94
1727297954879 2.195058584213257 95
1727297954923 2.201747179031372 96
1727297954970 2.247164487838745 97
1727297955013 2.0544235706329346 98
1727297955057 2.179854393005371 99
1727297955103 2.1927084922790527 100
1727297955142 2.0111703872680664 101
1727297955180 2.2241549491882324 102
1727297955230 2.1121833324432373 103
1727297955273 2.241823196411133 104
1727297955323 2.1817800998687744 105
1727297955366 2.113147020339966 106
1727297955403 2.2437970638275146 107
1727297955439 2.2436611652374268 108
1727297955486 2.2749485969543457 109
1727297955527 2.094820022583008 110
1727297955568 2.1950857639312744 111
1727297955616 2.1467602252960205 112
1727297955667 2.137399196624756 113
1727297955711 2.2023816108703613 114
1727297955758 2.205982208251953 115
1727297955804 2.07322096824646 116
1727297955847 2.1676430702209473 117
1727297955884 2.124439001083374 118
1727297955924 2.055812358856201 119
1727297955963 2.200240135192871 120
1727297956001 2.2061917781829834 121
1727297956039 2.222071647644043 122
1727297956077 2.1286795139312744 123
1727297956127 2.22714900970459 124
1727297956170 2.1666128635406494 125
1727297956219 2.2118632793426514 126
1727297956270 2.1311542987823486 127
1727297956324 2.2085742950439453 128
1727297956383 2.0900256633758545 129
1727297956432 2.2186310291290283 130
1727297956480 2.300575017929077 131
1727297956533 2.2969424724578857 132
1727297956593 2.2122058868408203 133
1727297956650 2.189877986907959 134
1727297956722 2.1770474910736084 135
1727297956788 2.1284847259521484 136
1727297956849 2.1708076000213623 137
1727297956915 2.18381404876709 138
1727297956984 2.1177964210510254 139
1727297957042 2.2062830924987793 140
1727297957100 2.1131956577301025 141
1727297957162 2.078838348388672 142
1727297957226 2.2271487712860107 143
1727297957287 2.300893783569336 144
1727297957348 2.1289596557617188 145
1727297957416 2.0145599842071533 146
1727297957484 2.2827816009521484 147
1727297957549 2.2148077487945557 148
1727297957613 2.1544289588928223 149
1727297957676 2.210200071334839 150
1727297957737 2.00522518157959 151
1727297957793 2.2725930213928223 152
1727297957858 2.1029295921325684 153
1727297957934 2.0995569229125977 154
1727297957999 2.2351768016815186 155
1727297958058 2.1782875061035156 156
1727297958116 2.153341293334961 157
1727297958173 2.0720129013061523 158
1727297958233 2.309825897216797 159
1727297958293 2.216487407684326 160
1727297958338 2.145191192626953 161
1727297958388 2.1423542499542236 162
1727297958440 2.1402969360351562 163
1727297958491 2.151097536087036 164
1727297958543 2.1704442501068115 165
1727297958599 2.1309356689453125 166
1727297958647 2.0336813926696777 167
1727297958704 2.1780548095703125 168
1727297958762 2.0327398777008057 169
1727297958817 2.1644976139068604 170
1727297958872 2.2123539447784424 171
1727297958926 2.0889804363250732 172
1727297958985 2.095886707305908 173
1727297959058 2.199899196624756 174
1727297959133 2.231085777282715 175
1727297959180 2.2577478885650635 176
1727297959242 2.215843439102173 177
1727297959297 2.1320457458496094 178
1727297959346 2.1604700088500977 179
1727297959387 2.127175807952881 180
1727297959437 2.1452367305755615 181
1727297959490 2.2159740924835205 182
1727297959547 2.2693839073181152 183
1727297959603 2.1594390869140625 184
1727297959659 2.2913594245910645 185
1727297959705 2.1426258087158203 186
1727297959749 2.135012626647949 187
1727297959795 2.2137584686279297 188
1727297959843 2.2947139739990234 189
1727297959886 2.0575056076049805 190
1727297959932 1.9631463289260864 191
1727297959982 2.1914052963256836 192
1727297960027 2.079476833343506 193
1727297960071 2.2377498149871826 194
1727297960118 2.2325849533081055 195
1727297960164 2.215421199798584 196
1727297960208 2.3037567138671875 197
1727297960256 2.2772018909454346 198
1727297960300 2.0344748497009277 199
1727297960337 2.2313694953918457 200
1727297960376 2.2524254322052 201
1727297960413 2.138115882873535 202
1727297960451 2.0901293754577637 203
1727297960490 1.8792052268981934 204
1727297960527 1.7978110313415527 205
1727297960563 1.7777020931243896 206
1727297960600 2.1583540439605713 207
1727297960637 2.122859239578247 208
1727297960677 2.28701114654541 209
1727297960714 2.267451047897339 210
1727297960752 2.174394130706787 211
1727297960787 2.119875192642212 212
1727297960826 2.152758836746216 213
1727297960866 2.147797107696533 214
1727297960904 2.2629847526550293 215
1727297960941 2.252088785171509 216
1727297960980 2.2397875785827637 217
1727297961017 2.248504877090454 218
1727297961055 2.133638858795166 219
1727297961091 2.025075912475586 220
1727297961129 2.196399450302124 221
1727297961166 2.18776535987854 222
1727297961203 2.2322421073913574 223
1727297961239 2.24027681350708 224
1727297961278 2.2389328479766846 225
1727297961319 2.174652576446533 226
1727297961362 2.1073360443115234 227
1727297961398 2.214303493499756 228
1727297961436 2.2863707542419434 229
1727297961474 2.2717628479003906 230
1727297961512 2.1966354846954346 231
1727297961549 2.135057210922241 232
1727297961586 2.0909690856933594 233
1727297961623 2.162946939468384 234
1727297961661 2.1933443546295166 235
1727297961698 2.22951602935791 236
1727297961755 2.209045171737671 237
1727297961816 2.206993341445923 238
1727297961870 2.288005828857422 239
1727297961925 2.184349536895752 240
1727297961977 2.226210117340088 241
1727297962021 2.249467372894287 242
1727297962072 2.036215305328369 243
1727297962126 2.164238929748535 244
1727297962179 2.1006972789764404 245
1727297962226 2.1443896293640137 246
1727297962269 2.192869186401367 247
1727297962315 2.1906068325042725 248
1727297962361 2.1861512660980225 249
1727297962408 2.2289419174194336 250
1727297962452 2.19124174118042 251
1727297962497 2.002084732055664 252
1727297962549 2.1280713081359863 253
1727297962609 2.0532474517822266 254
1727297962654 2.015194892883301 255
1727297962699 2.268402099609375 256
1727297962744 2.164996385574341 257
1727297962793 2.184570789337158 258
1727297962840 2.2642087936401367 259
1727297962894 2.178588628768921 260
1727297962940 2.1734354496002197 261
1727297962987 2.230550765991211 262
1727297963034 2.268454074859619 263
1727297963080 2.1315720081329346 264
1727297963128 2.2193031311035156 265
1727297963189 2.2698748111724854 266
1727297963250 2.284531354904175 267
1727297963290 2.1166677474975586 268
1727297963330 2.2544541358947754 269
1727297963372 2.181265354156494 270
1727297963417 2.019057273864746 271
1727297963458 2.1490631103515625 272
1727297963496 2.251655340194702 273
1727297963535 2.227797031402588 274
1727297963579 2.1395585536956787 275
1727297963624 2.030839681625366 276
1727297963669 2.2029309272766113 277
1727297963714 2.2690603733062744 278
1727297963755 2.1967804431915283 279
1727297963795 2.029480457305908 280
1727297963837 2.1749837398529053 281
1727297963882 2.2092206478118896 282
1727297963921 2.2551181316375732 283
1727297963959 2.2467708587646484 284
1727297963996 2.18768310546875 285
1727297964038 2.1340367794036865 286
1727297964079 2.1998684406280518 287
1727297964123 2.2197141647338867 288
1727297964169 2.2254221439361572 289
1727297964209 2.236436605453491 290
1727297964254 1.9763585329055786 291
1727297964294 2.18868350982666 292
1727297964345 2.2666726112365723 293
1727297964392 2.147523880004883 294
1727297964436 2.215989351272583 295
1727297964482 2.2437405586242676 296
1727297964526 2.032149314880371 297
1727297964571 2.1995155811309814 298
1727297964614 2.2080492973327637 299
1727297964659 2.2257611751556396 300
1727297964701 2.280153274536133 301
1727297964739 2.2007875442504883 302
1727297964776 2.198059558868408 303
1727297964814 2.2369935512542725 304
1727297964853 2.20231294631958 305
1727297964901 2.2456610202789307 306
1727297964947 2.1225881576538086 307
1727297964985 2.2549402713775635 308
1727297965022 2.2951548099517822 309
1727297965068 2.2066707611083984 310
1727297965114 2.094440221786499 311
1727297965155 1.988503098487854 312
1727297965195 2.147683620452881 313
1727297965236 2.129270315170288 314
1727297965278 2.195740222930908 315
1727297965317 2.1242949962615967 316
1727297965357 2.1439762115478516 317
1727297965401 2.1938529014587402 318
1727297965437 2.1499481201171875 319
1727297965483 2.0193212032318115 320
1727297965521 2.265066146850586 321
1727297965562 2.2033848762512207 322
1727297965605 2.153353452682495 323
1727297965657 2.157834053039551 324
1727297965705 2.2171809673309326 325
1727297965747 2.2814266681671143 326
1727297965790 2.3127846717834473 327
1727297965831 2.3042163848876953 328
1727297965870 1.9821674823760986 329
1727297965916 2.098813056945801 330
1727297965959 2.227903127670288 331
1727297966005 2.2273168563842773 332
1727297966044 2.2581794261932373 333
1727297966082 2.221978187561035 334
1727297966129 2.2724528312683105 335
1727297966176 2.141310453414917 336
1727297966222 2.159360885620117 337
1727297966264 2.0232179164886475 338
1727297966306 2.073896884918213 339
1727297966349 2.0117225646972656 340
1727297966393 1.9441629648208618 341
1727297966433 1.862850546836853 342
1727297966473 1.982470154762268 343
1727297966515 1.861539363861084 344
1727297966562 2.1420185565948486 345
1727297966599 2.17018723487854 346
1727297966644 2.0476748943328857 347
1727297966684 1.9887652397155762 348
1727297966720 2.101914882659912 349
1727297966761 2.250051498413086 350
1727297966804 2.259197235107422 351
1727297966842 2.209939479827881 352
1727297966883 2.1413516998291016 353
1727297966926 2.0342280864715576 354
1727297966963 1.851583480834961 355
1727297967000 1.7900811433792114 356
1727297967042 1.7443101406097412 357
1727297967079 1.7197600603103638 358
1727297967114 1.6970852613449097 359
1727297967161 2.1264476776123047 360
1727297967204 2.2032370567321777 361
1727297967246 2.2378149032592773 362
1727297967285 2.1316728591918945 363
1727297967336 2.196467161178589 364
1727297967399 2.0931570529937744 365
1727297967447 1.8992918729782104 366
1727297967501 1.7195252180099487 367
1727297967559 1.605827808380127 368
1727297967603 1.5284972190856934 369
1727297967649 1.4899176359176636 370
1727297967687 1.433624029159546 371
1727297967726 1.4003429412841797 372
1727297967774 1.3510328531265259 373
1727297967820 1.3133528232574463 374
1727297967861 1.3056116104125977 375
1727297967905 1.2995350360870361 376
1727297967951 1.2928886413574219 377
1727297967992 1.2855427265167236 378
1727297968033 1.277314305305481 379
1727297968078 1.267927885055542 380
1727297968119 1.2569329738616943 381
1727297968156 1.2463477849960327 382
1727297968205 1.2382394075393677 383
1727297968252 1.2344979047775269 384
1727297968299 1.2344979047775269 385
