1727302385990 2e-05 0
1727302386026 4.02886438369751 1
1727302386061 4.4721360206604 2
1727302386098 5.099019527435303 3
1727302386133 4.0 4
1727302386169 5.099019527435303 5
1727302386204 4.4721360206604 6
1727302386240 4.690415859222412 7
1727302386275 4.898979663848877 8
1727302386308 4.4721360206604 9
1727302386342 4.690415859222412 10
1727302386375 4.690415859222412 11
1727302386409 4.898979663848877 12
1727302386443 4.898979663848877 13
1727302386476 4.690415859222412 14
1727302386510 4.690415859222412 15
1727302386543 5.099019527435303 16
1727302386578 4.898979663848877 17
1727302386611 4.898979663848877 18
1727302386645 5.099019527435303 19
1727302386679 4.898979663848877 20
1727302386713 3.464101552963257 21
1727302386747 4.242640495300293 22
1727302386781 4.898979663848877 23
1727302386816 4.690415859222412 24
1727302386849 4.690415859222412 25
1727302386884 4.898979663848877 26
1727302386918 4.4721360206604 27
1727302386953 5.099019527435303 28
1727302386988 4.690415859222412 29
1727302387023 4.690415859222412 30
1727302387058 5.4772257804870605 31
1727302387094 5.099019527435303 32
1727302387130 5.099019527435303 33
1727302387165 5.099019527435303 34
1727302387199 4.242640495300293 35
1727302387233 4.898979663848877 36
1727302387268 5.099019527435303 37
1727302387304 5.099019527435303 38
1727302387339 5.291502475738525 39
1727302387376 5.099019527435303 40
1727302387410 5.4772257804870605 41
1727302387444 5.099019527435303 42
1727302387478 5.099019527435303 43
1727302387512 4.690415859222412 44
1727302387546 4.242640495300293 45
1727302387579 4.690415859222412 46
1727302387613 4.242640495300293 47
1727302387647 5.099019527435303 48
1727302387681 4.898979663848877 49
1727302387715 5.099019527435303 50
1727302387750 5.291502475738525 51
1727302387784 4.690415859222412 52
1727302387819 4.0 53
1727302387854 4.4721360206604 54
1727302387889 5.099019527435303 55
1727302387923 5.291502475738525 56
1727302387957 5.099019527435303 57
1727302387991 4.690415859222412 58
1727302388026 4.898979663848877 59
1727302388060 5.291502475738525 60
1727302388095 4.898979663848877 61
1727302388130 4.0 62
1727302388165 4.690415859222412 63
1727302388199 5.099019527435303 64
1727302388233 5.291502475738525 65
1727302388273 5.291502475738525 66
1727302388313 5.291502475738525 67
1727302388354 4.690415859222412 68
1727302388391 5.099019527435303 69
1727302388428 4.690415859222412 70
1727302388465 3.464101552963257 71
1727302388502 0.0 72
