1726502402199 0.0 0
1726502402267 0.0 1
1726502402320 0.0 2
1726502402370 0.0 3
1726502402425 0.0 4
1726502402478 0.0 5
1726502402533 0.0 6
1726502402592 0.0 7
1726502402656 0.0 8
1726502402708 0.0 9
1726502402767 0.0 10
1726502402829 0.0 11
1726502402890 0.0 12
1726502402960 0.0 13
1726502403017 0.0 14
1726502403077 0.0 15
1726502403135 0.0 16
1726502403192 0.0 17
1726502403247 0.0 18
1726502403301 0.0 19
1726502403358 0.0 20
1726502403411 0.0 21
1726502403464 0.0 22
1726502403519 0.0 23
1726502403574 0.0 24
1726502403627 0.0 25
1726502403680 0.0 26
1726502403733 0.0 27
1726502403785 0.0 28
1726502403838 0.0 29
1726502403889 0.0 30
1726502403942 0.0 31
1726502404018 0.0 32
1726502404104 0.0 33
1726502404186 0.0 34
1726502404246 0.0 35
1726502404304 0.0 36
1726502404358 0.0 37
1726502404410 0.0 38
1726502404463 0.0 39
1726502404514 0.0 40
1726502404565 0.0 41
1726502404617 0.0 42
1726502404672 0.0 43
1726502404727 0.0 44
1726502404779 0.0 45
1726502404832 0.0 46
1726502404883 0.0 47
1726502404935 0.0 48
1726502404990 0.0 49
1726502405051 0.0 50
1726502405109 0.0 51
1726502405167 0.0 52
1726502405221 0.0 53
1726502405277 0.0 54
1726502405335 0.0 55
1726502405392 0.0 56
1726502405446 0.0 57
1726502405500 0.0 58
1726502405558 0.0 59
1726502405612 0.0 60
1726502405663 0.0 61
1726502405717 0.0 62
1726502405769 0.0 63
1726502405822 0.0 64
1726502405872 0.0 65
1726502405928 0.0 66
1726502406008 0.0 67
1726502406080 0.0 68
1726502406145 0.0 69
1726502406202 0.0 70
1726502406286 0.0 71
1726502406340 0.0 72
1726502406393 0.0 73
1726502406446 0.0 74
1726502406513 0.0 75
1726502406574 0.0 76
1726502406634 0.0 77
1726502406689 0.0 78
1726502406750 0.0 79
1726502406816 0.0 80
1726502406879 0.0 81
1726502406938 0.0 82
1726502406993 0.0 83
1726502407053 0.0 84
1726502407104 0.0 85
1726502407162 0.0 86
1726502407214 0.0 87
1726502407270 0.0 88
1726502407321 0.0 89
1726502407377 0.0 90
1726502407430 0.0 91
1726502407481 0.0 92
1726502407537 0.0 93
1726502407588 0.0 94
1726502407642 0.0 95
1726502407700 0.0 96
1726502407756 0.0 97
1726502407814 0.0 98
1726502407874 0.0 99
1726502407929 0.0 100
1726502407984 0.0 101
1726502408041 0.0 102
1726502408098 0.0 103
1726502408153 0.0 104
1726502408211 0.0 105
1726502408280 0.0 106
1726502408345 0.0 107
1726502408408 0.0 108
1726502408465 0.0 109
1726502408531 0.0 110
1726502408602 0.0 111
1726502408669 0.0 112
1726502408730 0.0 113
1726502408798 0.0 114
1726502408872 0.0 115
1726502408948 0.0 116
1726502409015 0.0 117
1726502409077 0.0 118
1726502409148 0.0 119
1726502409211 0.0 120
1726502409298 0.0 121
1726502409374 0.0 122
1726502409436 0.0 123
1726502409502 0.0 124
1726502409561 0.0 125
1726502409627 0.0 126
1726502409693 0.0 127
1726502409762 0.0 128
1726502409831 0.0 129
1726502409892 0.0 130
1726502409951 0.0 131
1726502410020 0.0 132
1726502410079 0.0 133
1726502410135 0.0 134
1726502410189 0.0 135
