1727306542208 2e-05 0
1727306542253 -0.34755492210388184 1
1727306542291 4.8127641677856445 2
1727306542327 -4.662942171096802 3
1727306542362 -0.23457574844360352 4
1727306542397 0.17211580276489258 5
1727306542431 -0.09900426864624023 6
1727306542466 0.03390216827392578 7
1727306542501 0.0945580005645752 8
1727306542540 0.02950882911682129 9
1727306542578 -0.05771803855895996 10
1727306542616 -0.03450465202331543 11
1727306542653 0.11640262603759766 12
1727306542690 0.018474340438842773 13
1727306542729 -0.18256592750549316 14
1727306542767 -0.03479886054992676 15
1727306542807 4.008199214935303 16
1727306542843 -3.9788581132888794 17
1727306542883 0.13257968425750732 18
1727306542923 0.054425954818725586 19
1727306542958 0.0015554428100585938 20
1727306542994 -0.020564556121826172 21
1727306543028 0.05472230911254883 22
1727306543067 -0.16994667053222656 23
1727306543106 0.08105206489562988 24
1727306543142 0.019091129302978516 25
1727306543179 -0.33423149585723877 26
1727306543215 5.141887545585632 27
1727306543249 -4.903816223144531 28
1727306543284 -0.01644158363342285 29
1727306543320 0.1869220733642578 30
1727306543356 -0.2430884838104248 31
1727306543392 0.04843640327453613 32
1727306543427 0.12683534622192383 33
1727306543462 -0.007217884063720703 34
1727306543497 0.037139177322387695 35
1727306543533 0.032976627349853516 36
1727306543571 -0.0854485034942627 37
1727306543607 0.033267974853515625 38
1727306543643 0.060837745666503906 39
1727306543679 -0.1153404712677002 40
1727306543716 0.07303071022033691 41
1727306543754 0.06383371353149414 42
1727306543791 -0.0051729679107666016 43
1727306543827 -0.14079856872558594 44
1727306543865 0.14198946952819824 45
1727306543900 -0.06843328475952148 46
1727306543936 -0.0495295524597168 47
1727306543972 -0.10790419578552246 48
1727306544009 -0.08747494220733643 49
1727306544045 0.2173706293106079 50
1727306544081 -0.02130913734436035 51
1727306544118 0.04965496063232422 52
1727306544155 -0.1257178783416748 53
1727306544194 0.1401960849761963 54
1727306544230 -0.27268433570861816 55
1727306544265 0.31662583351135254 56
1727306544300 -0.005808591842651367 57
1727306544336 0.006715536117553711 58
1727306544372 -0.0952448844909668 59
1727306544408 -0.24458730220794678 60
1727306544446 0.23832190036773682 61
1727306544481 -0.00022983551025390625 62
1727306544518 0.08421707153320312 63
1727306544555 -0.31038713455200195 64
1727306544592 0.05438673496246338 65
1727306544629 0.15838563442230225 66
1727306544666 0.1388406753540039 67
1727306544702 -0.03121209144592285 68
1727306544738 -0.19559907913208008 69
1727306544776 0.12188291549682617 70
1727306544814 -0.03831291198730469 71
1727306544850 -0.10234498977661133 72
1727306544886 -0.011262655258178711 73
1727306544922 -0.034468770027160645 74
1727306544959 0.1650303602218628 75
1727306544996 3.8412253856658936 76
1727306545032 -3.7677829265594482 77
1727306545068 -0.1507425308227539 78
1727306545105 0.1299576759338379 79
1727306545139 -0.09880185127258301 80
1727306545175 -0.12176477909088135 81
1727306545211 0.060155630111694336 82
1727306545247 0.17016804218292236 83
1727306545284 -0.10741019248962402 84
1727306545320 0.1398484706878662 85
1727306545355 -0.09871697425842285 86
1727306545391 0.07219815254211426 87
1727306545426 -0.33321118354797363 88
1727306545462 0.2731010913848877 89
1727306545497 -0.16208481788635254 90
1727306545533 0.12601065635681152 91
1727306545570 4.632456064224243 92
1727306545605 -4.626436948776245 93
1727306545641 -0.10891640186309814 94
1727306545676 0.19533216953277588 95
1727306545712 -0.17244219779968262 96
1727306545748 0.24334144592285156 97
1727306545784 -0.10381960868835449 98
1727306545820 -0.11489248275756836 99
1727306545857 0.15843629837036133 100
1727306545895 0.06080150604248047 101
1727306545941 -0.20348763465881348 102
1727306545976 0.08102250099182129 103
1727306546011 0.03643608093261719 104
1727306546047 -0.10206770896911621 105
1727306546083 -0.11628460884094238 106
1727306546119 4.009597063064575 107
1727306546154 -3.8943560123443604 108
1727306546191 0.19689416885375977 109
1727306546226 -0.3901158571243286 110
1727306546263 0.10830509662628174 111
1727306546300 0.07811164855957031 112
1727306546337 0.006804943084716797 113
1727306546373 0.0901341438293457 114
1727306546409 -0.12942814826965332 115
1727306546445 0.06144595146179199 116
1727306546481 0.16043448448181152 117
1727306546517 -0.3517739772796631 118
1727306546553 0.21344351768493652 119
1727306546589 0.0571904182434082 120
1727306546625 -0.028378725051879883 121
1727306546662 -0.08280682563781738 122
1727306546699 0.12265563011169434 123
1727306546736 0.03266429901123047 124
1727306546772 -0.08782482147216797 125
1727306546813 0.04944419860839844 126
1727306546849 -0.11107921600341797 127
1727306546885 0.15523147583007812 128
1727306546922 -0.1827080249786377 129
1727306546958 0.03449273109436035 130
1727306546993 0.07584238052368164 131
1727306547029 0.08258771896362305 132
1727306547067 -0.2437230348587036 133
1727306547106 0.12349474430084229 134
1727306547146 0.04981660842895508 135
1727306547186 -0.12210702896118164 136
1727306547223 0.18412089347839355 137
1727306547260 -0.11872315406799316 138
1727306547297 -0.1443805694580078 139
1727306547334 4.004290342330933 140
1727306547369 -3.957232713699341 141
1727306547404 0.10453939437866211 142
1727306547440 0.0479884147644043 143
1727306547475 -0.12740159034729004 144
1727306547510 0.03387165069580078 145
1727306547546 0.05785632133483887 146
1727306547585 0.13826918601989746 147
1727306547622 -0.10326218605041504 148
1727306547657 0.09503602981567383 149
1727306547692 -0.0604395866394043 150
1727306547727 -0.14304757118225098 151
1727306547764 3.913822650909424 152
1727306547801 -3.8638246059417725 153
1727306547836 0.10457515716552734 154
1727306547871 -0.0794522762298584 155
1727306547908 0.07677435874938965 156
1727306547945 -0.03256034851074219 157
1727306547982 0.06414651870727539 158
1727306548017 -0.07430338859558105 159
1727306548053 0.08093428611755371 160
1727306548090 -0.05180168151855469 161
1727306548127 -0.12197208404541016 162
1727306548163 0.06423139572143555 163
1727306548200 0.0665583610534668 164
1727306548237 -0.14388322830200195 165
1727306548273 0.056066274642944336 166
1727306548310 -0.13070762157440186 167
1727306548346 0.2562328577041626 168
1727306548381 -0.12865018844604492 169
1727306548417 -0.8488060235977173 170
1727306548454 0.7930039167404175 171
1727306548490 0.1516437530517578 172
1727306548527 -0.08142423629760742 173
1727306548564 0.11587715148925781 174
1727306548601 -0.07178974151611328 175
1727306548637 0.035035133361816406 176
1727306548672 -0.20033001899719238 177
1727306548708 0.21606755256652832 178
1727306548745 -0.0006473064422607422 179
1727306548781 -0.08614730834960938 180
1727306548817 -0.8712888956069946 181
1727306548853 0.0 182
