1727307066395 2.014693021774292 0
1727307066432 2.014693021774292 1
1727307066469 2.014693021774292 2
1727307066505 2.014693021774292 3
1727307066540 2.014693021774292 4
1727307066575 2.014693021774292 5
1727307066612 2.014693021774292 6
1727307066650 2.014693021774292 7
1727307066688 2.014693021774292 8
1727307066724 2.014693021774292 9
1727307066761 2.014693021774292 10
1727307066799 2.014693021774292 11
1727307066837 2.014693021774292 12
1727307066874 2.014693021774292 13
1727307066912 2.014693021774292 14
1727307066950 2.014693021774292 15
1727307066988 2.014693021774292 16
1727307067024 2.014693021774292 17
1727307067060 2.014693021774292 18
1727307067097 2.014693021774292 19
1727307067133 2.014693021774292 20
1727307067171 2.014693021774292 21
1727307067211 2.014693021774292 22
1727307067249 2.014693021774292 23
1727307067288 2.014693021774292 24
1727307067325 2.014693021774292 25
1727307067362 2.014693021774292 26
1727307067399 2.014693021774292 27
1727307067436 2.014693021774292 28
1727307067474 2.014693021774292 29
1727307067512 2.014693021774292 30
1727307067548 2.014693021774292 31
1727307067585 2.014693021774292 32
1727307067622 2.014693021774292 33
1727307067660 2.014693021774292 34
1727307067699 2.014693021774292 35
1727307067736 2.014693021774292 36
1727307067773 2.014693021774292 37
1727307067810 2.014693021774292 38
1727307067848 2.014693021774292 39
1727307067885 2.014693021774292 40
1727307067923 2.014693021774292 41
1727307067971 2.014693021774292 42
1727307068014 2.014693021774292 43
1727307068052 2.014693021774292 44
1727307068092 2.014693021774292 45
1727307068132 2.014693021774292 46
1727307068173 2.014693021774292 47
1727307068209 2.014693021774292 48
1727307068246 2.014693021774292 49
1727307068283 2.014693021774292 50
1727307068320 2.014693021774292 51
1727307068358 2.014693021774292 52
1727307068394 2.014693021774292 53
1727307068432 2.014693021774292 54
1727307068470 2.014693021774292 55
1727307068507 2.014693021774292 56
1727307068544 2.014693021774292 57
1727307068587 2.014693021774292 58
1727307068625 2.014693021774292 59
1727307068660 2.014693021774292 60
1727307068696 2.014693021774292 61
1727307068732 2.014693021774292 62
1727307068769 2.014693021774292 63
1727307068809 2.014693021774292 64
1727307068848 2.014693021774292 65
1727307068884 2.014693021774292 66
1727307068921 2.014693021774292 67
1727307068959 2.014693021774292 68
1727307068996 2.014693021774292 69
1727307069032 2.014693021774292 70
1727307069068 2.014693021774292 71
1727307069105 2.014693021774292 72
1727307069142 2.014693021774292 73
1727307069179 2.014693021774292 74
1727307069216 2.014693021774292 75
1727307069252 2.014693021774292 76
1727307069288 2.014693021774292 77
1727307069324 2.014693021774292 78
1727307069361 2.014693021774292 79
1727307069397 2.014693021774292 80
1727307069433 2.014693021774292 81
1727307069468 2.014693021774292 82
1727307069505 2.014693021774292 83
1727307069541 2.014693021774292 84
1727307069577 2.014693021774292 85
1727307069613 2.014693021774292 86
1727307069650 2.014693021774292 87
1727307069686 2.014693021774292 88
1727307069723 2.014693021774292 89
1727307069759 2.014693021774292 90
1727307069796 2.014693021774292 91
1727307069831 2.014693021774292 92
1727307069867 2.014693021774292 93
1727307069903 2.014693021774292 94
1727307069941 2.014693021774292 95
1727307069977 2.014693021774292 96
1727307070012 2.014693021774292 97
1727307070047 2.014693021774292 98
1727307070083 2.014693021774292 99
1727307070118 2.014693021774292 100
1727307070156 2.014693021774292 101
1727307070192 2.014693021774292 102
1727307070229 2.014693021774292 103
1727307070273 2.014693021774292 104
1727307070311 2.014693021774292 105
1727307070350 2.014693021774292 106
1727307070387 2.014693021774292 107
1727307070425 2.014693021774292 108
1727307070463 2.014693021774292 109
1727307070500 2.014693021774292 110
1727307070537 2.014693021774292 111
1727307070578 2.014693021774292 112
1727307070617 2.014693021774292 113
1727307070658 2.014693021774292 114
1727307070697 2.014693021774292 115
1727307070734 2.014693021774292 116
1727307070769 2.014693021774292 117
1727307070805 2.014693021774292 118
1727307070841 2.014693021774292 119
1727307070877 2.014693021774292 120
1727307070916 2.014693021774292 121
1727307070953 2.014693021774292 122
1727307070991 2.014693021774292 123
1727307071028 2.014693021774292 124
1727307071064 2.014693021774292 125
1727307071100 2.014693021774292 126
1727307071137 2.014693021774292 127
1727307071175 2.014693021774292 128
1727307071213 2.014693021774292 129
1727307071253 2.014693021774292 130
1727307071293 2.014693021774292 131
1727307071333 2.014693021774292 132
1727307071371 2.014693021774292 133
1727307071410 2.014693021774292 134
1727307071451 2.014693021774292 135
1727307071489 2.014693021774292 136
1727307071529 2.014693021774292 137
1727307071569 2.014693021774292 138
1727307071607 2.014693021774292 139
1727307071644 2.014693021774292 140
1727307071684 2.014693021774292 141
1727307071721 2.014693021774292 142
1727307071757 2.014693021774292 143
1727307071792 2.014693021774292 144
1727307071827 2.014693021774292 145
1727307071863 2.014693021774292 146
1727307071900 2.014693021774292 147
1727307071938 2.014693021774292 148
1727307071974 2.014693021774292 149
1727307072011 2.014693021774292 150
1727307072049 2.014693021774292 151
1727307072085 2.014693021774292 152
1727307072120 2.014693021774292 153
1727307072156 2.014693021774292 154
1727307072191 2.014693021774292 155
1727307072231 2.014693021774292 156
1727307072269 2.014693021774292 157
1727307072307 2.014693021774292 158
1727307072345 2.014693021774292 159
1727307072382 2.014693021774292 160
1727307072421 2.014693021774292 161
1727307072461 2.014693021774292 162
1727307072504 2.014693021774292 163
1727307072548 2.014693021774292 164
1727307072590 2.014693021774292 165
1727307072626 2.014693021774292 166
1727307072666 2.014693021774292 167
1727307072705 2.014693021774292 168
1727307072741 2.014693021774292 169
1727307072778 2.014693021774292 170
1727307072816 2.014693021774292 171
1727307072853 2.014693021774292 172
1727307072893 2.014693021774292 173
1727307072931 2.014693021774292 174
1727307072967 2.014693021774292 175
1727307073003 2.014693021774292 176
1727307073039 2.014693021774292 177
1727307073077 2.014693021774292 178
1727307073112 2.014693021774292 179
1727307073147 2.014693021774292 180
1727307073183 2.014693021774292 181
1727307073221 2.014693021774292 182
1727307073258 2.014693021774292 183
1727307073293 2.014693021774292 184
1727307073329 2.014693021774292 185
1727307073364 2.014693021774292 186
1727307073401 2.014693021774292 187
1727307073437 2.014693021774292 188
1727307073473 2.014693021774292 189
1727307073509 2.014693021774292 190
1727307073545 2.014693021774292 191
1727307073581 2.014693021774292 192
1727307073617 2.014693021774292 193
1727307073653 2.014693021774292 194
1727307073689 2.014693021774292 195
1727307073724 2.014693021774292 196
1727307073760 2.014693021774292 197
1727307073796 2.014693021774292 198
1727307073832 2.014693021774292 199
1727307073869 2.014693021774292 200
1727307073906 2.014693021774292 201
1727307073943 2.014693021774292 202
1727307073978 2.014693021774292 203
1727307074015 2.014693021774292 204
1727307074052 2.014693021774292 205
1727307074088 2.014693021774292 206
1727307074124 2.014693021774292 207
1727307074159 2.014693021774292 208
1727307074196 2.014693021774292 209
1727307074234 2.014693021774292 210
1727307074271 2.014693021774292 211
1727307074307 2.014693021774292 212
1727307074343 2.014693021774292 213
1727307074381 2.014693021774292 214
1727307074419 2.014693021774292 215
1727307074457 2.014693021774292 216
1727307074493 2.014693021774292 217
1727307074529 2.014693021774292 218
1727307074566 2.014693021774292 219
1727307074604 2.014693021774292 220
1727307074640 2.014693021774292 221
1727307074676 2.014693021774292 222
1727307074712 2.014693021774292 223
1727307074749 2.014693021774292 224
1727307074786 2.014693021774292 225
1727307074822 2.014693021774292 226
1727307074858 2.014693021774292 227
1727307074893 2.014693021774292 228
1727307074929 2.014693021774292 229
1727307074965 2.014693021774292 230
1727307075002 2.014693021774292 231
1727307075039 2.014693021774292 232
1727307075076 2.014693021774292 233
1727307075111 2.014693021774292 234
1727307075148 2.014693021774292 235
1727307075184 2.014693021774292 236
1727307075220 2.014693021774292 237
1727307075255 2.014693021774292 238
1727307075291 2.014693021774292 239
1727307075327 2.014693021774292 240
1727307075364 2.014693021774292 241
1727307075402 2.014693021774292 242
1727307075439 2.014693021774292 243
1727307075475 2.014693021774292 244
1727307075511 2.014693021774292 245
1727307075548 2.014693021774292 246
1727307075585 2.014693021774292 247
1727307075621 2.014693021774292 248
1727307075658 2.014693021774292 249
1727307075695 2.014693021774292 250
1727307075731 2.014693021774292 251
1727307075768 2.014693021774292 252
1727307075804 2.014693021774292 253
1727307075839 2.014693021774292 254
1727307075874 2.014693021774292 255
1727307075911 2.014693021774292 256
1727307075949 2.014693021774292 257
1727307075985 2.014693021774292 258
1727307076020 2.014693021774292 259
1727307076056 2.014693021774292 260
1727307076092 2.014693021774292 261
