1726237036539 2e-05 0
1726237036578 -0.04670834541320801 1
1726237036615 -1.1920928955078125e-07 2
1726237036671 0.017398357391357422 3
1726237036713 -0.04144883155822754 4
1726237036754 0.07548737525939941 5
1726237036792 -0.032564640045166016 6
1726237036832 0.013418197631835938 7
1726237036872 -0.053334712982177734 8
1726237036911 -0.004082441329956055 9
1726237036979 0.04399895668029785 10
1726237037017 0.01087641716003418 11
1726237037055 -0.0013852119445800781 12
1726237037094 -0.005136728286743164 13
1726237037133 0.0025281906127929688 14
1726237037171 -0.025754928588867188 15
1726237037210 0.0234297513961792 16
1726237037249 0.011352896690368652 17
1726237037287 -0.03981804847717285 18
1726237037326 0.02438342571258545 19
1726237037364 -0.014066100120544434 20
1726237037403 0.02134251594543457 21
1726237037442 -0.027429580688476562 22
1726237037480 0.05172371864318848 23
1726237037520 -0.0458986759185791 24
1726237037561 0.02550184726715088 25
1726237037600 0.00252377986907959 26
1726237037639 -0.06556046009063721 27
1726237037678 0.011678695678710938 28
1726237037717 0.020836353302001953 29
1726237037756 0.029445886611938477 30
1726237037796 -0.010573744773864746 31
1726237037834 0.012051820755004883 32
1726237037873 -0.013670802116394043 33
1726237037911 -0.04130375385284424 34
1726237037950 0.007997512817382812 35
1726237037989 -0.006051540374755859 36
1726237038028 0.05262625217437744 37
1726237038066 -0.030521631240844727 38
1726237038104 0.051436781883239746 39
1726237038142 -0.031389474868774414 40
1726237038180 0.0008141994476318359 41
1726237038219 -0.00844430923461914 42
1726237038258 0.013269186019897461 43
1726237038297 -0.015467047691345215 44
1726237038335 0.011724114418029785 45
1726237038374 0.01700305938720703 46
1726237038413 -0.04068922996520996 47
1726237038453 -0.022307872772216797 48
1726237038492 0.04999995231628418 49
1726237038531 0.001622915267944336 50
1726237038568 0.002949357032775879 51
1726237038607 -0.0266648530960083 52
1726237038645 0.015015363693237305 53
1726237038684 -0.041503190994262695 54
1726237038722 0.04308819770812988 55
1726237038761 -0.023945093154907227 56
1726237038800 0.013767719268798828 57
1726237038839 -0.03433036804199219 58
1726237038877 0.036232709884643555 59
1726237038915 0.007822275161743164 60
1726237038954 -0.06340932846069336 61
1726237038993 0.031496286392211914 62
1726237039030 -0.008153080940246582 63
1726237039069 0.033121585845947266 64
1726237039108 -0.03253817558288574 65
1726237039147 0.038350462913513184 66
1726237039185 -0.0044438838958740234 67
1726237039223 -0.038478851318359375 68
1726237039263 0.03114163875579834 69
1726237039302 0.01885831356048584 70
1726237039340 -0.026431560516357422 71
1726237039379 0.00048220157623291016 72
1726237039417 -0.024050474166870117 73
1726237039456 -1.1920928955078125e-07 74
1726237039494 -0.011027336120605469 75
1726237039533 0.015515565872192383 76
1726237039572 0.03985941410064697 77
1726237039628 -0.0016050338745117188 78
1726237039684 0.011829614639282227 79
1726237039736 0.00010120868682861328 80
1726237039791 -0.03949177265167236 81
1726237039845 0.04967308044433594 82
1726237039895 -0.039282917976379395 83
1726237039948 -0.025571823120117188 84
1726237039998 0.04792976379394531 85
1726237040048 -0.0421748161315918 86
1726237040097 0.02344965934753418 87
1726237040146 0.020157933235168457 88
1726237040196 -0.026820898056030273 89
1726237040245 0.030871272087097168 90
1726237040297 -0.05341291427612305 91
1726237040346 0.04949235916137695 92
1726237040397 -0.000857234001159668 93
1726237040447 -0.048635125160217285 94
1726237040497 0.029027223587036133 95
1726237040549 0.021921634674072266 96
1726237040600 -0.027770638465881348 97
1726237040651 0.031394004821777344 98
1726237040709 -0.013246417045593262 99
1726237040762 0.012008905410766602 100
1726237040813 -0.041011810302734375 101
1726237040860 0.030483484268188477 102
1726237040904 0.007193565368652344 103
1726237040947 -0.039703965187072754 104
1726237040990 -0.005723714828491211 105
1726237041035 -0.004566550254821777 106
1726237041087 0.0032831430435180664 107
1726237041129 0.001283407211303711 108
1726237041170 0.023793578147888184 109
1726237041210 -0.02640378475189209 110
1726237041251 -0.01115870475769043 111
1726237041291 0.06376886367797852 112
1726237041335 -0.0574955940246582 113
1726237041390 0.04455089569091797 114
1726237041435 -0.005562424659729004 115
1726237041479 0.018996238708496094 116
1726237041531 -0.05292022228240967 117
1726237041572 0.059291720390319824 118
1726237041620 -0.006571769714355469 119
1726237041670 -0.04268956184387207 120
1726237041714 0.013906478881835938 121
1726237041756 0.04940938949584961 122
1726237041806 -0.027829885482788086 123
1726237041862 -0.0049631595611572266 124
1726237041905 0.0036820173263549805 125
1726237041954 -0.02672266960144043 126
1726237042003 0.05478405952453613 127
1726237042056 -0.0033980607986450195 128
1726237042113 -0.052503108978271484 129
1726237042160 -0.01853656768798828 130
1726237042200 0.04012775421142578 131
1726237042244 -0.0158998966217041 132
1726237042287 0.020081162452697754 133
1726237042329 -0.0014702081680297852 134
1726237042371 -0.007163524627685547 135
1726237042414 0.018896937370300293 136
1726237042457 -0.010880589485168457 137
1726237042493 -0.04369163513183594 138
1726237042531 0.04313862323760986 139
1726237042568 0.017919182777404785 140
1726237042605 -0.007030606269836426 141
1726237042644 -0.03902852535247803 142
1726237042687 0.011641860008239746 143
1726237042730 0.0006341934204101562 144
1726237042769 0.027297496795654297 145
1726237042806 -0.04999995231628418 146
1726237042844 -0.0012987852096557617 147
1726237042880 0.0329890251159668 148
1726237042918 -0.01574718952178955 149
1726237042956 0.027941584587097168 150
1726237042992 -0.04845690727233887 151
1726237043031 -0.001797318458557129 152
1726237043068 0.0158156156539917 153
1726237043106 0.03131890296936035 154
1726237043143 0.019874930381774902 155
1726237043181 -0.06521213054656982 156
1726237043218 0.06272578239440918 157
1726237043257 -0.02804851531982422 158
1726237043294 -0.020530223846435547 159
1726237043332 0.015306949615478516 160
1726237043371 -0.05532693862915039 161
1726237043409 0.02976381778717041 162
1726237043447 0.039031982421875 163
1726237043484 -0.018872380256652832 164
1726237043522 0.030521750450134277 165
1726237043560 -0.019910216331481934 166
1726237043597 0.010640144348144531 167
1726237043636 -3.3974647521972656e-05 168
1726237043673 -0.004595160484313965 169
1726237043711 0.01389920711517334 170
1726237043747 -0.019208073616027832 171
1726237043786 0.019208073616027832 172
