1726237036543 1.5274300575256348 0
1726237036582 1.5 1
1726237036622 1.5 2
1726237036676 0.993811845779419 3
1726237036718 1.5612781047821045 4
1726237036758 -0.0 5
1726237036797 0.8112781047821045 6
1726237036837 0.7969045042991638 7
1726237036877 1.551504373550415 8
1726237036916 1.5696427822113037 9
1726237036983 0.8112781047821045 10
1726237037021 0.6073876619338989 11
1726237037060 0.8427034616470337 12
1726237037098 1.19851815700531 13
1726237037137 1.1150702238082886 14
1726237037175 1.5 15
1726237037214 0.9998066425323486 16
1726237037253 1.2082207202911377 17
1726237037291 0.9659023284912109 18
1726237037330 1.4791558980941772 19
1726237037368 1.4188865423202515 20
1726237037407 0.8812413215637207 21
1726237037446 1.2239426374435425 22
1726237037484 0.04232381656765938 23
1726237037524 1.5472877025604248 24
1726237037566 0.5435644388198853 25
1726237037604 0.5097241997718811 26
1726237037644 1.5766549110412598 27
1726237037682 1.0484795570373535 28
1726237037721 1.5 29
1726237037761 0.8875787258148193 30
1726237037800 0.8112781047821045 31
1726237037839 0.9245331883430481 32
1726237037877 0.908979058265686 33
1726237037916 1.5612781047821045 34
1726237037954 1.3959836959838867 35
1726237037993 0.9721959829330444 36
1726237038032 0.8112781047821045 37
1726237038070 1.5 38
1726237038108 -0.0 39
1726237038146 0.8702266216278076 40
1726237038184 1.2660855054855347 41
1726237038224 0.8376091718673706 42
1726237038263 1.4515445232391357 43
1726237038301 0.9988508224487305 44
1726237038339 1.307356595993042 45
1726237038378 0.9859877824783325 46
1726237038417 0.9316374063491821 47
1726237038457 1.2987949848175049 48
1726237038496 1.0 49
1726237038535 0.9283000230789185 50
1726237038573 0.8112781047821045 51
1726237038611 1.0748735666275024 52
1726237038650 0.8112781047821045 53
1726237038688 1.515016794204712 54
1726237038726 1.0826537609100342 55
1726237038765 1.2237458229064941 56
1726237038804 1.095601201057434 57
1726237038843 0.9544340372085571 58
1726237038881 1.4050776958465576 59
1726237038919 1.4776194095611572 60
1726237038959 1.5694057941436768 61
1726237038997 1.4729853868484497 62
1726237039034 1.5139557123184204 63
1726237039073 1.3269975185394287 64
1726237039113 0.9544340372085571 65
1726237039151 0.8112781047821045 66
1726237039189 1.3499784469604492 67
1726237039227 1.264325737953186 68
1726237039267 0.995747983455658 69
1726237039306 1.0 70
1726237039344 1.0888254642486572 71
1726237039383 1.2987949848175049 72
1726237039421 1.2918262481689453 73
1726237039460 0.9544340372085571 74
1726237039498 1.5291259288787842 75
1726237039538 1.5700401067733765 76
1726237039576 0.9631949663162231 77
1726237039634 1.532963514328003 78
1726237039689 0.5435644388198853 79
1726237039742 0.8779675960540771 80
1726237039797 1.4167269468307495 81
1726237039850 0.37339407205581665 82
1726237039902 1.5205787420272827 83
1726237039954 0.9544340372085571 84
1726237040004 0.882014274597168 85
1726237040053 1.567148208618164 86
1726237040102 1.4683809280395508 87
1726237040151 1.5673893690109253 88
1726237040201 1.3481907844543457 89
1726237040251 1.045997977256775 90
1726237040302 0.9544340372085571 91
1726237040352 1.3294280767440796 92
1726237040402 1.454665184020996 93
1726237040452 0.9544340372085571 94
1726237040504 1.5469563007354736 95
1726237040554 0.9446205496788025 96
1726237040606 1.4957172870635986 97
1726237040657 0.5435644388198853 98
1726237040714 0.9319940209388733 99
1726237040767 0.9304389357566833 100
1726237040818 1.4979732036590576 101
1726237040865 1.438450574874878 102
1726237040909 1.0 103
1726237040952 1.54319429397583 104
1726237040995 0.9544340372085571 105
1726237041042 1.33490788936615 106
1726237041092 1.411296010017395 107
1726237041134 0.9544340372085571 108
1726237041175 1.5710408687591553 109
1726237041214 1.5743303298950195 110
1726237041255 1.5702049732208252 111
1726237041296 0.5435644388198853 112
1726237041340 1.5232599973678589 113
1726237041396 0.9940147399902344 114
1726237041441 1.4479494094848633 115
1726237041484 1.133872389793396 116
1726237041536 1.5335309505462646 117
1726237041576 0.9810080528259277 118
1726237041626 0.807124137878418 119
1726237041675 1.3289704322814941 120
1726237041719 0.9882402420043945 121
1726237041761 -0.0 122
1726237041812 1.1607393026351929 123
1726237041866 0.9339879751205444 124
1726237041909 1.1566593647003174 125
1726237041960 1.414724349975586 126
1726237042008 0.5123031139373779 127
1726237042062 0.23649762570858002 128
1726237042118 1.5140910148620605 129
1726237042164 1.2987949848175049 130
1726237042204 1.250138521194458 131
1726237042250 1.4999998807907104 132
1726237042292 0.9635195136070251 133
1726237042334 1.4942301511764526 134
1726237042375 1.323486089706421 135
1726237042419 0.8112781047821045 136
1726237042461 1.2465876340866089 137
1726237042498 1.4056390523910522 138
1726237042535 1.43306565284729 139
1726237042571 0.694089949131012 140
1726237042609 0.5913758873939514 141
1726237042648 1.561706304550171 142
1726237042692 1.3138172626495361 143
1726237042735 1.2625751495361328 144
1726237042773 0.5435644388198853 145
1726237042811 0.9544340372085571 146
1726237042847 1.0452497005462646 147
1726237042884 1.1312892436981201 148
1726237042922 1.4596154689788818 149
1726237042960 1.2206474542617798 150
1726237042997 0.9544340372085571 151
1726237043035 1.2948468923568726 152
1726237043073 0.9433504343032837 153
1726237043110 0.7611889243125916 154
1726237043148 0.4886757731437683 155
1726237043185 1.167529821395874 156
1726237043223 1.2635908126831055 157
1726237043261 1.4569783210754395 158
1726237043298 1.4642115831375122 159
1726237043336 1.5501744747161865 160
1726237043375 1.5612781047821045 161
1726237043414 1.5201537609100342 162
1726237043451 0.8554326891899109 163
1726237043488 1.5 164
1726237043527 0.5435644388198853 165
1726237043564 1.563138484954834 166
1726237043602 1.281127691268921 167
1726237043639 1.0742312669754028 168
1726237043677 1.0107303857803345 169
1726237043715 0.5435644388198853 170
1726237043752 1.3719186782836914 171
1726237043790 0.5435644388198853 172
