1727301631487 2e-05 0
1727301631520 -0.17847061157226562 1
1727301631555 -0.05908560752868652 2
1727301631591 0.015078067779541016 3
1727301631626 -0.019230127334594727 4
1727301631664 -0.029657840728759766 5
1727301631704 0.12423825263977051 6
1727301631746 0.0317535400390625 7
1727301631791 -0.04564261436462402 8
1727301631835 -0.13686895370483398 9
1727301631885 4.74734354019165 10
1727301631932 -4.495604991912842 11
1727301631975 -0.0202329158782959 12
1727301632020 -0.4401979446411133 13
1727301632060 0.02582406997680664 14
1727301632105 0.30176734924316406 15
1727301632147 0.013505935668945312 16
1727301632198 -0.03128170967102051 17
1727301632252 0.04279303550720215 18
1727301632298 0.057842254638671875 19
1727301632344 0.027853965759277344 20
1727301632390 -0.020895957946777344 21
1727301632441 -0.11538195610046387 22
1727301632492 -0.031760454177856445 23
1727301632538 0.09282684326171875 24
1727301632589 -0.10233950614929199 25
1727301632632 -0.8001126050949097 26
1727301632682 0.8625799417495728 27
1727301632726 0.08157467842102051 28
1727301632774 -0.09633946418762207 29
1727301632817 0.09592223167419434 30
1727301632861 4.496836185455322 31
1727301632909 -4.74126935005188 32
1727301632958 0.10749387741088867 33
1727301633002 0.11942148208618164 34
1727301633043 -0.1454315185546875 35
1727301633083 -0.2240234613418579 36
1727301633127 0.44302523136138916 37
1727301633166 -0.1614394187927246 38
1727301633205 -0.02702164649963379 39
1727301633246 0.09443306922912598 40
1727301633285 -0.05500030517578125 41
1727301633326 0.029155492782592773 42
1727301633364 -0.04730391502380371 43
1727301633403 -0.061806440353393555 44
1727301633441 0.0940704345703125 45
1727301633475 0.32767707109451294 46
1727301633509 -0.28756457567214966 47
1727301633544 -0.10488343238830566 48
1727301633582 0.030052900314331055 49
1727301633617 0.08532834053039551 50
1727301633652 -0.14032316207885742 51
1727301633694 0.025783300399780273 52
1727301633727 0.016634225845336914 53
1727301633764 0.04160499572753906 54
1727301633801 -0.13241982460021973 55
1727301633836 0.20905542373657227 56
1727301633870 -0.09697914123535156 57
1727301633903 0.15009665489196777 58
1727301633940 -0.3064842224121094 59
1727301633982 0.20566082000732422 60
1727301634016 -0.3488236665725708 61
1727301634050 0.2764092683792114 62
1727301634083 0.09887409210205078 63
1727301634118 -0.004602909088134766 64
1727301634152 -0.11265325546264648 65
1727301634189 -0.13001704216003418 66
1727301634226 0.15204787254333496 67
1727301634263 0.06322431564331055 68
1727301634304 0.04242753982543945 69
1727301634345 -0.047585487365722656 70
1727301634390 -0.1645345687866211 71
1727301634435 0.1750659942626953 72
1727301634471 -0.07910871505737305 73
1727301634509 3.8976023197174072 74
1727301634546 -3.802170991897583 75
1727301634580 -0.1734299659729004 76
1727301634614 0.10261249542236328 77
1727301634653 -0.002803802490234375 78
1727301634694 0.05267763137817383 79
1727301634729 0.01526498794555664 80
1727301634766 -0.12241554260253906 81
1727301634802 0.2461681365966797 82
1727301634835 -0.08450603485107422 83
1727301634874 -0.3068723678588867 84
1727301634908 0.19397521018981934 85
1727301634943 -0.012714385986328125 86
1727301634977 0.09711170196533203 87
1727301635013 0.030325651168823242 88
1727301635048 -0.08800601959228516 89
1727301635081 0.13081645965576172 90
1727301635114 -0.18218207359313965 91
1727301635147 4.7939324378967285 92
1727301635181 -4.780628442764282 93
1727301635213 0.025571346282958984 94
1727301635246 0.09245491027832031 95
1727301635278 -0.011474132537841797 96
1727301635311 -0.027547836303710938 97
1727301635343 -0.06329822540283203 98
1727301635375 -0.040717363357543945 99
1727301635408 0.11775374412536621 100
1727301635441 -0.19238030910491943 101
1727301635477 0.15853536128997803 102
1727301635510 -0.0038094520568847656 103
1727301635542 0.0349276065826416 104
1727301635574 -0.053002119064331055 105
1727301635607 0.0639650821685791 106
1727301635639 -0.09040522575378418 107
1727301635672 0.05169796943664551 108
1727301635705 -0.06169867515563965 109
1727301635738 0.07845592498779297 110
1727301635769 -0.07032966613769531 111
1727301635801 0.1614069938659668 112
1727301635833 -0.05684089660644531 113
1727301635865 -0.13395142555236816 114
1727301635897 0.015943288803100586 115
1727301635933 4.140843152999878 116
1727301635968 -4.191235065460205 117
1727301636001 0.007546424865722656 118
1727301636036 -0.766008734703064 119
1727301636073 0.7253315448760986 120
1727301636108 0.11414444446563721 121
1727301636143 0.027924537658691406 122
1727301636175 0.008800745010375977 123
1727301636208 0.13277912139892578 124
1727301636240 -0.0995783805847168 125
1727301636271 -0.11589217185974121 126
1727301636304 0.019869565963745117 127
1727301636336 -0.12403249740600586 128
1727301636369 0.23751544952392578 129
1727301636400 -0.3846476078033447 130
1727301636433 0.2717864513397217 131
1727301636465 0.1208796501159668 132
1727301636497 -0.20833659172058105 133
1727301636529 0.10728788375854492 134
1727301636560 -0.08825802803039551 135
1727301636592 0.15239572525024414 136
1727301636624 0.09268355369567871 137
1727301636657 -0.6640416383743286 138
1727301636691 4.379830479621887 139
1727301636724 -3.710622549057007 140
1727301636755 -0.2866452932357788 141
1727301636787 0.08407485485076904 142
1727301636821 0.04445600509643555 143
1727301636854 0.05461239814758301 144
1727301636890 -0.250446081161499 145
1727301636928 0.18563342094421387 146
1727301636964 0.0010879039764404297 147
1727301637000 -0.3204392194747925 148
1727301637037 0.41784393787384033 149
1727301637072 -0.217238187789917 150
1727301637108 0.14182639122009277 151
1727301637144 0.13053154945373535 152
1727301637180 -0.055065155029296875 153
1727301637214 -0.020534276962280273 154
1727301637249 0.021344423294067383 155
1727301637287 -0.16911828517913818 156
1727301637321 0.27981698513031006 157
1727301637356 -0.2268662452697754 158
1727301637391 0.1213693618774414 159
1727301637429 -0.0910179615020752 160
1727301637464 -0.328815221786499 161
1727301637498 4.471791505813599 162
1727301637534 -4.0246195793151855 163
1727301637568 -0.08288192749023438 164
1727301637601 4.789363861083984 165
1727301637634 -4.801666259765625 166
1727301637665 -0.016653776168823242 167
1727301637698 0.0008525848388671875 168
1727301637730 -0.012293815612792969 169
1727301637762 0.012049674987792969 170
1727301637795 -0.07966804504394531 171
1727301637829 0.023022174835205078 172
1727301637865 0.08200407028198242 173
1727301637899 0.05592226982116699 174
1727301637933 -0.015717267990112305 175
1727301637965 -0.11121630668640137 176
1727301637998 -0.8025201559066772 177
1727301638032 0.0 178
