1727301097957 0.3403313159942627 0
1727301097994 0.1315915584564209 1
1727301098029 0.03129100799560547 2
1727301098065 0.09096360206604004 3
1727301098101 0.1517167091369629 4
1727301098137 0.1832435131072998 5
1727301098173 0.01743626594543457 6
1727301098209 0.03951859474182129 7
1727301098245 0.009479284286499023 8
1727301098283 4.777161121368408 9
1727301098323 0.17506194114685059 10
1727301098363 0.17203593254089355 11
1727301098402 -0.004363298416137695 12
1727301098441 -0.021460533142089844 13
1727301098475 0.0830538272857666 14
1727301098510 0.12712597846984863 15
1727301098544 -0.03121054172515869 16
1727301098577 0.17223477363586426 17
1727301098611 0.21515130996704102 18
1727301098646 0.18840408325195312 19
1727301098680 -0.011692523956298828 20
1727301098715 0.053000688552856445 21
1727301098751 0.06391024589538574 22
1727301098787 0.06302261352539062 23
1727301098823 0.18607306480407715 24
1727301098859 0.25481152534484863 25
1727301098895 0.1300356388092041 26
1727301098930 0.08094048500061035 27
1727301098965 0.18156027793884277 28
1727301099000 0.03976702690124512 29
1727301099035 0.19710111618041992 30
1727301099069 0.08716988563537598 31
1727301099104 0.14275789260864258 32
1727301099141 0.182145357131958 33
1727301099176 0.10638070106506348 34
1727301099211 -0.056591153144836426 35
1727301099245 0.15543866157531738 36
1727301099279 -0.011068582534790039 37
1727301099315 0.021178007125854492 38
1727301099350 -0.10365927219390869 39
1727301099385 -0.03353166580200195 40
1727301099425 0.15087628364562988 41
1727301099466 -0.010694265365600586 42
1727301099501 0.1789405345916748 43
1727301099537 -0.05627882480621338 44
1727301099572 0.0689091682434082 45
1727301099607 -0.10266578197479248 46
1727301099642 0.019171714782714844 47
1727301099676 0.005425214767456055 48
1727301099713 0.2648165225982666 49
1727301099748 0.1903667449951172 50
1727301099783 -0.056844234466552734 51
1727301099820 0.1584641933441162 52
1727301099856 -0.004069328308105469 53
1727301099891 0.007453203201293945 54
1727301099927 0.13771557807922363 55
1727301099965 0.07337164878845215 56
1727301100002 -0.007527589797973633 57
1727301100038 0.24626374244689941 58
1727301100073 0.20914554595947266 59
1727301100110 0.16552996635437012 60
1727301100145 0.08734560012817383 61
1727301100191 -0.00621795654296875 62
1727301100229 0.09424734115600586 63
1727301100265 -0.06902395188808441 64
1727301100309 0.1565859317779541 65
1727301100358 4.527504920959473 66
1727301100398 -0.1135178804397583 67
1727301100434 0.058469295501708984 68
1727301100475 0.1423320770263672 69
1727301100521 -0.09355282783508301 70
1727301100566 -0.03159499168395996 71
1727301100606 4.677197456359863 72
1727301100644 4.876977920532227 73
1727301100683 0.09260702133178711 74
1727301100721 0.006376981735229492 75
1727301100757 0.11935257911682129 76
1727301100798 -0.08364927768707275 77
1727301100835 0.12388420104980469 78
1727301100871 0.050966501235961914 79
1727301100906 0.053325653076171875 80
1727301100945 0.0443422794342041 81
1727301100987 0.14446306228637695 82
1727301101023 0.17683982849121094 83
1727301101058 0.19376921653747559 84
1727301101099 0.0612642765045166 85
1727301101147 0.12556672096252441 86
1727301101188 0.12279796600341797 87
1727301101225 4.169336318969727 88
1727301101263 0.018586158752441406 89
1727301101309 -0.05101883411407471 90
1727301101348 -0.050797343254089355 91
1727301101384 0.14432740211486816 92
1727301101420 0.03392338752746582 93
1727301101472 -0.011114358901977539 94
1727301101518 0.1917109489440918 95
1727301101557 0.06666970252990723 96
1727301101602 0.1991889476776123 97
1727301101646 0.012808799743652344 98
1727301101685 0.1330711841583252 99
1727301101722 0.02458786964416504 100
1727301101771 0.049963951110839844 101
1727301101811 0.1149604320526123 102
1727301101851 0.15468168258666992 103
1727301101890 0.16700363159179688 104
1727301101931 0.0005254745483398438 105
1727301101980 0.07056188583374023 106
1727301102026 0.08849024772644043 107
1727301102067 0.05404305458068848 108
1727301102103 0.0639195442199707 109
1727301102150 0.1735384464263916 110
1727301102196 0.10026097297668457 111
1727301102234 0.1267859935760498 112
1727301102270 0.12610292434692383 113
1727301102313 0.10520267486572266 114
1727301102356 -0.004088640213012695 115
1727301102394 0.05509686470031738 116
1727301102437 0.24790239334106445 117
1727301102484 0.1073770523071289 118
1727301102530 0.23175525665283203 119
1727301102567 0.2648165225982666 120
1727301102604 -0.09060168266296387 121
1727301102643 0.24215006828308105 122
1727301102680 0.20874476432800293 123
1727301102717 0.1318354606628418 124
1727301102753 0.17454838752746582 125
1727301102795 0.14774680137634277 126
1727301102834 -0.33020204305648804 127
1727301102868 0.1880636215209961 128
1727301102902 0.00839090347290039 129
1727301102937 -0.07862567901611328 130
1727301102973 0.0008890628814697266 131
1727301103010 0.01998615264892578 132
1727301103050 -0.6789233684539795 133
1727301103086 -0.6789233684539795 134
