1726503086480 0.9988455772399902 0
1726503086540 0.9988455772399902 1
1726503086601 0.9988455772399902 2
1726503086658 0.9988455772399902 3
1726503086714 0.9988455772399902 4
1726503086771 0.9988455772399902 5
1726503086835 0.9988455772399902 6
1726503086889 0.9988455772399902 7
1726503086938 0.9988455772399902 8
1726503086991 0.9988455772399902 9
1726503087056 0.9988455772399902 10
1726503087122 0.9988455772399902 11
1726503087194 0.9988455772399902 12
1726503087254 0.9988455772399902 13
1726503087304 0.9988455772399902 14
1726503087360 0.9988455772399902 15
1726503087426 0.9988455772399902 16
1726503087481 0.9988455772399902 17
1726503087540 0.9988455772399902 18
1726503087604 0.9988455772399902 19
1726503087670 0.9988455772399902 20
1726503087727 0.9988455772399902 21
1726503087785 0.9988455772399902 22
1726503087846 0.9988455772399902 23
1726503087904 0.9988455772399902 24
1726503087958 0.9988455772399902 25
1726503088010 0.9988455772399902 26
1726503088065 0.9988455772399902 27
1726503088119 0.9988455772399902 28
1726503088181 0.9988455772399902 29
1726503088241 0.9988455772399902 30
1726503088302 0.9988455772399902 31
1726503088366 0.9988455772399902 32
1726503088423 0.9988455772399902 33
1726503088493 0.9988455772399902 34
1726503088544 0.9988455772399902 35
1726503088606 0.9988455772399902 36
1726503088670 0.9988455772399902 37
1726503088731 0.9988455772399902 38
1726503088793 0.9988455772399902 39
1726503088850 0.9988455772399902 40
1726503088908 0.9988455772399902 41
1726503088974 0.9988455772399902 42
1726503089030 0.9988455772399902 43
1726503089102 0.9988455772399902 44
1726503089152 0.9988455772399902 45
1726503089206 0.9988455772399902 46
1726503089260 0.9988455772399902 47
1726503089314 0.9988455772399902 48
1726503089365 0.9988455772399902 49
1726503089416 0.9988455772399902 50
1726503089467 0.9988455772399902 51
1726503089517 0.9988455772399902 52
1726503089573 0.9988455772399902 53
1726503089633 0.9988455772399902 54
1726503089688 0.9988455772399902 55
1726503089742 0.9988455772399902 56
1726503089794 0.9988455772399902 57
1726503089848 0.9988455772399902 58
1726503089900 0.9988455772399902 59
1726503089952 0.9988455772399902 60
1726503090004 0.9988455772399902 61
1726503090057 0.9988455772399902 62
1726503090112 0.9988455772399902 63
1726503090165 0.9988455772399902 64
1726503090219 0.9988455772399902 65
1726503090273 0.9988455772399902 66
1726503090328 0.9988455772399902 67
1726503090386 0.9988455772399902 68
1726503090438 0.9988455772399902 69
1726503090492 0.9988455772399902 70
1726503090549 0.9988455772399902 71
1726503090607 0.9988455772399902 72
1726503090661 0.9988455772399902 73
1726503090721 0.9988455772399902 74
1726503090776 0.9988455772399902 75
1726503090834 0.9988455772399902 76
1726503090889 0.9988455772399902 77
1726503090943 0.9988455772399902 78
1726503090998 0.9988455772399902 79
1726503091053 0.9988455772399902 80
1726503091105 0.9988455772399902 81
1726503091161 0.9988455772399902 82
1726503091226 0.9988455772399902 83
1726503091296 0.9988455772399902 84
1726503091365 0.9988455772399902 85
1726503091436 0.9988455772399902 86
1726503091497 0.9988455772399902 87
1726503091559 0.9988455772399902 88
1726503091623 0.9988455772399902 89
1726503091686 0.9988455772399902 90
1726503091769 0.9988455772399902 91
1726503091835 0.9988455772399902 92
1726503091916 0.9988455772399902 93
1726503092001 0.9988455772399902 94
1726503092065 0.9988455772399902 95
1726503092124 0.9988455772399902 96
1726503092180 0.9988455772399902 97
1726503092237 0.9988455772399902 98
1726503092292 0.9988455772399902 99
1726503092346 0.9988455772399902 100
1726503092401 0.9988455772399902 101
1726503092455 0.9988455772399902 102
1726503092509 0.9988455772399902 103
1726503092562 0.9988455772399902 104
1726503092622 0.9988455772399902 105
1726503092675 0.9988455772399902 106
1726503092727 0.9988455772399902 107
1726503092778 0.9988455772399902 108
1726503092832 0.9988455772399902 109
1726503092884 0.9988455772399902 110
1726503092935 0.9988455772399902 111
1726503092986 0.9988455772399902 112
1726503093037 0.9988455772399902 113
1726503093089 0.9988455772399902 114
1726503093140 0.9988455772399902 115
1726503093191 0.9988455772399902 116
1726503093241 0.9988455772399902 117
1726503093292 0.9988455772399902 118
1726503093342 0.9988455772399902 119
1726503093393 0.9988455772399902 120
1726503093443 0.9988455772399902 121
1726503093494 0.9988455772399902 122
1726503093544 0.9988455772399902 123
1726503093596 0.9988455772399902 124
1726503093648 0.9988455772399902 125
1726503093698 0.9988455772399902 126
1726503093749 0.9988455772399902 127
1726503093800 0.9988455772399902 128
1726503093851 0.9988455772399902 129
1726503093901 0.9988455772399902 130
1726503093952 0.9988455772399902 131
1726503094003 0.9988455772399902 132
1726503094053 0.9988455772399902 133
1726503094104 0.9988455772399902 134
1726503094155 0.9988455772399902 135
1726503094206 0.9988455772399902 136
1726503094256 0.9988455772399902 137
1726503094307 0.9988455772399902 138
1726503094359 0.9988455772399902 139
1726503094409 0.9988455772399902 140
1726503094459 0.9988455772399902 141
1726503094510 0.9988455772399902 142
1726503094560 0.9988455772399902 143
1726503094612 0.9988455772399902 144
1726503094661 0.9988455772399902 145
1726503094712 0.9988455772399902 146
1726503094761 0.9988455772399902 147
1726503094813 0.9988455772399902 148
1726503094863 0.9988455772399902 149
1726503094914 0.9988455772399902 150
1726503094965 0.9988455772399902 151
1726503095017 0.9988455772399902 152
1726503095073 0.9988455772399902 153
1726503095124 0.9988455772399902 154
1726503095175 0.9988455772399902 155
1726503095225 0.9988455772399902 156
1726503095275 0.9988455772399902 157
1726503095326 0.9988455772399902 158
1726503095375 0.9988455772399902 159
1726503095427 0.9988455772399902 160
1726503095477 0.9988455772399902 161
1726503095528 0.9988455772399902 162
1726503095578 0.9988455772399902 163
1726503095630 0.9988455772399902 164
1726503095680 0.9988455772399902 165
1726503095731 0.9988455772399902 166
1726503095782 0.9988455772399902 167
1726503095834 0.9988455772399902 168
1726503095885 0.9988455772399902 169
1726503095935 0.9988455772399902 170
1726503095985 0.9988455772399902 171
1726503096036 0.9988455772399902 172
1726503096090 0.9988455772399902 173
1726503096143 0.9988455772399902 174
1726503096194 0.9988455772399902 175
1726503096246 0.9988455772399902 176
1726503096296 0.9988455772399902 177
1726503096349 0.9988455772399902 178
1726503096399 0.9988455772399902 179
1726503096450 0.9988455772399902 180
1726503096500 0.9988455772399902 181
1726503096550 0.9988455772399902 182
1726503096602 0.9988455772399902 183
1726503096653 0.9988455772399902 184
1726503096703 0.9988455772399902 185
1726503096753 0.9988455772399902 186
1726503096805 0.9988455772399902 187
1726503096859 0.9988455772399902 188
1726503096915 0.9988455772399902 189
1726503096975 0.9988455772399902 190
1726503097038 0.9988455772399902 191
1726503097100 0.9988455772399902 192
1726503097153 0.9988455772399902 193
1726503097213 0.9988455772399902 194
1726503097265 0.9988455772399902 195
1726503097318 0.9988455772399902 196
1726503097373 0.9988455772399902 197
1726503097428 0.9988455772399902 198
1726503097482 0.9988455772399902 199
1726503097542 0.9988455772399902 200
1726503097598 0.9988455772399902 201
1726503097651 0.9988455772399902 202
1726503097729 0.9988455772399902 203
1726503097791 0.9988455772399902 204
1726503097843 0.9988455772399902 205
1726503097895 0.9988455772399902 206
1726503097948 0.9988455772399902 207
1726503098003 0.9988455772399902 208
1726503098080 0.9988455772399902 209
1726503098149 0.9988455772399902 210
1726503098226 0.9988455772399902 211
1726503098292 0.9988455772399902 212
1726503098366 0.9988455772399902 213
1726503098456 0.9988455772399902 214
1726503098516 0.9988455772399902 215
1726503098578 0.9988455772399902 216
1726503098641 0.9988455772399902 217
1726503098704 0.9988455772399902 218
1726503098768 0.9988455772399902 219
1726503098833 0.9988455772399902 220
1726503098898 0.9988455772399902 221
1726503098965 0.9988455772399902 222
1726503099032 0.9988455772399902 223
1726503099104 0.9988455772399902 224
1726503099179 0.9988455772399902 225
1726503099268 0.9988455772399902 226
1726503099333 0.9988455772399902 227
1726503099392 0.9988455772399902 228
1726503099448 0.9988455772399902 229
1726503099503 0.9988455772399902 230
1726503099559 0.9988455772399902 231
1726503099614 0.9988455772399902 232
1726503099668 0.9988455772399902 233
1726503099721 0.9988455772399902 234
1726503099772 0.9988455772399902 235
1726503099826 0.9988455772399902 236
1726503099890 0.9988455772399902 237
1726503099947 0.9988455772399902 238
1726503100001 0.9988455772399902 239
1726503100055 0.9988455772399902 240
1726503100107 0.9988455772399902 241
1726503100160 0.9988455772399902 242
1726503100212 0.9988455772399902 243
1726503100263 0.9988455772399902 244
1726503100316 0.9988455772399902 245
1726503100367 0.9988455772399902 246
1726503100418 0.9988455772399902 247
1726503100471 0.9988455772399902 248
1726503100521 0.9988455772399902 249
1726503100573 0.9988455772399902 250
1726503100624 0.9988455772399902 251
1726503100676 0.9988455772399902 252
1726503100727 0.9988455772399902 253
1726503100777 0.9988455772399902 254
1726503100829 0.9988455772399902 255
1726503100883 0.9988455772399902 256
1726503100934 0.9988455772399902 257
1726503100986 0.9988455772399902 258
1726503101036 0.9988455772399902 259
1726503101088 0.9988455772399902 260
1726503101140 0.9988455772399902 261
1726503101191 0.9988455772399902 262
1726503101243 0.9988455772399902 263
1726503101293 0.9988455772399902 264
1726503101348 0.9988455772399902 265
1726503101403 0.9988455772399902 266
1726503101486 0.9988455772399902 267
1726503101538 0.9988455772399902 268
1726503101592 0.9988455772399902 269
1726503101648 0.9988455772399902 270
1726503101714 0.9988455772399902 271
1726503101768 0.9988455772399902 272
1726503101836 0.9988455772399902 273
1726503101902 0.9988455772399902 274
1726503101956 0.9988455772399902 275
1726503102009 0.9988455772399902 276
1726503102064 0.9988455772399902 277
1726503102124 0.9988455772399902 278
1726503102182 0.9988455772399902 279
1726503102237 0.9988455772399902 280
1726503102303 0.9988455772399902 281
1726503102359 0.9988455772399902 282
1726503102420 0.9988455772399902 283
1726503102469 0.9988455772399902 284
1726503102518 0.9988455772399902 285
1726503102566 0.9988455772399902 286
1726503102616 0.9988455772399902 287
1726503102666 0.9988455772399902 288
1726503102715 0.9988455772399902 289
1726503102767 0.9988455772399902 290
1726503102818 0.9988455772399902 291
1726503102871 0.9988455772399902 292
1726503102922 0.9988455772399902 293
1726503102973 0.9988455772399902 294
1726503103024 0.9988455772399902 295
1726503103074 0.9988455772399902 296
1726503103126 0.9988455772399902 297
1726503103179 0.9988455772399902 298
1726503103239 0.9988455772399902 299
1726503103294 0.9988455772399902 300
1726503103346 0.9988455772399902 301
1726503103412 0.9988455772399902 302
1726503103460 0.9988455772399902 303
1726503103510 0.9988455772399902 304
1726503103559 0.9988455772399902 305
1726503103612 0.9988455772399902 306
1726503103662 0.9988455772399902 307
1726503103714 0.9988455772399902 308
1726503103765 0.9988455772399902 309
1726503103816 0.9988455772399902 310
1726503103867 0.9988455772399902 311
1726503103918 0.9988455772399902 312
1726503103969 0.9988455772399902 313
1726503104022 0.9988455772399902 314
1726503104078 0.9988455772399902 315
1726503104135 0.9988455772399902 316
1726503104185 0.9988455772399902 317
1726503104235 0.9988455772399902 318
1726503104286 0.9988455772399902 319
1726503104343 0.9988455772399902 320
1726503104405 0.9988455772399902 321
1726503104460 0.9988455772399902 322
1726503104514 0.9988455772399902 323
1726503104569 0.9988455772399902 324
1726503104645 0.9988455772399902 325
1726503104697 0.9988455772399902 326
1726503104751 0.9988455772399902 327
1726503104803 0.9988455772399902 328
1726503104870 0.9988455772399902 329
1726503104922 0.9988455772399902 330
1726503104975 0.9988455772399902 331
1726503105030 0.9988455772399902 332
1726503105084 0.9988455772399902 333
1726503105138 0.9988455772399902 334
1726503105203 0.9988455772399902 335
1726503105255 0.9988455772399902 336
1726503105314 0.9988455772399902 337
1726503105366 0.9988455772399902 338
1726503105419 0.9988455772399902 339
1726503105470 0.9988455772399902 340
1726503105520 0.9988455772399902 341
1726503105570 0.9988455772399902 342
1726503105621 0.9988455772399902 343
1726503105672 0.9988455772399902 344
1726503105723 0.9988455772399902 345
1726503105775 0.9988455772399902 346
1726503105826 0.9988455772399902 347
1726503105877 0.9988455772399902 348
1726503105928 0.9988455772399902 349
1726503105979 0.9988455772399902 350
1726503106042 0.9988455772399902 351
1726503106097 0.9988455772399902 352
1726503106157 0.9988455772399902 353
1726503106219 0.9988455772399902 354
1726503106282 0.9988455772399902 355
1726503106339 0.9988455772399902 356
1726503106400 0.9988455772399902 357
1726503106470 0.9988455772399902 358
1726503106529 0.9988455772399902 359
1726503106590 0.9988455772399902 360
1726503106652 0.9988455772399902 361
1726503106715 0.9988455772399902 362
1726503106777 0.9988455772399902 363
1726503106853 0.9988455772399902 364
1726503106913 0.9988455772399902 365
1726503106971 0.9988455772399902 366
1726503107027 0.9988455772399902 367
1726503107081 0.9988455772399902 368
1726503107140 0.9988455772399902 369
1726503107195 0.9988455772399902 370
1726503107251 0.9988455772399902 371
1726503107305 0.9988455772399902 372
1726503107360 0.9988455772399902 373
1726503107412 0.9988455772399902 374
1726503107466 0.9988455772399902 375
1726503107517 0.9988455772399902 376
1726503107568 0.9988455772399902 377
1726503107620 0.9988455772399902 378
1726503107671 0.9988455772399902 379
1726503107723 0.9988455772399902 380
1726503107773 0.9988455772399902 381
1726503107824 0.9988455772399902 382
1726503107876 0.9988455772399902 383
1726503107926 0.9988455772399902 384
1726503107981 0.9988455772399902 385
1726503108038 0.9988455772399902 386
1726503108089 0.9988455772399902 387
1726503108142 0.9988455772399902 388
1726503108195 0.9988455772399902 389
1726503108268 0.9988455772399902 390
1726503108335 0.9988455772399902 391
1726503108416 0.9988455772399902 392
1726503108469 0.9988455772399902 393
1726503108528 0.9988455772399902 394
1726503108576 0.9988455772399902 395
1726503108626 0.9988455772399902 396
1726503108675 0.9988455772399902 397
1726503108725 0.9988455772399902 398
1726503108777 0.9988455772399902 399
1726503108833 0.9988455772399902 400
1726503108903 0.9988455772399902 401
1726503108970 0.9988455772399902 402
1726503109030 0.9988455772399902 403
1726503109104 0.9988455772399902 404
1726503109161 0.9988455772399902 405
1726503109217 0.9988455772399902 406
1726503109267 0.9988455772399902 407
1726503109319 0.9988455772399902 408
1726503109392 0.9988455772399902 409
1726503109447 0.9988455772399902 410
1726503109504 0.9988455772399902 411
1726503109560 0.9988455772399902 412
1726503109614 0.9988455772399902 413
1726503109670 0.9988455772399902 414
1726503109719 0.9988455772399902 415
1726503109770 0.9988455772399902 416
1726503109819 0.9988455772399902 417
1726503109873 0.9988455772399902 418
1726503109923 0.9988455772399902 419
1726503109974 0.9988455772399902 420
1726503110023 0.9988455772399902 421
1726503110072 0.9988455772399902 422
1726503110123 0.9988455772399902 423
1726503110174 0.9988455772399902 424
1726503110223 0.9988455772399902 425
1726503110274 0.9988455772399902 426
1726503110324 0.9988455772399902 427
1726503110375 0.9988455772399902 428
1726503110427 0.9988455772399902 429
1726503110477 0.9988455772399902 430
1726503110528 0.9988455772399902 431
1726503110577 0.9988455772399902 432
1726503110629 0.9988455772399902 433
1726503110679 0.9988455772399902 434
1726503110730 0.9988455772399902 435
1726503110779 0.9988455772399902 436
1726503110830 0.9988455772399902 437
1726503110884 0.9988455772399902 438
1726503110943 0.9988455772399902 439
1726503110999 0.9988455772399902 440
1726503111059 0.9988455772399902 441
1726503111119 0.9988455772399902 442
1726503111194 0.9988455772399902 443
1726503111259 0.9988455772399902 444
1726503111318 0.9988455772399902 445
1726503111382 0.9988455772399902 446
1726503111446 0.9988455772399902 447
1726503111501 0.9988455772399902 448
1726503111560 0.9988455772399902 449
1726503111613 0.9988455772399902 450
1726503111665 0.9988455772399902 451
1726503111716 0.9988455772399902 452
1726503111765 0.9988455772399902 453
1726503111815 0.9988455772399902 454
1726503111867 0.9988455772399902 455
1726503111923 0.9988455772399902 456
1726503111975 0.9988455772399902 457
1726503112026 0.9988455772399902 458
1726503112075 0.9988455772399902 459
1726503112126 0.9988455772399902 460
1726503112175 0.9988455772399902 461
1726503112227 0.9988455772399902 462
1726503112279 0.9988455772399902 463
1726503112331 0.9988455772399902 464
1726503112382 0.9988455772399902 465
1726503112433 0.9988455772399902 466
1726503112488 0.9988455772399902 467
1726503112541 0.9988455772399902 468
1726503112595 0.9988455772399902 469
1726503112661 0.9988455772399902 470
1726503112718 0.9988455772399902 471
1726503112773 0.9988455772399902 472
1726503112827 0.9988455772399902 473
1726503112875 0.9988455772399902 474
1726503112927 0.9988455772399902 475
1726503112976 0.9988455772399902 476
1726503113027 0.9988455772399902 477
1726503113077 0.9988455772399902 478
1726503113130 0.9988455772399902 479
1726503113189 0.9988455772399902 480
1726503113246 0.9988455772399902 481
1726503113298 0.9988455772399902 482
1726503113349 0.9988455772399902 483
1726503113400 0.9988455772399902 484
1726503113450 0.9988455772399902 485
1726503113501 0.9988455772399902 486
1726503113552 0.9988455772399902 487
1726503113603 0.9988455772399902 488
1726503113654 0.9988455772399902 489
1726503113704 0.9988455772399902 490
1726503113755 0.9988455772399902 491
1726503113806 0.9988455772399902 492
1726503113857 0.9988455772399902 493
1726503113909 0.9988455772399902 494
1726503113959 0.9988455772399902 495
1726503114012 0.9988455772399902 496
1726503114062 0.9988455772399902 497
1726503114115 0.9988455772399902 498
1726503114168 0.9988455772399902 499
1726503114219 0.9988455772399902 500
1726503114271 0.9988455772399902 501
1726503114321 0.9988455772399902 502
1726503114373 0.9988455772399902 503
1726503114425 0.9988455772399902 504
1726503114477 0.9988455772399902 505
1726503114528 0.9988455772399902 506
1726503114578 0.9988455772399902 507
1726503114629 0.9988455772399902 508
1726503114682 0.9988455772399902 509
1726503114733 0.9988455772399902 510
1726503114785 0.9988455772399902 511
1726503114836 0.9988455772399902 512
1726503114887 0.9988455772399902 513
1726503114939 0.9988455772399902 514
1726503114993 0.9988455772399902 515
1726503115050 0.9988455772399902 516
1726503115117 0.9988455772399902 517
1726503115171 0.9988455772399902 518
1726503115221 0.9988455772399902 519
1726503115270 0.9988455772399902 520
1726503115320 0.9988455772399902 521
1726503115371 0.9988455772399902 522
1726503115422 0.9988455772399902 523
1726503115473 0.9988455772399902 524
1726503115524 0.9988455772399902 525
1726503115576 0.9988455772399902 526
1726503115627 0.9988455772399902 527
1726503115679 0.9988455772399902 528
1726503115732 0.9988455772399902 529
1726503115783 0.9988455772399902 530
1726503115834 0.9988455772399902 531
1726503115886 0.9988455772399902 532
1726503115938 0.9988455772399902 533
1726503115990 0.9988455772399902 534
1726503116042 0.9988455772399902 535
1726503116097 0.9988455772399902 536
1726503116160 0.9988455772399902 537
1726503116213 0.9988455772399902 538
1726503116275 0.9988455772399902 539
1726503116345 0.9988455772399902 540
1726503116410 0.9988455772399902 541
1726503116468 0.9988455772399902 542
1726503116526 0.9988455772399902 543
1726503116611 0.9988455772399902 544
1726503116674 0.9988455772399902 545
1726503116722 0.9988455772399902 546
1726503116772 0.9988455772399902 547
1726503116821 0.9988455772399902 548
1726503116872 0.9988455772399902 549
1726503116922 0.9988455772399902 550
1726503116973 0.9988455772399902 551
1726503117023 0.9988455772399902 552
1726503117073 0.9988455772399902 553
1726503117123 0.9988455772399902 554
1726503117174 0.9988455772399902 555
1726503117223 0.9988455772399902 556
1726503117274 0.9988455772399902 557
1726503117324 0.9988455772399902 558
1726503117385 0.9988455772399902 559
1726503117446 0.9988455772399902 560
1726503117511 0.9988455772399902 561
1726503117563 0.9988455772399902 562
1726503117616 0.9988455772399902 563
1726503117666 0.9988455772399902 564
1726503117715 0.9988455772399902 565
1726503117766 0.9988455772399902 566
1726503117831 0.9988455772399902 567
1726503117885 0.9988455772399902 568
1726503117949 0.9988455772399902 569
1726503117999 0.9988455772399902 570
1726503118048 0.9988455772399902 571
1726503118097 0.9988455772399902 572
1726503118148 0.9988455772399902 573
1726503118199 0.9988455772399902 574
1726503118251 0.9988455772399902 575
1726503118301 0.9988455772399902 576
1726503118353 0.9988455772399902 577
1726503118404 0.9988455772399902 578
1726503118454 0.9988455772399902 579
1726503118504 0.9988455772399902 580
1726503118555 0.9988455772399902 581
1726503118606 0.9988455772399902 582
1726503118657 0.9988455772399902 583
1726503118709 0.9988455772399902 584
1726503118760 0.9988455772399902 585
1726503118809 0.9988455772399902 586
1726503118861 0.9988455772399902 587
1726503118912 0.9988455772399902 588
1726503118964 0.9988455772399902 589
1726503119016 0.9988455772399902 590
1726503119067 0.9988455772399902 591
1726503119118 0.9988455772399902 592
1726503119172 0.9988455772399902 593
1726503119223 0.9988455772399902 594
1726503119274 0.9988455772399902 595
1726503119325 0.9988455772399902 596
1726503119376 0.9988455772399902 597
1726503119427 0.9988455772399902 598
1726503119479 0.9988455772399902 599
1726503119529 0.9988455772399902 600
1726503119589 0.9988455772399902 601
1726503119640 0.9988455772399902 602
1726503119693 0.9988455772399902 603
1726503119743 0.9988455772399902 604
1726503119795 0.9988455772399902 605
1726503119846 0.9988455772399902 606
1726503119900 0.9988455772399902 607
1726503119952 0.9988455772399902 608
1726503120003 0.9988455772399902 609
1726503120055 0.9988455772399902 610
1726503120106 0.9988455772399902 611
1726503120157 0.9988455772399902 612
1726503120208 0.9988455772399902 613
1726503120259 0.9988455772399902 614
1726503120311 0.9988455772399902 615
1726503120361 0.9988455772399902 616
1726503120413 0.9988455772399902 617
1726503120465 0.9988455772399902 618
1726503120517 0.9988455772399902 619
1726503120567 0.9988455772399902 620
1726503120618 0.9988455772399902 621
1726503120669 0.9988455772399902 622
1726503120721 0.9988455772399902 623
1726503120773 0.9988455772399902 624
1726503120823 0.9988455772399902 625
1726503120877 0.9988455772399902 626
1726503120932 0.9988455772399902 627
1726503120984 0.9988455772399902 628
1726503121036 0.9988455772399902 629
1726503121088 0.9988455772399902 630
1726503121138 0.9988455772399902 631
1726503121220 0.9988455772399902 632
1726503121279 0.9988455772399902 633
1726503121335 0.9988455772399902 634
1726503121393 0.9988455772399902 635
1726503121453 0.9988455772399902 636
1726503121513 0.9988455772399902 637
1726503121574 0.9988455772399902 638
1726503121636 0.9988455772399902 639
1726503121699 0.9988455772399902 640
1726503121764 0.9988455772399902 641
1726503121829 0.9988455772399902 642
1726503121890 0.9988455772399902 643
1726503121950 0.9988455772399902 644
1726503122008 0.9988455772399902 645
1726503122063 0.9988455772399902 646
1726503122119 0.9988455772399902 647
1726503122173 0.9988455772399902 648
1726503122226 0.9988455772399902 649
1726503122278 0.9988455772399902 650
1726503122330 0.9988455772399902 651
1726503122382 0.9988455772399902 652
1726503122436 0.9988455772399902 653
1726503122493 0.9988455772399902 654
1726503122547 0.9988455772399902 655
1726503122600 0.9988455772399902 656
1726503122652 0.9988455772399902 657
1726503122705 0.9988455772399902 658
1726503122758 0.9988455772399902 659
1726503122808 0.9988455772399902 660
1726503122859 0.9988455772399902 661
1726503122910 0.9988455772399902 662
1726503122962 0.9988455772399902 663
1726503123013 0.9988455772399902 664
1726503123064 0.9988455772399902 665
1726503123115 0.9988455772399902 666
1726503123167 0.9988455772399902 667
1726503123218 0.9988455772399902 668
1726503123270 0.9988455772399902 669
1726503123320 0.9988455772399902 670
1726503123372 0.9988455772399902 671
1726503123424 0.9988455772399902 672
1726503123476 0.9988455772399902 673
1726503123526 0.9988455772399902 674
1726503123576 0.9988455772399902 675
1726503123627 0.9988455772399902 676
1726503123679 0.9988455772399902 677
1726503123731 0.9988455772399902 678
1726503123782 0.9988455772399902 679
1726503123834 0.9988455772399902 680
1726503123885 0.9988455772399902 681
1726503123938 0.9988455772399902 682
1726503123990 0.9988455772399902 683
1726503124041 0.9988455772399902 684
1726503124092 0.9988455772399902 685
1726503124143 0.9988455772399902 686
1726503124195 0.9988455772399902 687
1726503124247 0.9988455772399902 688
1726503124298 0.9988455772399902 689
1726503124349 0.9988455772399902 690
1726503124400 0.9988455772399902 691
1726503124453 0.9988455772399902 692
1726503124505 0.9988455772399902 693
1726503124555 0.9988455772399902 694
1726503124606 0.9988455772399902 695
1726503124657 0.9988455772399902 696
1726503124710 0.9988455772399902 697
1726503124761 0.9988455772399902 698
1726503124814 0.9988455772399902 699
1726503124868 0.9988455772399902 700
1726503124921 0.9988455772399902 701
1726503124978 0.9988455772399902 702
1726503125049 0.9988455772399902 703
1726503125106 0.9988455772399902 704
1726503125158 0.9988455772399902 705
1726503125209 0.9988455772399902 706
1726503125261 0.9988455772399902 707
1726503125337 0.9988455772399902 708
1726503125389 0.9988455772399902 709
1726503125439 0.9988455772399902 710
1726503125489 0.9988455772399902 711
1726503125541 0.9988455772399902 712
1726503125596 0.9988455772399902 713
1726503125654 0.9988455772399902 714
1726503125711 0.9988455772399902 715
1726503125761 0.9988455772399902 716
1726503125812 0.9988455772399902 717
1726503125865 0.9988455772399902 718
1726503125916 0.9988455772399902 719
1726503125971 0.9988455772399902 720
1726503126053 0.9988455772399902 721
1726503126110 0.9988455772399902 722
1726503126170 0.9988455772399902 723
1726503126226 0.9988455772399902 724
1726503126277 0.9988455772399902 725
1726503126342 0.9988455772399902 726
1726503126423 0.9988455772399902 727
1726503126481 0.9988455772399902 728
1726503126543 0.9988455772399902 729
1726503126601 0.9988455772399902 730
1726503126656 0.9988455772399902 731
1726503126722 0.9988455772399902 732
1726503126772 0.9988455772399902 733
1726503126827 0.9988455772399902 734
1726503126876 0.9988455772399902 735
1726503126946 0.9988455772399902 736
1726503126995 0.9988455772399902 737
1726503127049 0.9988455772399902 738
1726503127100 0.9988455772399902 739
1726503127160 0.9988455772399902 740
1726503127217 0.9988455772399902 741
1726503127267 0.9988455772399902 742
1726503127317 0.9988455772399902 743
1726503127384 0.9988455772399902 744
1726503127449 0.9988455772399902 745
1726503127505 0.9988455772399902 746
1726503127558 0.9988455772399902 747
1726503127615 0.9988455772399902 748
1726503127669 0.9988455772399902 749
1726503127718 0.9988455772399902 750
1726503127767 0.9988455772399902 751
1726503127815 0.9988455772399902 752
1726503127863 0.9988455772399902 753
1726503127913 0.9988455772399902 754
1726503127964 0.9988455772399902 755
1726503128023 0.9988455772399902 756
1726503128099 0.9988455772399902 757
1726503128148 0.9988455772399902 758
1726503128199 0.9988455772399902 759
1726503128249 0.9988455772399902 760
1726503128298 0.9988455772399902 761
1726503128348 0.9988455772399902 762
1726503128398 0.9988455772399902 763
1726503128448 0.9988455772399902 764
1726503128499 0.9988455772399902 765
1726503128549 0.9988455772399902 766
1726503128599 0.9988455772399902 767
1726503128648 0.9988455772399902 768
1726503128699 0.9988455772399902 769
1726503128750 0.9988455772399902 770
1726503128801 0.9988455772399902 771
1726503128851 0.9988455772399902 772
1726503128902 0.9988455772399902 773
1726503128954 0.9988455772399902 774
1726503129004 0.9988455772399902 775
1726503129055 0.9988455772399902 776
1726503129105 0.9988455772399902 777
1726503129157 0.9988455772399902 778
1726503129208 0.9988455772399902 779
1726503129259 0.9988455772399902 780
1726503129320 0.9988455772399902 781
1726503129390 0.9988455772399902 782
1726503129451 0.9988455772399902 783
1726503129514 0.9988455772399902 784
1726503129580 0.9988455772399902 785
1726503129647 0.9988455772399902 786
1726503129725 0.9988455772399902 787
1726503129801 0.9988455772399902 788
1726503129878 0.9988455772399902 789
1726503129954 0.9988455772399902 790
1726503130031 0.9988455772399902 791
1726503130100 0.9988455772399902 792
1726503130165 0.9988455772399902 793
1726503130237 0.9988455772399902 794
1726503130310 0.9988455772399902 795
1726503130377 0.9988455772399902 796
1726503130447 0.9988455772399902 797
1726503130515 0.9988455772399902 798
1726503130585 0.9988455772399902 799
1726503130646 0.9988455772399902 800
1726503130705 0.9988455772399902 801
1726503130763 0.9988455772399902 802
1726503130818 0.9988455772399902 803
1726503130879 0.9988455772399902 804
1726503130937 0.9988455772399902 805
1726503130994 0.9988455772399902 806
1726503131047 0.9988455772399902 807
1726503131100 0.9988455772399902 808
1726503131169 0.9988455772399902 809
1726503131231 0.9988455772399902 810
1726503131288 0.9988455772399902 811
1726503131350 0.9988455772399902 812
1726503131407 0.9988455772399902 813
1726503131463 0.9988455772399902 814
1726503131520 0.9988455772399902 815
1726503131593 0.9988455772399902 816
1726503131664 0.9988455772399902 817
1726503131715 0.9988455772399902 818
1726503131766 0.9988455772399902 819
1726503131817 0.9988455772399902 820
1726503131869 0.9988455772399902 821
1726503131920 0.9988455772399902 822
1726503131972 0.9988455772399902 823
1726503132023 0.9988455772399902 824
1726503132075 0.9988455772399902 825
1726503132126 0.9988455772399902 826
1726503132176 0.9988455772399902 827
1726503132229 0.9988455772399902 828
1726503132282 0.9988455772399902 829
1726503132333 0.9988455772399902 830
1726503132386 0.9988455772399902 831
1726503132437 0.9988455772399902 832
1726503132491 0.9988455772399902 833
1726503132570 0.9988455772399902 834
1726503132629 0.9988455772399902 835
1726503132678 0.9988455772399902 836
1726503132736 0.9988455772399902 837
1726503132791 0.9988455772399902 838
1726503132842 0.9988455772399902 839
1726503132894 0.9988455772399902 840
1726503132944 0.9988455772399902 841
1726503132998 0.9988455772399902 842
1726503133049 0.9988455772399902 843
1726503133100 0.9988455772399902 844
1726503133151 0.9988455772399902 845
1726503133203 0.9988455772399902 846
1726503133256 0.9988455772399902 847
1726503133307 0.9988455772399902 848
1726503133357 0.9988455772399902 849
1726503133408 0.9988455772399902 850
1726503133460 0.9988455772399902 851
1726503133510 0.9988455772399902 852
1726503133561 0.9988455772399902 853
1726503133611 0.9988455772399902 854
1726503133663 0.9988455772399902 855
1726503133713 0.9988455772399902 856
1726503133765 0.9988455772399902 857
1726503133814 0.9988455772399902 858
1726503133867 0.9988455772399902 859
1726503133918 0.9988455772399902 860
1726503133970 0.9988455772399902 861
1726503134021 0.9988455772399902 862
1726503134071 0.9988455772399902 863
1726503134122 0.9988455772399902 864
1726503134173 0.9988455772399902 865
1726503134225 0.9988455772399902 866
1726503134275 0.9988455772399902 867
1726503134326 0.9988455772399902 868
1726503134376 0.9988455772399902 869
1726503134426 0.9988455772399902 870
1726503134480 0.9988455772399902 871
1726503134529 0.9988455772399902 872
1726503134581 0.9988455772399902 873
1726503134631 0.9988455772399902 874
1726503134682 0.9988455772399902 875
1726503134734 0.9988455772399902 876
1726503134785 0.9988455772399902 877
1726503134836 0.9988455772399902 878
1726503134887 0.9988455772399902 879
1726503134939 0.9988455772399902 880
1726503134992 0.9988455772399902 881
1726503135043 0.9988455772399902 882
1726503135094 0.9988455772399902 883
1726503135144 0.9988455772399902 884
1726503135196 0.9988455772399902 885
1726503135247 0.9988455772399902 886
1726503135298 0.9988455772399902 887
1726503135349 0.9988455772399902 888
1726503135400 0.9988455772399902 889
1726503135451 0.9988455772399902 890
1726503135503 0.9988455772399902 891
1726503135554 0.9988455772399902 892
1726503135608 0.9988455772399902 893
1726503135675 0.9988455772399902 894
1726503135732 0.9988455772399902 895
1726503135795 0.9988455772399902 896
1726503135864 0.9988455772399902 897
1726503135921 0.9988455772399902 898
1726503135986 0.9988455772399902 899
1726503136048 0.9988455772399902 900
1726503136110 0.9988455772399902 901
1726503136169 0.9988455772399902 902
1726503136221 0.9988455772399902 903
1726503136277 0.9988455772399902 904
1726503136334 0.9988455772399902 905
1726503136393 0.9988455772399902 906
1726503136457 0.9988455772399902 907
1726503136519 0.9988455772399902 908
1726503136582 0.9988455772399902 909
1726503136644 0.9988455772399902 910
1726503136706 0.9988455772399902 911
1726503136769 0.9988455772399902 912
1726503136833 0.9988455772399902 913
1726503136904 0.9988455772399902 914
1726503136971 0.9988455772399902 915
1726503137038 0.9988455772399902 916
1726503137097 0.9988455772399902 917
1726503137162 0.9988455772399902 918
1726503137224 0.9988455772399902 919
1726503137304 0.9988455772399902 920
1726503137363 0.9988455772399902 921
1726503137430 0.9988455772399902 922
1726503137494 0.9988455772399902 923
1726503137552 0.9988455772399902 924
1726503137616 0.9988455772399902 925
1726503137669 0.9988455772399902 926
1726503137741 0.9988455772399902 927
1726503137799 0.9988455772399902 928
1726503137849 0.9988455772399902 929
1726503137900 0.9988455772399902 930
1726503137949 0.9988455772399902 931
1726503138001 0.9988455772399902 932
1726503138051 0.9988455772399902 933
1726503138102 0.9988455772399902 934
1726503138152 0.9988455772399902 935
1726503138203 0.9988455772399902 936
1726503138255 0.9988455772399902 937
1726503138306 0.9988455772399902 938
1726503138356 0.9988455772399902 939
1726503138407 0.9988455772399902 940
1726503138458 0.9988455772399902 941
1726503138510 0.9988455772399902 942
1726503138564 0.9988455772399902 943
1726503138615 0.9988455772399902 944
1726503138665 0.9988455772399902 945
1726503138716 0.9988455772399902 946
1726503138767 0.9988455772399902 947
1726503138818 0.9988455772399902 948
1726503138869 0.9988455772399902 949
1726503138920 0.9988455772399902 950
1726503138970 0.9988455772399902 951
1726503139021 0.9988455772399902 952
1726503139072 0.9988455772399902 953
1726503139122 0.9988455772399902 954
1726503139173 0.9988455772399902 955
1726503139224 0.9988455772399902 956
1726503139276 0.9988455772399902 957
1726503139326 0.9988455772399902 958
1726503139376 0.9988455772399902 959
1726503139428 0.9988455772399902 960
1726503139478 0.9988455772399902 961
1726503139530 0.9988455772399902 962
1726503139580 0.9988455772399902 963
1726503139631 0.9988455772399902 964
1726503139680 0.9988455772399902 965
1726503139733 0.9988455772399902 966
1726503139783 0.9988455772399902 967
1726503139834 0.9988455772399902 968
1726503139887 0.9988455772399902 969
1726503139937 0.9988455772399902 970
1726503139988 0.9988455772399902 971
1726503140039 0.9988455772399902 972
1726503140092 0.9988455772399902 973
1726503140151 0.9988455772399902 974
1726503140210 0.9988455772399902 975
1726503140271 0.9988455772399902 976
1726503140330 0.9988455772399902 977
1726503140380 0.9988455772399902 978
1726503140428 0.9988455772399902 979
1726503140479 0.9988455772399902 980
1726503140528 0.9988455772399902 981
1726503140578 0.9988455772399902 982
1726503140627 0.9988455772399902 983
1726503140678 0.9988455772399902 984
1726503140727 0.9988455772399902 985
1726503140780 0.9988455772399902 986
1726503140830 0.9988455772399902 987
1726503140882 0.9988455772399902 988
1726503140934 0.9988455772399902 989
1726503140986 0.9988455772399902 990
1726503141038 0.9988455772399902 991
1726503141088 0.9988455772399902 992
1726503141139 0.9988455772399902 993
1726503141190 0.9988455772399902 994
1726503141241 0.9988455772399902 995
1726503141294 0.9988455772399902 996
1726503141345 0.9988455772399902 997
1726503141397 0.9988455772399902 998
1726503141447 0.9988455772399902 999
