1727297393864 2e-05 0
1727297393906 3.3935458660125732 1
1727297393943 3.596561908721924 2
1727297393984 2.4475183486938477 3
1727297394024 3.352400064468384 4
1727297394072 3.1711812019348145 5
1727297394112 3.085792303085327 6
1727297394152 3.8740179538726807 7
1727297394198 3.2588398456573486 8
1727297394235 2.8902814388275146 9
1727297394277 3.063319206237793 10
1727297394315 3.327021837234497 11
1727297394354 3.5565171241760254 12
1727297394395 3.6038901805877686 13
1727297394431 3.0031843185424805 14
1727297394469 3.598288059234619 15
1727297394506 3.9076755046844482 16
1727297394548 3.5939624309539795 17
1727297394585 3.1141557693481445 18
1727297394620 3.2935967445373535 19
1727297394664 3.3396153450012207 20
1727297394706 3.7639825344085693 21
1727297394750 3.921447992324829 22
1727297394790 3.868713855743408 23
1727297394832 3.8038949966430664 24
1727297394879 3.244189977645874 25
1727297394925 2.5440003871917725 26
1727297394969 3.2594127655029297 27
1727297395009 3.4240942001342773 28
1727297395048 4.158088684082031 29
1727297395090 3.211311101913452 30
1727297395126 4.16565465927124 31
1727297395165 3.279587507247925 32
1727297395204 4.192708492279053 33
1727297395247 3.026921510696411 34
1727297395291 3.573945999145508 35
1727297395337 3.2706096172332764 36
1727297395373 3.4154903888702393 37
1727297395415 2.0108256340026855 38
1727297395453 3.7870993614196777 39
1727297395493 3.670297145843506 40
1727297395533 3.638963222503662 41
1727297395581 3.3148553371429443 42
1727297395623 3.2849466800689697 43
1727297395659 3.6370928287506104 44
1727297395695 2.8399152755737305 45
1727297395736 3.309990644454956 46
1727297395772 3.3822109699249268 47
1727297395808 3.8781533241271973 48
1727297395847 2.8944270610809326 49
1727297395886 3.3905301094055176 50
1727297395925 3.7748734951019287 51
1727297395961 3.396670341491699 52
1727297396003 3.1347239017486572 53
1727297396054 3.906076669692993 54
1727297396096 3.2274169921875 55
1727297396147 3.827002763748169 56
1727297396192 3.4861032962799072 57
1727297396235 3.854973077774048 58
1727297396276 3.1463816165924072 59
1727297396322 3.7087159156799316 60
1727297396405 3.8358170986175537 61
1727297396470 3.1389529705047607 62
1727297396531 3.599370241165161 63
1727297396587 2.8137454986572266 64
1727297396640 3.5856173038482666 65
1727297396683 3.5537524223327637 66
1727297396723 3.2945733070373535 67
1727297396769 3.350024700164795 68
1727297396809 3.880842685699463 69
1727297396851 3.4487955570220947 70
1727297396895 3.171548366546631 71
1727297396937 3.1616322994232178 72
1727297396974 3.150111675262451 73
1727297397011 2.976144313812256 74
1727297397053 3.43997859954834 75
1727297397092 3.3810458183288574 76
1727297397127 3.429823637008667 77
1727297397163 4.115566253662109 78
1727297397204 3.4053189754486084 79
1727297397240 3.4406027793884277 80
1727297397276 3.2254085540771484 81
1727297397312 3.6214964389801025 82
1727297397352 3.9307126998901367 83
1727297397389 3.1943421363830566 84
1727297397426 3.7052547931671143 85
1727297397466 3.5582339763641357 86
1727297397505 3.4723010063171387 87
1727297397541 2.9056553840637207 88
1727297397578 3.2821948528289795 89
1727297397614 4.237446308135986 90
1727297397650 0.6846965551376343 91
1727297397685 3.5217814445495605 92
1727297397721 3.763263463973999 93
1727297397758 2.7315785884857178 94
1727297397795 4.264101028442383 95
1727297397842 2.7557482719421387 96
1727297397887 3.1921441555023193 97
1727297397935 3.7065253257751465 98
1727297397974 3.786940813064575 99
1727297398010 3.63107967376709 100
1727297398046 3.186244487762451 101
1727297398084 3.200368642807007 102
1727297398127 3.0997536182403564 103
1727297398164 3.4582016468048096 104
1727297398203 3.489070415496826 105
1727297398250 0.49403244256973267 106
1727297398295 3.816462278366089 107
1727297398351 3.3865206241607666 108
1727297398396 3.3579399585723877 109
1727297398441 3.2892239093780518 110
1727297398489 3.0674397945404053 111
1727297398533 3.630436897277832 112
1727297398573 3.7023725509643555 113
1727297398614 3.582972764968872 114
1727297398653 3.64308500289917 115
1727297398695 0.6685855388641357 116
1727297398731 3.560910940170288 117
1727297398770 3.312614917755127 118
1727297398812 3.2806437015533447 119
1727297398848 3.23366641998291 120
1727297398885 3.8380231857299805 121
1727297398926 3.839416980743408 122
1727297398965 3.5881643295288086 123
1727297399010 3.0193238258361816 124
1727297399047 2.3276379108428955 125
1727297399087 3.73244309425354 126
1727297399127 2.97209095954895 127
1727297399167 3.514044761657715 128
1727297399204 3.4470174312591553 129
1727297399241 2.8318984508514404 130
1727297399279 2.804922580718994 131
1727297399314 4.06627082824707 132
1727297399357 3.106858968734741 133
1727297399392 3.5733256340026855 134
1727297399428 3.4508309364318848 135
1727297399465 3.2667415142059326 136
1727297399506 3.000361680984497 137
1727297399543 4.000018119812012 138
1727297399580 2.6578283309936523 139
1727297399617 3.782365083694458 140
1727297399653 3.4513638019561768 141
1727297399688 3.5230441093444824 142
1727297399726 2.868231773376465 143
1727297399762 3.712592124938965 144
1727297399798 3.596506118774414 145
1727297399835 3.441544771194458 146
1727297399872 2.598609685897827 147
1727297399909 3.984894037246704 148
1727297399946 3.950518846511841 149
1727297399982 3.147287368774414 150
1727297400023 3.285339832305908 151
1727297400067 3.4114840030670166 152
1727297400105 2.4265921115875244 153
1727297400146 2.6895761489868164 154
1727297400184 3.443603515625 155
1727297400222 2.8929688930511475 156
1727297400257 3.4865872859954834 157
1727297400295 3.4009850025177 158
1727297400335 3.774400472640991 159
1727297400374 3.6306357383728027 160
1727297400410 4.096059322357178 161
1727297400447 3.9757344722747803 162
1727297400484 3.4102048873901367 163
1727297400519 3.2235028743743896 164
1727297400562 2.8845162391662598 165
1727297400600 3.5895302295684814 166
1727297400636 2.7962429523468018 167
1727297400672 3.6466996669769287 168
1727297400714 3.778621196746826 169
1727297400756 3.4601354598999023 170
1727297400801 3.8533034324645996 171
1727297400846 2.9720711708068848 172
1727297400889 3.6336212158203125 173
1727297400935 4.205491065979004 174
1727297400978 3.6838431358337402 175
1727297401022 3.1966071128845215 176
1727297401073 3.6808524131774902 177
1727297401125 3.2732419967651367 178
1727297401174 3.244652509689331 179
1727297401213 3.2998862266540527 180
1727297401253 3.627044677734375 181
1727297401300 3.0492846965789795 182
1727297401355 2.861067295074463 183
1727297401420 3.7014715671539307 184
1727297401477 3.448436737060547 185
1727297401526 2.7221872806549072 186
1727297401576 2.1898293495178223 187
1727297401614 3.6128225326538086 188
1727297401667 2.896216630935669 189
1727297401722 3.4998490810394287 190
1727297401776 3.6155636310577393 191
1727297401829 2.9631235599517822 192
1727297401885 3.0606307983398438 193
1727297401934 3.75486159324646 194
1727297401985 3.6097943782806396 195
1727297402037 3.857245683670044 196
1727297402087 2.973827362060547 197
1727297402140 3.1727943420410156 198
1727297402189 3.1529767513275146 199
1727297402241 3.407813787460327 200
1727297402292 3.3598380088806152 201
1727297402339 3.0410780906677246 202
1727297402396 4.046086311340332 203
1727297402439 3.832266092300415 204
1727297402496 3.367769241333008 205
1727297402545 3.6980488300323486 206
1727297402592 3.3180415630340576 207
1727297402639 3.9950430393218994 208
1727297402678 3.90104603767395 209
1727297402717 3.6843721866607666 210
1727297402761 3.5616748332977295 211
1727297402799 2.9965875148773193 212
1727297402842 3.261685609817505 213
1727297402887 3.4397213459014893 214
1727297402925 3.381704092025757 215
1727297402960 3.255741834640503 216
1727297402997 3.235457181930542 217
1727297403039 3.125412940979004 218
1727297403077 3.0888538360595703 219
1727297403118 3.5443382263183594 220
1727297403155 2.813732862472534 221
1727297403194 2.589385986328125 222
1727297403230 3.2197890281677246 223
1727297403272 3.606844425201416 224
1727297403308 2.822810173034668 225
1727297403354 3.663957118988037 226
1727297403394 3.809473991394043 227
1727297403431 3.4876186847686768 228
1727297403474 3.0335779190063477 229
1727297403519 0.349612295627594 230
1727297403555 0.31820929050445557 231
1727297403598 2.9066758155822754 232
1727297403653 3.3537721633911133 233
1727297403692 3.372009038925171 234
1727297403731 3.528271198272705 235
1727297403774 2.388428211212158 236
1727297403817 3.927600622177124 237
1727297403864 2.4810850620269775 238
1727297403906 3.272150754928589 239
1727297403950 3.1665382385253906 240
1727297403985 3.1133453845977783 241
1727297404029 3.950352907180786 242
1727297404073 3.7428812980651855 243
1727297404116 3.6733644008636475 244
1727297404162 3.193449020385742 245
1727297404206 3.8168294429779053 246
1727297404248 3.428611993789673 247
1727297404291 3.512643575668335 248
1727297404342 2.8927087783813477 249
1727297404387 0.35768669843673706 250
1727297404440 3.3198864459991455 251
1727297404482 3.4132790565490723 252
1727297404518 4.085114479064941 253
1727297404560 3.0819709300994873 254
1727297404597 3.201322555541992 255
1727297404633 4.040158271789551 256
1727297404669 0.5779178738594055 257
1727297404710 0.4171978533267975 258
1727297404750 2.739621162414551 259
1727297404789 4.049917221069336 260
1727297404829 3.7587265968322754 261
1727297404874 2.808635950088501 262
1727297404910 3.0959129333496094 263
1727297404951 3.386690855026245 264
1727297404990 0.6109859347343445 265
1727297405026 0.7601950168609619 266
1727297405069 3.4342846870422363 267
1727297405107 3.596341133117676 268
1727297405147 3.2714648246765137 269
1727297405189 3.1257057189941406 270
1727297405226 3.0053558349609375 271
1727297405262 0.48078861832618713 272
1727297405299 2.765241861343384 273
1727297405339 3.593026876449585 274
1727297405383 3.5020084381103516 275
1727297405423 3.3603451251983643 276
1727297405463 3.0685698986053467 277
1727297405506 3.7197659015655518 278
1727297405541 3.1327269077301025 279
1727297405586 3.2306129932403564 280
1727297405631 3.511495351791382 281
1727297405677 3.1104888916015625 282
1727297405720 3.6231818199157715 283
1727297405767 3.4754607677459717 284
1727297405812 3.715533971786499 285
1727297405858 2.8996050357818604 286
1727297405895 3.4315991401672363 287
1727297405930 3.0521230697631836 288
1727297405967 3.107933521270752 289
1727297406006 0.34517988562583923 290
1727297406043 0.2807653248310089 291
1727297406080 3.881601095199585 292
1727297406116 3.2510054111480713 293
1727297406158 2.7091219425201416 294
1727297406202 0.3647621273994446 295
1727297406249 3.2761549949645996 296
1727297406296 0.4370098114013672 297
1727297406340 3.3265738487243652 298
1727297406379 0.41146910190582275 299
1727297406416 2.971859931945801 300
1727297406453 3.3150880336761475 301
1727297406491 3.9609358310699463 302
1727297406527 3.083483934402466 303
1727297406563 3.416071653366089 304
1727297406599 3.3672454357147217 305
1727297406638 3.843113660812378 306
1727297406682 3.3755922317504883 307
1727297406729 2.8658251762390137 308
1727297406776 3.1550920009613037 309
1727297406820 3.450174570083618 310
1727297406861 3.6785478591918945 311
1727297406904 3.5518453121185303 312
1727297406951 3.564901828765869 313
1727297406996 4.037432670593262 314
1727297407038 3.3062450885772705 315
1727297407079 3.5425965785980225 316
1727297407126 3.459160089492798 317
1727297407169 3.5589613914489746 318
1727297407213 3.775273323059082 319
1727297407251 3.290376663208008 320
1727297407287 3.406498670578003 321
1727297407324 3.3376340866088867 322
1727297407362 3.6146204471588135 323
1727297407399 0.848433256149292 324
1727297407437 0.5294850468635559 325
1727297407473 3.942211627960205 326
1727297407509 2.8400704860687256 327
1727297407546 3.1541712284088135 328
1727297407584 3.707855463027954 329
1727297407622 3.6687426567077637 330
1727297407659 3.2666144371032715 331
1727297407695 2.8768625259399414 332
1727297407731 4.035044193267822 333
1727297407767 3.50152850151062 334
1727297407803 0.5305817723274231 335
1727297407840 3.7557337284088135 336
1727297407879 2.795785427093506 337
1727297407915 3.070923328399658 338
1727297407952 2.7835679054260254 339
1727297407988 3.354475736618042 340
1727297408026 0.35312217473983765 341
1727297408063 4.065072059631348 342
1727297408120 3.3350095748901367 343
1727297408159 2.7849009037017822 344
1727297408196 3.292712926864624 345
1727297408239 0.6630535125732422 346
1727297408277 0.4962935149669647 347
1727297408314 3.6855669021606445 348
1727297408351 3.6641695499420166 349
1727297408392 3.2657973766326904 350
1727297408429 3.594597578048706 351
1727297408465 3.2820749282836914 352
1727297408502 3.6031460762023926 353
1727297408544 3.8386659622192383 354
1727297408581 0.44654807448387146 355
1727297408623 0.45031365752220154 356
1727297408663 0.31489577889442444 357
1727297408702 0.2805643677711487 358
1727297408742 0.35687899589538574 359
1727297408782 0.37459227442741394 360
1727297408824 0.45717376470565796 361
1727297408862 3.1869940757751465 362
1727297408903 3.290569543838501 363
1727297408941 3.8663859367370605 364
1727297408985 3.5714688301086426 365
1727297409022 3.602250814437866 366
1727297409062 3.5315098762512207 367
1727297409110 3.1564934253692627 368
1727297409153 3.8631253242492676 369
1727297409192 0.4435073435306549 370
1727297409232 0.4451037347316742 371
1727297409270 3.4128050804138184 372
1727297409318 3.6283442974090576 373
1727297409358 3.447159767150879 374
1727297409398 3.6994378566741943 375
1727297409442 2.934861898422241 376
1727297409477 3.078077793121338 377
1727297409514 3.7025701999664307 378
1727297409557 3.5524728298187256 379
1727297409595 3.5231006145477295 380
1727297409634 0.5155419111251831 381
1727297409681 3.0590627193450928 382
1727297409721 3.5056943893432617 383
1727297409757 0.487425297498703 384
1727297409798 0.34401512145996094 385
1727297409837 0.3355485200881958 386
1727297409886 0.34173426032066345 387
1727297409930 0.3598572909832001 388
1727297409980 0.4171695113182068 389
1727297410019 0.3132876753807068 390
1727297410056 0.35433804988861084 391
1727297410102 0.43675345182418823 392
1727297410153 0.33051347732543945 393
1727297410190 0.0 394
