1727306905837 0.31563353538513184 0
1727306905875 0.16758394241333008 1
1727306905918 0.09060215950012207 2
1727306905957 -0.03253614902496338 3
1727306905992 0.11005425453186035 4
1727306906030 0.0790719985961914 5
1727306906068 -0.16111958026885986 6
1727306906106 0.020476818084716797 7
1727306906142 0.20739030838012695 8
1727306906181 0.06528306007385254 9
1727306906217 0.10310745239257812 10
1727306906253 0.22068190574645996 11
1727306906289 4.169336318969727 12
1727306906325 0.09722208976745605 13
1727306906363 0.09958696365356445 14
1727306906403 0.12645840644836426 15
1727306906442 0.19740819931030273 16
1727306906478 0.11032223701477051 17
1727306906518 0.08531403541564941 18
1727306906559 0.016491174697875977 19
1727306906599 0.10173583030700684 20
1727306906635 0.015669584274291992 21
1727306906671 0.06302952766418457 22
1727306906708 0.04674553871154785 23
1727306906746 0.2179405689239502 24
1727306906786 0.03293466567993164 25
1727306906823 0.17644190788269043 26
1727306906861 0.044136762619018555 27
1727306906900 0.08675694465637207 28
1727306906938 0.22878527641296387 29
1727306906975 0.05886650085449219 30
1727306907013 0.11965298652648926 31
1727306907051 -0.03001844882965088 32
1727306907087 0.06385016441345215 33
1727306907124 0.2000892162322998 34
1727306907159 0.11735796928405762 35
1727306907197 -0.7801951169967651 36
1727306907241 0.15607476234436035 37
1727306907277 4.169336318969727 38
1727306907311 0.07228255271911621 39
1727306907348 0.059980154037475586 40
1727306907385 0.12398123741149902 41
1727306907421 0.0845797061920166 42
1727306907456 0.1448078155517578 43
1727306907493 -0.0075778961181640625 44
1727306907529 0.05707144737243652 45
1727306907567 0.17594146728515625 46
1727306907603 0.05617213249206543 47
1727306907639 -0.04635167121887207 48
1727306907675 0.11678862571716309 49
1727306907715 0.041124820709228516 50
1727306907755 -0.03035140037536621 51
1727306907795 -0.20800817012786865 52
1727306907833 0.15580344200134277 53
1727306907868 0.23296761512756348 54
1727306907903 0.06437158584594727 55
1727306907962 0.07209134101867676 56
1727306907999 -0.23793566226959229 57
1727306908039 0.14838862419128418 58
1727306908077 0.048210859298706055 59
1727306908115 -0.12861931324005127 60
1727306908152 -0.11768293380737305 61
1727306908190 0.14006257057189941 62
1727306908229 0.15242409706115723 63
1727306908265 -0.04868054389953613 64
1727306908302 0.180755615234375 65
1727306908340 -0.144051194190979 66
1727306908378 0.1875309944152832 67
1727306908417 0.10866761207580566 68
1727306908456 0.08320999145507812 69
1727306908496 0.061240434646606445 70
1727306908534 0.030595779418945312 71
1727306908574 0.12779736518859863 72
1727306908615 0.021430253982543945 73
1727306908650 0.15410399436950684 74
1727306908686 -0.002005338668823242 75
1727306908730 0.1763465404510498 76
1727306908769 -0.034970641136169434 77
1727306908807 0.14746546745300293 78
1727306908848 0.14580273628234863 79
1727306908889 0.0788273811340332 80
1727306908929 0.09856629371643066 81
1727306908970 0.1949307918548584 82
1727306909007 0.19953346252441406 83
1727306909043 0.09096360206604004 84
1727306909080 0.12940120697021484 85
1727306909116 -0.4362790584564209 86
1727306909153 -0.06045258045196533 87
1727306909189 -0.1883864402770996 88
1727306909227 0.16306686401367188 89
1727306909263 0.02323770523071289 90
1727306909303 0.14960646629333496 91
1727306909342 0.06884765625 92
1727306909382 0.06308531761169434 93
1727306909421 0.08600831031799316 94
1727306909461 -0.010598182678222656 95
1727306909498 0.01866936683654785 96
1727306909535 0.009592771530151367 97
1727306909571 -0.030646681785583496 98
1727306909608 0.10399937629699707 99
1727306909645 0.1225748062133789 100
1727306909683 0.04674553871154785 101
1727306909719 -0.15075016021728516 102
1727306909761 0.1518692970275879 103
1727306909796 4.112095832824707 104
1727306909831 0.10680794715881348 105
1727306909867 0.04413938522338867 106
1727306909902 -0.09433817863464355 107
1727306909940 0.11383175849914551 108
1727306909977 -0.24258017539978027 109
1727306910013 0.1949307918548584 110
1727306910049 0.03976726531982422 111
1727306910084 0.08249163627624512 112
1727306910121 0.11585187911987305 113
1727306910158 0.1370105743408203 114
1727306910195 0.20874476432800293 115
1727306910232 0.1275482177734375 116
1727306910269 -0.029532909393310547 117
1727306910307 0.09600615501403809 118
1727306910345 0.17265868186950684 119
1727306910389 -0.000316619873046875 120
1727306910426 0.21467208862304688 121
1727306910462 -0.11781859397888184 122
1727306910501 -0.15179920196533203 123
1727306910538 3.9262471199035645 124
1727306910575 0.07899165153503418 125
1727306910613 0.23387861251831055 126
1727306910653 0.01743626594543457 127
1727306910691 0.040407657623291016 128
1727306910732 -0.016564369201660156 129
1727306910769 0.02037835121154785 130
1727306910807 -0.10101079940795898 131
1727306910843 0.1307382583618164 132
1727306910880 0.046002864837646484 133
1727306910917 -0.7801951169967651 134
1727306910954 0.22032952308654785 135
1727306910991 0.14006257057189941 136
1727306911028 -0.04669392108917236 137
1727306911064 -0.11554455757141113 138
1727306911099 0.15335583686828613 139
1727306911136 -0.09073483943939209 140
1727306911172 0.18180608749389648 141
1727306911210 0.03196358680725098 142
1727306911247 0.05897045135498047 143
1727306911283 0.0788273811340332 144
1727306911320 0.1151120662689209 145
1727306911356 4.169336318969727 146
1727306911392 0.05719399452209473 147
1727306911429 0.07079887390136719 148
1727306911468 0.15720725059509277 149
1727306911504 0.08609676361083984 150
1727306911542 -0.04399514198303223 151
1727306911580 0.1600332260131836 152
1727306911617 -0.11971116065979004 153
1727306911656 -0.3226304054260254 154
1727306911699 0.14600920677185059 155
1727306911741 0.09879231452941895 156
1727306911787 0.07173609733581543 157
1727306911831 0.16610980033874512 158
1727306911877 0.18117165565490723 159
1727306911927 -0.019696950912475586 160
1727306911974 0.09023666381835938 161
1727306912024 0.1438586711883545 162
1727306912068 0.019948720932006836 163
1727306912112 -0.13876593112945557 164
1727306912158 0.1300816535949707 165
1727306912205 0.13672423362731934 166
1727306912251 -0.051102519035339355 167
1727306912297 -0.08452773094177246 168
1727306912347 0.0019922256469726562 169
1727306912394 0.011053323745727539 170
1727306912440 0.04519510269165039 171
1727306912486 0.048193931579589844 172
1727306912538 4.546794414520264 173
1727306912587 0.19045257568359375 174
1727306912635 0.15190529823303223 175
1727306912681 -0.09595310688018799 176
1727306912730 0.19890522956848145 177
1727306912779 0.091278076171875 178
1727306912828 0.02367424964904785 179
1727306912874 -0.2888047695159912 180
1727306912920 -0.08927416801452637 181
1727306912963 0.13662004470825195 182
1727306913005 0.07149291038513184 183
1727306913045 -0.049210309982299805 184
1727306913085 0.14363336563110352 185
1727306913124 0.12007951736450195 186
1727306913162 -0.1875232458114624 187
1727306913200 -0.1282196044921875 188
1727306913237 0.014883279800415039 189
1727306913274 -0.09016954898834229 190
1727306913312 0.17747187614440918 191
1727306913349 0.03220009803771973 192
1727306913386 -0.006293773651123047 193
1727306913425 -0.7801951169967651 194
1727306913461 -0.7801951169967651 195
