1726233851401 2e-05 0
1726233851442 0.0010488033294677734 1
1726233851488 0.0021250247955322266 2
1726233851527 0.005103707313537598 3
1726233851569 0.002840280532836914 4
1726233851617 -0.005297303199768066 5
1726233851660 0.006015300750732422 6
1726233851707 -0.0011636018753051758 7
1726233851752 -0.005410194396972656 8
1726233851795 0.011968374252319336 9
1726233851838 0.004039883613586426 10
1726233851881 -0.022112369537353516 11
1726233851925 0.017731428146362305 12
1726233851973 0.00021266937255859375 13
1726233852032 -0.026732206344604492 14
1726233852081 0.004723548889160156 15
1726233852134 0.002282381057739258 16
1726233852192 -0.0049555301666259766 17
1726233852231 -0.012849807739257812 18
1726233852273 0.006859779357910156 19
1726233852318 -0.005196094512939453 20
1726233852364 0.004431724548339844 21
1726233852412 -0.005571722984313965 22
1726233852472 0.014230847358703613 23
1726233852512 0.002498030662536621 24
1726233852548 0.006522774696350098 25
1726233852585 -0.00563812255859375 26
1726233852621 0.022624969482421875 27
1726233852658 -0.00849604606628418 28
1726233852695 0.011505603790283203 29
1726233852733 0.004343628883361816 30
1726233852769 -0.019772768020629883 31
1726233852806 0.0020525455474853516 32
1726233852844 -0.020545363426208496 33
1726233852882 -0.016356348991394043 34
1726233852918 -0.006754040718078613 35
1726233852956 0.019837617874145508 36
1726233852994 0.030814409255981445 37
1726233853032 0.0015891790390014648 38
1726233853068 -0.009852886199951172 39
1726233853106 0.01647484302520752 40
1726233853144 -0.02368927001953125 41
1726233853181 0.017323017120361328 42
1726233853218 -0.0048274993896484375 43
1726233853256 -0.0052127838134765625 44
1726233853293 0.0019347667694091797 45
1726233853332 0.015087246894836426 46
1726233853368 -0.012662053108215332 47
1726233853407 -0.0069315433502197266 48
1726233853448 -0.0029343366622924805 49
1726233853502 0.009319663047790527 50
1726233853543 -0.004082918167114258 51
1726233853585 0.0047495365142822266 52
1726233853621 -0.0022597312927246094 53
1726233853658 -0.03274178504943848 54
1726233853694 0.023983478546142578 55
1726233853732 -0.014206409454345703 56
1726233853769 0.006516456604003906 57
1726233853810 0.027552127838134766 58
1726233853851 -0.01922297477722168 59
1726233853899 0.004613399505615234 60
1726233853952 0.005573749542236328 61
1726233854004 -0.004343271255493164 62
1726233854043 -0.02279376983642578 63
1726233854092 -0.0164564847946167 64
1726233854140 0.026200294494628906 65
1726233854188 0.0062874555587768555 66
1726233854226 -0.0007627010345458984 67
1726233854264 -0.005259513854980469 68
1726233854301 0.02698063850402832 69
1726233854338 -0.0021479129791259766 70
1726233854375 -0.007342100143432617 71
1726233854411 -0.01168966293334961 72
1726233854447 0.009756922721862793 73
1726233854483 -0.005396127700805664 74
1726233854520 0.004060983657836914 75
1726233854556 0.015645623207092285 76
1726233854593 -0.02310502529144287 77
1726233854628 -0.029712319374084473 78
1726233854665 0.03249859809875488 79
1726233854701 0.014932990074157715 80
1726233854738 -0.02486395835876465 81
1726233854775 0.007440090179443359 82
1726233854811 0.01617109775543213 83
1726233854848 0.006135225296020508 84
1726233854884 0.0007002353668212891 85
1726233854921 -0.007418394088745117 86
1726233854957 -0.0007812976837158203 87
1726233854993 -0.0332796573638916 88
1726233855030 -0.007030010223388672 89
1726233855066 0.02680504322052002 90
1726233855103 0.010312199592590332 91
1726233855140 -0.004481196403503418 92
1726233855175 -0.011124849319458008 93
1726233855212 0.012240171432495117 94
1726233855248 -0.005897641181945801 95
1726233855285 0.008530855178833008 96
1726233855321 0.0027523040771484375 97
1726233855358 -0.0068781375885009766 98
1726233855395 -2.086162567138672e-05 99
1726233855431 0.011378884315490723 100
1726233855468 -0.023234009742736816 101
1726233855505 0.006965756416320801 102
1726233855541 0.00016117095947265625 103
1726233855577 -0.0055991411209106445 104
1726233855614 -0.0016398429870605469 105
1726233855650 0.005485653877258301 106
1726233855687 -0.008121371269226074 107
1726233855722 -0.0022460222244262695 108
1726233855759 0.006621122360229492 109
1726233855796 0.0015277862548828125 110
1726233855833 0.005387306213378906 111
1726233855869 0.006337404251098633 112
1726233855905 0.006429910659790039 113
1726233855942 -0.014003276824951172 114
1726233855979 0.0003676414489746094 115
1726233856016 0.00876164436340332 116
1726233856052 -0.026158809661865234 117
1726233856089 0.011203527450561523 118
1726233856136 -0.018804311752319336 119
1726233856189 0.00992441177368164 120
1726233856229 0.015223264694213867 121
1726233856275 0.0006628036499023438 122
1726233856330 0.0150146484375 123
1726233856387 -0.01162576675415039 124
1726233856443 0.004027247428894043 125
1726233856503 -0.003132462501525879 126
1726233856563 -0.005454659461975098 127
1726233856624 0.009903550148010254 128
1726233856682 0.004520297050476074 129
1726233856734 -0.004783987998962402 130
1726233856780 0.004036903381347656 131
1726233856828 -0.027999162673950195 132
1726233856876 0.0014209747314453125 133
1726233856925 0.02315974235534668 134
1726233856973 -0.00687253475189209 135
1726233857021 -0.031028032302856445 136
1726233857069 -0.000933527946472168 137
1726233857128 0.016993045806884766 138
1726233857196 0.025130510330200195 139
1726233857260 -0.0039026737213134766 140
1726233857313 -0.002061009407043457 141
1726233857360 -0.007202029228210449 142
1726233857409 0.010917901992797852 143
1726233857460 0.0070868730545043945 144
1726233857503 -0.013219952583312988 145
1726233857546 -0.01009368896484375 146
1726233857588 0.01771986484527588 147
1726233857628 -0.010970592498779297 148
1726233857668 -0.030215740203857422 149
1726233857715 0.013074755668640137 150
1726233857756 0.01483309268951416 151
1726233857796 0.0022886991500854492 152
1726233857837 -0.03355419635772705 153
1726233857885 -0.007729172706604004 154
1726233857927 0.04140973091125488 155
1726233857973 0.014834403991699219 156
1726233858017 -0.023034214973449707 157
1726233858059 0.010231614112854004 158
1726233858098 -0.003423452377319336 159
1726233858136 0.013972997665405273 160
1726233858174 -0.023845553398132324 161
1726233858213 0.019033312797546387 162
1726233858251 0.0025141239166259766 163
1726233858288 -0.006363272666931152 164
1726233858326 0.006042122840881348 165
1726233858364 -0.006859779357910156 166
1726233858404 -0.001964092254638672 167
1726233858440 -0.0044182538986206055 168
1726233858479 0.006245017051696777 169
1726233858519 -0.0023397207260131836 170
1726233858560 -0.009351134300231934 171
1726233858610 0.0028983354568481445 172
1726233858651 0.014908671379089355 173
1726233858693 0.002232074737548828 174
1726233858738 -0.0045964717864990234 175
1726233858774 0.012284398078918457 176
1726233858811 -0.0036706924438476562 177
1726233858848 -0.025162100791931152 178
1726233858886 -0.0020023584365844727 179
1726233858923 0.0035709142684936523 180
1726233858960 -0.0022563934326171875 181
1726233858997 0.016008853912353516 182
1726233859034 -0.015971899032592773 183
1726233859073 0.013193964958190918 184
1726233859110 -0.0004608631134033203 185
1726233859148 0.005542159080505371 186
1726233859186 -0.0017385482788085938 187
1726233859224 -0.018296241760253906 188
1726233859261 -0.009008169174194336 189
1726233859299 0.02332782745361328 190
1726233859336 3.731250762939453e-05 191
1726233859375 -0.0014824867248535156 192
1726233859412 0.018173694610595703 193
1726233859450 -0.007964611053466797 194
1726233859488 0.0017232894897460938 195
1726233859526 0.00430452823638916 196
1726233859564 0.0017483234405517578 197
1726233859602 -0.004037141799926758 198
1726233859640 -0.0009145736694335938 199
1726233859678 0.0014754533767700195 200
1726233859716 -0.01828944683074951 201
1726233859755 -0.02019655704498291 202
1726233859793 0.0036475658416748047 203
1726233859832 -0.001353144645690918 204
1726233859870 0.0083160400390625 205
1726233859908 0.008073568344116211 206
1726233859945 0.004881381988525391 207
1726233859984 0.006804943084716797 208
1726233860022 0.0002944469451904297 209
1726233860060 -1.7642974853515625e-05 210
1726233860097 -0.001636505126953125 211
1726233860136 0.012807369232177734 212
1726233860174 -0.006799459457397461 213
1726233860211 -0.007512450218200684 214
1726233860249 -0.002869725227355957 215
1726233860287 -0.015958189964294434 216
1726233860323 0.02317953109741211 217
1726233860362 0.004283785820007324 218
1726233860400 0.0034227371215820312 219
1726233860438 -0.04350161552429199 220
1726233860475 0.015838980674743652 221
1726233860513 -0.012884020805358887 222
1726233860550 0.020365238189697266 223
1726233860589 -0.0038962364196777344 224
1726233860627 -0.013406038284301758 225
1726233860665 0.0031294822692871094 226
1726233860702 -5.316734313964844e-05 227
1726233860741 0.015728116035461426 228
1726233860778 -0.008594632148742676 229
1726233860815 0.007026791572570801 230
1726233860853 0.01652705669403076 231
1726233860892 -0.003106832504272461 232
1726233860929 0.0006570816040039062 233
1726233860969 0.010922670364379883 234
1726233861017 -0.0065081119537353516 235
1726233861067 -0.011471271514892578 236
1726233861107 -0.000606536865234375 237
1726233861158 0.008595585823059082 238
1726233861213 -0.011496901512145996 239
1726233861267 -0.0004467964172363281 240
1726233861307 0.006787776947021484 241
1726233861343 -0.0008398294448852539 242
1726233861383 0.00813281536102295 243
1726233861423 -0.004590749740600586 244
1726233861463 0.00306546688079834 245
1726233861512 0.003823399543762207 246
1726233861549 -0.0007486343383789062 247
1726233861589 -0.0042629241943359375 248
1726233861632 0.0034029483795166016 249
1726233861669 -0.02030777931213379 250
1726233861714 -0.006044149398803711 251
1726233861762 0.0028116703033447266 252
1726233861802 -0.008041858673095703 253
1726233861839 -0.03564023971557617 254
1726233861875 0.021155118942260742 255
1726233861912 0.009114623069763184 256
1726233861949 0.010492682456970215 257
1726233861986 -0.0009342432022094727 258
1726233862025 0.025984883308410645 259
1726233862072 -0.016045093536376953 260
1726233862110 -0.005059242248535156 261
1726233862160 -0.0034596920013427734 262
1726233862200 0.0072858333587646484 263
1726233862240 0.0027534961700439453 264
1726233862276 -0.03227376937866211 265
1726233862315 -0.003789663314819336 266
1726233862355 0.028811931610107422 267
1726233862395 -0.003656148910522461 268
1726233862441 0.009960412979125977 269
1726233862494 0.015793561935424805 270
1726233862543 -0.018751025199890137 271
1726233862585 0.01658153533935547 272
1726233862623 0.005234122276306152 273
1726233862660 -0.02331864833831787 274
1726233862697 -0.0044536590576171875 275
1726233862734 -0.0132981538772583 276
1726233862770 0.017327547073364258 277
1726233862807 0.028037548065185547 278
1726233862845 -0.009744048118591309 279
1726233862881 -0.003901958465576172 280
1726233862919 0.005453944206237793 281
1726233862957 0.00830996036529541 282
1726233862994 -0.015561223030090332 283
1726233863031 -0.011152982711791992 284
1726233863068 -0.004637718200683594 285
1726233863105 -0.00809478759765625 286
1726233863143 -0.00341641902923584 287
1726233863179 0.014496564865112305 288
1726233863217 0.010166525840759277 289
1726233863253 0.0062160491943359375 290
1726233863291 0.0038334131240844727 291
1726233863328 -0.003676295280456543 292
1726233863365 0.007587432861328125 293
1726233863402 0.0055103302001953125 294
1726233863439 -0.005541443824768066 295
1726233863477 -0.005624055862426758 296
1726233863514 -0.008684277534484863 297
1726233863551 0.00654447078704834 298
1726233863588 0.0006309747695922852 299
1726233863627 0.0045850276947021484 300
1726233863667 -0.003630995750427246 301
1726233863705 0.00774991512298584 302
1726233863744 -0.0021638870239257812 303
1726233863782 -0.014259934425354004 304
1726233863820 -0.014375448226928711 305
1726233863858 0.0015038251876831055 306
1726233863896 0.004212856292724609 307
1726233863935 0.02681136131286621 308
1726233863973 -0.016813993453979492 309
1726233864011 0.008919119834899902 310
1726233864057 0.005285143852233887 311
1726233864098 0.001795053482055664 312
1726233864146 -0.010420799255371094 313
1726233864192 0.0002688169479370117 314
1726233864230 -0.006072878837585449 315
1726233864270 0.008097529411315918 316
1726233864309 -0.004050016403198242 317
1726233864348 -0.00204622745513916 318
1726233864387 -0.01226353645324707 319
1726233864428 0.00022935867309570312 320
1726233864467 0.0012224912643432617 321
1726233864520 0.013333678245544434 322
1726233864579 0.010535478591918945 323
1726233864638 -0.007673740386962891 324
1726233864695 -0.021251440048217773 325
1726233864738 0.004687666893005371 326
1726233864775 -0.017794370651245117 327
1726233864811 0.018859267234802246 328
1726233864847 0.013542890548706055 329
1726233864884 -0.008809924125671387 330
1726233864920 -0.008871912956237793 331
1726233864958 0.009103536605834961 332
1726233864995 -0.004499077796936035 333
1726233865032 0.005027174949645996 334
1726233865068 0.0012933015823364258 335
1726233865105 0.011226415634155273 336
1726233865142 -0.00591123104095459 337
1726233865181 0.009479761123657227 338
1726233865225 -0.015534758567810059 339
1726233865264 -0.002578258514404297 340
1726233865303 0.022012829780578613 341
1726233865350 -0.023776531219482422 342
1726233865407 0.008840084075927734 343
1726233865452 -0.01736009120941162 344
1726233865496 -0.007608532905578613 345
1726233865536 -0.003828883171081543 346
1726233865572 1.1444091796875e-05 347
1726233865608 -0.0119093656539917 348
1726233865644 0.005109667778015137 349
1726233865681 0.004707813262939453 350
1726233865717 0.005447745323181152 351
1726233865754 0.004683494567871094 352
1726233865792 -0.009026527404785156 353
1726233865828 0.03748750686645508 354
1726233865864 0.0034412145614624023 355
1726233865900 -0.008100628852844238 356
1726233865936 0.006862640380859375 357
1726233865973 -0.02433490753173828 358
1726233866009 -0.014182329177856445 359
1726233866045 -0.011060714721679688 360
1726233866081 -0.0028516054153442383 361
1726233866117 0.012633204460144043 362
1726233866155 0.010038256645202637 363
1726233866197 -0.010814189910888672 364
1726233866238 0.005375981330871582 365
1726233866278 -0.006756305694580078 366
1726233866327 0.002240777015686035 367
1726233866363 0.020367980003356934 368
1726233866400 0.0003643035888671875 369
1726233866437 -0.009265661239624023 370
1726233866473 -0.010503768920898438 371
1726233866511 -0.004025101661682129 372
1726233866547 0.022685766220092773 373
1726233866585 -0.001723647117614746 374
1726233866621 -0.02250969409942627 375
1726233866658 0.021404385566711426 376
1726233866695 -0.01793491840362549 377
1726233866733 -0.0013136863708496094 378
1726233866771 -0.0008845329284667969 379
1726233866808 0.003308534622192383 380
1726233866846 -0.0035916566848754883 381
1726233866884 0.006376385688781738 382
1726233866921 0.010178089141845703 383
1726233866958 0.006020188331604004 384
1726233866996 0.0008158683776855469 385
1726233867035 -0.03117823600769043 386
1726233867073 0.001492142677307129 387
1726233867110 0.041454434394836426 388
1726233867148 -0.00411677360534668 389
1726233867185 -0.01184093952178955 390
1726233867224 0.0021475553512573242 391
1726233867261 0.01240551471710205 392
1726233867298 0.0058863162994384766 393
1726233867336 0.010356307029724121 394
1726233867374 -0.012810587882995605 395
1726233867411 -0.0014944076538085938 396
1726233867449 -0.004976630210876465 397
1726233867487 -0.00900876522064209 398
1726233867525 0.00756072998046875 399
1726233867562 0.01876366138458252 400
1726233867600 -0.006518959999084473 401
1726233867639 -0.015231728553771973 402
1726233867677 -0.0005857944488525391 403
1726233867714 -0.013654947280883789 404
1726233867752 -0.004682064056396484 405
1726233867789 0.008106231689453125 406
1726233867827 1.4424324035644531e-05 407
1726233867864 0.009376168251037598 408
1726233867902 0.021132349967956543 409
1726233867940 -0.0068776607513427734 410
1726233867977 -0.006771206855773926 411
1726233868016 -0.0003046989440917969 412
1726233868053 0.014794111251831055 413
1726233868090 -0.021200060844421387 414
1726233868127 0.0035762786865234375 415
1726233868165 4.589557647705078e-05 416
1726233868203 0.004542112350463867 417
1726233868240 0.0014147758483886719 418
1726233868277 -0.0194627046585083 419
1726233868314 0.013181447982788086 420
1726233868352 0.002177596092224121 421
1726233868389 -0.02815866470336914 422
1726233868426 -0.012671470642089844 423
1726233868464 0.008379936218261719 424
1726233868501 0.04136395454406738 425
1726233868538 -0.0058858394622802734 426
1726233868575 -0.009679436683654785 427
1726233868613 0.008234381675720215 428
1726233868651 -0.006890058517456055 429
1726233868688 0.016762852668762207 430
1726233868725 0.00225830078125 431
1726233868764 -0.0008147954940795898 432
1726233868804 -0.0016727447509765625 433
1726233868841 -0.021484851837158203 434
1726233868879 -0.016917943954467773 435
1726233868919 0.009720921516418457 436
1726233868960 -0.015679240226745605 437
1726233869007 -0.0026941299438476562 438
1726233869052 0.002430438995361328 439
1726233869091 0.04242289066314697 440
1726233869129 -0.01909005641937256 441
1726233869171 0.00745081901550293 442
1726233869214 0.004756331443786621 443
1726233869254 0.005688071250915527 444
1726233869299 -0.0014821290969848633 445
1726233869343 -0.0025849342346191406 446
1726233869389 -0.009500861167907715 447
1726233869426 -0.003495931625366211 448
1726233869465 -0.001322031021118164 449
1726233869502 -0.003977298736572266 450
1726233869540 -0.004933595657348633 451
1726233869578 -0.0008397102355957031 452
1726233869618 -0.0008745193481445312 453
1726233869658 0.030752897262573242 454
1726233869703 -0.018914222717285156 455
1726233869742 0.001386880874633789 456
1726233869782 0.023108482360839844 457
1726233869824 -0.0024824142456054688 458
1726233869865 -0.0026319026947021484 459
1726233869905 0.00423741340637207 460
1726233869944 -0.004398345947265625 461
1726233869991 0.0021517276763916016 462
1726233870035 -0.01763916015625 463
1726233870078 0.011935114860534668 464
1726233870123 -0.0003241300582885742 465
1726233870160 0.0050966739654541016 466
1726233870196 -0.0010010004043579102 467
1726233870232 -0.0008368492126464844 468
1726233870269 0.004845619201660156 469
1726233870305 -0.014766693115234375 470
1726233870342 0.009760737419128418 471
1726233870378 0.0005627870559692383 472
1726233870416 -0.02139437198638916 473
1726233870452 -0.0021011829376220703 474
1726233870489 0.019036531448364258 475
1726233870526 -0.00019407272338867188 476
1726233870564 0.004210472106933594 477
1726233870600 -0.002829909324645996 478
1726233870638 -0.011228561401367188 479
1726233870676 -0.033661723136901855 480
1726233870714 -0.003720879554748535 481
1726233870750 0.027392983436584473 482
1726233870788 -0.029149174690246582 483
1726233870826 0.03387033939361572 484
1726233870865 -0.0015571117401123047 485
1726233870902 -0.011091470718383789 486
1726233870941 0.008197307586669922 487
1726233870980 -0.015677571296691895 488
1726233871018 0.02555060386657715 489
1726233871055 -0.0037306547164916992 490
1726233871093 -0.004944324493408203 491
1726233871131 -0.007390737533569336 492
1726233871171 0.007336854934692383 493
1726233871210 -0.004883408546447754 494
1726233871248 0.017675280570983887 495
1726233871286 0.01380312442779541 496
1726233871325 -0.01772177219390869 497
1726233871362 -0.0015441179275512695 498
1726233871400 -0.006963372230529785 499
1726233871438 0.012785911560058594 500
1726233871477 -0.011564493179321289 501
1726233871515 -0.016182541847229004 502
1726233871552 0.009852766990661621 503
1726233871590 0.0007034540176391602 504
1726233871628 0.0004316568374633789 505
1726233871665 0.005163669586181641 506
1726233871703 -0.0058917999267578125 507
1726233871741 0.016160964965820312 508
1726233871779 0.0012922286987304688 509
1726233871816 -0.03050839900970459 510
1726233871854 0.029529333114624023 511
1726233871892 -0.002898573875427246 512
1726233871930 0.00579226016998291 513
1726233871968 -0.006722569465637207 514
1726233872006 -0.0046539306640625 515
1726233872044 0.013198375701904297 516
1726233872082 0.008942127227783203 517
1726233872118 -0.010515332221984863 518
1726233872156 0.0036275386810302734 519
1726233872194 0.0014649629592895508 520
1726233872233 0.0046808719635009766 521
1726233872269 0.0019261837005615234 522
1726233872306 -0.03404855728149414 523
1726233872344 0.006144523620605469 524
1726233872382 0.004551529884338379 525
1726233872419 -0.00937795639038086 526
1726233872457 0.011591434478759766 527
1726233872496 -0.0026357173919677734 528
1726233872534 0.016042709350585938 529
1726233872571 -0.0020918846130371094 530
1726233872609 0.012063384056091309 531
1726233872646 -0.015987396240234375 532
1726233872685 0.008849859237670898 533
1726233872722 -0.015018582344055176 534
1726233872760 -0.002150893211364746 535
1726233872797 0.012462615966796875 536
1726233872834 0.00514531135559082 537
1726233872872 0.003460407257080078 538
1726233872910 0.004739642143249512 539
1726233872947 -0.004875302314758301 540
1726233872985 -0.009394407272338867 541
1726233873023 0.0035240650177001953 542
1726233873060 -0.0037006139755249023 543
1726233873098 -0.006542801856994629 544
1726233873135 0.011610031127929688 545
1726233873174 -0.013432741165161133 546
1726233873211 -0.0059583187103271484 547
1726233873249 -0.005762457847595215 548
1726233873286 -0.0049239397048950195 549
1726233873324 0.0004134178161621094 550
1726233873362 -0.003768444061279297 551
1726233873400 0.029375553131103516 552
1726233873439 0.0023980140686035156 553
1726233873476 -0.00671696662902832 554
1726233873514 -0.009675383567810059 555
1726233873552 0.002854466438293457 556
1726233873589 0.0021954774856567383 557
1726233873627 0.010665059089660645 558
1726233873672 0.0070465803146362305 559
1726233873712 0.0004690885543823242 560
1726233873753 -0.008246541023254395 561
1726233873793 0.0018101930618286133 562
1726233873833 -0.01782679557800293 563
1726233873872 -0.0026586055755615234 564
1726233873914 0.02681756019592285 565
1726233873957 -0.01042640209197998 566
1726233873996 0.005086302757263184 567
1726233874034 -3.0994415283203125e-06 568
1726233874073 -0.00025916099548339844 569
1726233874111 -0.0032041072845458984 570
1726233874150 0.0104140043258667 571
1726233874189 -0.013578176498413086 572
1726233874227 0.006563544273376465 573
1726233874265 -0.012935876846313477 574
1726233874303 -0.0049555301666259766 575
1726233874340 0.020923614501953125 576
1726233874378 0.00023674964904785156 577
1726233874417 -0.0018051862716674805 578
1726233874455 0.004076600074768066 579
1726233874493 -0.0018415451049804688 580
1726233874531 -0.0018606185913085938 581
1726233874568 0.005994439125061035 582
1726233874606 -0.016287803649902344 583
1726233874643 0.0026911497116088867 584
1726233874682 0.009000420570373535 585
1726233874719 -0.015471577644348145 586
1726233874758 -0.004217624664306641 587
1726233874795 -0.010355710983276367 588
1726233874833 0.009030342102050781 589
1726233874870 -0.001064300537109375 590
1726233874908 -0.001113295555114746 591
1726233874946 -0.0004998445510864258 592
1726233874984 -0.0009510517120361328 593
1726233875021 -0.001716017723083496 594
1726233875059 -0.011259913444519043 595
1726233875098 0.003346681594848633 596
1726233875136 -0.008769750595092773 597
1726233875174 -0.010183095932006836 598
1726233875211 -0.006430268287658691 599
1726233875250 -1.1563301086425781e-05 600
1726233875287 -1.1444091796875e-05 601
1726233875324 0.021836280822753906 602
1726233875362 -0.006195068359375 603
1726233875401 -0.0008702278137207031 604
1726233875439 0.004019498825073242 605
1726233875477 0.00777745246887207 606
1726233875514 0.013721942901611328 607
1726233875553 0.012037277221679688 608
1726233875590 -0.007671833038330078 609
1726233875627 -0.008041620254516602 610
1726233875666 0.004747867584228516 611
1726233875704 -0.004617929458618164 612
1726233875742 -0.006504535675048828 613
1726233875780 -0.0018050670623779297 614
1726233875817 -0.027719616889953613 615
1726233875855 -0.0028287172317504883 616
1726233875891 -5.125999450683594e-06 617
1726233875930 -5.245208740234375e-06 618
1726233875969 -5.245208740234375e-06 619
1726233876007 -5.364418029785156e-06 620
1726233876044 -5.245208740234375e-06 621
1726233876083 -5.4836273193359375e-06 622
1726233876120 -5.245208740234375e-06 623
1726233876158 -5.364418029785156e-06 624
1726233876195 -5.4836273193359375e-06 625
1726233876233 -5.364418029785156e-06 626
1726233876270 -5.4836273193359375e-06 627
1726233876309 -5.4836273193359375e-06 628
1726233876346 -5.4836273193359375e-06 629
1726233876384 -5.602836608886719e-06 630
1726233876422 -5.4836273193359375e-06 631
1726233876461 -5.602836608886719e-06 632
1726233876498 -5.602836608886719e-06 633
1726233876536 -5.602836608886719e-06 634
1726233876573 -5.7220458984375e-06 635
1726233876611 -5.7220458984375e-06 636
1726233876649 -5.7220458984375e-06 637
1726233876687 -5.7220458984375e-06 638
1726233876725 -5.841255187988281e-06 639
1726233876763 -5.7220458984375e-06 640
1726233876800 -5.841255187988281e-06 641
1726233876838 0.03198552131652832 642
1726233876876 -0.0059528350830078125 643
1726233876914 0.0029897689819335938 644
1726233876952 0.0013555288314819336 645
1726233876991 -0.0009708404541015625 646
1726233877029 -0.0010236501693725586 647
1726233877067 -0.0010821819305419922 648
1726233877104 -0.0011147260665893555 649
1726233877142 -0.006881356239318848 650
1726233877180 -0.005407810211181641 651
1726233877219 -0.008398294448852539 652
1726233877256 -0.00667726993560791 653
1726233877294 -2.8967857360839844e-05 654
1726233877332 -3.0159950256347656e-05 655
1726233877370 -0.01288759708404541 656
1726233877407 -0.00014770030975341797 657
1726233877445 -0.00014913082122802734 658
1726233877483 -0.00015020370483398438 659
1726233877522 -0.00015151500701904297 660
1726233877559 -0.00015270709991455078 661
1726233877597 -0.00015401840209960938 662
1726233877634 -0.00015544891357421875 663
1726233877674 -0.00015676021575927734 664
1726233877711 -0.00015807151794433594 665
1726233877749 -0.00015938282012939453 666
1726233877786 -0.0001609325408935547 667
1726233877825 -0.00016248226165771484 668
1726233877862 -0.00016367435455322266 669
1726233877899 -0.0001652240753173828 670
1726233877937 -0.00016689300537109375 671
1726233877976 0.01980876922607422 672
1726233878013 -0.004884243011474609 673
1726233878050 -0.0013921260833740234 674
1726233878087 0.004987597465515137 675
1726233878125 -0.00856924057006836 676
1726233878162 -0.0007371902465820312 677
1726233878200 0.0052204132080078125 678
1726233878238 -0.009059309959411621 679
1726233878276 -0.00034165382385253906 680
1726233878312 -0.0003561973571777344 681
1726233878351 0.007176399230957031 682
1726233878388 0.0010477304458618164 683
1726233878427 -0.00011718273162841797 684
1726233878464 -0.0001207590103149414 685
1726233878502 -0.00012433528900146484 686
1726233878540 -0.00012791156768798828 687
1726233878578 -0.00013172626495361328 688
1726233878615 -0.00013566017150878906 689
1726233878654 -0.0001399517059326172 690
1726233878691 -0.00014448165893554688 691
1726233878729 -0.00014865398406982422 692
1726233878766 -0.0001531839370727539 693
1726233878804 -0.0001583099365234375 694
1726233878841 0.01436758041381836 695
1726233878880 -0.006483912467956543 696
1726233878921 -0.0004417896270751953 697
1726233878961 -1.0967254638671875e-05 698
1726233879011 -1.1324882507324219e-05 699
1726233879051 -1.1444091796875e-05 700
1726233879088 -1.1682510375976562e-05 701
1726233879126 -1.2159347534179688e-05 702
1726233879162 -1.239776611328125e-05 703
1726233879200 -1.2755393981933594e-05 704
1726233879237 -1.3113021850585938e-05 705
1726233879275 -1.3470649719238281e-05 706
1726233879312 -1.3828277587890625e-05 707
1726233879349 -1.4185905456542969e-05 708
1726233879387 -1.4424324035644531e-05 709
1726233879426 -1.4901161193847656e-05 710
1726233879464 -1.52587890625e-05 711
1726233879505 0.028069376945495605 712
1726233879543 -0.0027277469635009766 713
1726233879581 -0.0036182403564453125 714
1726233879617 -0.0027741193771362305 715
1726233879655 0.0055544376373291016 716
1726233879693 -0.001245737075805664 717
1726233879732 -0.0013533830642700195 718
1726233879769 -0.0014830827713012695 719
1726233879807 -0.0016425848007202148 720
1726233879846 -0.0018450021743774414 721
1726233879885 -0.002111196517944336 722
1726233879922 -0.002482295036315918 723
1726233879960 -0.0030460357666015625 724
1726233879998 -0.004053831100463867 725
1726233880036 -0.006911516189575195 726
1726233880073 -5.9604644775390625e-06 727
1726233880112 -5.9604644775390625e-06 728
1726233880151 0.0007319450378417969 729
1726233880189 -0.0017254352569580078 730
1726233880227 -1.5854835510253906e-05 731
1726233880265 -1.633167266845703e-05 732
1726233880302 -1.6450881958007812e-05 733
1726233880340 -1.6808509826660156e-05 734
1726233880376 -1.728534698486328e-05 735
1726233880414 -1.7642974853515625e-05 736
1726233880453 -1.7881393432617188e-05 737
1726233880491 -1.823902130126953e-05 738
1726233880528 -1.8715858459472656e-05 739
1726233880566 -1.895427703857422e-05 740
1726233880604 -1.9431114196777344e-05 741
1726233880642 -1.990795135498047e-05 742
1726233880679 -2.0384788513183594e-05 743
1726233880717 -2.0742416381835938e-05 744
1726233880754 -2.110004425048828e-05 745
1726233880792 -2.1457672119140625e-05 746
1726233880828 0.016951322555541992 747
1726233880866 -0.0017136335372924805 748
1726233880904 -0.0019762516021728516 749
1726233880942 -0.002354860305786133 750
1726233880980 -0.0029680728912353516 751
1726233881018 -0.004268646240234375 752
1726233881055 -0.00025653839111328125 753
1726233881093 -3.5762786865234375e-06 754
1726233881130 -3.814697265625e-06 755
1726233881168 -3.814697265625e-06 756
1726233881206 -3.814697265625e-06 757
1726233881244 -4.0531158447265625e-06 758
1726233881280 -4.0531158447265625e-06 759
1726233881318 -4.291534423828125e-06 760
1726233881355 -4.291534423828125e-06 761
1726233881393 0.00549769401550293 762
1726233881430 -0.006059408187866211 763
1726233881468 -2.0623207092285156e-05 764
1726233881505 0.0070449113845825195 765
1726233881542 -0.0004862546920776367 766
1726233881580 -0.006083250045776367 767
1726233881618 -0.0017105340957641602 768
1726233881655 -4.780292510986328e-05 769
1726233881692 -4.9114227294921875e-05 770
1726233881731 -0.004523873329162598 771
1726233881768 -1.5020370483398438e-05 772
1726233881807 -1.5020370483398438e-05 773
1726233881845 -1.52587890625e-05 774
1726233881883 -1.52587890625e-05 775
1726233881920 -1.52587890625e-05 776
1726233881959 -1.5497207641601562e-05 777
1726233881998 -1.5497207641601562e-05 778
1726233882035 -1.5735626220703125e-05 779
1726233882072 -1.5497207641601562e-05 780
1726233882111 -1.5854835510253906e-05 781
1726233882148 -1.5854835510253906e-05 782
1726233882187 -1.5854835510253906e-05 783
1726233882225 -1.609325408935547e-05 784
1726233882262 -1.609325408935547e-05 785
1726233882300 -1.609325408935547e-05 786
1726233882339 -1.633167266845703e-05 787
1726233882376 -1.6450881958007812e-05 788
1726233882414 -1.6450881958007812e-05 789
1726233882452 -1.6570091247558594e-05 790
1726233882491 -1.6689300537109375e-05 791
1726233882529 -1.6570091247558594e-05 792
1726233882567 -1.6808509826660156e-05 793
1726233882605 -1.704692840576172e-05 794
1726233882644 -1.6808509826660156e-05 795
1726233882682 -1.728534698486328e-05 796
1726233882720 -1.71661376953125e-05 797
1726233882758 -1.728534698486328e-05 798
1726233882796 -1.7404556274414062e-05 799
1726233882833 -1.7642974853515625e-05 800
1726233882870 -1.7523765563964844e-05 801
1726233882907 -1.7762184143066406e-05 802
1726233882946 -1.7881393432617188e-05 803
1726233882984 -1.7762184143066406e-05 804
1726233883022 0.0034780502319335938 805
1726233883059 -0.002936720848083496 806
1726233883097 0.0001347064971923828 807
1726233883134 -2.8848648071289062e-05 808
1726233883172 -2.8848648071289062e-05 809
1726233883209 -0.001575469970703125 810
1726233883248 -4.887580871582031e-05 811
1726233883285 -4.982948303222656e-05 812
1726233883323 -5.030632019042969e-05 813
1726233883360 -5.125999450683594e-05 814
1726233883398 -5.221366882324219e-05 815
1726233883436 -5.2809715270996094e-05 816
1726233883475 -5.3882598876953125e-05 817
1726233883512 -5.447864532470703e-05 818
1726233883550 -5.555152893066406e-05 819
1726233883588 -5.6624412536621094e-05 820
1726233883626 -5.733966827392578e-05 821
1726233883663 -5.8531761169433594e-05 822
1726233883702 -5.936622619628906e-05 823
1726233883739 -6.0558319091796875e-05 824
1726233883777 -6.151199340820312e-05 825
1726233883814 -6.282329559326172e-05 826
1726233883853 -6.389617919921875e-05 827
1726233883890 -6.496906280517578e-05 828
1726233883928 -6.628036499023438e-05 829
1726233883966 -6.759166717529297e-05 830
1726233884005 -6.890296936035156e-05 831
1726233884042 -7.033348083496094e-05 832
1726233884081 -7.152557373046875e-05 833
1726233884120 -7.331371307373047e-05 834
1726233884160 -7.462501525878906e-05 835
1726233884198 -7.62939453125e-05 836
1726233884236 -7.796287536621094e-05 837
1726233884274 -7.963180541992188e-05 838
1726233884313 -8.14199447631836e-05 839
1726233884350 -8.320808410644531e-05 840
1726233884389 -8.52346420288086e-05 841
1726233884426 0.0005578994750976562 842
1726233884466 -7.462501525878906e-05 843
1726233884504 -7.62939453125e-05 844
1726233884542 -7.808208465576172e-05 845
1726233884579 -7.963180541992188e-05 846
1726233884617 -8.14199447631836e-05 847
1726233884653 -8.33272933959961e-05 848
1726233884692 -8.511543273925781e-05 849
1726233884730 -8.738040924072266e-05 850
1726233884769 -8.928775787353516e-05 851
1726233884806 -9.143352508544922e-05 852
1726233884843 -9.381771087646484e-05 853
1726233884880 -9.620189666748047e-05 854
1726233884919 -9.882450103759766e-05 855
1726233884956 -0.00010132789611816406 856
1726233884994 -0.00010418891906738281 857
1726233885032 -0.00010693073272705078 858
1726233885070 -0.0001100301742553711 859
1726233885107 -0.00011324882507324219 860
1726233885145 -0.00011658668518066406 861
1726233885183 -0.0001201629638671875 862
1726233885222 -0.0001239776611328125 863
1726233885259 -0.0001277923583984375 864
1726233885296 -0.0001322031021118164 865
1726233885334 -0.00013649463653564453 866
1726233885372 -0.00014138221740722656 867
1726233885409 -0.00014638900756835938 868
1726233885447 -0.00015163421630859375 869
1726233885485 -0.0001575946807861328 870
1726233885524 -0.00016355514526367188 871
1726233885561 -0.0001704692840576172 872
1726233885598 -0.00017726421356201172 873
1726233885636 -0.0001850128173828125 874
1726233885674 -0.00019347667694091797 875
1726233885712 -0.00020241737365722656 876
1726233885750 -0.00021207332611083984 877
1726233885787 -0.00022280216217041016 878
1726233885825 -0.0002346038818359375 879
1726233885862 -0.0001437664031982422 880
1726233885900 -0.00012671947479248047 881
1726233885943 -0.00013077259063720703 882
1726233885982 -0.0001342296600341797 883
1726233886020 -0.0001385211944580078 884
1726233886060 -0.00014281272888183594 885
1726233886100 -0.00014734268188476562 886
1726233886137 -0.006515026092529297 887
1726233886175 -0.0009714365005493164 888
1726233886214 -0.0010889768600463867 889
1726233886253 -0.0011768341064453125 890
1726233886291 -0.0011200904846191406 891
1726233886329 -0.0014379024505615234 892
1726233886367 -0.0020612478256225586 893
1726233886405 -0.002915024757385254 894
1726233886443 0.0 895
