1727298570649 1.9861114025115967 0
1727298570697 1.9633586406707764 1
1727298570740 1.832310438156128 2
1727298570789 1.7357089519500732 3
1727298570832 1.8240292072296143 4
1727298570878 1.8070390224456787 5
1727298570921 1.6214205026626587 6
1727298570968 1.946102261543274 7
1727298571012 1.8643224239349365 8
1727298571059 1.7194807529449463 9
1727298571102 1.8317546844482422 10
1727298571147 1.8776118755340576 11
1727298571190 1.9677131175994873 12
1727298571234 1.966740369796753 13
1727298571280 1.969233512878418 14
1727298571326 1.904626727104187 15
1727298571371 1.9473249912261963 16
1727298571414 1.9428811073303223 17
1727298571461 1.8824892044067383 18
1727298571506 1.9052684307098389 19
1727298571553 1.975570559501648 20
1727298571598 1.93302583694458 21
1727298571645 1.9650076627731323 22
1727298571698 1.8679616451263428 23
1727298571755 1.6823374032974243 24
1727298571814 1.8954973220825195 25
1727298571870 1.9200836420059204 26
1727298571922 1.8699828386306763 27
1727298571980 1.5775457620620728 28
1727298572054 1.9270820617675781 29
1727298572121 1.9761357307434082 30
1727298572178 1.9619500637054443 31
1727298572243 1.6062343120574951 32
1727298572305 1.971036672592163 33
1727298572376 1.9602274894714355 34
1727298572442 1.9538164138793945 35
1727298572505 1.9066847562789917 36
1727298572563 1.7802667617797852 37
1727298572621 1.9404312372207642 38
1727298572677 1.9753098487854004 39
1727298572732 1.9531641006469727 40
1727298572789 1.939995288848877 41
1727298572845 1.6891894340515137 42
1727298572905 1.8203271627426147 43
1727298572962 1.8303385972976685 44
1727298573016 1.9166288375854492 45
1727298573078 1.8557909727096558 46
1727298573142 1.7527287006378174 47
1727298573205 1.8425536155700684 48
1727298573261 1.830021619796753 49
1727298573322 1.8829798698425293 50
1727298573380 1.901310920715332 51
1727298573437 1.6980767250061035 52
1727298573484 1.914928913116455 53
1727298573530 1.8921247720718384 54
1727298573577 1.8377825021743774 55
1727298573626 1.7972431182861328 56
1727298573691 1.8735096454620361 57
1727298573743 1.9113729000091553 58
1727298573790 1.9638981819152832 59
1727298573835 1.849865436553955 60
1727298573872 1.835010290145874 61
1727298573909 1.8962376117706299 62
1727298573949 1.9443366527557373 63
1727298573988 1.7485666275024414 64
1727298574024 1.7629250288009644 65
1727298574064 1.7768934965133667 66
1727298574101 1.9115122556686401 67
1727298574138 1.8693222999572754 68
1727298574175 1.9098858833312988 69
1727298574213 1.8702446222305298 70
1727298574259 1.9778351783752441 71
1727298574308 1.971487283706665 72
1727298574355 1.727260947227478 73
1727298574392 1.9357149600982666 74
1727298574428 1.9413731098175049 75
1727298574465 1.8980151414871216 76
1727298574502 1.7651160955429077 77
1727298574545 1.940685510635376 78
1727298574583 1.6805737018585205 79
1727298574619 1.950044870376587 80
1727298574657 1.6796122789382935 81
1727298574694 1.7603907585144043 82
1727298574731 1.896296501159668 83
1727298574768 1.904090404510498 84
1727298574808 1.8820682764053345 85
1727298574848 1.9113227128982544 86
1727298574889 1.8468955755233765 87
1727298574929 1.820905089378357 88
1727298574983 1.977038025856018 89
1727298575046 1.9945652484893799 90
1727298575107 1.9144608974456787 91
1727298575163 1.9262498617172241 92
1727298575210 1.8800442218780518 93
1727298575259 1.8311529159545898 94
1727298575302 1.8070578575134277 95
1727298575339 1.951326608657837 96
1727298575377 1.8899319171905518 97
1727298575415 1.9500454664230347 98
1727298575454 1.925330400466919 99
1727298575490 1.9348887205123901 100
1727298575530 1.9551653861999512 101
1727298575569 1.9369009733200073 102
1727298575610 1.7008724212646484 103
1727298575654 1.9445295333862305 104
1727298575698 1.8621139526367188 105
1727298575743 1.9556255340576172 106
1727298575790 1.8176865577697754 107
1727298575835 1.9732273817062378 108
1727298575879 1.9316926002502441 109
1727298575918 1.9391332864761353 110
1727298575956 1.912818431854248 111
1727298575991 1.9020122289657593 112
1727298576026 1.6377246379852295 113
1727298576063 1.8223280906677246 114
1727298576103 1.808847427368164 115
1727298576140 1.9354362487792969 116
1727298576182 1.9226710796356201 117
1727298576219 1.793871521949768 118
1727298576256 1.6497772932052612 119
1727298576295 1.9745116233825684 120
1727298576333 1.987081527709961 121
1727298576372 1.9334259033203125 122
1727298576409 1.9266788959503174 123
1727298576446 1.6074880361557007 124
1727298576482 1.8067617416381836 125
1727298576518 1.6631993055343628 126
1727298576556 1.8620173931121826 127
1727298576594 1.8367652893066406 128
1727298576632 1.940030813217163 129
1727298576669 1.7723087072372437 130
1727298576706 1.891481637954712 131
1727298576742 1.9192273616790771 132
1727298576780 1.7208142280578613 133
1727298576820 1.918870210647583 134
1727298576856 1.7960697412490845 135
1727298576892 1.8578927516937256 136
1727298576931 1.9701566696166992 137
1727298576970 1.7095712423324585 138
1727298577005 1.8515520095825195 139
1727298577042 1.9730658531188965 140
1727298577080 1.9685630798339844 141
1727298577116 1.9134204387664795 142
1727298577155 1.6898167133331299 143
1727298577192 1.989863395690918 144
1727298577227 1.8205633163452148 145
1727298577269 1.8806331157684326 146
1727298577310 1.8101704120635986 147
1727298577345 1.8651108741760254 148
1727298577385 1.7952971458435059 149
1727298577429 1.8280048370361328 150
1727298577466 1.9387996196746826 151
1727298577503 1.9508771896362305 152
1727298577541 1.8945832252502441 153
1727298577580 1.8586692810058594 154
1727298577618 1.900309443473816 155
1727298577655 1.957581877708435 156
1727298577698 1.9662299156188965 157
1727298577741 1.92738676071167 158
1727298577777 1.9050722122192383 159
1727298577814 1.9642515182495117 160
1727298577851 1.8824491500854492 161
1727298577887 1.9590020179748535 162
1727298577926 1.9518394470214844 163
1727298577965 1.8942131996154785 164
1727298578001 1.9042608737945557 165
1727298578036 1.8039898872375488 166
1727298578074 1.9445018768310547 167
1727298578114 1.797250747680664 168
1727298578157 1.9543298482894897 169
1727298578197 1.9646626710891724 170
1727298578234 1.6746882200241089 171
1727298578271 1.833052158355713 172
1727298578308 1.951869010925293 173
1727298578348 1.7410178184509277 174
1727298578389 1.6159642934799194 175
1727298578424 1.859832525253296 176
1727298578461 1.9701048135757446 177
1727298578500 1.8886463642120361 178
1727298578539 1.9641801118850708 179
1727298578579 1.674556016921997 180
1727298578615 1.9537150859832764 181
1727298578655 1.8981577157974243 182
1727298578693 1.8806136846542358 183
1727298578737 1.7478117942810059 184
1727298578783 1.744964361190796 185
1727298578825 1.9521558284759521 186
1727298578864 1.9218889474868774 187
1727298578901 1.813358187675476 188
1727298578938 1.8171281814575195 189
1727298578974 1.8632786273956299 190
1727298579010 1.7699880599975586 191
1727298579046 1.854823350906372 192
1727298579084 1.9095367193222046 193
1727298579121 1.9657204151153564 194
1727298579159 1.7425637245178223 195
1727298579196 1.705137848854065 196
1727298579234 1.824565052986145 197
1727298579276 1.8525819778442383 198
1727298579314 1.790122151374817 199
1727298579352 1.8010848760604858 200
1727298579401 1.9990062713623047 201
1727298579438 1.7821661233901978 202
1727298579474 1.8475921154022217 203
1727298579511 1.533532738685608 204
1727298579548 1.67427659034729 205
1727298579587 1.8050816059112549 206
1727298579624 1.936267375946045 207
1727298579661 1.8356109857559204 208
1727298579697 1.9883546829223633 209
1727298579734 1.91734778881073 210
1727298579772 1.8786916732788086 211
1727298579809 1.8902217149734497 212
1727298579846 1.9562060832977295 213
1727298579883 1.9786479473114014 214
1727298579919 1.7923271656036377 215
1727298579955 1.6307225227355957 216
1727298579994 1.9317080974578857 217
1727298580031 1.9184685945510864 218
1727298580068 1.8082475662231445 219
1727298580105 1.90177583694458 220
1727298580142 1.9714581966400146 221
1727298580182 1.7523441314697266 222
1727298580218 1.8915232419967651 223
1727298580255 1.8792803287506104 224
1727298580298 1.830193042755127 225
1727298580344 1.834895133972168 226
1727298580387 1.7891311645507812 227
1727298580428 1.9152114391326904 228
1727298580464 1.9695395231246948 229
1727298580498 1.8207118511199951 230
1727298580537 1.8533871173858643 231
1727298580578 1.91290283203125 232
1727298580615 1.8549619913101196 233
1727298580651 1.8998663425445557 234
1727298580687 1.8877835273742676 235
1727298580724 1.9723997116088867 236
1727298580768 1.8914129734039307 237
1727298580818 1.560524821281433 238
1727298580861 1.8061611652374268 239
1727298580904 1.8671584129333496 240
1727298580949 1.9077191352844238 241
1727298580993 1.9455986022949219 242
1727298581032 1.815256118774414 243
1727298581071 1.7718262672424316 244
1727298581109 1.6977132558822632 245
1727298581146 1.8394039869308472 246
1727298581184 1.8813073635101318 247
1727298581221 1.949594497680664 248
1727298581258 1.9775261878967285 249
1727298581295 1.912922978401184 250
1727298581333 1.6340121030807495 251
1727298581370 1.8194891214370728 252
1727298581408 1.8294670581817627 253
1727298581450 1.847916603088379 254
1727298581492 1.891727328300476 255
1727298581541 1.905804991722107 256
1727298581585 1.7380921840667725 257
1727298581629 1.7756133079528809 258
1727298581673 1.9883878231048584 259
1727298581720 1.7319207191467285 260
1727298581765 1.8666857481002808 261
1727298581804 1.8836805820465088 262
1727298581843 1.9153997898101807 263
1727298581879 1.884826421737671 264
1727298581918 1.8489854335784912 265
1727298581965 1.878531813621521 266
1727298582007 1.9755357503890991 267
1727298582051 1.9371485710144043 268
1727298582091 1.8823578357696533 269
1727298582127 1.9540934562683105 270
1727298582164 1.8716065883636475 271
1727298582201 1.8192728757858276 272
1727298582238 1.804118037223816 273
1727298582276 1.9781748056411743 274
1727298582313 1.9163384437561035 275
1727298582351 1.802722692489624 276
1727298582391 1.5986133813858032 277
1727298582427 1.9092206954956055 278
1727298582464 1.941403865814209 279
1727298582500 1.897611379623413 280
1727298582537 1.9539542198181152 281
1727298582578 1.916866421699524 282
1727298582615 1.966651201248169 283
1727298582650 1.9676482677459717 284
1727298582687 1.9627054929733276 285
1727298582724 1.7631237506866455 286
1727298582762 1.7179388999938965 287
1727298582799 1.6874024868011475 288
1727298582837 1.933762550354004 289
1727298582873 1.9548187255859375 290
1727298582910 1.9111552238464355 291
1727298582951 1.8645321130752563 292
1727298582987 1.8254148960113525 293
1727298583023 1.8326191902160645 294
1727298583061 1.9086124897003174 295
1727298583101 1.9505542516708374 296
1727298583141 1.7719080448150635 297
1727298583186 1.9590953588485718 298
1727298583231 1.7038345336914062 299
1727298583277 1.9469218254089355 300
1727298583313 1.937506914138794 301
1727298583350 1.8432738780975342 302
1727298583388 1.9105104207992554 303
1727298583423 1.9622061252593994 304
1727298583461 1.8756357431411743 305
1727298583497 1.8312097787857056 306
1727298583534 1.891038179397583 307
1727298583573 1.9208567142486572 308
1727298583611 1.8756508827209473 309
1727298583648 1.8337466716766357 310
1727298583685 1.8226672410964966 311
1727298583721 1.808095932006836 312
1727298583757 1.9359674453735352 313
1727298583795 1.6517410278320312 314
1727298583845 1.992509365081787 315
1727298583889 1.9782848358154297 316
1727298583932 1.7378156185150146 317
1727298583978 1.9181854724884033 318
1727298584021 1.986987829208374 319
1727298584067 1.8602858781814575 320
1727298584115 1.873197078704834 321
1727298584162 1.8380863666534424 322
1727298584199 1.8112385272979736 323
1727298584240 1.7978888750076294 324
1727298584280 1.7807596921920776 325
1727298584317 1.7972172498703003 326
1727298584357 1.9523088932037354 327
1727298584392 1.9158613681793213 328
1727298584427 1.9278485774993896 329
1727298584463 1.930462121963501 330
1727298584501 1.975057601928711 331
1727298584538 1.8087995052337646 332
1727298584579 1.9059982299804688 333
1727298584617 1.9686508178710938 334
1727298584654 1.9391183853149414 335
1727298584692 1.9374539852142334 336
1727298584731 1.9216349124908447 337
1727298584777 1.9526302814483643 338
1727298584823 1.9568803310394287 339
1727298584870 1.903918981552124 340
1727298584915 1.9093198776245117 341
1727298584958 1.8107025623321533 342
1727298585007 1.8889305591583252 343
1727298585050 1.9010009765625 344
1727298585093 1.9239686727523804 345
1727298585131 1.8850791454315186 346
1727298585165 1.8588238954544067 347
1727298585201 1.9093937873840332 348
1727298585237 1.9838730096817017 349
1727298585274 1.7708741426467896 350
1727298585311 1.7873928546905518 351
1727298585349 1.8935909271240234 352
1727298585386 1.898848533630371 353
1727298585424 1.666770339012146 354
1727298585461 1.6516437530517578 355
1727298585498 1.9836459159851074 356
1727298585533 1.9519615173339844 357
1727298585570 1.917128562927246 358
1727298585607 1.844277262687683 359
1727298585645 1.9818902015686035 360
1727298585682 1.7278597354888916 361
1727298585718 1.6737370491027832 362
1727298585754 1.602936029434204 363
1727298585791 1.9054073095321655 364
1727298585834 1.98272705078125 365
1727298585874 1.825308084487915 366
1727298585936 1.7673790454864502 367
1727298585985 1.754093885421753 368
1727298586023 1.9857628345489502 369
1727298586059 1.9920499324798584 370
1727298586098 1.9138495922088623 371
1727298586134 1.8480360507965088 372
1727298586170 1.9222512245178223 373
1727298586208 1.7628788948059082 374
1727298586246 1.9702298641204834 375
1727298586283 1.9270970821380615 376
1727298586320 1.837302803993225 377
1727298586357 1.7710516452789307 378
1727298586399 1.9864798784255981 379
1727298586443 1.957953691482544 380
1727298586482 1.8161439895629883 381
1727298586520 1.6316231489181519 382
1727298586558 1.9099708795547485 383
1727298586600 1.8903160095214844 384
1727298586642 1.8524072170257568 385
1727298586694 1.8083221912384033 386
1727298586744 1.7696188688278198 387
1727298586790 1.719714641571045 388
1727298586840 1.933868408203125 389
1727298586892 1.7934436798095703 390
1727298586946 1.8412210941314697 391
1727298587002 1.9211852550506592 392
1727298587057 1.8853355646133423 393
1727298587121 1.9385613203048706 394
1727298587178 1.9295122623443604 395
1727298587234 1.9810810089111328 396
1727298587291 1.7099841833114624 397
1727298587350 1.8154100179672241 398
1727298587403 1.783090591430664 399
1727298587461 1.7153799533843994 400
1727298587518 1.635707139968872 401
1727298587570 1.6491872072219849 402
1727298587629 1.6629406213760376 403
1727298587682 1.6770260334014893 404
1727298587735 1.6915228366851807 405
1727298587790 1.7065473794937134 406
1727298587856 1.7222793102264404 407
1727298587908 1.7361664772033691 408
1727298587970 1.7489728927612305 409
1727298588027 1.7596251964569092 410
1727298588083 1.7600891590118408 411
1727298588142 1.7600891590118408 412
