1727302297901 2.014693021774292 0
1727302297942 2.014693021774292 1
1727302297979 2.014693021774292 2
1727302298014 2.014693021774292 3
1727302298055 2.014693021774292 4
1727302298096 2.014693021774292 5
1727302298137 2.014693021774292 6
1727302298171 2.014693021774292 7
1727302298205 2.014693021774292 8
1727302298238 2.014693021774292 9
1727302298272 2.014693021774292 10
1727302298307 2.014693021774292 11
1727302298342 2.014693021774292 12
1727302298379 2.014693021774292 13
1727302298414 2.014693021774292 14
1727302298451 2.014693021774292 15
1727302298485 2.014693021774292 16
1727302298519 2.014693021774292 17
1727302298554 2.014693021774292 18
1727302298590 2.014693021774292 19
1727302298625 2.014693021774292 20
1727302298659 2.014693021774292 21
1727302298693 2.014693021774292 22
1727302298730 2.014693021774292 23
1727302298766 2.014693021774292 24
1727302298802 2.014693021774292 25
1727302298840 2.014693021774292 26
1727302298877 2.014693021774292 27
1727302298914 2.014693021774292 28
1727302298949 2.014693021774292 29
1727302298984 2.014693021774292 30
1727302299020 2.014693021774292 31
1727302299059 2.014693021774292 32
1727302299095 2.014693021774292 33
1727302299132 2.014693021774292 34
1727302299170 2.014693021774292 35
1727302299208 2.014693021774292 36
1727302299246 2.014693021774292 37
1727302299283 2.014693021774292 38
1727302299319 2.014693021774292 39
1727302299355 2.014693021774292 40
1727302299393 2.014693021774292 41
1727302299427 2.014693021774292 42
1727302299465 2.014693021774292 43
1727302299498 2.014693021774292 44
1727302299532 2.014693021774292 45
1727302299566 2.014693021774292 46
1727302299600 2.014693021774292 47
1727302299635 2.014693021774292 48
1727302299670 2.014693021774292 49
1727302299708 2.014693021774292 50
1727302299742 2.014693021774292 51
1727302299776 2.014693021774292 52
1727302299810 2.014693021774292 53
1727302299845 2.014693021774292 54
1727302299879 2.014693021774292 55
1727302299913 2.014693021774292 56
1727302299949 2.014693021774292 57
1727302299985 2.014693021774292 58
1727302300018 2.014693021774292 59
1727302300053 2.014693021774292 60
1727302300088 2.014693021774292 61
1727302300125 2.014693021774292 62
1727302300162 2.014693021774292 63
1727302300200 2.014693021774292 64
1727302300241 2.014693021774292 65
1727302300280 2.014693021774292 66
1727302300318 2.014693021774292 67
1727302300356 2.014693021774292 68
1727302300396 2.014693021774292 69
1727302300433 2.014693021774292 70
1727302300470 2.014693021774292 71
1727302300506 2.014693021774292 72
1727302300543 2.014693021774292 73
1727302300578 2.014693021774292 74
1727302300617 2.014693021774292 75
1727302300654 2.014693021774292 76
1727302300688 2.014693021774292 77
1727302300722 2.014693021774292 78
1727302300756 2.014693021774292 79
1727302300790 2.014693021774292 80
1727302300824 2.014693021774292 81
1727302300859 2.014693021774292 82
1727302300893 2.014693021774292 83
1727302300927 2.014693021774292 84
1727302300964 2.014693021774292 85
1727302301000 2.014693021774292 86
1727302301035 2.014693021774292 87
1727302301069 2.014693021774292 88
1727302301104 2.014693021774292 89
1727302301140 2.014693021774292 90
1727302301174 2.014693021774292 91
1727302301213 2.014693021774292 92
1727302301251 2.014693021774292 93
1727302301287 2.014693021774292 94
1727302301324 2.014693021774292 95
1727302301364 2.014693021774292 96
1727302301401 2.014693021774292 97
1727302301440 2.014693021774292 98
1727302301478 2.014693021774292 99
1727302301516 2.014693021774292 100
1727302301554 2.014693021774292 101
1727302301590 2.014693021774292 102
1727302301627 2.014693021774292 103
1727302301663 2.014693021774292 104
1727302301701 2.014693021774292 105
1727302301743 2.014693021774292 106
1727302301779 2.014693021774292 107
1727302301816 2.014693021774292 108
1727302301853 2.014693021774292 109
1727302301890 2.014693021774292 110
1727302301930 2.014693021774292 111
1727302301975 2.014693021774292 112
1727302302019 2.014693021774292 113
1727302302072 2.014693021774292 114
1727302302121 2.014693021774292 115
1727302302165 2.014693021774292 116
1727302302208 2.014693021774292 117
1727302302257 2.014693021774292 118
1727302302302 2.014693021774292 119
1727302302346 2.014693021774292 120
1727302302390 2.014693021774292 121
1727302302435 2.014693021774292 122
1727302302481 2.014693021774292 123
1727302302525 2.014693021774292 124
1727302302568 2.014693021774292 125
1727302302613 2.014693021774292 126
1727302302656 2.014693021774292 127
1727302302700 2.014693021774292 128
1727302302744 2.014693021774292 129
1727302302788 2.014693021774292 130
1727302302835 2.014693021774292 131
1727302302880 2.014693021774292 132
1727302302926 2.014693021774292 133
1727302302979 2.014693021774292 134
1727302303035 2.014693021774292 135
1727302303088 2.014693021774292 136
1727302303135 2.014693021774292 137
1727302303181 2.014693021774292 138
1727302303242 2.014693021774292 139
1727302303300 2.014693021774292 140
1727302303355 2.014693021774292 141
1727302303413 2.014693021774292 142
1727302303471 2.014693021774292 143
1727302303513 2.014693021774292 144
1727302303553 2.014693021774292 145
1727302303591 2.014693021774292 146
1727302303628 2.014693021774292 147
1727302303665 2.014693021774292 148
1727302303701 2.014693021774292 149
