1727299010173 2e-05 0
1727299010237 3.0061609745025635 1
1727299010293 2.6914327144622803 2
1727299010351 3.264892578125 3
1727299010395 3.0499765872955322 4
1727299010450 3.2440578937530518 5
1727299010498 3.6758644580841064 6
1727299010545 3.919584274291992 7
1727299010592 2.9386913776397705 8
1727299010631 4.070530891418457 9
1727299010684 3.761672019958496 10
1727299010732 3.547262668609619 11
1727299010773 4.020151138305664 12
1727299010811 3.710184335708618 13
1727299010872 3.1630005836486816 14
1727299010935 3.434856414794922 15
1727299010986 3.620063304901123 16
1727299011040 4.1395087242126465 17
1727299011079 3.8146748542785645 18
1727299011113 3.1208081245422363 19
1727299011147 3.6522767543792725 20
1727299011185 3.2935566902160645 21
1727299011218 3.8056375980377197 22
1727299011255 3.1680257320404053 23
1727299011289 3.900620460510254 24
1727299011323 3.6464133262634277 25
1727299011358 3.6716043949127197 26
1727299011392 3.3710122108459473 27
1727299011429 3.6063039302825928 28
1727299011465 3.4103689193725586 29
1727299011502 3.0900161266326904 30
1727299011536 3.6550509929656982 31
1727299011572 3.7654519081115723 32
1727299011608 4.061068534851074 33
1727299011642 2.1937003135681152 34
1727299011678 3.8546793460845947 35
1727299011712 3.475857734680176 36
1727299011747 3.180854082107544 37
1727299011782 3.5085179805755615 38
1727299011817 4.196569442749023 39
1727299011852 3.7489497661590576 40
1727299011895 3.04231858253479 41
1727299011933 3.024301290512085 42
1727299011968 4.16316556930542 43
1727299012002 4.060072898864746 44
1727299012037 3.3387694358825684 45
1727299012073 4.014644145965576 46
1727299012107 4.202050685882568 47
1727299012142 3.480747699737549 48
1727299012178 3.938321113586426 49
1727299012212 3.7348122596740723 50
1727299012251 3.7023041248321533 51
1727299012301 3.2508957386016846 52
1727299012344 3.095933198928833 53
1727299012387 3.0440542697906494 54
1727299012430 3.8005239963531494 55
1727299012474 3.020674228668213 56
1727299012516 3.0122287273406982 57
1727299012558 3.508939743041992 58
1727299012599 3.370742082595825 59
1727299012641 3.049755096435547 60
1727299012685 3.4437215328216553 61
1727299012728 3.2421464920043945 62
1727299012770 4.130771636962891 63
1727299012810 3.606842517852783 64
1727299012850 3.3803279399871826 65
1727299012893 3.0938477516174316 66
1727299012936 3.4072892665863037 67
1727299012976 3.1844451427459717 68
1727299013018 3.3468661308288574 69
1727299013061 3.1934845447540283 70
1727299013103 4.047968864440918 71
1727299013147 2.9854462146759033 72
1727299013193 3.1574270725250244 73
1727299013228 3.691648483276367 74
1727299013262 3.5491509437561035 75
1727299013297 3.448150157928467 76
1727299013331 3.083753824234009 77
1727299013367 3.1064345836639404 78
1727299013400 2.942514657974243 79
1727299013436 2.430981397628784 80
1727299013470 3.586002826690674 81
1727299013504 3.2416858673095703 82
1727299013538 3.3775439262390137 83
1727299013573 3.3633508682250977 84
1727299013608 3.956160068511963 85
1727299013642 3.6150639057159424 86
1727299013679 4.01358699798584 87
1727299013714 3.071162223815918 88
1727299013753 3.2221012115478516 89
1727299013795 3.2826426029205322 90
1727299013838 3.455613851547241 91
1727299013880 2.9757728576660156 92
1727299013924 3.204207181930542 93
1727299013967 4.167119979858398 94
1727299014010 3.888634443283081 95
1727299014051 4.137282848358154 96
1727299014088 3.4475724697113037 97
1727299014122 3.115090847015381 98
1727299014157 3.8860909938812256 99
1727299014194 3.4366519451141357 100
1727299014229 3.1132125854492188 101
1727299014277 3.3400895595550537 102
1727299014319 3.768073320388794 103
1727299014356 4.102447032928467 104
1727299014390 3.3163058757781982 105
1727299014424 3.3129024505615234 106
1727299014479 3.2393879890441895 107
1727299014521 3.1340737342834473 108
1727299014563 4.223296165466309 109
1727299014605 3.455843210220337 110
1727299014647 2.9593448638916016 111
1727299014692 3.637629270553589 112
1727299014736 3.226989984512329 113
1727299014777 3.3428730964660645 114
1727299014820 3.563051700592041 115
1727299014862 3.393338203430176 116
1727299014903 3.081113338470459 117
1727299014954 3.4633142948150635 118
1727299014996 4.071424961090088 119
1727299015040 3.072805404663086 120
1727299015083 3.40510892868042 121
1727299015125 3.7138144969940186 122
1727299015169 3.603790044784546 123
1727299015216 3.9560554027557373 124
1727299015258 3.6125919818878174 125
1727299015299 3.929833173751831 126
1727299015340 3.3612217903137207 127
1727299015375 2.8193767070770264 128
1727299015410 3.6442956924438477 129
1727299015446 2.9389662742614746 130
1727299015481 3.2606265544891357 131
1727299015515 3.246900796890259 132
1727299015551 3.4439263343811035 133
1727299015585 3.886167526245117 134
1727299015619 3.1702475547790527 135
1727299015653 3.7972261905670166 136
1727299015690 3.048130750656128 137
1727299015726 4.425475120544434 138
1727299015763 3.332838296890259 139
1727299015797 2.828770637512207 140
1727299015830 3.8072831630706787 141
1727299015863 2.84426212310791 142
1727299015899 3.65840744972229 143
1727299015935 3.520230770111084 144
1727299015970 3.2460992336273193 145
1727299016005 3.9722423553466797 146
1727299016039 3.0424563884735107 147
1727299016072 3.9623403549194336 148
1727299016105 3.4035322666168213 149
1727299016140 2.8968334197998047 150
1727299016173 3.6912569999694824 151
1727299016209 2.545095920562744 152
1727299016242 3.0568931102752686 153
1727299016276 3.8141958713531494 154
1727299016310 3.321425676345825 155
1727299016344 3.6098828315734863 156
1727299016379 4.157332897186279 157
1727299016413 3.9538679122924805 158
1727299016450 3.486661195755005 159
1727299016484 4.024918079376221 160
1727299016518 3.6507062911987305 161
1727299016551 3.194155216217041 162
1727299016586 3.767489433288574 163
1727299016621 3.1434621810913086 164
1727299016655 3.5368552207946777 165
1727299016691 4.160161972045898 166
1727299016726 3.2443881034851074 167
1727299016761 3.297222137451172 168
1727299016794 3.318009614944458 169
1727299016828 0.6983969807624817 170
1727299016863 3.6683685779571533 171
1727299016897 3.62396502494812 172
1727299016931 3.1971423625946045 173
1727299016968 3.3528709411621094 174
1727299017002 4.243414878845215 175
1727299017035 3.2530384063720703 176
1727299017069 3.6900742053985596 177
1727299017103 3.3372180461883545 178
1727299017137 4.03517484664917 179
1727299017171 3.6642942428588867 180
1727299017216 3.434926748275757 181
1727299017260 3.424334764480591 182
1727299017296 3.512051582336426 183
1727299017331 3.5854947566986084 184
1727299017366 3.654153823852539 185
1727299017401 3.8283376693725586 186
1727299017434 2.8113656044006348 187
1727299017470 3.432866096496582 188
1727299017505 4.023291110992432 189
1727299017538 3.0305728912353516 190
1727299017572 3.9317874908447266 191
1727299017607 3.2753477096557617 192
1727299017641 3.828439474105835 193
1727299017675 4.020909786224365 194
1727299017711 3.6132431030273438 195
1727299017746 3.231804847717285 196
1727299017780 3.343761444091797 197
1727299017815 3.735461950302124 198
1727299017848 3.1499905586242676 199
1727299017882 3.1162257194519043 200
1727299017916 3.535507917404175 201
1727299017954 3.3634631633758545 202
1727299018006 0.37009620666503906 203
1727299018056 3.291727304458618 204
1727299018091 4.012299537658691 205
1727299018125 3.0703978538513184 206
1727299018168 3.1296913623809814 207
1727299018214 3.010211706161499 208
1727299018257 0.3259943425655365 209
1727299018298 3.355111837387085 210
1727299018340 3.9130587577819824 211
1727299018380 3.538297176361084 212
1727299018422 3.744291305541992 213
1727299018466 4.009707927703857 214
1727299018508 3.613649606704712 215
1727299018550 2.7313287258148193 216
1727299018592 3.4538419246673584 217
1727299018632 2.7587804794311523 218
1727299018675 3.6608805656433105 219
1727299018721 3.5479652881622314 220
1727299018759 3.4165573120117188 221
1727299018792 3.407571315765381 222
1727299018826 2.7222378253936768 223
1727299018860 3.615009307861328 224
1727299018893 3.279313802719116 225
1727299018938 3.5996432304382324 226
1727299018987 3.453798294067383 227
1727299019027 3.7883036136627197 228
1727299019060 3.826798677444458 229
1727299019094 4.178890228271484 230
1727299019141 3.5767581462860107 231
1727299019214 3.401515007019043 232
1727299019255 2.862490177154541 233
1727299019314 0.28538933396339417 234
1727299019349 2.845566511154175 235
1727299019384 3.4786319732666016 236
1727299019417 4.010469436645508 237
1727299019454 3.0644009113311768 238
1727299019488 2.9192261695861816 239
1727299019523 3.251147985458374 240
1727299019558 2.8870491981506348 241
1727299019593 3.072324752807617 242
1727299019627 3.2649495601654053 243
1727299019660 3.0727639198303223 244
1727299019695 3.435344934463501 245
1727299019732 3.562917470932007 246
1727299019767 3.7623188495635986 247
1727299019801 2.7150118350982666 248
1727299019857 0.6298023462295532 249
1727299019911 0.37386971712112427 250
1727299019973 4.221214294433594 251
1727299020026 4.239838600158691 252
1727299020084 3.943664312362671 253
1727299020126 2.98188853263855 254
1727299020171 3.6646780967712402 255
1727299020216 0.42304325103759766 256
1727299020255 3.0685501098632812 257
1727299020289 3.165184259414673 258
1727299020323 2.8194620609283447 259
1727299020365 2.9374923706054688 260
1727299020405 3.608164072036743 261
1727299020440 3.733806848526001 262
1727299020477 3.4397928714752197 263
1727299020512 3.389586925506592 264
1727299020545 3.5658700466156006 265
1727299020579 3.582636594772339 266
1727299020618 3.429502248764038 267
1727299020652 3.160139560699463 268
1727299020686 3.078490972518921 269
1727299020727 3.5259900093078613 270
1727299020771 0.8313994407653809 271
1727299020822 0.2158307582139969 272
1727299020864 0.21052683889865875 273
1727299020904 2.9932267665863037 274
1727299020951 2.7954752445220947 275
1727299021018 3.561413049697876 276
1727299021060 3.2897226810455322 277
1727299021099 3.4719736576080322 278
1727299021135 3.64996075630188 279
1727299021168 3.004911184310913 280
1727299021205 2.818046808242798 281
1727299021242 3.2004153728485107 282
1727299021278 4.063120365142822 283
1727299021321 3.3494248390197754 284
1727299021357 3.8359909057617188 285
1727299021397 3.4711828231811523 286
1727299021444 3.6273703575134277 287
1727299021490 3.982956647872925 288
1727299021533 4.171440601348877 289
1727299021575 2.469071626663208 290
1727299021618 2.701493501663208 291
1727299021668 3.646179437637329 292
1727299021719 0.42769426107406616 293
1727299021769 0.49702274799346924 294
1727299021824 0.5419908165931702 295
1727299021869 3.145587921142578 296
1727299021919 3.453322410583496 297
1727299021968 3.7631349563598633 298
1727299022026 3.0739238262176514 299
1727299022078 2.753964424133301 300
1727299022129 3.4520561695098877 301
1727299022179 3.916511297225952 302
1727299022234 3.2696588039398193 303
1727299022289 2.6147708892822266 304
1727299022344 3.7322559356689453 305
1727299022394 3.4850902557373047 306
1727299022449 0.4940311908721924 307
1727299022499 3.2293388843536377 308
1727299022549 3.040519952774048 309
1727299022599 2.4950594902038574 310
1727299022650 0.4463205933570862 311
1727299022700 3.4462995529174805 312
1727299022756 3.406446695327759 313
1727299022813 3.410860776901245 314
1727299022863 2.31453275680542 315
1727299022923 3.4913601875305176 316
1727299022983 0.5749368667602539 317
1727299023034 0.3392321765422821 318
1727299023091 3.3269810676574707 319
1727299023143 3.9095749855041504 320
1727299023197 3.602881669998169 321
1727299023246 3.9123542308807373 322
1727299023291 3.41093373298645 323
1727299023338 3.038052558898926 324
1727299023383 3.728260040283203 325
1727299023427 2.8207767009735107 326
1727299023472 3.2009403705596924 327
1727299023514 2.8957040309906006 328
1727299023564 3.2992794513702393 329
1727299023601 3.4694952964782715 330
1727299023637 3.361912727355957 331
1727299023672 3.177602529525757 332
1727299023716 3.0280237197875977 333
1727299023754 0.6405439376831055 334
1727299023793 0.7612951993942261 335
1727299023832 0.5548192262649536 336
1727299023869 0.2947928309440613 337
1727299023904 3.6143414974212646 338
1727299023942 3.2751007080078125 339
1727299023980 3.8940536975860596 340
1727299024016 3.4598476886749268 341
1727299024051 3.0616841316223145 342
1727299024094 3.8724467754364014 343
1727299024137 3.5154807567596436 344
1727299024188 3.4707164764404297 345
1727299024231 3.6153643131256104 346
1727299024276 3.4544265270233154 347
1727299024320 4.247411727905273 348
1727299024357 3.5621838569641113 349
1727299024395 3.399580717086792 350
1727299024430 3.0037841796875 351
1727299024467 4.242478847503662 352
1727299024511 0.4664357304573059 353
1727299024553 0.4801023304462433 354
1727299024590 3.4405713081359863 355
1727299024625 3.739438533782959 356
1727299024662 3.2116408348083496 357
1727299024698 3.493614673614502 358
1727299024736 3.2535834312438965 359
1727299024772 3.753108263015747 360
1727299024813 3.7310683727264404 361
1727299024856 3.1362204551696777 362
1727299024899 2.515662908554077 363
1727299024940 3.9460525512695312 364
1727299024985 2.8301639556884766 365
1727299025027 4.273495674133301 366
1727299025070 3.7337687015533447 367
1727299025111 3.452169895172119 368
1727299025153 2.9237377643585205 369
1727299025198 3.073751926422119 370
1727299025236 3.7306911945343018 371
1727299025273 0.6195065975189209 372
1727299025313 3.224609613418579 373
1727299025353 2.427612781524658 374
1727299025389 4.161961078643799 375
1727299025424 3.211214303970337 376
1727299025459 3.845700740814209 377
1727299025496 3.4182004928588867 378
1727299025535 2.920046091079712 379
1727299025570 3.4594600200653076 380
1727299025607 4.041903018951416 381
1727299025643 0.45236700773239136 382
1727299025679 0.3924125134944916 383
1727299025714 3.5805630683898926 384
1727299025753 2.7697386741638184 385
1727299025791 3.247692108154297 386
1727299025828 0.5152543187141418 387
1727299025864 3.302063465118408 388
1727299025898 3.725719451904297 389
1727299025935 4.391760349273682 390
1727299025972 3.3697288036346436 391
1727299026009 3.2246620655059814 392
1727299026046 4.549088954925537 393
1727299026081 4.11892557144165 394
1727299026116 3.5178234577178955 395
1727299026151 0.5800274610519409 396
1727299026188 0.42390134930610657 397
1727299026225 0.22713620960712433 398
1727299026262 0.23755981028079987 399
1727299026302 3.7401528358459473 400
1727299026348 3.295044422149658 401
1727299026405 3.9437332153320312 402
1727299026465 3.517176389694214 403
1727299026520 2.9794676303863525 404
1727299026581 3.347121000289917 405
1727299026636 3.263453483581543 406
1727299026690 3.0927734375 407
1727299026743 0.5035631060600281 408
1727299026792 0.5993977785110474 409
1727299026842 0.5710757374763489 410
1727299026886 0.44813108444213867 411
1727299026930 0.14094407856464386 412
1727299026974 0.10157430917024612 413
1727299027019 0.11054694652557373 414
1727299027063 0.123569056391716 415
1727299027106 0.14365802705287933 416
1727299027160 0.17768236994743347 417
1727299027213 0.1526467353105545 418
1727299027257 0.058638010174036026 419
1727299027303 0.043418433517217636 420
1727299027346 0.043851837515830994 421
1727299027388 0.04470966011285782 422
1727299027432 0.0456223301589489 423
1727299027477 0.04659615457057953 424
1727299027523 0.047638434916734695 425
1727299027571 0.04875795915722847 426
1727299027613 0.04996496066451073 427
1727299027658 0.05127201974391937 428
1727299027706 0.05269426479935646 429
1727299027768 0.054250434041023254 430
1727299027812 0.05596393346786499 431
1727299027848 0.05786454677581787 432
1727299027884 0.059990834444761276 433
1727299027921 0.06239410862326622 434
1727299027958 0.06514446437358856 435
1727299027996 0.06834109872579575 436
1727299028040 0.07213109731674194 437
1727299028076 0.07674610614776611 438
1727299028110 0.08258644491434097 439
1727299028148 0.09045890718698502 440
1727299028184 0.05959881469607353 441
1727299028218 0.0 442
