1727299010211 0.0 0
1727299010271 0.0 1
1727299010333 0.0 2
1727299010379 0.0 3
1727299010430 0.0 4
1727299010483 0.0 5
1727299010524 0.0 6
1727299010577 0.0 7
1727299010615 0.0 8
1727299010666 0.0 9
1727299010712 0.0 10
1727299010757 0.0 11
1727299010796 0.0 12
1727299010847 0.0 13
1727299010916 0.0 14
1727299010967 0.18303002417087555 15
1727299011021 0.0 16
1727299011065 0.0 17
1727299011100 0.0 18
1727299011134 0.0 19
1727299011170 0.0 20
1727299011205 0.0 21
1727299011241 0.0 22
1727299011275 0.0 23
1727299011309 0.0 24
1727299011345 0.0 25
1727299011378 0.0 26
1727299011413 0.0 27
1727299011451 0.0 28
1727299011487 0.0 29
1727299011523 0.0 30
1727299011557 0.0 31
1727299011595 0.0 32
1727299011629 0.0 33
1727299011663 0.0 34
1727299011699 0.0 35
1727299011734 0.0 36
1727299011768 0.0 37
1727299011803 0.0 38
1727299011838 0.0 39
1727299011877 0.0 40
1727299011918 0.0 41
1727299011954 0.0 42
1727299011989 0.0 43
1727299012024 0.010134578682482243 44
1727299012059 0.0 45
1727299012094 0.0 46
1727299012128 0.0 47
1727299012162 0.0 48
1727299012199 0.0 49
1727299012234 0.0 50
1727299012283 0.0 51
1727299012328 0.0 52
1727299012370 0.0 53
1727299012412 0.0 54
1727299012458 0.0 55
1727299012500 0.0 56
1727299012543 0.0 57
1727299012584 0.0 58
1727299012626 0.082451231777668 59
1727299012668 0.0 60
1727299012712 0.0 61
1727299012754 0.0 62
1727299012795 0.0 63
1727299012835 0.0 64
1727299012877 0.0 65
1727299012920 0.0 66
1727299012961 0.044303104281425476 67
1727299013003 0.0 68
1727299013045 0.0 69
1727299013087 0.0 70
1727299013131 0.0 71
1727299013176 0.0 72
1727299013214 0.0 73
1727299013249 0.0 74
1727299013283 0.1848665177822113 75
1727299013318 0.0 76
1727299013353 0.2656048834323883 77
1727299013387 0.0 78
1727299013422 0.0 79
1727299013457 0.0 80
1727299013491 0.0 81
1727299013525 0.0 82
1727299013559 0.0 83
1727299013595 0.0 84
1727299013629 0.0 85
1727299013663 0.0 86
1727299013701 0.06600780040025711 87
1727299013738 0.0 88
1727299013779 0.0 89
1727299013822 0.0 90
1727299013865 0.0 91
1727299013906 0.0 92
1727299013951 0.18442507088184357 93
1727299013994 0.0 94
1727299014035 0.0 95
1727299014075 0.0 96
1727299014109 0.0 97
1727299014144 0.0 98
1727299014180 0.0 99
1727299014215 0.0 100
1727299014259 0.0 101
1727299014305 0.0 102
1727299014342 0.0 103
1727299014376 0.0 104
1727299014410 0.0 105
1727299014462 0.0 106
1727299014505 0.1299930214881897 107
1727299014548 0.0 108
1727299014589 0.0 109
1727299014631 0.0 110
1727299014675 0.0 111
1727299014720 0.0 112
1727299014762 0.0 113
1727299014805 0.0 114
1727299014847 0.0 115
1727299014888 0.0 116
1727299014935 0.0 117
1727299014980 0.0 118
1727299015023 0.0 119
1727299015067 0.0 120
1727299015109 0.0 121
1727299015153 0.0 122
1727299015202 0.0 123
1727299015242 0.0 124
1727299015283 0.0 125
1727299015326 0.0 126
1727299015361 0.0 127
1727299015396 0.0 128
1727299015433 0.0 129
1727299015467 0.0 130
1727299015502 0.0 131
1727299015536 0.0 132
1727299015572 0.0 133
1727299015606 0.0 134
1727299015640 0.0 135
1727299015674 0.0 136
1727299015712 0.0 137
1727299015749 0.0 138
1727299015783 0.0 139
1727299015817 0.0 140
1727299015851 0.0 141
1727299015886 0.0 142
1727299015920 0.0 143
1727299015957 0.0 144
1727299015992 0.0 145
1727299016026 0.0 146
1727299016059 0.0 147
1727299016092 0.0 148
1727299016125 0.0 149
1727299016160 0.0 150
1727299016195 0.0 151
1727299016229 0.0 152
1727299016262 0.0 153
1727299016297 0.06415798515081406 154
1727299016331 0.0 155
1727299016365 0.0 156
1727299016400 0.0 157
1727299016436 0.0 158
1727299016471 0.0 159
1727299016505 0.0 160
1727299016538 0.0 161
1727299016572 0.0 162
1727299016608 0.0 163
1727299016641 0.0 164
1727299016676 0.0 165
1727299016712 0.0 166
1727299016748 0.0 167
1727299016781 0.0 168
1727299016815 0.0 169
1727299016849 0.0 170
1727299016884 0.0 171
1727299016918 0.0 172
1727299016955 0.0 173
1727299016989 0.0 174
1727299017022 0.0 175
1727299017056 0.0 176
1727299017089 0.0 177
1727299017124 0.0 178
1727299017158 0.0 179
1727299017199 0.0 180
1727299017246 0.0 181
1727299017283 0.0 182
1727299017317 0.0 183
1727299017352 0.0 184
1727299017387 0.0 185
1727299017420 0.0 186
1727299017457 0.0 187
1727299017491 0.0 188
1727299017525 0.0 189
1727299017559 0.0 190
1727299017594 0.0 191
1727299017627 0.3297349810600281 192
1727299017662 0.0 193
1727299017698 0.0 194
1727299017732 0.0 195
1727299017766 0.0 196
1727299017802 0.0 197
1727299017835 0.0 198
1727299017869 0.0 199
1727299017902 0.0 200
1727299017938 0.0 201
1727299017988 0.0 202
1727299018040 0.0 203
1727299018077 0.0 204
1727299018111 0.0 205
1727299018146 0.0 206
1727299018197 0.0 207
1727299018242 0.0 208
1727299018283 0.0 209
1727299018324 0.0 210
1727299018366 0.0 211
1727299018406 0.0 212
1727299018450 0.0 213
1727299018492 0.0 214
1727299018535 0.0 215
1727299018577 0.0 216
1727299018617 0.0 217
1727299018659 0.0 218
1727299018705 0.0 219
1727299018746 0.0 220
1727299018779 0.0 221
1727299018813 0.0 222
1727299018847 0.0 223
1727299018880 0.0 224
1727299018921 0.0 225
1727299018971 0.0 226
1727299019014 0.0 227
1727299019047 0.0 228
1727299019081 0.0 229
1727299019118 0.0 230
1727299019187 0.0 231
1727299019241 0.0 232
1727299019295 0.0 233
1727299019336 0.0 234
1727299019370 0.0 235
1727299019404 0.0 236
1727299019438 0.0 237
1727299019475 0.0 238
1727299019509 0.0 239
1727299019543 0.0 240
1727299019579 0.0 241
1727299019614 0.0 242
1727299019647 0.0 243
1727299019681 0.0 244
1727299019717 0.0 245
1727299019753 0.0 246
1727299019787 0.0 247
1727299019829 0.0 248
1727299019893 0.0 249
1727299019947 0.0 250
1727299020007 0.0 251
1727299020061 0.0 252
1727299020112 0.0 253
1727299020155 0.0 254
1727299020199 0.0 255
1727299020241 0.0 256
1727299020275 0.0 257
1727299020310 0.0 258
1727299020350 0.0 259
1727299020390 0.0 260
1727299020426 0.0 261
1727299020464 0.0 262
1727299020498 0.01256701722741127 263
1727299020532 0.0 264
1727299020566 0.0 265
1727299020605 0.0 266
1727299020639 0.0 267
1727299020673 0.0 268
1727299020710 0.0 269
1727299020756 0.0 270
1727299020804 0.0 271
1727299020849 0.0 272
1727299020891 0.0 273
1727299020934 0.0 274
1727299020992 0.0 275
1727299021046 0.0 276
1727299021082 0.0 277
1727299021121 0.0 278
1727299021155 0.0 279
1727299021189 0.0 280
1727299021228 0.0 281
1727299021263 0.0 282
1727299021307 0.0 283
1727299021343 0.0 284
1727299021378 0.0 285
1727299021426 0.0 286
1727299021473 0.0 287
1727299021517 0.0 288
1727299021560 0.0 289
1727299021602 0.0 290
1727299021649 0.0 291
1727299021699 0.0 292
1727299021750 0.0 293
1727299021806 0.0 294
1727299021852 0.0 295
1727299021899 0.0 296
1727299021949 0.0 297
1727299022006 0.0 298
1727299022058 0.0 299
1727299022109 0.0 300
1727299022160 0.0 301
1727299022213 0.0 302
1727299022268 0.0 303
1727299022325 0.0 304
1727299022376 0.0 305
1727299022429 0.0 306
1727299022480 0.0 307
1727299022531 0.0 308
1727299022581 0.0 309
1727299022632 0.0 310
1727299022680 0.0 311
1727299022737 0.0 312
1727299022791 0.0 313
1727299022845 0.0 314
1727299022896 0.0 315
1727299022961 0.0 316
1727299023015 0.0 317
1727299023070 0.0 318
1727299023124 0.0 319
1727299023176 0.0 320
1727299023231 0.0 321
1727299023273 0.0 322
1727299023321 0.0 323
1727299023367 0.0 324
1727299023411 0.0 325
1727299023454 0.0 326
1727299023499 0.0 327
1727299023550 0.0 328
1727299023587 0.0 329
1727299023623 0.0 330
1727299023657 0.0 331
1727299023699 0.0 332
1727299023739 0.0 333
1727299023775 0.0 334
1727299023818 0.0 335
1727299023855 0.0 336
1727299023891 0.0 337
1727299023928 0.0 338
1727299023966 0.0 339
1727299024002 0.0 340
1727299024037 0.0 341
1727299024079 0.05324583500623703 342
1727299024121 0.0 343
1727299024172 0.0 344
1727299024216 0.0 345
1727299024260 0.0 346
1727299024306 0.0 347
1727299024343 0.0 348
1727299024379 0.0 349
1727299024417 0.0 350
1727299024452 0.0 351
1727299024495 0.0 352
1727299024539 0.0 353
1727299024576 0.0 354
1727299024611 0.0 355
1727299024647 0.0 356
1727299024684 0.0 357
1727299024721 0.0 358
1727299024758 0.0 359
1727299024797 0.0 360
1727299024840 0.16431152820587158 361
1727299024884 0.0 362
1727299024924 0.0 363
1727299024967 0.0 364
1727299025011 0.0 365
1727299025054 0.0 366
1727299025096 0.0 367
1727299025138 0.0 368
1727299025182 0.0 369
1727299025223 0.0 370
1727299025259 0.0 371
1727299025299 0.0 372
1727299025338 0.0 373
1727299025376 0.0 374
1727299025410 0.0 375
1727299025446 0.0 376
1727299025482 0.0 377
1727299025519 0.0 378
1727299025556 0.0 379
1727299025593 0.0 380
1727299025629 0.0 381
1727299025665 0.0 382
1727299025701 0.0 383
1727299025739 0.0 384
1727299025774 0.0 385
1727299025814 0.0 386
1727299025850 0.0 387
1727299025885 0.0 388
1727299025921 0.0 389
1727299025957 0.0 390
1727299025996 0.0 391
1727299026031 0.1408040076494217 392
1727299026068 0.802907407283783 393
1727299026102 0.0 394
1727299026137 0.0 395
1727299026173 0.0 396
1727299026210 0.0 397
1727299026248 0.0 398
1727299026285 0.0 399
1727299026327 0.0 400
1727299026385 0.0 401
1727299026445 0.0 402
1727299026500 0.0 403
1727299026562 0.0 404
1727299026617 0.0 405
1727299026672 0.0 406
1727299026722 0.0 407
1727299026774 0.0 408
1727299026826 0.0 409
1727299026870 0.0 410
1727299026914 0.0 411
1727299026957 0.0 412
1727299027002 0.0 413
1727299027046 0.0 414
1727299027089 0.0 415
1727299027140 0.0 416
1727299027195 0.0 417
1727299027241 0.0 418
1727299027283 0.0 419
1727299027330 0.0 420
1727299027371 0.0 421
1727299027414 0.0 422
1727299027459 0.0 423
1727299027505 0.0 424
1727299027551 0.0 425
1727299027597 0.0 426
1727299027641 0.0 427
1727299027685 0.0 428
1727299027747 0.0 429
1727299027795 0.0 430
1727299027835 0.0 431
1727299027870 0.0 432
1727299027907 0.0 433
1727299027944 0.0 434
1727299027980 0.0 435
1727299028023 0.0 436
1727299028062 0.0 437
1727299028096 0.0 438
1727299028133 0.0 439
1727299028170 0.0 440
1727299028204 0.0 441
1727299028241 0.0 442
