1727301345523 0.2905690670013428 0
1727301345566 0.0709536075592041 1
1727301345605 0.1815948486328125 2
1727301345644 0.12824034690856934 3
1727301345682 -0.06467533111572266 4
1727301345720 0.051639556884765625 5
1727301345759 0.033858299255371094 6
1727301345797 0.18460512161254883 7
1727301345843 -0.04408884048461914 8
1727301345888 0.2035079002380371 9
1727301345933 0.019483327865600586 10
1727301345973 0.09793925285339355 11
1727301346012 0.14906740188598633 12
1727301346054 0.056160688400268555 13
1727301346108 0.12671256065368652 14
1727301346159 0.03935599327087402 15
1727301346211 0.18550610542297363 16
1727301346258 0.026025772094726562 17
1727301346300 0.06720900535583496 18
1727301346353 0.16889095306396484 19
1727301346406 0.16646194458007812 20
1727301346458 0.15068459510803223 21
1727301346511 -0.13854539394378662 22
1727301346558 0.14551997184753418 23
1727301346600 0.06566119194030762 24
1727301346648 0.1711714267730713 25
1727301346696 -0.22038590908050537 26
1727301346743 0.08383750915527344 27
1727301346798 0.15384507179260254 28
1727301346844 0.15560126304626465 29
1727301346887 0.02400040626525879 30
1727301346931 0.17365050315856934 31
1727301346982 -0.003289461135864258 32
1727301347032 0.05446672439575195 33
1727301347078 -0.009051084518432617 34
1727301347125 0.1466672420501709 35
1727301347179 0.06548476219177246 36
1727301347235 0.10549664497375488 37
1727301347293 0.1694502830505371 38
1727301347345 0.08739686012268066 39
1727301347403 0.22622299194335938 40
1727301347453 -0.028093576431274414 41
1727301347502 0.07607817649841309 42
1727301347555 -0.2344832420349121 43
1727301347610 0.021723508834838867 44
1727301347663 0.2463696002960205 45
1727301347711 0.013561010360717773 46
1727301347759 -0.7801951169967651 47
1727301347811 0.06691455841064453 48
1727301347866 4.198227405548096 49
1727301347919 -0.07932543754577637 50
1727301347968 0.180344820022583 51
1727301348022 0.06302261352539062 52
1727301348076 0.17008304595947266 53
1727301348122 -0.10116517543792725 54
1727301348165 -0.7133699655532837 55
1727301348207 0.037432193756103516 56
1727301348250 0.09047102928161621 57
1727301348294 0.016478300094604492 58
1727301348344 -0.009155511856079102 59
1727301348385 0.022496938705444336 60
1727301348430 0.10637164115905762 61
1727301348473 -0.07595622539520264 62
1727301348516 0.019602537155151367 63
1727301348555 0.4647206664085388 64
1727301348593 0.11606431007385254 65
1727301348634 -0.042980313301086426 66
1727301348676 -0.6789240837097168 67
1727301348717 -0.0028388500213623047 68
1727301348768 0.2000892162322998 69
1727301348815 0.13215088844299316 70
1727301348862 0.18584966659545898 71
1727301348914 -0.10024118423461914 72
1727301348963 0.016710519790649414 73
1727301349014 0.14558935165405273 74
1727301349065 0.10095596313476562 75
1727301349116 -0.018751978874206543 76
1727301349158 0.05346179008483887 77
1727301349198 -0.043784379959106445 78
1727301349239 0.07949709892272949 79
1727301349277 0.05921220779418945 80
1727301349316 0.1759352684020996 81
1727301349356 -0.10579180717468262 82
1727301349394 0.07895588874816895 83
1727301349433 -0.09597253799438477 84
1727301349474 -0.06453633308410645 85
1727301349521 -0.32477736473083496 86
1727301349570 -0.06617438793182373 87
1727301349616 0.12339162826538086 88
1727301349667 0.1483142375946045 89
1727301349717 -0.008473396301269531 90
1727301349772 0.09410405158996582 91
1727301349825 0.16597437858581543 92
1727301349873 0.10985207557678223 93
1727301349921 0.11497092247009277 94
1727301349966 0.011475801467895508 95
1727301350018 0.015228986740112305 96
1727301350071 -0.18465030193328857 97
1727301350123 0.15011835098266602 98
1727301350177 0.09603118896484375 99
1727301350220 0.021109580993652344 100
1727301350263 0.0033936500549316406 101
1727301350313 0.16791367530822754 102
1727301350357 0.02037835121154785 103
1727301350399 0.11255955696105957 104
1727301350446 0.10942864418029785 105
1727301350497 0.15139460563659668 106
1727301350549 0.11358046531677246 107
1727301350590 0.059319496154785156 108
1727301350629 0.0900571346282959 109
1727301350678 0.060370683670043945 110
1727301350719 0.07517457008361816 111
1727301350758 0.11052298545837402 112
1727301350796 0.17145729064941406 113
1727301350836 0.1892688274383545 114
1727301350879 -0.012117624282836914 115
1727301350920 -0.42978012561798096 116
1727301350970 0.12230467796325684 117
1727301351017 -0.009477376937866211 118
1727301351059 -0.7801951169967651 119
1727301351099 0.06001687049865723 120
1727301351137 0.06456255912780762 121
1727301351177 0.026514768600463867 122
1727301351216 -0.010853052139282227 123
1727301351254 0.024489402770996094 124
1727301351293 -0.2757641077041626 125
1727301351333 0.08736586570739746 126
1727301351371 -0.0054912567138671875 127
1727301351411 0.06225919723510742 128
1727301351449 0.18089056015014648 129
1727301351490 0.11285710334777832 130
1727301351536 0.1654050350189209 131
1727301351584 0.16527771949768066 132
1727301351624 0.1781015396118164 133
1727301351663 0.18282318115234375 134
1727301351702 -0.5171844959259033 135
1727301351739 0.13518023490905762 136
1727301351779 -0.04572570323944092 137
1727301351818 0.11648058891296387 138
1727301351856 0.005747079849243164 139
1727301351893 -0.053029775619506836 140
1727301351931 0.02904820442199707 141
1727301351967 0.2579073905944824 142
1727301352012 0.07996869087219238 143
1727301352052 -0.0652623176574707 144
1727301352090 -0.09810221195220947 145
1727301352128 0.24626374244689941 146
1727301352167 0.01866459846496582 147
1727301352204 0.15569043159484863 148
1727301352241 0.22016644477844238 149
1727301352280 0.0842278003692627 150
1727301352318 0.019954442977905273 151
1727301352360 0.012469053268432617 152
1727301352398 0.21237492561340332 153
1727301352436 0.0679781436920166 154
1727301352476 0.11504125595092773 155
1727301352519 0.11428594589233398 156
1727301352560 0.047178030014038086 157
1727301352599 0.11861205101013184 158
1727301352639 0.15468573570251465 159
1727301352678 0.20183563232421875 160
1727301352716 0.151716947555542 161
1727301352756 0.23665571212768555 162
1727301352795 -0.015016555786132812 163
1727301352834 -0.10024106502532959 164
1727301352873 0.03209805488586426 165
1727301352911 0.02117776870727539 166
1727301352949 -0.09422552585601807 167
1727301352988 0.11473941802978516 168
1727301353025 -0.2439485788345337 169
1727301353063 0.12651896476745605 170
1727301353101 0.23392772674560547 171
1727301353139 0.08447480201721191 172
1727301353176 0.19531607627868652 173
1727301353212 0.0764164924621582 174
1727301353250 0.1466672420501709 175
1727301353286 -0.11733174324035645 176
1727301353324 0.009174585342407227 177
1727301353369 0.1961195468902588 178
1727301353409 -0.039332032203674316 179
1727301353445 0.06901001930236816 180
1727301353482 0.16921305656433105 181
1727301353520 -0.19368338584899902 182
1727301353559 0.04457354545593262 183
1727301353596 0.09533095359802246 184
1727301353633 0.1789407730102539 185
1727301353670 -0.07803678512573242 186
1727301353706 0.15623188018798828 187
1727301353745 0.03963112831115723 188
1727301353783 -0.0926215648651123 189
1727301353820 0.03740644454956055 190
1727301353856 0.1232461929321289 191
1727301353892 -0.0061190128326416016 192
1727301353929 0.14526581764221191 193
1727301353968 -0.14087235927581787 194
1727301354006 -0.059311747550964355 195
1727301354044 0.13648056983947754 196
1727301354082 0.0941927433013916 197
1727301354119 0.03442740440368652 198
1727301354156 0.19444012641906738 199
1727301354193 0.1763465404510498 200
1727301354231 0.17203617095947266 201
1727301354269 0.041335344314575195 202
1727301354307 0.13889360427856445 203
1727301354346 0.01712489128112793 204
1727301354385 0.11840367317199707 205
1727301354425 0.10401177406311035 206
1727301354461 -0.13370585441589355 207
1727301354497 -0.7801952362060547 208
1727301354534 -0.7801951169967651 209
