1726422194746 1.3702471256256104 0
1726422194790 1.1338398456573486 1
1726422194832 0.8885369300842285 2
1726422194885 0.9610278606414795 3
1726422194931 0.9577746391296387 4
1726422194975 0.6832196712493896 5
1726422195018 0.7882711887359619 6
1726422195060 0.7703883647918701 7
1726422195101 1.071843147277832 8
1726422195142 0.8889446258544922 9
1726422195184 1.0174329280853271 10
1726422195232 0.9219717979431152 11
1726422195281 0.952418327331543 12
1726422195326 0.9168729782104492 13
1726422195366 1.155422568321228 14
1726422195408 1.1087114810943604 15
1726422195446 0.9738857746124268 16
1726422195483 1.002119779586792 17
1726422195520 1.104189395904541 18
1726422195559 0.7057967185974121 19
1726422195597 0.5085984468460083 20
1726422195635 0.8025672435760498 21
1726422195673 1.085506558418274 22
1726422195712 1.0883708000183105 23
1726422195750 0.9363880753517151 24
1726422195791 0.9564261436462402 25
1726422195832 1.2813925743103027 26
1726422195877 1.141477346420288 27
1726422195919 1.3015466928482056 28
1726422195968 1.1740303039550781 29
1726422196028 1.2503567934036255 30
1726422196096 1.079162359237671 31
1726422196149 0.6478781700134277 32
1726422196197 0.9809566140174866 33
1726422196240 1.027998685836792 34
1726422196281 0.959496259689331 35
1726422196321 0.8914103507995605 36
1726422196363 0.7552055716514587 37
1726422196404 0.5403093099594116 38
1726422196447 0.554707944393158 39
1726422196488 0.9162726998329163 40
1726422196531 0.29343265295028687 41
1726422196569 0.4297419786453247 42
1726422196609 0.6893988847732544 43
1726422196650 0.9342286586761475 44
1726422196695 0.7149445414543152 45
1726422196743 0.99467533826828 46
1726422196785 0.9043400883674622 47
1726422196826 0.7871033549308777 48
1726422196876 0.5503783226013184 49
1726422196915 0.23573318123817444 50
1726422196959 0.7619857788085938 51
1726422196999 0.7831633687019348 52
1726422197037 1.031016230583191 53
1726422197077 0.9580869674682617 54
1726422197120 0.615270733833313 55
1726422197162 0.5973021388053894 56
1726422197207 0.7567504644393921 57
1726422197246 1.2976347208023071 58
1726422197293 1.3739780187606812 59
1726422197342 1.2808842658996582 60
1726422197387 1.1023304462432861 61
1726422197426 1.0307637453079224 62
1726422197469 0.8409748673439026 63
1726422197510 0.7481311559677124 64
1726422197551 0.7886694669723511 65
1726422197594 1.0786904096603394 66
1726422197636 0.511272668838501 67
1726422197674 0.8457047939300537 68
1726422197711 0.7993080615997314 69
1726422197748 1.1092529296875 70
1726422197786 0.508673369884491 71
1726422197823 0.4414548873901367 72
1726422197861 0.7815772294998169 73
1726422197899 0.4108497202396393 74
1726422197937 0.5843478441238403 75
1726422197975 1.0094499588012695 76
1726422198013 0.7109038829803467 77
1726422198050 1.0359622240066528 78
1726422198089 1.337044358253479 79
1726422198127 1.023525357246399 80
1726422198164 1.1012002229690552 81
1726422198202 1.0961287021636963 82
1726422198240 1.0879216194152832 83
1726422198278 0.7256231307983398 84
1726422198316 0.902625560760498 85
1726422198355 1.0056850910186768 86
1726422198399 0.985294759273529 87
1726422198451 0.9129570722579956 88
1726422198508 0.976180374622345 89
1726422198562 0.9605293869972229 90
1726422198612 0.8200061321258545 91
1726422198677 1.11360502243042 92
1726422198742 0.8779488205909729 93
1726422198801 0.9622029066085815 94
1726422198845 0.8419871926307678 95
1726422198883 0.7997685074806213 96
1726422198919 1.2183533906936646 97
1726422198957 1.3078831434249878 98
1726422198995 1.0509761571884155 99
1726422199033 1.0309803485870361 100
1726422199070 0.8069924116134644 101
1726422199109 0.5517712831497192 102
1726422199147 0.4519614577293396 103
1726422199185 0.5670011043548584 104
1726422199223 0.6274518966674805 105
1726422199261 1.0241951942443848 106
1726422199298 0.9018425941467285 107
1726422199336 1.0916130542755127 108
1726422199374 0.8557561635971069 109
1726422199412 1.256239891052246 110
1726422199450 0.6629497408866882 111
1726422199488 0.6035332679748535 112
1726422199526 0.5436909198760986 113
1726422199564 0.5862647891044617 114
1726422199603 0.4655599594116211 115
1726422199640 0.7945727109909058 116
1726422199678 0.8989026546478271 117
1726422199717 0.9138354063034058 118
1726422199755 0.8359045386314392 119
1726422199793 1.0001431703567505 120
1726422199830 1.111190676689148 121
1726422199869 1.078525424003601 122
1726422199906 0.7550125122070312 123
1726422199944 0.7138094902038574 124
1726422199982 0.5631631016731262 125
1726422200020 0.4064432978630066 126
1726422200058 0.5965995788574219 127
1726422200096 0.9305464625358582 128
1726422200134 0.7199431657791138 129
1726422200173 0.5664736032485962 130
1726422200211 1.1413774490356445 131
1726422200254 1.0867252349853516 132
1726422200301 0.6686874628067017 133
1726422200366 0.4874788522720337 134
1726422200408 0.6529009342193604 135
1726422200444 1.2174185514450073 136
1726422200482 1.121875524520874 137
1726422200522 1.1301459074020386 138
1726422200560 0.7719336152076721 139
1726422200597 0.8393141031265259 140
1726422200636 0.8921500444412231 141
1726422200675 0.6088967323303223 142
1726422200713 0.8555827736854553 143
1726422200751 0.6156719923019409 144
1726422200790 0.7921309471130371 145
1726422200829 1.025032639503479 146
1726422200868 0.918211042881012 147
1726422200907 0.847502589225769 148
1726422200948 0.6748067140579224 149
1726422200987 0.6959221959114075 150
1726422201025 0.946909487247467 151
1726422201064 0.5107748508453369 152
1726422201104 0.3917383849620819 153
1726422201143 0.5452993512153625 154
1726422201181 1.0388449430465698 155
1726422201221 0.995334267616272 156
1726422201260 0.9464492797851562 157
1726422201299 1.1360483169555664 158
1726422201339 1.2190032005310059 159
1726422201378 1.1570549011230469 160
1726422201417 1.026391625404358 161
1726422201456 1.2201430797576904 162
1726422201495 1.0353354215621948 163
1726422201534 0.7535153031349182 164
1726422201572 0.5567934513092041 165
1726422201612 0.4958748519420624 166
1726422201651 0.6943514347076416 167
1726422201689 0.9557013511657715 168
1726422201728 1.0053666830062866 169
1726422201767 0.9091590046882629 170
1726422201806 1.1869421005249023 171
1726422201845 0.6484814882278442 172
1726422201885 0.6900208592414856 173
1726422201924 0.5983730554580688 174
1726422201963 0.5978477001190186 175
1726422202002 0.9194133877754211 176
1726422202041 1.17819344997406 177
1726422202080 1.312512755393982 178
1726422202121 1.012040376663208 179
1726422202162 0.9016185998916626 180
1726422202201 1.1510378122329712 181
1726422202240 1.1870204210281372 182
1726422202280 0.9103605151176453 183
1726422202318 1.0823208093643188 184
1726422202358 0.8965851068496704 185
1726422202396 1.0491600036621094 186
1726422202436 0.9122792482376099 187
1726422202475 0.7843440175056458 188
1726422202513 0.554211437702179 189
1726422202552 0.7867215871810913 190
1726422202591 0.7727659344673157 191
1726422202630 0.5799157023429871 192
1726422202668 0.5214594602584839 193
1726422202708 0.6052274703979492 194
1726422202747 0.8097902536392212 195
1726422202786 0.8992136120796204 196
1726422202829 1.0583730936050415 197
1726422202871 0.9355046153068542 198
1726422202911 0.7405426502227783 199
1726422202952 0.6818584203720093 200
1726422202992 1.0595362186431885 201
1726422203032 0.9380154013633728 202
1726422203072 1.2388181686401367 203
1726422203112 1.1351051330566406 204
1726422203152 0.927390456199646 205
1726422203192 1.1678838729858398 206
1726422203232 0.6499009132385254 207
1726422203270 1.234880805015564 208
1726422203309 1.2294201850891113 209
1726422203349 1.2059485912322998 210
1726422203389 0.610424816608429 211
1726422203428 0.2055763155221939 212
1726422203467 1.0239619016647339 213
1726422203507 0.9622405767440796 214
1726422203546 0.8198996782302856 215
1726422203585 0.8061931133270264 216
1726422203625 0.6566939353942871 217
1726422203664 0.5731964707374573 218
1726422203704 0.7715568542480469 219
1726422203742 0.982864260673523 220
1726422203781 0.628294050693512 221
1726422203821 0.6760431528091431 222
1726422203860 0.634928822517395 223
1726422203903 1.0417591333389282 224
1726422203945 0.972459077835083 225
1726422203985 1.1230779886245728 226
1726422204024 0.962227463722229 227
1726422204064 0.8238159418106079 228
1726422204105 0.8089754581451416 229
1726422204144 0.5760524272918701 230
1726422204184 0.7815799713134766 231
1726422204223 1.040673017501831 232
1726422204262 0.9891952276229858 233
1726422204301 0.9599652886390686 234
1726422204340 0.9646522998809814 235
1726422204379 0.8398127555847168 236
1726422204418 0.7006952166557312 237
1726422204457 0.642194390296936 238
1726422204497 0.8606396913528442 239
1726422204536 0.6516165733337402 240
1726422204575 0.905414342880249 241
1726422204615 0.990372359752655 242
1726422204654 0.8032901883125305 243
1726422204693 1.032170057296753 244
1726422204732 1.1039891242980957 245
1726422204771 0.753697395324707 246
1726422204810 0.98990398645401 247
1726422204852 0.7144676446914673 248
1726422204894 0.7665084600448608 249
1726422204934 1.0731853246688843 250
1726422204973 1.2911940813064575 251
1726422205012 1.0124733448028564 252
1726422205051 1.1175731420516968 253
1726422205090 1.2020788192749023 254
1726422205129 1.2474963665008545 255
1726422205168 0.6782451868057251 256
1726422205207 0.6941447257995605 257
1726422205245 0.7125929594039917 258
1726422205284 0.8567734956741333 259
1726422205324 0.8791654109954834 260
1726422205362 1.4974124431610107 261
1726422205402 1.3818520307540894 262
1726422205441 1.3289098739624023 263
1726422205480 1.0502262115478516 264
1726422205518 1.0880470275878906 265
1726422205557 1.082559585571289 266
1726422205596 0.9869401454925537 267
1726422205635 1.1767330169677734 268
1726422205684 1.0238306522369385 269
1726422205735 0.9740961790084839 270
1726422205787 1.5036206245422363 271
1726422205830 1.1341856718063354 272
1726422205874 0.8091964721679688 273
1726422205919 0.8279228210449219 274
1726422205964 1.095203161239624 275
1726422206010 1.240356206893921 276
1726422206056 1.3738995790481567 277
1726422206103 1.0862300395965576 278
1726422206150 0.9741014838218689 279
1726422206197 0.790176272392273 280
1726422206244 1.004913091659546 281
1726422206291 0.6407995223999023 282
1726422206338 0.5038895606994629 283
1726422206385 0.8449954986572266 284
1726422206436 0.8565841317176819 285
1726422206482 1.006350040435791 286
1726422206529 0.9721993207931519 287
1726422206576 0.925071656703949 288
1726422206624 1.081611156463623 289
1726422206671 1.018909215927124 290
1726422206719 0.895394504070282 291
1726422206766 1.0409908294677734 292
1726422206814 1.0011513233184814 293
1726422206862 1.2334779500961304 294
1726422206910 0.7849469184875488 295
1726422206957 0.9366353750228882 296
1726422207006 1.011325478553772 297
1726422207053 1.2533435821533203 298
1726422207101 1.0190200805664062 299
1726422207149 0.880209743976593 300
1726422207197 0.7211490869522095 301
1726422207244 0.5247979164123535 302
1726422207292 0.5726708769798279 303
1726422207341 0.7385842800140381 304
1726422207391 1.3995387554168701 305
1726422207438 1.196596384048462 306
1726422207487 1.0357897281646729 307
1726422207533 0.6912417411804199 308
1726422207582 1.1422924995422363 309
1726422207629 1.0338900089263916 310
1726422207677 1.1642422676086426 311
1726422207725 1.0448933839797974 312
1726422207773 1.0408515930175781 313
1726422207820 1.2771804332733154 314
1726422207868 1.0292158126831055 315
1726422207916 0.9224827885627747 316
1726422207963 1.0797866582870483 317
1726422208010 1.2543545961380005 318
1726422208059 0.8640117645263672 319
1726422208106 1.030495047569275 320
1726422208155 0.7622230648994446 321
1726422208203 0.7794594168663025 322
1726422208251 0.9405339956283569 323
1726422208304 0.884112536907196 324
1726422208360 0.6539551019668579 325
1726422208409 1.0839186906814575 326
1726422208455 0.9949817657470703 327
1726422208503 1.2532682418823242 328
1726422208565 1.014920949935913 329
1726422208612 1.0794756412506104 330
1726422208659 0.6451605558395386 331
1726422208706 0.5057331323623657 332
1726422208754 1.024105191230774 333
1726422208801 1.1267948150634766 334
1726422208848 0.7719101905822754 335
1726422208903 0.6742426156997681 336
1726422208957 0.5018977522850037 337
1726422209029 0.5406759977340698 338
1726422209091 0.6087771058082581 339
1726422209150 0.6739574670791626 340
1726422209212 0.6740056276321411 341
1726422209272 0.9010568261146545 342
1726422209339 0.9388766288757324 343
1726422209395 0.783887505531311 344
1726422209449 0.8100247979164124 345
1726422209502 1.0993850231170654 346
1726422209552 1.1856883764266968 347
1726422209604 1.004414677619934 348
1726422209656 1.0316323041915894 349
1726422209707 1.2333977222442627 350
1726422209756 1.0249611139297485 351
1726422209807 0.9797950983047485 352
1726422209857 0.811498761177063 353
1726422209918 0.9028326272964478 354
1726422209972 0.9019131064414978 355
1726422210023 0.8679541349411011 356
1726422210073 1.172064185142517 357
1726422210124 0.8472868204116821 358
1726422210175 0.9204702377319336 359
1726422210227 1.0038273334503174 360
1726422210278 1.257172703742981 361
1726422210348 1.0657083988189697 362
1726422210390 1.0645114183425903 363
1726422210443 1.1353046894073486 364
1726422210490 1.319483995437622 365
1726422210537 1.233597993850708 366
1726422210576 1.2178819179534912 367
1726422210616 0.8548233509063721 368
1726422210655 0.5832732319831848 369
1726422210694 0.8878673315048218 370
1726422210736 1.1249867677688599 371
1726422210781 0.6819256544113159 372
1726422210823 0.5347488522529602 373
1726422210864 0.7036946415901184 374
1726422210904 0.7288662195205688 375
1726422210944 1.2160887718200684 376
1726422210984 1.3040812015533447 377
1726422211024 1.0078870058059692 378
1726422211063 1.0977060794830322 379
1726422211102 1.332811951637268 380
1726422211142 1.1198042631149292 381
1726422211181 1.1990063190460205 382
1726422211220 0.9123542904853821 383
1726422211259 0.8247115015983582 384
1726422211298 1.255350947380066 385
1726422211337 1.3529952764511108 386
1726422211376 1.1312657594680786 387
1726422211415 0.6590059995651245 388
1726422211454 0.8301040530204773 389
1726422211492 0.663292646408081 390
1726422211531 0.6352596282958984 391
1726422211570 1.000170350074768 392
1726422211608 1.1343059539794922 393
1726422211651 1.1073440313339233 394
1726422211696 0.9944943785667419 395
1726422211737 1.0336174964904785 396
1726422211791 1.1810212135314941 397
1726422211846 1.5184041261672974 398
1726422211897 1.35527503490448 399
1726422211936 0.9822694063186646 400
1726422211977 0.5836039781570435 401
1726422212017 0.9388089179992676 402
1726422212067 0.9305497407913208 403
1726422212117 1.03593111038208 404
1726422212155 1.0961977243423462 405
1726422212192 0.9650180339813232 406
1726422212231 1.0214650630950928 407
1726422212268 1.1872931718826294 408
1726422212306 1.3804839849472046 409
1726422212345 1.0472676753997803 410
1726422212385 1.228403925895691 411
1726422212424 1.14362633228302 412
1726422212462 0.8179131746292114 413
1726422212502 0.8458606004714966 414
1726422212541 1.0143636465072632 415
1726422212580 0.9350558519363403 416
1726422212620 1.0561423301696777 417
1726422212660 1.016089677810669 418
1726422212698 0.8084059357643127 419
1726422212738 0.5689059495925903 420
1726422212777 0.8014718294143677 421
1726422212816 0.7983624935150146 422
1726422212855 0.9869677424430847 423
1726422212895 1.0814627408981323 424
1726422212934 0.9531674385070801 425
1726422212973 0.7796569466590881 426
1726422213013 0.7164909839630127 427
1726422213052 0.39088594913482666 428
1726422213090 0.6154975891113281 429
1726422213129 0.6574979424476624 430
1726422213169 0.6144250631332397 431
1726422213208 0.8029026985168457 432
1726422213247 1.0643916130065918 433
1726422213286 0.8259956240653992 434
1726422213325 1.3286113739013672 435
1726422213364 1.1617525815963745 436
1726422213403 1.1737123727798462 437
1726422213442 1.1327952146530151 438
1726422213481 1.0336861610412598 439
1726422213520 1.0209228992462158 440
1726422213558 0.8096774816513062 441
1726422213598 1.1088283061981201 442
1726422213637 0.7559906244277954 443
1726422213676 0.6928476095199585 444
1726422213716 0.8802239894866943 445
1726422213755 0.7037312388420105 446
1726422213798 0.7956416606903076 447
1726422213859 0.6835928559303284 448
1726422213900 0.8540990948677063 449
1726422213940 0.8345601558685303 450
1726422213981 0.7714611291885376 451
1726422214030 1.2190662622451782 452
1726422214081 1.3372864723205566 453
1726422214125 1.1544615030288696 454
1726422214165 0.6049383878707886 455
1726422214202 0.5530062913894653 456
1726422214241 0.7887716293334961 457
1726422214278 0.6872362494468689 458
1726422214315 0.9000586271286011 459
1726422214353 0.9894315600395203 460
1726422214391 0.8428114056587219 461
1726422214430 1.1536407470703125 462
1726422214469 1.0845012664794922 463
1726422214510 1.1601388454437256 464
1726422214552 1.025515079498291 465
1726422214600 1.3322441577911377 466
1726422214642 1.1424858570098877 467
1726422214683 1.1870925426483154 468
1726422214726 1.1955180168151855 469
1726422214765 1.018019437789917 470
1726422214802 0.7020754814147949 471
1726422214840 0.982650876045227 472
1726422214879 0.9611462354660034 473
1726422214917 1.2350239753723145 474
1726422214955 1.2229212522506714 475
1726422214993 1.305954933166504 476
1726422215032 1.1001652479171753 477
1726422215071 0.8848404884338379 478
1726422215110 0.7355604767799377 479
1726422215148 1.1866743564605713 480
1726422215188 1.0511996746063232 481
1726422215236 1.3566969633102417 482
1726422215286 1.1797388792037964 483
1726422215328 0.7014430165290833 484
1726422215368 0.7048043012619019 485
1726422215409 0.5528976321220398 486
1726422215448 0.6489481925964355 487
1726422215488 0.6632163524627686 488
1726422215527 0.9165816307067871 489
1726422215567 0.9053553342819214 490
1726422215606 0.8819119930267334 491
1726422215645 0.7181893587112427 492
1726422215684 0.9048233032226562 493
1726422215723 1.2033416032791138 494
1726422215763 1.2890839576721191 495
1726422215803 1.418928623199463 496
1726422215847 0.9975519180297852 497
1726422215890 0.7479859590530396 498
1726422215931 0.5275602340698242 499
1726422215971 0.655823290348053 500
1726422216017 0.36991018056869507 501
1726422216059 0.711912214756012 502
1726422216105 0.5306074619293213 503
1726422216159 0.5928642153739929 504
1726422216206 0.6637537479400635 505
1726422216265 0.5471885204315186 506
1726422216307 1.0351403951644897 507
1726422216346 0.992136538028717 508
1726422216392 0.5971211194992065 509
1726422216437 0.28061777353286743 510
1726422216479 0.6530448198318481 511
1726422216519 0.7794549465179443 512
1726422216571 1.1103532314300537 513
1726422216610 1.177006721496582 514
1726422216658 0.902840256690979 515
1726422216704 0.6990830898284912 516
1726422216744 0.8743155002593994 517
1726422216787 0.8950275182723999 518
1726422216828 1.126365065574646 519
1726422216869 1.0273363590240479 520
1726422216920 0.9799253940582275 521
1726422216962 1.2275110483169556 522
1726422217001 0.9127740263938904 523
1726422217049 0.7531104683876038 524
1726422217092 0.5420033931732178 525
1726422217147 0.8985973000526428 526
1726422217195 1.122308611869812 527
1726422217241 0.888045608997345 528
1726422217295 0.42913103103637695 529
1726422217338 1.1769474744796753 530
1726422217377 0.9924216270446777 531
1726422217421 0.894386351108551 532
1726422217460 0.8205574750900269 533
1726422217506 1.0061506032943726 534
1726422217544 0.5268540382385254 535
1726422217582 0.635261595249176 536
1726422217626 0.49864280223846436 537
1726422217667 0.6256616115570068 538
1726422217717 1.0512707233428955 539
1726422217764 0.9702612161636353 540
1726422217804 1.0698961019515991 541
1726422217845 0.7159209251403809 542
1726422217886 0.5396595001220703 543
1726422217925 0.65281081199646 544
1726422217963 0.46682077646255493 545
1726422218001 0.679879367351532 546
1726422218039 0.812283456325531 547
1726422218076 0.7473607063293457 548
1726422218113 0.9400299787521362 549
1726422218151 1.0358155965805054 550
1726422218191 0.8301437497138977 551
1726422218234 0.5232383012771606 552
1726422218281 1.0084431171417236 553
1726422218341 0.804714560508728 554
1726422218383 0.7680186033248901 555
1726422218426 0.9577971696853638 556
1726422218467 1.0881855487823486 557
1726422218521 0.8873932361602783 558
1726422218563 1.0740833282470703 559
1726422218620 1.0566679239273071 560
1726422218661 1.191164493560791 561
1726422218711 1.0124919414520264 562
1726422218755 0.873498797416687 563
1726422218794 1.025469422340393 564
1726422218833 0.6100357174873352 565
1726422218874 0.8701969385147095 566
1726422218921 1.3020031452178955 567
1726422218963 1.030399203300476 568
1726422219001 0.7846262454986572 569
1726422219039 0.31860554218292236 570
1726422219077 0.2516799569129944 571
1726422219115 0.6506971120834351 572
1726422219153 0.9029422998428345 573
1726422219191 0.7880945801734924 574
1726422219231 0.9424521327018738 575
1726422219272 0.9572265148162842 576
1726422219319 1.0289690494537354 577
1726422219358 0.949774980545044 578
1726422219395 0.7778959274291992 579
1726422219432 0.7752666473388672 580
1726422219470 1.0729293823242188 581
1726422219507 1.2357614040374756 582
1726422219546 1.1324065923690796 583
1726422219583 1.2156171798706055 584
1726422219621 1.1748106479644775 585
1726422219658 1.2464181184768677 586
1726422219697 0.993741512298584 587
1726422219734 1.1164711713790894 588
1726422219772 1.239943504333496 589
1726422219809 1.1049439907073975 590
1726422219848 0.8446613550186157 591
1726422219885 0.6379443407058716 592
1726422219923 0.5469062924385071 593
1726422219961 0.8301461935043335 594
1726422219999 0.5222063660621643 595
1726422220037 0.6935319900512695 596
1726422220074 0.658488929271698 597
1726422220112 0.48866137862205505 598
1726422220151 0.19606360793113708 599
1726422220189 0.28290659189224243 600
1726422220228 0.3468420207500458 601
1726422220269 0.3469007611274719 602
1726422220309 0.6685559749603271 603
1726422220351 0.6064385175704956 604
1726422220395 0.4004663825035095 605
1726422220437 0.8197721242904663 606
1726422220478 0.8780202865600586 607
1726422220521 0.7930804491043091 608
1726422220564 1.3040307760238647 609
1726422220602 1.121780276298523 610
1726422220641 1.1687160730361938 611
1726422220682 1.288390040397644 612
1726422220721 1.126926064491272 613
1726422220763 1.1659196615219116 614
1726422220803 1.1666909456253052 615
1726422220844 0.8310185670852661 616
1726422220886 0.8733265399932861 617
1726422220930 1.1977180242538452 618
1726422220973 0.9145626425743103 619
1726422221016 0.7754523158073425 620
1726422221059 0.8177798986434937 621
1726422221104 0.6085751056671143 622
1726422221150 0.9171497821807861 623
1726422221197 0.36227720975875854 624
1726422221244 0.3715374171733856 625
1726422221292 0.597878098487854 626
1726422221339 0.9478390216827393 627
1726422221386 0.970409095287323 628
1726422221433 0.7992961406707764 629
1726422221482 0.6935274600982666 630
1726422221529 0.7514290809631348 631
1726422221577 1.1329002380371094 632
1726422221624 0.7991016507148743 633
1726422221673 0.6159621477127075 634
1726422221722 0.68595290184021 635
1726422221771 0.9228400588035583 636
1726422221821 1.1415925025939941 637
1726422221869 0.8969941139221191 638
1726422221916 0.9497224688529968 639
1726422221964 0.979846715927124 640
1726422222013 0.9395793080329895 641
1726422222061 0.9616708755493164 642
1726422222109 1.252055048942566 643
1726422222164 1.1575261354446411 644
1726422222213 1.2433998584747314 645
1726422222262 0.9735401272773743 646
1726422222311 0.6218101978302002 647
1726422222359 0.43798109889030457 648
1726422222409 0.5045582056045532 649
1726422222467 0.44658032059669495 650
1726422222515 0.6909010410308838 651
1726422222567 1.0247802734375 652
1726422222618 0.8758063316345215 653
1726422222666 0.4737575650215149 654
1726422222715 0.33515286445617676 655
1726422222766 0.27333709597587585 656
1726422222816 0.9713000059127808 657
1726422222864 1.027890682220459 658
1726422222910 1.0785419940948486 659
1726422222967 0.8697884678840637 660
1726422223024 0.32660871744155884 661
1726422223072 0.7030186653137207 662
1726422223120 1.0202947854995728 663
1726422223167 0.5110601782798767 664
1726422223216 0.5140223503112793 665
1726422223263 0.47805097699165344 666
1726422223310 0.9083111882209778 667
1726422223357 1.1731172800064087 668
1726422223406 0.8644918203353882 669
1726422223453 0.7014740705490112 670
1726422223502 0.6348487734794617 671
1726422223549 0.19464582204818726 672
1726422223597 0.3683542311191559 673
1726422223645 0.5285812616348267 674
1726422223694 0.8068917989730835 675
1726422223743 0.7813035845756531 676
1726422223802 1.2194379568099976 677
1726422223852 1.133981466293335 678
1726422223904 1.1020474433898926 679
1726422223954 0.9654034972190857 680
1726422224004 0.8018753528594971 681
1726422224053 0.664124608039856 682
1726422224102 0.7860308885574341 683
1726422224151 0.8661497831344604 684
1726422224199 1.0781611204147339 685
1726422224247 1.206303596496582 686
1726422224291 1.1488467454910278 687
1726422224338 1.0459800958633423 688
1726422224388 0.6714907884597778 689
1726422224427 0.6140597462654114 690
1726422224468 0.38970208168029785 691
1726422224508 0.21776780486106873 692
1726422224548 0.415241539478302 693
1726422224588 0.8326306343078613 694
1726422224628 0.7720191478729248 695
1726422224669 1.1067008972167969 696
1726422224712 1.1811195611953735 697
1726422224754 0.8077536821365356 698
1726422224795 0.8189438581466675 699
1726422224835 0.9925092458724976 700
1726422224874 0.7480971813201904 701
1726422224913 0.6906664371490479 702
1726422224954 0.6781703233718872 703
1726422224993 0.8625044822692871 704
1726422225031 0.6750071048736572 705
1726422225071 1.0729620456695557 706
1726422225110 1.0536351203918457 707
1726422225149 1.1429190635681152 708
1726422225189 1.0193147659301758 709
1726422225229 1.1211872100830078 710
1726422225268 1.101116418838501 711
1726422225307 0.8313462734222412 712
1726422225346 0.9381368160247803 713
1726422225386 0.8684737682342529 714
1726422225424 0.8422145843505859 715
1726422225463 0.705461859703064 716
1726422225503 0.8624831438064575 717
1726422225543 0.5437709093093872 718
1726422225582 0.9010975956916809 719
1726422225621 0.7994097471237183 720
1726422225661 0.45504218339920044 721
1726422225701 0.22098833322525024 722
1726422225740 0.7111375331878662 723
1726422225780 0.47215506434440613 724
1726422225820 0.5927426815032959 725
1726422225858 0.720087468624115 726
1726422225898 0.5968106985092163 727
1726422225937 0.7218373417854309 728
1726422225977 0.7352457046508789 729
1726422226017 0.7692897319793701 730
1726422226056 1.0962705612182617 731
1726422226095 0.9302569031715393 732
1726422226135 1.0001741647720337 733
1726422226175 1.4153358936309814 734
1726422226214 0.9932798147201538 735
1726422226253 0.8896623253822327 736
1726422226294 0.8238285779953003 737
1726422226332 0.5465232133865356 738
1726422226371 0.7725224494934082 739
1726422226410 0.7096116542816162 740
1726422226449 0.6133164763450623 741
1726422226489 0.7268288135528564 742
1726422226528 0.913848876953125 743
1726422226567 0.7508556842803955 744
1726422226605 0.8520762920379639 745
1726422226645 0.5521738529205322 746
1726422226685 0.5437933206558228 747
1726422226725 0.8657383918762207 748
1726422226765 0.7626701593399048 749
1726422226804 0.9738645553588867 750
1726422226843 0.7276937961578369 751
1726422226882 0.8896666169166565 752
1726422226922 0.8572667241096497 753
1726422226962 0.8533893823623657 754
1726422227001 0.968328058719635 755
1726422227040 0.7152233719825745 756
1726422227079 0.7299525737762451 757
1726422227118 0.3671439588069916 758
1726422227157 0.5197917222976685 759
1726422227197 0.5200483202934265 760
1726422227236 0.7098153829574585 761
1726422227275 0.9959501028060913 762
1726422227315 0.9299602508544922 763
1726422227354 0.9556123614311218 764
1726422227393 1.0906864404678345 765
1726422227432 1.1734418869018555 766
1726422227472 0.6774721741676331 767
1726422227512 0.6336071491241455 768
1726422227550 1.0787843465805054 769
1726422227590 1.0768566131591797 770
1726422227629 1.398003101348877 771
1726422227668 1.2187527418136597 772
1726422227708 1.0491154193878174 773
1726422227748 0.8877204656600952 774
1726422227787 1.0792922973632812 775
1726422227826 0.9424172043800354 776
1726422227866 0.9015127420425415 777
1726422227905 1.2023613452911377 778
1726422227944 1.124133586883545 779
1726422227984 0.9227049946784973 780
1726422228023 1.0802536010742188 781
1726422228062 1.258071780204773 782
1726422228101 1.1729377508163452 783
1726422228141 1.196382761001587 784
1726422228181 0.9802563786506653 785
1726422228220 0.7734187841415405 786
1726422228260 0.7338062524795532 787
1726422228299 1.0464236736297607 788
1726422228338 0.9600565433502197 789
1726422228377 1.2337435483932495 790
1726422228416 1.3639142513275146 791
1726422228455 1.2711451053619385 792
1726422228495 1.1547000408172607 793
1726422228535 1.1394596099853516 794
1726422228574 1.0255353450775146 795
1726422228613 0.7303289771080017 796
1726422228653 0.5913605690002441 797
1726422228691 0.8835164308547974 798
1726422228730 0.5991313457489014 799
1726422228770 0.8075622320175171 800
1726422228809 0.7694631218910217 801
1726422228848 1.256284236907959 802
1726422228887 0.964523196220398 803
1726422228926 0.6100332736968994 804
1726422228966 0.8898374438285828 805
1726422229006 1.0626826286315918 806
1726422229045 0.7419527769088745 807
1726422229084 0.9395393133163452 808
1726422229123 0.719720721244812 809
1726422229163 0.8762829899787903 810
1726422229202 0.9633509516716003 811
1726422229242 0.78085857629776 812
1726422229281 0.886965274810791 813
1726422229320 0.9249379634857178 814
1726422229359 0.899989664554596 815
1726422229397 0.8763477802276611 816
1726422229437 0.8589723110198975 817
1726422229478 0.6506381034851074 818
1726422229519 0.6132605075836182 819
1726422229559 0.5853486657142639 820
1726422229599 0.6024583578109741 821
1726422229639 0.9008219838142395 822
1726422229679 0.6590394973754883 823
1726422229719 1.195196509361267 824
1726422229760 1.178680181503296 825
1726422229799 0.9427554607391357 826
1726422229839 0.9064829349517822 827
1726422229877 0.9414538741111755 828
1726422229916 1.1571036577224731 829
1726422229956 1.089155673980713 830
1726422229996 1.2368848323822021 831
1726422230035 1.3371169567108154 832
1726422230074 1.1585299968719482 833
1726422230114 1.4454984664916992 834
1726422230152 1.2144412994384766 835
1726422230191 1.2182283401489258 836
1726422230232 1.227670431137085 837
1726422230272 0.797477126121521 838
1726422230313 0.9975261688232422 839
1726422230353 0.9921287298202515 840
1726422230392 0.9828019738197327 841
1726422230431 0.8515157103538513 842
1726422230472 1.1308910846710205 843
1726422230513 1.121734380722046 844
1726422230553 0.8598825931549072 845
1726422230592 0.7080765962600708 846
1726422230631 0.836613655090332 847
1726422230671 0.8028444051742554 848
1726422230711 0.7609759569168091 849
1726422230751 0.9059301018714905 850
1726422230791 0.7955722808837891 851
1726422230831 1.0464649200439453 852
1726422230869 0.9547528028488159 853
1726422230908 0.9403412342071533 854
1726422230948 0.9247021675109863 855
1726422230988 0.8098769187927246 856
1726422231026 0.7114464640617371 857
1726422231065 0.8809048533439636 858
1726422231104 0.9319689273834229 859
1726422231143 0.8728081583976746 860
1726422231183 0.8186333179473877 861
1726422231222 0.5319535136222839 862
1726422231261 0.5232095122337341 863
1726422231300 0.5132741928100586 864
1726422231339 0.5294902324676514 865
1726422231378 0.68575119972229 866
1726422231417 0.6766670942306519 867
1726422231455 0.6645068526268005 868
1726422231496 0.6477838158607483 869
1726422231535 0.6232585906982422 870
1726422231574 0.5794627666473389 871
1726422231613 0.5612599849700928 872
1726422231652 0.5609135627746582 873
1726422231691 0.560554027557373 874
1726422231731 0.9840264320373535 875
1726422231770 0.9585976600646973 876
1726422231809 0.9257365465164185 877
1726422231848 0.750291645526886 878
1726422231887 0.674979567527771 879
1726422231926 0.8013218641281128 880
1726422231965 0.8491309881210327 881
1726422232004 0.8396880626678467 882
1726422232044 0.587134063243866 883
1726422232082 0.9256129860877991 884
1726422232124 0.8031364679336548 885
1726422232165 0.780159592628479 886
1726422232204 0.7345210313796997 887
1726422232244 0.6972577571868896 888
1726422232283 0.7131229639053345 889
1726422232322 0.8941045999526978 890
1726422232360 0.8898213505744934 891
1726422232400 0.8838934898376465 892
1726422232439 1.2099146842956543 893
1726422232479 1.0391101837158203 894
1726422232519 1.0381399393081665 895
1726422232558 1.036712884902954 896
1726422232597 0.8685605525970459 897
1726422232635 0.9388452768325806 898
1726422232675 0.8028848767280579 899
1726422232714 0.5797216296195984 900
1726422232753 0.5523968935012817 901
1726422232793 0.5081278681755066 902
1726422232832 0.5645853281021118 903
1726422232870 0.4276377558708191 904
1726422232910 0.4249647855758667 905
1726422232951 0.812727689743042 906
1726422233005 0.7315323352813721 907
1726422233046 0.7138639688491821 908
1726422233087 0.7257668972015381 909
1726422233128 0.6070380210876465 910
1726422233169 0.5806604027748108 911
1726422233222 0.549688458442688 912
1726422233272 0.5124759078025818 913
1726422233321 0.6932674050331116 914
1726422233366 0.6826056838035583 915
1726422233410 0.7805083394050598 916
1726422233473 0.800815761089325 917
1726422233516 0.7897454500198364 918
1726422233557 0.7237058877944946 919
1726422233597 0.669445276260376 920
1726422233640 0.5637612342834473 921
1726422233689 0.5548257231712341 922
1726422233733 0.5455740094184875 923
1726422233777 0.5359967947006226 924
1726422233822 0.5260837078094482 925
1726422233863 0.5017635226249695 926
1726422233904 0.5343852043151855 927
1726422233951 0.530240535736084 928
1726422233990 0.5301945209503174 929
1726422234029 0.5301343202590942 930
1726422234071 0.5300590991973877 931
1726422234108 0.5299678444862366 932
1726422234146 0.6225184202194214 933
1726422234184 0.6206685304641724 934
1726422234222 0.6186760067939758 935
1726422234259 0.5226249694824219 936
1726422234297 0.48203417658805847 937
1726422234336 0.47602176666259766 938
1726422234374 0.4694933295249939 939
1726422234411 0.6963012218475342 940
1726422234449 0.8318884372711182 941
1726422234488 0.8160073161125183 942
1726422234526 0.7985787391662598 943
1726422234564 0.7789726853370667 944
1726422234604 0.6963918805122375 945
1726422234643 0.9518345594406128 946
1726422234682 0.9461770057678223 947
1726422234720 0.9401792287826538 948
1726422234760 0.8659328818321228 949
1726422234802 1.0005335807800293 950
1726422234841 0.8033266663551331 951
1726422234883 0.8933910131454468 952
1726422234922 0.4774896502494812 953
1726422234960 0.4170735478401184 954
1726422234998 0.4080504775047302 955
1726422235036 0.43501612544059753 956
1726422235074 0.5256692171096802 957
1726422235112 0.4892602264881134 958
1726422235151 0.4667607545852661 959
1726422235190 0.4639216363430023 960
1726422235228 0.4609920084476471 961
1726422235267 0.45796722173690796 962
1726422235305 0.45484215021133423 963
1726422235344 0.4516112804412842 964
1726422235382 0.44826847314834595 965
1726422235420 0.44480711221694946 966
1726422235459 0.44121989607810974 967
1726422235498 0.4374985694885254 968
1726422235537 0.43363404273986816 969
1726422235576 0.4296160936355591 970
1726422235614 0.42543309926986694 971
1726422235660 0.42107173800468445 972
1726422235717 0.41651681065559387 973
1726422235770 0.41175034642219543 974
1726422235814 0.40675103664398193 975
1726422235859 0.4014931321144104 976
1726422235906 0.39594465494155884 977
1726422235953 0.3900650143623352 978
1726422236000 0.3838002681732178 979
1726422236048 0.5601440668106079 980
1726422236099 0.5599092245101929 981
1726422236148 0.5596716403961182 982
1726422236197 0.5594311952590942 983
1726422236245 0.5591878890991211 984
1726422236293 0.5589417219161987 985
1726422236341 0.5586928129196167 986
1726422236389 0.5584409236907959 987
1726422236436 0.5581861734390259 988
1726422236486 0.5579284429550171 989
1726422236533 0.5576678514480591 990
1726422236582 0.5574042201042175 991
1726422236629 0.4684639275074005 992
1726422236678 0.4681856036186218 993
1726422236727 0.4678953289985657 994
1726422236776 0.48285186290740967 995
1726422236823 0.4052572250366211 996
1726422236871 0.40396517515182495 997
1726422236922 0.4025588631629944 998
1726422236972 0.40100130438804626 999
