1727308240890 2e-05 0
1727308240940 -0.18073153495788574 1
1727308240979 -0.05397629737854004 2
1727308241017 0.10450887680053711 3
1727308241053 0.05849027633666992 4
1727308241090 -0.16353082656860352 5
1727308241126 0.11806297302246094 6
1727308241170 -0.07398509979248047 7
1727308241207 0.18465042114257812 8
1727308241243 -0.21497178077697754 9
1727308241279 0.018779754638671875 10
1727308241317 0.07929301261901855 11
1727308241353 -0.295554518699646 12
1727308241390 0.24503910541534424 13
1727308241429 -0.019843578338623047 14
1727308241467 0.07309460639953613 15
1727308241504 0.06617379188537598 16
1727308241542 -0.1574242115020752 17
1727308241581 0.019587039947509766 18
1727308241622 0.1320035457611084 19
1727308241659 -0.34481310844421387 20
1727308241697 0.3013124465942383 21
1727308241734 -0.06528019905090332 22
1727308241773 -0.0010275840759277344 23
1727308241814 -0.09771132469177246 24
1727308241859 -0.07915902137756348 25
1727308241899 0.17881464958190918 26
1727308241942 -0.10842418670654297 27
1727308241989 0.13702893257141113 28
1727308242039 -0.18097424507141113 29
1727308242091 0.17842388153076172 30
1727308242136 -0.169439435005188 31
1727308242195 -0.0016020536422729492 32
1727308242270 0.18316650390625 33
1727308242331 -0.01832270622253418 34
1727308242392 -0.021297454833984375 35
1727308242443 -0.0033271312713623047 36
1727308242493 0.064117431640625 37
1727308242552 -0.059847116470336914 38
1727308242598 -0.1144111156463623 39
1727308242645 0.03753089904785156 40
1727308242695 0.18314671516418457 41
1727308242740 -0.24061346054077148 42
1727308242786 -0.13469219207763672 43
1727308242828 0.33626723289489746 44
1727308242868 -0.1454629898071289 45
1727308242911 0.13593029975891113 46
1727308242953 0.037859201431274414 47
1727308242995 -0.0973203182220459 48
1727308243041 -0.18009471893310547 49
1727308243080 0.2133800983428955 50
1727308243118 -0.09354972839355469 51
1727308243161 0.014990568161010742 52
1727308243199 0.16089558601379395 53
1727308243239 -0.29157519340515137 54
1727308243280 0.13531899452209473 55
1727308243323 -0.23192453384399414 56
1727308243363 0.012044668197631836 57
1727308243404 0.29364895820617676 58
1727308243442 -0.2458343505859375 59
1727308243479 -0.1482086181640625 60
1727308243515 0.4564530849456787 61
1727308243553 -0.15727806091308594 62
1727308243591 -0.09637963771820068 63
1727308243629 -0.14352619647979736 64
1727308243666 0.42818713188171387 65
1727308243705 -0.16844844818115234 66
1727308243747 -0.07155060768127441 67
1727308243785 -0.050608158111572266 68
1727308243822 0.07964968681335449 69
1727308243858 0.11588454246520996 70
1727308243896 0.05443930625915527 71
1727308243933 -0.16896724700927734 72
1727308243969 -0.0726461410522461 73
1727308244006 0.11933565139770508 74
1727308244042 0.012286663055419922 75
1727308244080 0.13509702682495117 76
1727308244117 -0.1701374053955078 77
1727308244155 0.007950067520141602 78
1727308244193 0.05528998374938965 79
1727308244231 -0.2715468406677246 80
1727308244268 0.282320499420166 81
1727308244307 0.02936697006225586 82
1727308244345 -0.24266314506530762 83
1727308244382 0.3272418975830078 84
1727308244419 -0.12228703498840332 85
1727308244456 -0.053330421447753906 86
1727308244494 0.054106950759887695 87
1727308244531 0.09310054779052734 88
1727308244570 -0.05830979347229004 89
1727308244607 0.011796951293945312 90
1727308244645 -0.1129755973815918 91
1727308244680 0.03334450721740723 92
1727308244718 -0.1452498435974121 93
1727308244755 3.992663860321045 94
1727308244794 -3.8783833980560303 95
1727308244831 4.726133108139038 96
1727308244868 -4.574139356613159 97
1727308244906 3.912238359451294 98
1727308244944 -3.98036789894104 99
1727308244981 0.0627756118774414 100
1727308245019 -0.15508723258972168 101
1727308245057 -0.08145737648010254 102
1727308245094 -0.23827683925628662 103
1727308245131 0.33949458599090576 104
1727308245169 0.10659074783325195 105
1727308245207 4.038060426712036 106
1727308245245 -4.292864084243774 107
1727308245281 0.2190721035003662 108
1727308245318 -0.21460020542144775 109
1727308245357 0.0631643533706665 110
1727308245395 0.007861852645874023 111
1727308245431 0.05330514907836914 112
1727308245468 -0.12105929851531982 113
1727308245506 0.12899577617645264 114
1727308245542 -0.012464523315429688 115
1727308245580 0.09086394309997559 116
1727308245618 0.060773611068725586 117
1727308245655 -0.04107379913330078 118
1727308245693 0.014521360397338867 119
1727308245730 -0.24449169635772705 120
1727308245767 0.20326197147369385 121
1727308245805 0.11309981346130371 122
1727308245843 -0.14882636070251465 123
1727308245879 -0.0020143985748291016 124
1727308245917 0.005816459655761719 125
1727308245955 -0.35490739345550537 126
1727308245992 0.5041614770889282 127
1727308246029 -0.41117799282073975 128
1727308246065 0.11955928802490234 129
1727308246101 0.10766398906707764 130
1727308246138 -0.02323317527770996 131
1727308246177 0.18804693222045898 132
1727308246213 -0.11332154273986816 133
1727308246250 -0.1163492202758789 134
1727308246286 0.10237956047058105 135
1727308246323 -0.005067348480224609 136
1727308246361 -0.15989422798156738 137
1727308246402 0.15375924110412598 138
1727308246452 0.048372507095336914 139
1727308246493 -0.05408954620361328 140
1727308246531 0.0787956714630127 141
1727308246572 -0.04192948341369629 142
1727308246609 -0.01034855842590332 143
1727308246650 -0.2998455762863159 144
1727308246694 4.126502633094788 145
1727308246734 -3.852243661880493 146
1727308246779 -0.10762310028076172 147
1727308246827 0.08459806442260742 148
1727308246871 0.17379093170166016 149
1727308246915 -0.15613865852355957 150
1727308246966 0.0067369937896728516 151
1727308247018 0.06065225601196289 152
1727308247073 -0.005269289016723633 153
1727308247124 0.028802156448364258 154
1727308247171 -0.2388782501220703 155
1727308247220 0.06801390647888184 156
1727308247268 0.1556072235107422 157
1727308247316 -0.06803250312805176 158
1727308247372 0.11584997177124023 159
1727308247429 0.06579422950744629 160
1727308247487 -0.15283989906311035 161
1727308247537 0.15974903106689453 162
1727308247584 -0.14875221252441406 163
1727308247631 -0.06460332870483398 164
1727308247688 -0.020337343215942383 165
1727308247741 -0.02747368812561035 166
1727308247794 -0.0169069766998291 167
1727308247841 0.06995844841003418 168
1727308247890 0.024976253509521484 169
1727308247940 0.14806890487670898 170
1727308247987 -0.09277629852294922 171
1727308248032 0.08262443542480469 172
1727308248075 -0.01312708854675293 173
1727308248118 -0.2005927562713623 174
1727308248160 0.06283187866210938 175
1727308248201 0.04131913185119629 176
1727308248241 -0.007680177688598633 177
1727308248282 0.004823923110961914 178
1727308248322 -0.08721518516540527 179
1727308248362 0.10369300842285156 180
1727308248402 -0.05601167678833008 181
1727308248442 -0.2586688995361328 182
1727308248479 0.12155115604400635 183
1727308248518 0.19504868984222412 184
1727308248557 -0.0005784034729003906 185
1727308248595 0.12127542495727539 186
1727308248634 3.8658320903778076 187
1727308248671 -4.136038303375244 188
1727308248710 0.19597840309143066 189
1727308248747 -0.11009716987609863 190
1727308248788 -0.0007801055908203125 191
1727308248825 0.06705164909362793 192
1727308248862 0.03719472885131836 193
1727308248899 -0.1167440414428711 194
1727308248938 0.0075109004974365234 195
1727308248976 -0.21053528785705566 196
1727308249013 0.0346522331237793 197
1727308249049 0.2886021137237549 198
1727308249086 -0.15231633186340332 199
1727308249123 -0.11681568622589111 200
1727308249160 0.15415656566619873 201
1727308249197 0.1365368366241455 202
1727308249237 -0.3479686975479126 203
1727308249275 -0.6226787567138672 204
1727308249311 0.8319050073623657 205
1727308249347 -0.013451099395751953 206
1727308249385 3.887988328933716 207
1727308249423 -3.859909772872925 208
1727308249460 -0.08953654766082764 209
1727308249497 0.10438191890716553 210
1727308249534 -0.3240929841995239 211
1727308249572 4.169157385826111 212
1727308249610 -3.9711579084396362 213
1727308249648 0.10722267627716064 214
1727308249685 0.08842325210571289 215
1727308249723 -0.17100238800048828 216
1727308249761 0.06710600852966309 217
1727308249800 -0.0852499008178711 218
1727308249836 0.09439444541931152 219
1727308249873 0.016283273696899414 220
1727308249913 0.11818599700927734 221
1727308249952 -0.006479501724243164 222
1727308249990 -0.04749250411987305 223
1727308250029 -0.016997337341308594 224
1727308250068 0.02587437629699707 225
1727308250106 0.0016140937805175781 226
1727308250143 -0.13683724403381348 227
1727308250182 0.1513993740081787 228
1727308250219 -0.02207040786743164 229
1727308250257 -0.17929255962371826 230
1727308250294 -0.7403659820556641 231
1727308250334 0.0 232
