1726427233434 2e-05 0
1726427233488 -0.038575172424316406 1
1726427233545 -0.03463125228881836 2
1726427233599 0.006528377532958984 3
1726427233655 -0.011376142501831055 4
1726427233708 0.0644676685333252 5
1726427233762 -0.05234026908874512 6
1726427233845 0.058336853981018066 7
1726427233912 -0.060568928718566895 8
1726427233966 0.024050593376159668 9
1726427234030 0.0239870548248291 10
1726427234090 -0.04467189311981201 11
1726427234145 0.02440202236175537 12
1726427234199 -0.009832620620727539 13
1726427234256 0.03844785690307617 14
1726427234310 -0.0014210939407348633 15
1726427234365 -0.03219127655029297 16
1726427234419 -0.02246403694152832 17
1726427234472 0.04099071025848389 18
1726427234526 0.0011295080184936523 19
1726427234593 -0.038562893867492676 20
1726427234651 0.00038945674896240234 21
1726427234714 0.045746564865112305 22
1726427234774 -0.023928046226501465 23
1726427234837 -0.026071906089782715 24
1726427234891 0.044240593910217285 25
1726427234944 0.0047760009765625 26
1726427235001 0.0021702051162719727 27
1726427235056 -0.011119842529296875 28
1726427235110 0.012570619583129883 29
1726427235164 0.0003148317337036133 30
1726427235218 -0.031180977821350098 31
1726427235273 0.026520967483520508 32
1726427235326 -0.02424180507659912 33
1726427235380 -0.019478321075439453 34
1726427235434 0.043030619621276855 35
1726427235488 -0.06477618217468262 36
1726427235542 0.05545485019683838 37
1726427235596 0.006673216819763184 38
1726427235649 -0.0209043025970459 39
1726427235704 0.037357211112976074 40
1726427235763 0.00934457778930664 41
1726427235828 -0.0967017412185669 42
1726427235885 0.025949597358703613 43
1726427235937 0.012582659721374512 44
1726427235989 0.02865588665008545 45
1726427236041 -0.02640664577484131 46
1726427236093 0.03974020481109619 47
1726427236146 0.002716660499572754 48
1726427236198 -0.01596689224243164 49
1726427236251 -0.03525817394256592 50
1726427236303 0.027997136116027832 51
1726427236351 0.01903712749481201 52
1726427236400 0.016328811645507812 53
1726427236446 -0.06741750240325928 54
1726427236493 0.002562880516052246 55
1726427236540 0.0709151029586792 56
1726427236586 -0.01946234703063965 57
1726427236632 -0.004730224609375 58
1726427236679 -0.010270118713378906 59
1726427236723 -0.06625926494598389 60
1726427236768 -0.0007148981094360352 61
1726427236811 0.07539153099060059 62
1726427236855 0.022346019744873047 63
1726427236899 -0.022930026054382324 64
1726427236944 -0.018537163734436035 65
1726427236990 0.013000249862670898 66
1726427237046 0.011251091957092285 67
1726427237094 -0.036158084869384766 68
1726427237143 -0.001774430274963379 69
1726427237199 -0.012067437171936035 70
1726427237262 0.045427680015563965 71
1726427237333 0.0 72
1726427237385 -0.0034426450729370117 73
1726427237435 -0.01789557933807373 74
1726427237487 -0.028569459915161133 75
1726427237544 -9.226799011230469e-05 76
1726427237590 0.00023758411407470703 77
1726427237636 -0.00023758411407470703 78
1726427237684 0.004881858825683594 79
1726427237730 -0.025811314582824707 80
1726427237784 0.029468297958374023 81
1726427237834 -0.008193016052246094 82
1726427237883 0.0475313663482666 83
1726427237922 0.02145230770111084 84
1726427237964 -0.0338892936706543 85
1726427238003 0.038385868072509766 86
1726427238044 -0.023826122283935547 87
1726427238086 0.01931285858154297 88
1726427238125 -0.01931285858154297 89
1726427238165 -0.04999995231628418 90
1726427238206 0.04854106903076172 91
1726427238248 -0.04902184009552002 92
1726427238288 0.04591500759124756 93
1726427238329 -0.003718852996826172 94
1726427238370 -0.028125762939453125 95
1726427238411 0.04302525520324707 96
1726427238454 -0.01998162269592285 97
1726427238495 -0.0015159845352172852 98
1726427238537 -0.03729355335235596 99
1726427238581 0.003542661666870117 100
1726427238623 0.05320584774017334 101
1726427238665 -0.0527346134185791 102
1726427238708 0.07019627094268799 103
1726427238751 -0.06362223625183105 104
1726427238794 0.03899431228637695 105
1726427238836 0.0025320053100585938 106
1726427238879 -0.04993796348571777 107
1726427238922 0.05150032043457031 108
1726427238967 -0.05150043964385986 109
1726427239011 1.1920928955078125e-07 110
1726427239055 -0.001092672348022461 111
1726427239101 0.033548712730407715 112
1726427239146 0.035503268241882324 113
1726427239197 -0.033927321434020996 114
1726427239250 0.020920872688293457 115
1726427239293 -0.039610981941223145 116
1726427239335 0.02313220500946045 117
1726427239390 -0.010884881019592285 118
1726427239440 0.02241075038909912 119
1726427239486 0.0 120
1726427239529 -0.019059181213378906 121
1726427239575 -0.019648194313049316 122
1726427239617 0.010685443878173828 123
1726427239660 -0.010231852531433105 124
1726427239704 0.03573155403137207 125
1726427239748 -0.04747772216796875 126
1726427239793 0.0429227352142334 127
1726427239845 -0.02543771266937256 128
1726427239912 0.03373396396636963 129
1726427239963 -0.009506940841674805 130
1726427240014 -0.03994178771972656 131
1726427240054 0.012987852096557617 132
1726427240104 0.03229165077209473 133
1726427240151 -0.033438920974731445 134
1726427240193 0.06123065948486328 135
1726427240238 -0.07484149932861328 136
1726427240289 0.04743695259094238 137
1726427240331 0.024104833602905273 138
1726427240384 -0.04536902904510498 139
1726427240440 -0.05212223529815674 140
1726427240490 0.030129313468933105 141
1726427240534 0.03654015064239502 142
1726427240575 0.014299392700195312 143
1726427240614 -0.005019426345825195 144
1726427240654 -0.0111311674118042 145
1726427240695 0.030571341514587402 146
1726427240738 -0.014473199844360352 147
1726427240779 -0.05496692657470703 148
1726427240822 0.021508097648620605 149
1726427240864 0.01083064079284668 150
1726427240905 -0.008677244186401367 151
1726427240948 0.01820671558380127 152
1726427240990 0.001054525375366211 153
1726427241032 0.027977585792541504 154
1726427241074 -0.06437385082244873 155
1726427241118 -0.001954197883605957 156
1726427241164 0.015277862548828125 157
1726427241214 -0.018468499183654785 158
1726427241277 0.032689571380615234 159
1726427241322 -0.0600208044052124 160
1726427241362 0.09170997142791748 161
1726427241405 -0.06576037406921387 162
1726427241447 -0.023563385009765625 163
1726427241489 0.05213618278503418 164
1726427241532 0.04300212860107422 165
1726427241573 -0.021574974060058594 166
1726427241615 -0.017174839973449707 167
1726427241657 -0.032825350761413574 168
1726427241699 0.02405083179473877 169
1726427241741 0.0 170
1726427241784 -0.022211551666259766 171
1726427241827 0.015848278999328613 172
1726427241870 0.029783964157104492 173
1726427241912 0.0074062347412109375 174
1726427241954 -0.04141819477081299 175
1726427241998 0.03909659385681152 176
1726427242039 -0.028505325317382812 177
1726427242083 -0.009514093399047852 178
1726427242125 0.02788066864013672 179
1726427242167 0.020549535751342773 180
1726427242211 -0.042211055755615234 181
1726427242253 -0.016421914100646973 182
1726427242296 0.02169942855834961 183
1726427242340 -0.002680063247680664 184
1726427242384 -0.017744779586791992 185
1726427242427 0.025953054428100586 186
1726427242472 -0.035790324211120605 187
1726427242521 0.054228901863098145 188
1726427242566 0.001678466796875 189
1726427242610 -0.008755683898925781 190
1726427242655 -0.05510759353637695 191
1726427242702 0.05510759353637695 192
1726427242747 0.006852626800537109 193
1726427242791 0.014440298080444336 194
1726427242836 -0.07089853286743164 195
1726427242880 0.048433661460876465 196
1726427242925 0.007574319839477539 197
1726427242969 -0.027693510055541992 198
1726427243016 -0.021631717681884766 199
1726427243061 0.04292285442352295 200
1726427243106 0.0014562606811523438 201
1726427243150 -0.03655993938446045 202
1726427243195 -0.033768653869628906 203
1726427243240 0.07133924961090088 204
1726427243288 -0.040888190269470215 205
1726427243332 -0.00043070316314697266 206
1726427243377 0.035971879959106445 207
1726427243430 -0.03343915939331055 208
1726427243475 -0.004541635513305664 209
1726427243520 0.0246504545211792 210
1726427243565 -0.0026617050170898438 211
1726427243609 -0.02106022834777832 212
1726427243652 0.051907896995544434 213
1726427243697 -0.030847787857055664 214
1726427243744 0.025949478149414062 215
1726427243792 -0.045441508293151855 216
1726427243836 0.0698862075805664 217
1726427243886 -0.06798672676086426 218
1726427243930 0.002311110496520996 219
1726427243974 -0.008769035339355469 220
1726427244017 0.0026105642318725586 221
1726427244061 0.06762492656707764 222
1726427244104 -0.04618501663208008 223
1726427244148 0.025750041007995605 224
1726427244191 -0.022876501083374023 225
1726427244235 0.02086770534515381 226
1726427244278 -0.00604557991027832 227
1726427244322 -0.01637089252471924 228
1726427244366 0.01754748821258545 229
1726427244409 0.0015785694122314453 230
1726427244453 0.011851668357849121 231
1726427244497 -0.013430237770080566 232
1726427244541 0.007092475891113281 233
1726427244582 0.004557013511657715 234
1726427244627 -0.050215840339660645 235
1726427244670 0.019694209098815918 236
1726427244713 -0.024050593376159668 237
1726427244757 0.002422928810119629 238
1726427244800 -0.002422928810119629 239
1726427244844 0.05700099468231201 240
1726427244886 -0.05700099468231201 241
1726427244930 -1.1920928955078125e-07 242
1726427244977 0.05000007152557373 243
1726427245022 -0.002125978469848633 244
1726427245066 0.002125978469848633 245
1726427245111 -0.012178182601928711 246
1726427245155 0.006111621856689453 247
1726427245200 -0.0012645721435546875 248
1726427245244 0.00025391578674316406 249
1726427245288 0.011576652526855469 250
1726427245334 0.00021409988403320312 251
1726427245378 -0.028716087341308594 252
1726427245421 -0.05194687843322754 253
1726427245469 0.06437826156616211 254
1726427245514 -0.029836058616638184 255
1726427245568 0.04022216796875 256
1726427245610 0.0011850595474243164 257
1726427245660 -0.007077217102050781 258
1726427245722 -0.06887221336364746 259
1726427245782 0.0479731559753418 260
1726427245831 -0.0186007022857666 261
1726427245883 0.022594690322875977 262
1726427245951 0.013470172882080078 263
1726427246022 -0.0010058879852294922 264
1726427246084 -0.005609989166259766 265
1726427246144 0.01712799072265625 266
1726427246196 -0.04999995231628418 267
1726427246246 0.0013881921768188477 268
1726427246299 0.00012171268463134766 269
1726427246351 -0.011797904968261719 270
1726427246414 0.011751890182495117 271
1726427246488 0.021591663360595703 272
1726427246550 -0.018483281135559082 273
1726427246604 0.019478321075439453 274
1726427246657 0.03776586055755615 275
1726427246712 -0.057244181632995605 276
1726427246765 0.01590895652770996 277
1726427246818 0.03890061378479004 278
1726427246889 -0.04100620746612549 279
1726427246944 0.03162431716918945 280
1726427246997 -0.07594943046569824 281
1726427247051 0.09266901016235352 282
1726427247105 -0.05045342445373535 283
1726427247160 0.007456064224243164 284
1726427247215 0.03085005283355713 285
1726427247272 -0.04999995231628418 286
1726427247326 -0.004572272300720215 287
1726427247380 0.05348920822143555 288
1726427247449 -0.05348920822143555 289
