1726485519557 0.12778380513191223 0
1726485519586 0.20826005935668945 1
1726485519611 0.18324217200279236 2
1726485519636 0.2538648247718811 3
1726485519662 0.19322602450847626 4
1726485519689 0.32049262523651123 5
1726485519715 0.18626800179481506 6
1726485519742 0.10275234282016754 7
1726485519767 0.19785811007022858 8
1726485519793 0.05366889387369156 9
1726485519820 0.027507424354553223 10
1726485519847 0.1363784372806549 11
1726485519874 0.09581059217453003 12
1726485519902 0.20902526378631592 13
1726485519928 0.14377206563949585 14
1726485519956 0.21317657828330994 15
1726485519983 0.2459374964237213 16
1726485520011 0.21802854537963867 17
1726485520039 0.1194678544998169 18
1726485520067 0.3015788197517395 19
1726485520094 0.4685456454753876 20
1726485520122 0.6482076644897461 21
1726485520150 0.30327939987182617 22
1726485520177 0.2272254228591919 23
1726485520204 0.0453314445912838 24
1726485520231 -0.044197551906108856 25
1726485520259 -0.12243881821632385 26
1726485520287 -0.1647418886423111 27
1726485520315 0.00099154282361269 28
1726485520342 -0.05042922496795654 29
1726485520369 -0.22572031617164612 30
1726485520397 0.030011489987373352 31
1726485520425 0.10530848056077957 32
1726485520452 0.21937936544418335 33
1726485520479 0.35114586353302 34
1726485520507 0.370338499546051 35
1726485520535 0.5075185894966125 36
1726485520564 0.6226880550384521 37
1726485520593 0.2807413637638092 38
1726485520621 0.2222827672958374 39
1726485520648 0.23294799029827118 40
1726485520676 0.5764310359954834 41
1726485520703 0.37115219235420227 42
1726485520731 0.2077586054801941 43
1726485520760 0.17410044372081757 44
1726485520788 0.19272148609161377 45
1726485520816 0.128030925989151 46
1726485520843 0.05106906592845917 47
1726485520871 0.05247115343809128 48
1726485520899 0.19534236192703247 49
1726485520927 0.16311843693256378 50
1726485520955 0.1190936341881752 51
1726485520983 0.11508433520793915 52
1726485521010 0.21315395832061768 53
1726485521038 0.06326397508382797 54
1726485521066 0.1727941334247589 55
1726485521094 0.30212485790252686 56
1726485521122 0.16713795065879822 57
1726485521151 0.05788246542215347 58
1726485521181 0.14540469646453857 59
1726485521210 -0.018828313797712326 60
1726485521237 0.1680731177330017 61
1726485521265 0.2871773838996887 62
1726485521295 0.40816640853881836 63
1726485521323 0.2616015076637268 64
1726485521351 0.1123972088098526 65
1726485521378 0.10027152299880981 66
1726485521406 0.08352267742156982 67
1726485521434 0.09442444890737534 68
1726485521462 0.1723610758781433 69
1726485521490 0.20483961701393127 70
1726485521518 0.19022056460380554 71
1726485521546 0.25365182757377625 72
1726485521573 0.284122109413147 73
1726485521601 0.1619684249162674 74
1726485521629 0.26842305064201355 75
1726485521656 0.4170451760292053 76
1726485521684 0.31672537326812744 77
1726485521713 0.11642664670944214 78
1726485521743 0.14185094833374023 79
1726485521772 0.2734981179237366 80
1726485521801 0.2057327926158905 81
1726485521829 0.33050623536109924 82
1726485521857 0.20373018085956573 83
1726485521884 0.029760539531707764 84
1726485521911 0.24738627672195435 85
1726485521939 0.25706130266189575 86
1726485521967 0.011557579040527344 87
1726485521995 0.012956812977790833 88
1726485522023 0.5472278594970703 89
1726485522051 0.6561479568481445 90
1726485522078 0.6567091941833496 91
1726485522106 0.691961407661438 92
1726485522133 0.9969401359558105 93
1726485522161 1.030601143836975 94
1726485522190 1.2012852430343628 95
1726485522218 0.9938525557518005 96
1726485522246 0.34556394815444946 97
1726485522274 0.2559424638748169 98
1726485522302 0.5719804763793945 99
1726485522330 0.23430988192558289 100
1726485522358 0.08426942676305771 101
1726485522386 0.006076782010495663 102
1726485522414 0.02385874092578888 103
1726485522442 0.08115482330322266 104
1726485522470 0.2468378096818924 105
1726485522497 0.12545618414878845 106
1726485522525 0.06492093205451965 107
1726485522553 0.0850670114159584 108
1726485522580 0.23435647785663605 109
1726485522609 0.32158637046813965 110
1726485522637 0.23866836726665497 111
1726485522665 0.48949116468429565 112
1726485522693 0.5784685611724854 113
1726485522721 0.2690810263156891 114
1726485522749 0.2186230570077896 115
1726485522776 0.18350422382354736 116
1726485522804 0.4705950617790222 117
1726485522833 0.2877402901649475 118
1726485522862 0.04763736203312874 119
1726485522891 0.15135827660560608 120
1726485522921 0.2557874917984009 121
1726485522950 0.26050612330436707 122
1726485522979 0.29403001070022583 123
1726485523007 0.5147584676742554 124
1726485523034 0.3843957483768463 125
1726485523062 0.3768106698989868 126
1726485523089 0.23247289657592773 127
1726485523116 0.11132155358791351 128
1726485523143 0.14588169753551483 129
1726485523172 0.24738329648971558 130
1726485523201 0.3122532367706299 131
1726485523228 0.03347227722406387 132
1726485523255 -0.1019323319196701 133
1726485523283 0.16925162076950073 134
1726485523312 0.10274963080883026 135
1726485523340 0.15317192673683167 136
1726485523367 0.26233887672424316 137
1726485523394 0.24235545098781586 138
1726485523423 0.4657061994075775 139
1726485523450 0.4215538501739502 140
1726485523479 0.10876885056495667 141
1726485523508 0.1512632668018341 142
1726485523537 0.1348797231912613 143
1726485523565 0.3611469864845276 144
1726485523593 0.2903970181941986 145
1726485523619 0.37865129113197327 146
1726485523646 0.22831206023693085 147
1726485523673 0.2658187747001648 148
1726485523700 0.6213139295578003 149
1726485523728 0.46627527475357056 150
1726485523755 0.19771410524845123 151
1726485523782 0.16362157464027405 152
1726485523809 0.2464958131313324 153
1726485523836 0.11603295803070068 154
1726485523863 -0.10631852596998215 155
1726485523890 0.1396075040102005 156
1726485523918 0.13618172705173492 157
1726485523945 0.07948002964258194 158
1726485523972 0.2806505262851715 159
1726485524001 0.3103589415550232 160
1726485524030 0.2786495089530945 161
1726485524057 0.28829607367515564 162
1726485524084 0.3703199625015259 163
1726485524111 0.4723913371562958 164
1726485524137 0.33900994062423706 165
1726485524165 0.20575734972953796 166
1726485524194 0.3098169267177582 167
1726485524222 0.4365731477737427 168
1726485524249 0.22406284511089325 169
1726485524277 0.26732704043388367 170
1726485524304 0.3565213680267334 171
1726485524330 0.1893034279346466 172
1726485524359 0.3084524869918823 173
1726485524387 0.348760187625885 174
1726485524415 0.16569577157497406 175
1726485524444 0.1279725432395935 176
1726485524471 0.11566334962844849 177
1726485524500 0.29306405782699585 178
1726485524529 0.306246817111969 179
1726485524557 0.44937270879745483 180
1726485524584 0.22270020842552185 181
1726485524612 0.07285945862531662 182
1726485524639 -0.056732177734375 183
1726485524667 0.09100119769573212 184
1726485524696 -0.029041390866041183 185
1726485524724 0.11290832608938217 186
1726485524752 -0.03753076493740082 187
1726485524782 0.14348547160625458 188
1726485524812 0.004010871052742004 189
1726485524840 0.015225620940327644 190
1726485524870 -0.06476481258869171 191
1726485524898 -0.054157450795173645 192
1726485524926 0.007502279710024595 193
1726485524954 0.15942516922950745 194
1726485524981 0.3846457600593567 195
1726485525008 0.14846616983413696 196
1726485525036 0.12633295357227325 197
1726485525063 0.13578756153583527 198
1726485525093 0.24358288943767548 199
1726485525123 0.3518376350402832 200
1726485525152 0.285435289144516 201
1726485525181 0.14221088588237762 202
1726485525211 0.1553381085395813 203
1726485525240 0.1608700007200241 204
1726485525267 0.15639609098434448 205
1726485525294 0.10960982739925385 206
1726485525321 0.016122087836265564 207
1726485525348 -0.02372269332408905 208
1726485525375 -0.15190520882606506 209
1726485525403 -0.1670682281255722 210
1726485525430 0.34007328748703003 211
1726485525457 0.22834454476833344 212
1726485525484 0.11832167208194733 213
1726485525510 0.19562998414039612 214
1726485525537 0.12846794724464417 215
1726485525564 0.42290225625038147 216
1726485525591 0.22525721788406372 217
1726485525621 0.28811922669410706 218
1726485525649 0.2721339464187622 219
1726485525677 0.2783726453781128 220
1726485525705 0.35407039523124695 221
1726485525732 0.1346304714679718 222
1726485525760 0.34327971935272217 223
1726485525788 0.22661054134368896 224
1726485525816 0.47513699531555176 225
1726485525845 0.47101470828056335 226
1726485525875 0.35696321725845337 227
1726485525905 0.3837825059890747 228
1726485525938 0.15797972679138184 229
1726485525966 0.20156636834144592 230
1726485525994 0.25188958644866943 231
1726485526023 0.05094228684902191 232
1726485526051 0.15773022174835205 233
1726485526080 0.1741226464509964 234
1726485526109 0.11733188480138779 235
1726485526136 0.12528887391090393 236
1726485526162 0.23731467127799988 237
1726485526189 0.133392333984375 238
1726485526217 0.16653358936309814 239
1726485526245 0.146078959107399 240
1726485526272 0.20112812519073486 241
1726485526299 0.05520879477262497 242
1726485526326 0.10582540184259415 243
1726485526352 0.18278560042381287 244
1726485526378 0.2697068750858307 245
1726485526406 0.29965662956237793 246
1726485526435 0.21817083656787872 247
1726485526463 0.27589601278305054 248
1726485526490 0.129402756690979 249
1726485526519 0.057627372443675995 250
1726485526547 0.012591689825057983 251
1726485526574 0.07639864087104797 252
1726485526601 0.012897133827209473 253
1726485526629 0.18289721012115479 254
1726485526656 0.23061583936214447 255
1726485526684 0.3541252613067627 256
1726485526712 0.7606351375579834 257
1726485526742 0.8305293321609497 258
1726485526778 0.7873439192771912 259
1726485526816 0.7341458797454834 260
1726485526850 0.5814626216888428 261
1726485526882 0.19072824716567993 262
1726485526920 0.3011719882488251 263
1726485526954 0.28202515840530396 264
1726485526988 0.1498802751302719 265
1726485527022 0.15997043251991272 266
1726485527057 0.23274970054626465 267
1726485527094 0.15250389277935028 268
1726485527130 0.06144382059574127 269
1726485527166 0.09353998303413391 270
1726485527208 0.018756836652755737 271
1726485527249 0.14421868324279785 272
1726485527286 0.0746321827173233 273
1726485527324 0.10011909902095795 274
1726485527358 0.30707159638404846 275
1726485527392 0.29926323890686035 276
1726485527426 0.35408246517181396 277
1726485527465 0.14888527989387512 278
1726485527502 0.11299119889736176 279
1726485527537 0.08200370520353317 280
1726485527570 0.17761802673339844 281
1726485527604 0.11360089480876923 282
1726485527640 0.15692126750946045 283
1726485527675 0.14663127064704895 284
1726485527713 -0.03583239018917084 285
1726485527748 -0.023054927587509155 286
1726485527782 -0.030658602714538574 287
1726485527822 -0.12384983897209167 288
1726485527861 0.051971837878227234 289
1726485527895 0.2313457429409027 290
1726485527935 0.016945231705904007 291
1726485527970 0.1694152057170868 292
1726485528005 0.132735937833786 293
1726485528040 0.15592975914478302 294
1726485528077 0.1286226511001587 295
1726485528113 0.10634664446115494 296
1726485528150 0.15491324663162231 297
1726485528190 0.255154550075531 298
1726485528224 0.19154226779937744 299
1726485528255 0.42104873061180115 300
1726485528289 0.7072136402130127 301
1726485528320 0.7482179403305054 302
1726485528352 0.5949347019195557 303
1726485528381 0.5999985337257385 304
1726485528411 0.45023372769355774 305
1726485528444 0.45078492164611816 306
1726485528474 0.18017855286598206 307
1726485528505 0.15068873763084412 308
1726485528535 0.10709454864263535 309
1726485528565 0.1670628935098648 310
1726485528594 0.28378328680992126 311
1726485528624 0.10033753514289856 312
1726485528652 0.3232950270175934 313
1726485528682 0.17025983333587646 314
1726485528709 0.4333055019378662 315
1726485528736 0.8095732927322388 316
1726485528764 0.9334052205085754 317
1726485528792 0.14472731947898865 318
1726485528821 0.09406974911689758 319
1726485528849 0.14461293816566467 320
1726485528876 0.40569546818733215 321
1726485528904 0.07226221263408661 322
1726485528934 0.07631480693817139 323
1726485528962 0.1274777054786682 324
1726485528990 0.09078846126794815 325
1726485529017 0.2458457052707672 326
1726485529045 0.22620421648025513 327
1726485529073 0.24708516895771027 328
1726485529101 0.33607906103134155 329
1726485529136 0.5107621550559998 330
1726485529170 0.1529752016067505 331
1726485529202 0.263376921415329 332
1726485529231 0.17192770540714264 333
1726485529261 0.17752741277217865 334
1726485529289 0.04069478064775467 335
1726485529318 0.004743136465549469 336
1726485529347 -0.03848545253276825 337
1726485529375 0.16388174891471863 338
1726485529403 0.11934682726860046 339
1726485529433 0.12832480669021606 340
1726485529463 0.019600216299295425 341
1726485529491 -0.07383566349744797 342
1726485529520 0.015107981860637665 343
1726485529548 0.15313880145549774 344
1726485529578 0.13069741427898407 345
1726485529607 0.10392738878726959 346
1726485529636 0.05402011424303055 347
1726485529664 0.10697463154792786 348
1726485529694 -0.1300242841243744 349
1726485529722 -0.0035777539014816284 350
1726485529750 -0.030901983380317688 351
1726485529778 -0.04332001507282257 352
1726485529805 0.1406795084476471 353
1726485529832 0.21607473492622375 354
1726485529860 0.15896639227867126 355
1726485529887 0.012458406388759613 356
1726485529915 -0.044425807893276215 357
1726485529945 -0.09919087588787079 358
1726485529975 -0.12400119006633759 359
1726485530003 0.12106239795684814 360
1726485530032 0.05153217166662216 361
1726485530060 0.028710409998893738 362
1726485530089 0.15615908801555634 363
1726485530118 0.057361796498298645 364
1726485530146 0.24238401651382446 365
1726485530172 0.28030091524124146 366
1726485530201 0.3939666748046875 367
1726485530229 0.2615787386894226 368
1726485530257 0.07465445250272751 369
1726485530285 0.016604475677013397 370
1726485530314 0.15083155035972595 371
1726485530342 0.050566527992486954 372
1726485530370 0.04305259883403778 373
1726485530396 0.05170334875583649 374
1726485530423 0.16797040402889252 375
1726485530449 0.024751707911491394 376
1726485530475 0.16753187775611877 377
1726485530502 0.12770971655845642 378
1726485530529 0.12946653366088867 379
1726485530556 0.11348920315504074 380
1726485530583 -0.0554957389831543 381
1726485530611 -0.09679678082466125 382
1726485530639 -0.01910357177257538 383
1726485530667 0.12796832621097565 384
1726485530694 0.10252250730991364 385
1726485530721 -0.030168388038873672 386
1726485530749 -0.10416118800640106 387
1726485530777 -0.2139865756034851 388
1726485530805 -0.2230599820613861 389
1726485530833 -0.15022887289524078 390
1726485530860 -0.17881248891353607 391
1726485530885 -0.19620992243289948 392
1726485530909 -0.11363516747951508 393
1726485530936 -0.10403240472078323 394
1726485530962 -0.17485155165195465 395
1726485530989 -0.22146932780742645 396
1726485531020 -0.2815527319908142 397
1726485531049 -0.2621839642524719 398
1726485531076 -0.3167784810066223 399
1726485531104 -0.29951876401901245 400
1726485531133 -0.3449724018573761 401
1726485531161 -0.33169570565223694 402
1726485531189 -0.41529107093811035 403
1726485531218 -0.39129161834716797 404
1726485531247 -0.41529107093811035 405
