1726501627529 2e-05 0
1726501627581 -0.2806812711060047 1
1726501627629 -0.015168355777859688 2
1726501627681 -0.004200852359645069 3
1726501627731 -0.001208698668051511 4
1726501627782 -0.00035096408100798726 5
1726501627832 -0.0001024961457005702 6
1726501627884 -3.0195714316505473e-05 7
1726501627933 -9.02414330994361e-06 8
1726501627989 -2.7179719381820178e-06 9
1726501628050 -8.106231064175518e-07 10
1726501628113 -2.503395251096663e-07 11
1726501628194 -5.960464477539063e-08 12
1726501628266 -7.152557301992601e-08 13
1726501628332 -4.7683716530855236e-08 14
1726501628387 -1.192092824453539e-08 15
1726501628444 1.192092824453539e-08 16
1726501628503 -2.3841858265427618e-08 17
1726501628560 0.0 18
1726501628619 1.1920930020892229e-08 19
