1727306027586 2.014693021774292 0
1727306027631 2.014693021774292 1
1727306027674 2.014693021774292 2
1727306027720 2.014693021774292 3
1727306027769 2.014693021774292 4
1727306027817 2.014693021774292 5
1727306027865 2.014693021774292 6
1727306027909 2.014693021774292 7
1727306027954 2.014693021774292 8
1727306027998 2.014693021774292 9
1727306028037 2.014693021774292 10
1727306028076 2.014693021774292 11
1727306028116 2.014693021774292 12
1727306028155 2.014693021774292 13
1727306028193 2.014693021774292 14
1727306028233 2.014693021774292 15
1727306028270 2.014693021774292 16
1727306028307 2.014693021774292 17
1727306028344 2.014693021774292 18
1727306028381 2.014693021774292 19
1727306028417 2.014693021774292 20
1727306028452 2.014693021774292 21
1727306028488 2.014693021774292 22
1727306028524 2.014693021774292 23
1727306028560 2.014693021774292 24
1727306028597 2.014693021774292 25
1727306028633 2.014693021774292 26
1727306028669 2.014693021774292 27
1727306028705 2.014693021774292 28
1727306028740 2.014693021774292 29
1727306028775 2.014693021774292 30
1727306028811 2.014693021774292 31
1727306028847 2.014693021774292 32
1727306028882 2.014693021774292 33
1727306028918 2.014693021774292 34
1727306028960 2.014693021774292 35
1727306029001 2.014693021774292 36
1727306029037 2.014693021774292 37
1727306029073 2.014693021774292 38
1727306029115 2.014693021774292 39
1727306029165 2.014693021774292 40
1727306029215 2.014693021774292 41
1727306029255 2.014693021774292 42
1727306029291 2.014693021774292 43
1727306029327 2.014693021774292 44
1727306029368 2.014693021774292 45
1727306029405 2.014693021774292 46
1727306029441 2.014693021774292 47
1727306029478 2.014693021774292 48
1727306029515 2.014693021774292 49
1727306029553 2.014693021774292 50
1727306029591 2.014693021774292 51
1727306029628 2.014693021774292 52
1727306029665 2.014693021774292 53
1727306029704 2.014693021774292 54
1727306029743 2.014693021774292 55
1727306029782 2.014693021774292 56
1727306029819 2.014693021774292 57
1727306029855 2.014693021774292 58
1727306029893 2.014693021774292 59
1727306029932 2.014693021774292 60
1727306029971 2.014693021774292 61
1727306030010 2.014693021774292 62
1727306030048 2.014693021774292 63
1727306030108 2.014693021774292 64
1727306030156 2.014693021774292 65
1727306030194 2.014693021774292 66
1727306030233 2.014693021774292 67
1727306030268 2.014693021774292 68
1727306030303 2.014693021774292 69
1727306030339 2.014693021774292 70
1727306030376 2.014693021774292 71
1727306030413 2.014693021774292 72
1727306030449 2.014693021774292 73
1727306030484 2.014693021774292 74
1727306030520 2.014693021774292 75
1727306030556 2.014693021774292 76
1727306030592 2.014693021774292 77
1727306030628 2.014693021774292 78
1727306030663 2.014693021774292 79
1727306030699 2.014693021774292 80
1727306030735 2.014693021774292 81
1727306030770 2.014693021774292 82
1727306030807 2.014693021774292 83
1727306030843 2.014693021774292 84
1727306030880 2.014693021774292 85
1727306030916 2.014693021774292 86
1727306030952 2.014693021774292 87
1727306030989 2.014693021774292 88
1727306031026 2.014693021774292 89
1727306031065 2.014693021774292 90
1727306031102 2.014693021774292 91
1727306031140 2.014693021774292 92
1727306031178 2.014693021774292 93
1727306031215 2.014693021774292 94
1727306031253 2.014693021774292 95
1727306031288 2.014693021774292 96
1727306031324 2.014693021774292 97
1727306031360 2.014693021774292 98
1727306031395 2.014693021774292 99
1727306031432 2.014693021774292 100
1727306031468 2.014693021774292 101
1727306031504 2.014693021774292 102
1727306031539 2.014693021774292 103
1727306031576 2.014693021774292 104
1727306031612 2.014693021774292 105
1727306031648 2.014693021774292 106
1727306031683 2.014693021774292 107
1727306031719 2.014693021774292 108
1727306031755 2.014693021774292 109
1727306031791 2.014693021774292 110
1727306031829 2.014693021774292 111
1727306031866 2.014693021774292 112
1727306031904 2.014693021774292 113
1727306031941 2.014693021774292 114
1727306031978 2.014693021774292 115
1727306032016 2.014693021774292 116
1727306032051 2.014693021774292 117
1727306032087 2.014693021774292 118
1727306032123 2.014693021774292 119
1727306032159 2.014693021774292 120
1727306032223 2.014693021774292 121
1727306032258 2.014693021774292 122
1727306032294 2.014693021774292 123
1727306032329 2.014693021774292 124
1727306032364 2.014693021774292 125
1727306032399 2.014693021774292 126
1727306032434 2.014693021774292 127
1727306032470 2.014693021774292 128
1727306032506 2.014693021774292 129
1727306032542 2.014693021774292 130
1727306032578 2.014693021774292 131
1727306032613 2.014693021774292 132
1727306032649 2.014693021774292 133
1727306032684 2.014693021774292 134
1727306032719 2.014693021774292 135
1727306032755 2.014693021774292 136
1727306032791 2.014693021774292 137
1727306032826 2.014693021774292 138
1727306032861 2.014693021774292 139
1727306032897 2.014693021774292 140
1727306032933 2.014693021774292 141
1727306032968 2.014693021774292 142
1727306033004 2.014693021774292 143
1727306033039 2.014693021774292 144
1727306033074 2.014693021774292 145
1727306033109 2.014693021774292 146
1727306033145 2.014693021774292 147
1727306033180 2.014693021774292 148
1727306033215 2.014693021774292 149
1727306033251 2.014693021774292 150
1727306033287 2.014693021774292 151
1727306033322 2.014693021774292 152
1727306033357 2.014693021774292 153
1727306033392 2.014693021774292 154
1727306033427 2.014693021774292 155
1727306033463 2.014693021774292 156
1727306033498 2.014693021774292 157
1727306033533 2.014693021774292 158
1727306033567 2.014693021774292 159
1727306033603 2.014693021774292 160
1727306033639 2.014693021774292 161
1727306033674 2.014693021774292 162
1727306033710 2.014693021774292 163
1727306033747 2.014693021774292 164
1727306033783 2.014693021774292 165
1727306033819 2.014693021774292 166
1727306033854 2.014693021774292 167
1727306033889 2.014693021774292 168
1727306033924 2.014693021774292 169
1727306033961 2.014693021774292 170
1727306033997 2.014693021774292 171
1727306034032 2.014693021774292 172
1727306034067 2.014693021774292 173
1727306034103 2.014693021774292 174
1727306034138 2.014693021774292 175
1727306034175 2.014693021774292 176
1727306034211 2.014693021774292 177
1727306034257 2.014693021774292 178
1727306034297 2.014693021774292 179
1727306034335 2.014693021774292 180
1727306034372 2.014693021774292 181
1727306034408 2.014693021774292 182
1727306034443 2.014693021774292 183
1727306034482 2.014693021774292 184
1727306034520 2.014693021774292 185
1727306034556 2.014693021774292 186
1727306034598 2.014693021774292 187
1727306034637 2.014693021774292 188
1727306034693 2.014693021774292 189
1727306034738 2.014693021774292 190
1727306034775 2.014693021774292 191
1727306034815 2.014693021774292 192
1727306034854 2.014693021774292 193
1727306034889 2.014693021774292 194
1727306034926 2.014693021774292 195
1727306034964 2.014693021774292 196
1727306035001 2.014693021774292 197
1727306035035 2.014693021774292 198
1727306035070 2.014693021774292 199
1727306035105 2.014693021774292 200
1727306035141 2.014693021774292 201
1727306035176 2.014693021774292 202
1727306035213 2.014693021774292 203
1727306035252 2.014693021774292 204
1727306035289 2.014693021774292 205
1727306035327 2.014693021774292 206
1727306035366 2.014693021774292 207
1727306035405 2.014693021774292 208
1727306035438 2.014693021774292 209
1727306035472 2.014693021774292 210
1727306035507 2.014693021774292 211
1727306035542 2.014693021774292 212
1727306035579 2.014693021774292 213
1727306035615 2.014693021774292 214
1727306035651 2.014693021774292 215
1727306035686 2.014693021774292 216
1727306035720 2.014693021774292 217
1727306035755 2.014693021774292 218
1727306035790 2.014693021774292 219
1727306035827 2.014693021774292 220
1727306035863 2.014693021774292 221
1727306035899 2.014693021774292 222
1727306035935 2.014693021774292 223
1727306035969 2.014693021774292 224
1727306036005 2.014693021774292 225
1727306036040 2.014693021774292 226
1727306036077 2.014693021774292 227
1727306036114 2.014693021774292 228
1727306036151 2.014693021774292 229
1727306036187 2.014693021774292 230
1727306036223 2.014693021774292 231
1727306036260 2.014693021774292 232
1727306036296 2.014693021774292 233
1727306036332 2.014693021774292 234
1727306036368 2.014693021774292 235
1727306036405 2.014693021774292 236
1727306036440 2.014693021774292 237
1727306036475 2.014693021774292 238
1727306036511 2.014693021774292 239
1727306036546 2.014693021774292 240
1727306036581 2.014693021774292 241
1727306036616 2.014693021774292 242
1727306036652 2.014693021774292 243
1727306036687 2.014693021774292 244
1727306036723 2.014693021774292 245
1727306036759 2.014693021774292 246
1727306036794 2.014693021774292 247
1727306036829 2.014693021774292 248
1727306036864 2.014693021774292 249
1727306036899 2.014693021774292 250
1727306036936 2.014693021774292 251
1727306036973 2.014693021774292 252
1727306037011 2.014693021774292 253
1727306037046 2.014693021774292 254
1727306037081 2.014693021774292 255
1727306037116 2.014693021774292 256
1727306037151 2.014693021774292 257
1727306037186 2.014693021774292 258
1727306037221 2.014693021774292 259
1727306037258 2.014693021774292 260
1727306037294 2.014693021774292 261
1727306037339 2.014693021774292 262
1727306037382 2.014693021774292 263
1727306037419 2.014693021774292 264
1727306037455 2.014693021774292 265
1727306037495 2.014693021774292 266
1727306037532 2.014693021774292 267
1727306037571 2.014693021774292 268
1727306037625 2.014693021774292 269
1727306037681 2.014693021774292 270
1727306037718 2.014693021774292 271
1727306037755 2.014693021774292 272
1727306037791 2.014693021774292 273
1727306037827 2.014693021774292 274
1727306037865 2.014693021774292 275
1727306037902 2.014693021774292 276
1727306037940 2.014693021774292 277
1727306037977 2.014693021774292 278
1727306038012 2.014693021774292 279
1727306038046 2.014693021774292 280
1727306038081 2.014693021774292 281
1727306038118 2.014693021774292 282
1727306038152 2.014693021774292 283
1727306038187 2.014693021774292 284
1727306038223 2.014693021774292 285
1727306038258 2.014693021774292 286
1727306038293 2.014693021774292 287
1727306038328 2.014693021774292 288
1727306038362 2.014693021774292 289
1727306038397 2.014693021774292 290
1727306038432 2.014693021774292 291
1727306038467 2.014693021774292 292
1727306038502 2.014693021774292 293
1727306038540 2.014693021774292 294
1727306038577 2.014693021774292 295
1727306038615 2.014693021774292 296
1727306038652 2.014693021774292 297
1727306038689 2.014693021774292 298
1727306038726 2.014693021774292 299
1727306038763 2.014693021774292 300
1727306038798 2.014693021774292 301
1727306038834 2.014693021774292 302
1727306038869 2.014693021774292 303
1727306038907 2.014693021774292 304
1727306038944 2.014693021774292 305
1727306038981 2.014693021774292 306
1727306039018 2.014693021774292 307
1727306039054 2.014693021774292 308
1727306039089 2.014693021774292 309
1727306039126 2.014693021774292 310
1727306039164 2.014693021774292 311
1727306039202 2.014693021774292 312
1727306039241 2.014693021774292 313
1727306039280 2.014693021774292 314
1727306039317 2.014693021774292 315
1727306039353 2.014693021774292 316
1727306039388 2.014693021774292 317
1727306039424 2.014693021774292 318
1727306039458 2.014693021774292 319
1727306039494 2.014693021774292 320
1727306039531 2.014693021774292 321
1727306039567 2.014693021774292 322
1727306039604 2.014693021774292 323
1727306039640 2.014693021774292 324
1727306039678 2.014693021774292 325
1727306039716 2.014693021774292 326
1727306039753 2.014693021774292 327
1727306039790 2.014693021774292 328
1727306039830 2.014693021774292 329
1727306039870 2.014693021774292 330
1727306039906 2.014693021774292 331
1727306039942 2.014693021774292 332
1727306039978 2.014693021774292 333
1727306040014 2.014693021774292 334
1727306040050 2.014693021774292 335
1727306040085 2.014693021774292 336
1727306040121 2.014693021774292 337
1727306040157 2.014693021774292 338
1727306040192 2.014693021774292 339
1727306040228 2.014693021774292 340
1727306040265 2.014693021774292 341
1727306040302 2.014693021774292 342
1727306040338 2.014693021774292 343
1727306040374 2.014693021774292 344
1727306040409 2.014693021774292 345
1727306040445 2.014693021774292 346
1727306040480 2.014693021774292 347
1727306040517 2.014693021774292 348
1727306040554 2.014693021774292 349
1727306040591 2.014693021774292 350
1727306040628 2.014693021774292 351
1727306040665 2.014693021774292 352
1727306040703 2.014693021774292 353
1727306040740 2.014693021774292 354
1727306040776 2.014693021774292 355
1727306040815 2.014693021774292 356
1727306040852 2.014693021774292 357
1727306040888 2.014693021774292 358
1727306040927 2.014693021774292 359
1727306040969 2.014693021774292 360
1727306041007 2.014693021774292 361
1727306041044 2.014693021774292 362
1727306041079 2.014693021774292 363
1727306041117 2.014693021774292 364
1727306041154 2.014693021774292 365
1727306041191 2.014693021774292 366
1727306041228 2.014693021774292 367
1727306041265 2.014693021774292 368
1727306041305 2.014693021774292 369
1727306041344 2.014693021774292 370
1727306041384 2.014693021774292 371
1727306041425 2.014693021774292 372
1727306041462 2.014693021774292 373
1727306041498 2.014693021774292 374
1727306041536 2.014693021774292 375
1727306041574 2.014693021774292 376
1727306041612 2.014693021774292 377
1727306041651 2.014693021774292 378
1727306041689 2.014693021774292 379
1727306041730 2.014693021774292 380
1727306041771 2.014693021774292 381
1727306041815 2.014693021774292 382
1727306041858 2.014693021774292 383
1727306041902 2.014693021774292 384
1727306041945 2.014693021774292 385
1727306041989 2.014693021774292 386
1727306042034 2.014693021774292 387
1727306042078 2.014693021774292 388
1727306042123 2.014693021774292 389
1727306042169 2.014693021774292 390
1727306042214 2.014693021774292 391
1727306042268 2.014693021774292 392
1727306042325 2.014693021774292 393
1727306042381 2.014693021774292 394
1727306042432 2.014693021774292 395
1727306042473 2.014693021774292 396
1727306042516 2.014693021774292 397
1727306042557 2.014693021774292 398
1727306042596 2.014693021774292 399
1727306042636 2.014693021774292 400
1727306042675 2.014693021774292 401
1727306042713 2.014693021774292 402
1727306042751 2.014693021774292 403
1727306042790 2.014693021774292 404
1727306042827 2.014693021774292 405
1727306042863 2.014693021774292 406
1727306042904 2.014693021774292 407
1727306042961 2.014693021774292 408
1727306043002 2.014693021774292 409
1727306043041 2.014693021774292 410
1727306043079 2.014693021774292 411
1727306043120 2.014693021774292 412
1727306043159 2.014693021774292 413
1727306043198 2.014693021774292 414
1727306043237 2.014693021774292 415
1727306043275 2.014693021774292 416
1727306043313 2.014693021774292 417
1727306043348 2.014693021774292 418
1727306043384 2.014693021774292 419
1727306043419 2.014693021774292 420
1727306043454 2.014693021774292 421
1727306043488 2.014693021774292 422
1727306043523 2.014693021774292 423
1727306043558 2.014693021774292 424
1727306043593 2.014693021774292 425
1727306043629 2.014693021774292 426
1727306043664 2.014693021774292 427
1727306043699 2.014693021774292 428
1727306043734 2.014693021774292 429
1727306043770 2.014693021774292 430
1727306043805 2.014693021774292 431
1727306043840 2.014693021774292 432
1727306043875 2.014693021774292 433
1727306043911 2.014693021774292 434
1727306043947 2.014693021774292 435
1727306043983 2.014693021774292 436
1727306044019 2.014693021774292 437
1727306044054 2.014693021774292 438
1727306044089 2.014693021774292 439
1727306044124 2.014693021774292 440
1727306044161 2.014693021774292 441
1727306044198 2.014693021774292 442
1727306044233 2.014693021774292 443
1727306044269 2.014693021774292 444
1727306044305 2.014693021774292 445
1727306044340 2.014693021774292 446
1727306044376 2.014693021774292 447
1727306044411 2.014693021774292 448
1727306044448 2.014693021774292 449
1727306044483 2.014693021774292 450
1727306044519 2.014693021774292 451
1727306044555 2.014693021774292 452
1727306044591 2.014693021774292 453
1727306044627 2.014693021774292 454
1727306044662 2.014693021774292 455
1727306044701 2.014693021774292 456
1727306044737 2.014693021774292 457
1727306044774 2.014693021774292 458
1727306044813 2.014693021774292 459
1727306044852 2.014693021774292 460
1727306044891 2.014693021774292 461
1727306044931 2.014693021774292 462
1727306044968 2.014693021774292 463
1727306045005 2.014693021774292 464
1727306045041 2.014693021774292 465
1727306045079 2.014693021774292 466
1727306045116 2.014693021774292 467
1727306045152 2.014693021774292 468
1727306045188 2.014693021774292 469
1727306045223 2.014693021774292 470
1727306045260 2.014693021774292 471
1727306045297 2.014693021774292 472
1727306045334 2.014693021774292 473
1727306045372 2.014693021774292 474
1727306045409 2.014693021774292 475
1727306045446 2.014693021774292 476
1727306045486 2.014693021774292 477
1727306045522 2.014693021774292 478
1727306045557 2.014693021774292 479
1727306045593 2.014693021774292 480
1727306045629 2.014693021774292 481
1727306045665 2.014693021774292 482
1727306045701 2.014693021774292 483
1727306045736 2.014693021774292 484
1727306045772 2.014693021774292 485
1727306045807 2.014693021774292 486
1727306045844 2.014693021774292 487
1727306045881 2.014693021774292 488
1727306045920 2.014693021774292 489
1727306045960 2.014693021774292 490
1727306045996 2.014693021774292 491
1727306046033 2.014693021774292 492
1727306046069 2.014693021774292 493
1727306046104 2.014693021774292 494
1727306046140 2.014693021774292 495
1727306046175 2.014693021774292 496
1727306046211 2.014693021774292 497
1727306046247 2.014693021774292 498
1727306046282 2.014693021774292 499
1727306046318 2.014693021774292 500
1727306046354 2.014693021774292 501
1727306046390 2.014693021774292 502
1727306046426 2.014693021774292 503
1727306046462 2.014693021774292 504
1727306046497 2.014693021774292 505
1727306046534 2.014693021774292 506
1727306046570 2.014693021774292 507
1727306046607 2.014693021774292 508
1727306046642 2.014693021774292 509
1727306046678 2.014693021774292 510
1727306046715 2.014693021774292 511
1727306046751 2.014693021774292 512
1727306046788 2.014693021774292 513
1727306046822 2.014693021774292 514
1727306046859 2.014693021774292 515
1727306046896 2.014693021774292 516
1727306046933 2.014693021774292 517
1727306046970 2.014693021774292 518
1727306047004 2.014693021774292 519
1727306047041 2.014693021774292 520
1727306047078 2.014693021774292 521
1727306047115 2.014693021774292 522
1727306047152 2.014693021774292 523
1727306047187 2.014693021774292 524
1727306047224 2.014693021774292 525
1727306047260 2.014693021774292 526
1727306047295 2.014693021774292 527
1727306047331 2.014693021774292 528
1727306047368 2.014693021774292 529
1727306047403 2.014693021774292 530
1727306047440 2.014693021774292 531
1727306047478 2.014693021774292 532
1727306047514 2.014693021774292 533
1727306047550 2.014693021774292 534
1727306047586 2.014693021774292 535
1727306047622 2.014693021774292 536
1727306047658 2.014693021774292 537
1727306047693 2.014693021774292 538
1727306047728 2.014693021774292 539
1727306047764 2.014693021774292 540
1727306047800 2.014693021774292 541
1727306047835 2.014693021774292 542
1727306047872 2.014693021774292 543
1727306047908 2.014693021774292 544
1727306047943 2.014693021774292 545
1727306047979 2.014693021774292 546
1727306048013 2.014693021774292 547
1727306048049 2.014693021774292 548
1727306048084 2.014693021774292 549
1727306048120 2.014693021774292 550
1727306048156 2.014693021774292 551
1727306048191 2.014693021774292 552
1727306048226 2.014693021774292 553
1727306048261 2.014693021774292 554
1727306048297 2.014693021774292 555
1727306048333 2.014693021774292 556
1727306048372 2.014693021774292 557
1727306048409 2.014693021774292 558
1727306048445 2.014693021774292 559
1727306048482 2.014693021774292 560
1727306048519 2.014693021774292 561
1727306048562 2.014693021774292 562
1727306048599 2.014693021774292 563
1727306048636 2.014693021774292 564
1727306048673 2.014693021774292 565
1727306048711 2.014693021774292 566
1727306048747 2.014693021774292 567
1727306048784 2.014693021774292 568
1727306048820 2.014693021774292 569
1727306048858 2.014693021774292 570
1727306048897 2.014693021774292 571
1727306048936 2.014693021774292 572
1727306048973 2.014693021774292 573
1727306049011 2.014693021774292 574
1727306049047 2.014693021774292 575
1727306049083 2.014693021774292 576
1727306049120 2.014693021774292 577
1727306049156 2.014693021774292 578
1727306049191 2.014693021774292 579
1727306049230 2.014693021774292 580
1727306049268 2.014693021774292 581
1727306049305 2.014693021774292 582
1727306049342 2.014693021774292 583
1727306049379 2.014693021774292 584
1727306049417 2.014693021774292 585
1727306049455 2.014693021774292 586
1727306049495 2.014693021774292 587
1727306049533 2.014693021774292 588
1727306049572 2.014693021774292 589
1727306049610 2.014693021774292 590
1727306049648 2.014693021774292 591
1727306049684 2.014693021774292 592
1727306049721 2.014693021774292 593
1727306049757 2.014693021774292 594
1727306049795 2.014693021774292 595
1727306049833 2.014693021774292 596
1727306049874 2.014693021774292 597
1727306049911 2.014693021774292 598
1727306049949 2.014693021774292 599
1727306049986 2.014693021774292 600
1727306050022 2.014693021774292 601
1727306050059 2.014693021774292 602
1727306050095 2.014693021774292 603
1727306050132 2.014693021774292 604
1727306050168 2.014693021774292 605
1727306050204 2.014693021774292 606
1727306050240 2.014693021774292 607
1727306050277 2.014693021774292 608
1727306050314 2.014693021774292 609
1727306050351 2.014693021774292 610
1727306050386 2.014693021774292 611
1727306050425 2.014693021774292 612
1727306050463 2.014693021774292 613
1727306050502 2.014693021774292 614
1727306050542 2.014693021774292 615
1727306050582 2.014693021774292 616
1727306050617 2.014693021774292 617
1727306050652 2.014693021774292 618
1727306050688 2.014693021774292 619
1727306050724 2.014693021774292 620
1727306050762 2.014693021774292 621
1727306050798 2.014693021774292 622
1727306050834 2.014693021774292 623
1727306050871 2.014693021774292 624
1727306050908 2.014693021774292 625
1727306050945 2.014693021774292 626
1727306050981 2.014693021774292 627
1727306051017 2.014693021774292 628
1727306051052 2.014693021774292 629
1727306051088 2.014693021774292 630
1727306051126 2.014693021774292 631
1727306051164 2.014693021774292 632
1727306051203 2.014693021774292 633
1727306051243 2.014693021774292 634
1727306051279 2.014693021774292 635
1727306051317 2.014693021774292 636
1727306051355 2.014693021774292 637
1727306051395 2.014693021774292 638
1727306051432 2.014693021774292 639
1727306051497 2.014693021774292 640
1727306051531 2.014693021774292 641
1727306051568 2.014693021774292 642
1727306051604 2.014693021774292 643
1727306051640 2.014693021774292 644
1727306051675 2.014693021774292 645
1727306051711 2.014693021774292 646
1727306051746 2.014693021774292 647
1727306051783 2.014693021774292 648
1727306051820 2.014693021774292 649
1727306051856 2.014693021774292 650
1727306051891 2.014693021774292 651
1727306051927 2.014693021774292 652
1727306051962 2.014693021774292 653
1727306051998 2.014693021774292 654
1727306052035 2.014693021774292 655
1727306052072 2.014693021774292 656
1727306052107 2.014693021774292 657
1727306052143 2.014693021774292 658
1727306052178 2.014693021774292 659
1727306052214 2.014693021774292 660
1727306052251 2.014693021774292 661
1727306052288 2.014693021774292 662
1727306052331 2.014693021774292 663
1727306052370 2.014693021774292 664
1727306052407 2.014693021774292 665
1727306052443 2.014693021774292 666
1727306052478 2.014693021774292 667
1727306052514 2.014693021774292 668
1727306052550 2.014693021774292 669
1727306052586 2.014693021774292 670
1727306052624 2.014693021774292 671
1727306052659 2.014693021774292 672
1727306052694 2.014693021774292 673
1727306052730 2.014693021774292 674
1727306052765 2.014693021774292 675
1727306052801 2.014693021774292 676
1727306052837 2.014693021774292 677
1727306052873 2.014693021774292 678
1727306052909 2.014693021774292 679
1727306052947 2.014693021774292 680
1727306052981 2.014693021774292 681
1727306053017 2.014693021774292 682
1727306053053 2.014693021774292 683
1727306053089 2.014693021774292 684
1727306053124 2.014693021774292 685
1727306053160 2.014693021774292 686
1727306053196 2.014693021774292 687
1727306053232 2.014693021774292 688
1727306053266 2.014693021774292 689
1727306053305 2.014693021774292 690
1727306053342 2.014693021774292 691
1727306053377 2.014693021774292 692
1727306053412 2.014693021774292 693
1727306053448 2.014693021774292 694
1727306053483 2.014693021774292 695
1727306053519 2.014693021774292 696
1727306053556 2.014693021774292 697
1727306053592 2.014693021774292 698
1727306053628 2.014693021774292 699
1727306053663 2.014693021774292 700
1727306053699 2.014693021774292 701
1727306053735 2.014693021774292 702
1727306053770 2.014693021774292 703
1727306053806 2.014693021774292 704
1727306053842 2.014693021774292 705
1727306053878 2.014693021774292 706
1727306053914 2.014693021774292 707
1727306053950 2.014693021774292 708
1727306053986 2.014693021774292 709
1727306054022 2.014693021774292 710
1727306054057 2.014693021774292 711
1727306054094 2.014693021774292 712
1727306054132 2.014693021774292 713
1727306054168 2.014693021774292 714
1727306054205 2.014693021774292 715
1727306054241 2.014693021774292 716
1727306054278 2.014693021774292 717
1727306054315 2.014693021774292 718
1727306054351 2.014693021774292 719
1727306054386 2.014693021774292 720
1727306054422 2.014693021774292 721
1727306054457 2.014693021774292 722
1727306054492 2.014693021774292 723
1727306054528 2.014693021774292 724
1727306054563 2.014693021774292 725
1727306054598 2.014693021774292 726
1727306054633 2.014693021774292 727
1727306054668 2.014693021774292 728
1727306054703 2.014693021774292 729
1727306054738 2.014693021774292 730
1727306054775 2.014693021774292 731
1727306054814 2.014693021774292 732
1727306054852 2.014693021774292 733
1727306054887 2.014693021774292 734
1727306054922 2.014693021774292 735
1727306054963 2.014693021774292 736
1727306055000 2.014693021774292 737
1727306055036 2.014693021774292 738
1727306055072 2.014693021774292 739
1727306055107 2.014693021774292 740
1727306055144 2.014693021774292 741
1727306055185 2.014693021774292 742
1727306055227 2.014693021774292 743
1727306055263 2.014693021774292 744
1727306055300 2.014693021774292 745
1727306055337 2.014693021774292 746
1727306055373 2.014693021774292 747
1727306055410 2.014693021774292 748
1727306055446 2.014693021774292 749
1727306055483 2.014693021774292 750
1727306055522 2.014693021774292 751
1727306055560 2.014693021774292 752
1727306055601 2.014693021774292 753
1727306055639 2.014693021774292 754
1727306055677 2.014693021774292 755
1727306055715 2.014693021774292 756
1727306055752 2.014693021774292 757
1727306055788 2.014693021774292 758
1727306055825 2.014693021774292 759
1727306055860 2.014693021774292 760
1727306055897 2.014693021774292 761
1727306055937 2.014693021774292 762
1727306055975 2.014693021774292 763
1727306056013 2.014693021774292 764
1727306056056 2.014693021774292 765
1727306056104 2.014693021774292 766
1727306056148 2.014693021774292 767
1727306056200 2.014693021774292 768
1727306056247 2.014693021774292 769
1727306056292 2.014693021774292 770
1727306056338 2.014693021774292 771
1727306056384 2.014693021774292 772
1727306056430 2.014693021774292 773
1727306056474 2.014693021774292 774
1727306056519 2.014693021774292 775
1727306056565 2.014693021774292 776
1727306056611 2.014693021774292 777
1727306056657 2.014693021774292 778
1727306056705 2.014693021774292 779
1727306056753 2.014693021774292 780
1727306056813 2.014693021774292 781
1727306056881 2.014693021774292 782
1727306056949 2.014693021774292 783
1727306057020 2.014693021774292 784
1727306057074 2.014693021774292 785
1727306057125 2.014693021774292 786
1727306057179 2.014693021774292 787
1727306057233 2.014693021774292 788
1727306057294 2.014693021774292 789
1727306057367 2.014693021774292 790
1727306057421 2.014693021774292 791
1727306057468 2.014693021774292 792
1727306057518 2.014693021774292 793
1727306057565 2.014693021774292 794
1727306057612 2.014693021774292 795
1727306057660 2.014693021774292 796
1727306057714 2.014693021774292 797
1727306057760 2.014693021774292 798
1727306057801 2.014693021774292 799
1727306057841 2.014693021774292 800
1727306057881 2.014693021774292 801
1727306057921 2.014693021774292 802
1727306057962 2.014693021774292 803
1727306058000 2.014693021774292 804
1727306058038 2.014693021774292 805
1727306058077 2.014693021774292 806
1727306058114 2.014693021774292 807
1727306058152 2.014693021774292 808
1727306058188 2.014693021774292 809
1727306058224 2.014693021774292 810
1727306058260 2.014693021774292 811
1727306058296 2.014693021774292 812
1727306058333 2.014693021774292 813
1727306058371 2.014693021774292 814
1727306058407 2.014693021774292 815
1727306058443 2.014693021774292 816
1727306058479 2.014693021774292 817
1727306058513 2.014693021774292 818
1727306058549 2.014693021774292 819
1727306058585 2.014693021774292 820
1727306058621 2.014693021774292 821
1727306058657 2.014693021774292 822
1727306058692 2.014693021774292 823
1727306058728 2.014693021774292 824
1727306058763 2.014693021774292 825
1727306058799 2.014693021774292 826
1727306058834 2.014693021774292 827
1727306058869 2.014693021774292 828
1727306058905 2.014693021774292 829
1727306058941 2.014693021774292 830
1727306058978 2.014693021774292 831
1727306059013 2.014693021774292 832
1727306059048 2.014693021774292 833
1727306059084 2.014693021774292 834
1727306059119 2.014693021774292 835
1727306059157 2.014693021774292 836
1727306059195 2.014693021774292 837
1727306059231 2.014693021774292 838
1727306059267 2.014693021774292 839
1727306059302 2.014693021774292 840
1727306059338 2.014693021774292 841
1727306059375 2.014693021774292 842
1727306059411 2.014693021774292 843
1727306059448 2.014693021774292 844
1727306059483 2.014693021774292 845
1727306059520 2.014693021774292 846
1727306059556 2.014693021774292 847
1727306059592 2.014693021774292 848
1727306059629 2.014693021774292 849
1727306059664 2.014693021774292 850
1727306059699 2.014693021774292 851
1727306059735 2.014693021774292 852
1727306059771 2.014693021774292 853
1727306059808 2.014693021774292 854
1727306059848 2.014693021774292 855
1727306059886 2.014693021774292 856
1727306059922 2.014693021774292 857
1727306059958 2.014693021774292 858
1727306059995 2.014693021774292 859
1727306060030 2.014693021774292 860
1727306060069 2.014693021774292 861
1727306060106 2.014693021774292 862
1727306060145 2.014693021774292 863
1727306060179 2.014693021774292 864
1727306060216 2.014693021774292 865
1727306060253 2.014693021774292 866
1727306060288 2.014693021774292 867
1727306060325 2.014693021774292 868
1727306060363 2.014693021774292 869
1727306060399 2.014693021774292 870
1727306060437 2.014693021774292 871
1727306060475 2.014693021774292 872
1727306060512 2.014693021774292 873
1727306060551 2.014693021774292 874
1727306060589 2.014693021774292 875
1727306060625 2.014693021774292 876
1727306060660 2.014693021774292 877
1727306060697 2.014693021774292 878
1727306060733 2.014693021774292 879
1727306060770 2.014693021774292 880
1727306060806 2.014693021774292 881
1727306060843 2.014693021774292 882
1727306060882 2.014693021774292 883
1727306060919 2.014693021774292 884
1727306060956 2.014693021774292 885
1727306060992 2.014693021774292 886
1727306061034 2.014693021774292 887
1727306061068 2.014693021774292 888
1727306061106 2.014693021774292 889
1727306061144 2.014693021774292 890
1727306061179 2.014693021774292 891
1727306061214 2.014693021774292 892
1727306061253 2.014693021774292 893
1727306061290 2.014693021774292 894
1727306061326 2.014693021774292 895
1727306061364 2.014693021774292 896
1727306061400 2.014693021774292 897
1727306061436 2.014693021774292 898
1727306061474 2.014693021774292 899
1727306061510 2.014693021774292 900
1727306061546 2.014693021774292 901
1727306061583 2.014693021774292 902
1727306061620 2.014693021774292 903
1727306061657 2.014693021774292 904
1727306061692 2.014693021774292 905
1727306061728 2.014693021774292 906
1727306061763 2.014693021774292 907
1727306061798 2.014693021774292 908
1727306061834 2.014693021774292 909
1727306061870 2.014693021774292 910
1727306061906 2.014693021774292 911
1727306061943 2.014693021774292 912
1727306061979 2.014693021774292 913
1727306062014 2.014693021774292 914
1727306062049 2.014693021774292 915
1727306062084 2.014693021774292 916
1727306062120 2.014693021774292 917
1727306062158 2.014693021774292 918
1727306062195 2.014693021774292 919
1727306062233 2.014693021774292 920
1727306062271 2.014693021774292 921
1727306062309 2.014693021774292 922
1727306062346 2.014693021774292 923
1727306062384 2.014693021774292 924
1727306062422 2.014693021774292 925
1727306062459 2.014693021774292 926
1727306062495 2.014693021774292 927
1727306062531 2.014693021774292 928
1727306062567 2.014693021774292 929
1727306062603 2.014693021774292 930
1727306062640 2.014693021774292 931
1727306062675 2.014693021774292 932
1727306062711 2.014693021774292 933
1727306062746 2.014693021774292 934
1727306062782 2.014693021774292 935
1727306062819 2.014693021774292 936
1727306062855 2.014693021774292 937
1727306062891 2.014693021774292 938
1727306062926 2.014693021774292 939
1727306062963 2.014693021774292 940
1727306062999 2.014693021774292 941
1727306063035 2.014693021774292 942
1727306063072 2.014693021774292 943
1727306063109 2.014693021774292 944
1727306063146 2.014693021774292 945
1727306063183 2.014693021774292 946
1727306063220 2.014693021774292 947
1727306063257 2.014693021774292 948
1727306063294 2.014693021774292 949
1727306063330 2.014693021774292 950
1727306063365 2.014693021774292 951
1727306063403 2.014693021774292 952
1727306063445 2.014693021774292 953
1727306063480 2.014693021774292 954
1727306063515 2.014693021774292 955
1727306063552 2.014693021774292 956
1727306063591 2.014693021774292 957
1727306063630 2.014693021774292 958
1727306063667 2.014693021774292 959
1727306063705 2.014693021774292 960
1727306063744 2.014693021774292 961
1727306063783 2.014693021774292 962
1727306063820 2.014693021774292 963
1727306063858 2.014693021774292 964
1727306063896 2.014693021774292 965
1727306063932 2.014693021774292 966
1727306063969 2.014693021774292 967
1727306064006 2.014693021774292 968
1727306064041 2.014693021774292 969
1727306064079 2.014693021774292 970
1727306064118 2.014693021774292 971
1727306064157 2.014693021774292 972
1727306064194 2.014693021774292 973
1727306064232 2.014693021774292 974
1727306064270 2.014693021774292 975
1727306064317 2.014693021774292 976
1727306064353 2.014693021774292 977
1727306064389 2.014693021774292 978
1727306064424 2.014693021774292 979
1727306064462 2.014693021774292 980
1727306064495 2.014693021774292 981
1727306064530 2.014693021774292 982
1727306064565 2.014693021774292 983
1727306064602 2.014693021774292 984
1727306064639 2.014693021774292 985
1727306064674 2.014693021774292 986
1727306064708 2.014693021774292 987
1727306064743 2.014693021774292 988
1727306064779 2.014693021774292 989
1727306064815 2.014693021774292 990
1727306064851 2.014693021774292 991
1727306064888 2.014693021774292 992
1727306064923 2.014693021774292 993
1727306064959 2.014693021774292 994
1727306064995 2.014693021774292 995
1727306065034 2.014693021774292 996
1727306065071 2.014693021774292 997
1727306065108 2.014693021774292 998
1727306065146 2.014693021774292 999
