1726432315945 0.0717930793762207 0
1726432315989 0.3659224808216095 1
1726432316037 0.8948038220405579 2
1726432316081 0.29646962881088257 3
1726432316132 0.12176250666379929 4
1726432316191 0.12033874541521072 5
1726432316242 0.38577595353126526 6
1726432316295 0.08604452759027481 7
1726432316338 0.14101684093475342 8
1726432316378 0.2535058259963989 9
1726432316418 0.2026088982820511 10
1726432316458 0.16985559463500977 11
1726432316499 0.23874658346176147 12
1726432316539 0.46336913108825684 13
1726432316579 0.7549501061439514 14
1726432316619 0.3548341691493988 15
1726432316661 0.5172281265258789 16
1726432316702 0.1898757517337799 17
1726432316744 0.16353312134742737 18
1726432316783 0.0667717456817627 19
1726432316823 0.13356073200702667 20
1726432316867 0.05337929725646973 21
1726432316912 0.060251712799072266 22
1726432316959 0.058648109436035156 23
1726432317000 0.07545113563537598 24
1726432317042 0.31204599142074585 25
1726432317083 0.397413045167923 26
1726432317124 0.08099818229675293 27
1726432317168 0.13607734441757202 28
1726432317212 0.19057601690292358 29
1726432317254 0.13826361298561096 30
1726432317296 0.21673621237277985 31
1726432317339 0.35586026310920715 32
1726432317381 0.38418444991111755 33
1726432317425 0.06400609016418457 34
1726432317468 0.04678750038146973 35
1726432317511 0.13346177339553833 36
1726432317553 0.284184992313385 37
1726432317595 0.1946638822555542 38
1726432317636 0.2916339039802551 39
1726432317679 0.27611225843429565 40
1726432317721 0.23599624633789062 41
1726432317762 0.5195227861404419 42
1726432317803 0.09963230043649673 43
1726432317845 0.06191539764404297 44
1726432317887 0.15877199172973633 45
1726432317932 0.08791431784629822 46
1726432317974 0.16145676374435425 47
1726432318016 0.13339275121688843 48
1726432318058 0.06890127807855606 49
1726432318099 0.35408350825309753 50
1726432318140 0.17939156293869019 51
1726432318183 0.2633432149887085 52
1726432318225 0.13520178198814392 53
1726432318270 0.22817416489124298 54
1726432318312 0.16774192452430725 55
1726432318354 0.06483852863311768 56
1726432318395 0.0784006118774414 57
1726432318438 0.07453060150146484 58
1726432318480 0.079537034034729 59
1726432318522 0.08008778095245361 60
1726432318563 0.06995713710784912 61
1726432318605 0.3250998556613922 62
1726432318647 0.1302172839641571 63
1726432318689 0.07205450534820557 64
1726432318732 0.06167709827423096 65
1726432318774 0.07259917259216309 66
1726432318815 0.06249570846557617 67
1726432318858 0.1477718949317932 68
1726432318899 0.20071804523468018 69
1726432318945 0.46413174271583557 70
1726432318988 0.2398928850889206 71
1726432319037 0.3042280077934265 72
1726432319092 0.2105472832918167 73
1726432319140 0.17801907658576965 74
1726432319183 0.21246567368507385 75
1726432319227 0.2869870066642761 76
1726432319278 0.10806063562631607 77
1726432319325 0.043894413858652115 78
1726432319374 0.0698685273528099 79
1726432319420 0.04411053657531738 80
1726432319464 0.06503664702177048 81
1726432319515 0.049952879548072815 82
1726432319562 0.21005779504776 83
1726432319614 0.1563599705696106 84
1726432319669 0.06226062774658203 85
1726432319717 0.05076861381530762 86
1726432319757 0.05286264419555664 87
1726432319797 0.07852949947118759 88
1726432319837 0.22598396241664886 89
1726432319877 0.28689253330230713 90
1726432319918 0.13109120726585388 91
1726432319960 0.17013663053512573 92
1726432320002 0.26067256927490234 93
1726432320066 0.10490936785936356 94
1726432320114 0.0713043212890625 95
1726432320160 0.14484068751335144 96
1726432320214 0.24343495070934296 97
1726432320267 0.25348949432373047 98
1726432320311 0.2024969607591629 99
1726432320362 0.3958113193511963 100
1726432320405 0.25549280643463135 101
1726432320452 0.28835004568099976 102
1726432320498 0.7977753281593323 103
1726432320554 0.781000554561615 104
1726432320606 0.20287571847438812 105
1726432320649 0.2385469228029251 106
1726432320691 0.12093937397003174 107
1726432320732 0.06239044666290283 108
1726432320773 0.19360506534576416 109
1726432320814 0.6005657911300659 110
1726432320855 0.32405272126197815 111
1726432320896 0.06774663925170898 112
1726432320939 0.06723380088806152 113
1726432320980 0.1919548362493515 114
1726432321023 0.06909849494695663 115
1726432321063 0.22953814268112183 116
1726432321108 0.26943379640579224 117
1726432321151 0.03570449352264404 118
1726432321194 0.10445069521665573 119
1726432321237 0.14547288417816162 120
1726432321280 0.2534361481666565 121
1726432321321 0.04781031608581543 122
1726432321364 0.02773904800415039 123
1726432321406 0.06067368760704994 124
1726432321450 0.05527997016906738 125
1726432321492 0.0489346981048584 126
1726432321535 0.06889736652374268 127
1726432321577 0.20903630554676056 128
1726432321619 0.07262969017028809 129
1726432321663 0.07837247848510742 130
1726432321706 0.16920530796051025 131
1726432321749 0.3562714457511902 132
1726432321796 0.6859426498413086 133
1726432321855 0.31081438064575195 134
1726432321902 0.5761196613311768 135
1726432321946 0.24386687576770782 136
1726432321995 0.9562728404998779 137
1726432322040 0.7013265490531921 138
1726432322085 0.1260976940393448 139
1726432322130 0.14168304204940796 140
1726432322174 0.15042099356651306 141
1726432322229 0.06721664220094681 142
1726432322272 0.10992482304573059 143
1726432322319 0.16735795140266418 144
1726432322381 0.20359891653060913 145
1726432322430 0.14536866545677185 146
1726432322483 0.06203866004943848 147
1726432322534 0.16986185312271118 148
1726432322579 0.1704581081867218 149
1726432322626 0.2637792229652405 150
1726432322668 0.27245068550109863 151
1726432322713 0.586377739906311 152
1726432322770 0.24915510416030884 153
1726432322842 0.10285738110542297 154
1726432322899 0.14407342672348022 155
1726432322953 0.2928878664970398 156
1726432322997 0.07992124557495117 157
1726432323043 0.16076913475990295 158
1726432323084 0.15047454833984375 159
1726432323132 0.2551177144050598 160
1726432323179 0.09265942871570587 161
1726432323228 0.04608964920043945 162
1726432323283 0.05055654048919678 163
1726432323332 0.0579376220703125 164
1726432323387 0.0889253169298172 165
1726432323454 0.10621246695518494 166
1726432323500 0.22037115693092346 167
1726432323553 0.053960561752319336 168
1726432323610 0.07933878898620605 169
1726432323653 0.08332106471061707 170
1726432323703 0.11069996654987335 171
1726432323751 0.05319499969482422 172
1726432323803 0.06867635250091553 173
1726432323851 0.11411857604980469 174
1726432323896 0.12785232067108154 175
1726432323939 0.06801795959472656 176
1726432323984 0.16738203167915344 177
1726432324030 0.19272693991661072 178
1726432324085 0.7478867173194885 179
1726432324127 0.35952863097190857 180
1726432324167 0.11133037507534027 181
1726432324210 0.268693208694458 182
1726432324255 0.2262774109840393 183
1726432324307 0.2093057483434677 184
1726432324359 0.06410348415374756 185
1726432324416 0.1808629035949707 186
1726432324468 0.0724034458398819 187
1726432324531 0.07781696319580078 188
1726432324615 0.24268928170204163 189
1726432324676 0.0643683671951294 190
1726432324736 0.18812435865402222 191
1726432324778 0.4250950515270233 192
1726432324819 2.292551040649414 193
1726432324873 0.3048120141029358 194
1726432324915 0.3149305582046509 195
1726432324959 0.1059022843837738 196
1726432325006 0.0628058910369873 197
1726432325049 0.12418556213378906 198
1726432325092 0.09063082188367844 199
1726432325136 0.11656536161899567 200
1726432325180 0.05768990516662598 201
1726432325224 0.06331634521484375 202
1726432325268 0.10961516946554184 203
1726432325311 0.07257843017578125 204
1726432325355 0.015846729278564453 205
1726432325398 0.030844565480947495 206
1726432325442 0.06392073631286621 207
1726432325486 0.08228839933872223 208
1726432325533 0.09200819581747055 209
1726432325577 0.0966527983546257 210
1726432325621 0.19070062041282654 211
1726432325664 0.10206131637096405 212
1726432325708 0.05956423282623291 213
1726432325752 0.04360949993133545 214
1726432325795 0.0802687257528305 215
1726432325840 0.031871676445007324 216
1726432325886 0.021405816078186035 217
1726432325934 0.028174996376037598 218
1726432325983 0.05231499671936035 219
1726432326033 0.05388665199279785 220
1726432326082 0.11708667874336243 221
1726432326135 0.3122415542602539 222
1726432326198 0.06465017795562744 223
1726432326259 0.15977337956428528 224
1726432326319 0.24465543031692505 225
1726432326380 0.26738446950912476 226
1726432326440 0.0832967460155487 227
1726432326501 0.18826308846473694 228
1726432326560 0.3503110706806183 229
1726432326631 0.33325842022895813 230
1726432326702 0.05469977855682373 231
1726432326771 0.08172249794006348 232
1726432326839 0.10829002410173416 233
1726432326893 0.036484360694885254 234
1726432326942 0.2572847604751587 235
1726432326991 0.2040976881980896 236
1726432327041 0.1959407925605774 237
1726432327091 0.5998775362968445 238
1726432327144 0.4388899803161621 239
1726432327210 0.07985925674438477 240
1726432327265 0.06615090370178223 241
1726432327320 0.16868746280670166 242
1726432327375 0.06311672925949097 243
1726432327429 0.35457077622413635 244
1726432327485 0.0981982946395874 245
1726432327538 0.3593945801258087 246
1726432327601 0.1130099669098854 247
1726432327654 0.011571764945983887 248
1726432327707 0.0517117977142334 249
1726432327758 0.23494835197925568 250
1726432327810 0.33961567282676697 251
1726432327861 0.18866553902626038 252
1726432327913 0.08436086028814316 253
1726432327965 0.29502683877944946 254
1726432328017 0.22733627259731293 255
1726432328068 0.3613579571247101 256
1726432328120 0.251769483089447 257
1726432328173 0.39598044753074646 258
1726432328230 0.2421359270811081 259
1726432328284 0.24398688971996307 260
1726432328335 0.17184856534004211 261
1726432328389 0.07669836282730103 262
1726432328443 0.4314422607421875 263
1726432328497 0.5405551195144653 264
1726432328564 0.39439329504966736 265
1726432328633 0.37308600544929504 266
1726432328694 0.037113070487976074 267
1726432328751 0.05351614952087402 268
1726432328821 0.05755960941314697 269
1726432328874 0.1856107860803604 270
1726432328924 0.09232746809720993 271
1726432328975 0.05580770969390869 272
1726432329026 0.046385765075683594 273
1726432329082 0.25954127311706543 274
1726432329135 0.44909989833831787 275
1726432329192 0.7014591097831726 276
1726432329242 0.46772006154060364 277
1726432329292 0.3858833611011505 278
1726432329340 0.0652177557349205 279
1726432329389 0.16138476133346558 280
1726432329434 0.3556946814060211 281
1726432329480 0.2849217653274536 282
1726432329524 0.16745540499687195 283
1726432329568 0.11015322804450989 284
1726432329612 0.1356276124715805 285
1726432329656 0.07937216758728027 286
1726432329701 0.08182597160339355 287
1726432329745 0.17600160837173462 288
1726432329789 0.25673621892929077 289
1726432329833 0.07510828971862793 290
1726432329879 0.24531841278076172 291
1726432329925 0.0714271068572998 292
1726432329972 0.035898447036743164 293
1726432330019 0.03532302379608154 294
1726432330067 0.07297813892364502 295
1726432330114 0.04838830232620239 296
1726432330161 0.044623374938964844 297
1726432330207 0.1268259584903717 298
1726432330253 0.06907492130994797 299
1726432330298 0.12624691426753998 300
1726432330342 0.219959557056427 301
1726432330388 0.06053495407104492 302
1726432330433 0.05680680274963379 303
1726432330480 0.35388466715812683 304
1726432330526 0.25251275300979614 305
1726432330572 0.061635516583919525 306
1726432330617 0.03889179229736328 307
1726432330665 0.038378000259399414 308
1726432330713 0.09456248581409454 309
1726432330758 0.12402866780757904 310
1726432330805 0.097380630671978 311
1726432330857 0.16310986876487732 312
1726432330913 0.16649866104125977 313
1726432330969 0.07375571131706238 314
1726432331013 0.08382344245910645 315
1726432331056 0.17703595757484436 316
1726432331101 0.12703579664230347 317
1726432331147 0.1097652018070221 318
1726432331190 0.055054664611816406 319
1726432331234 0.2161315381526947 320
1726432331278 0.17317140102386475 321
1726432331322 0.09771217405796051 322
1726432331369 0.04445505142211914 323
1726432331414 0.2988348603248596 324
1726432331461 0.06982231140136719 325
1726432331508 0.20768971741199493 326
1726432331554 0.13598200678825378 327
1726432331599 0.09604001045227051 328
1726432331646 0.07211978733539581 329
1726432331692 0.06919646263122559 330
1726432331740 0.06860589981079102 331
1726432331786 0.12347818911075592 332
1726432331831 0.2646223306655884 333
1726432331877 0.07321691513061523 334
1726432331931 0.14494797587394714 335
1726432331980 0.2886337637901306 336
1726432332033 0.17571651935577393 337
1726432332076 0.13565215468406677 338
1726432332118 0.3090326488018036 339
1726432332163 0.11219555139541626 340
1726432332206 0.16019108891487122 341
1726432332251 0.10778617858886719 342
1726432332297 0.078328937292099 343
1726432332351 0.2993178367614746 344
1726432332397 0.12513434886932373 345
1726432332441 0.2364470362663269 346
1726432332485 0.3004828691482544 347
1726432332528 0.0817999467253685 348
1726432332571 0.07422439754009247 349
1726432332613 0.06393766403198242 350
1726432332655 0.12470206618309021 351
1726432332700 0.0444788932800293 352
1726432332746 0.10099062323570251 353
1726432332789 0.14114877581596375 354
1726432332833 0.22674934566020966 355
1726432332879 0.14158234000205994 356
1726432332923 0.147091805934906 357
1726432332968 0.07680296897888184 358
1726432333011 0.05743241310119629 359
1726432333054 0.0771949514746666 360
1726432333097 0.06358087062835693 361
1726432333140 0.08971169590950012 362
1726432333183 0.12144704908132553 363
1726432333227 0.05018961802124977 364
1726432333271 0.192009836435318 365
1726432333314 0.1364920735359192 366
1726432333357 0.06710684299468994 367
1726432333402 0.056589722633361816 368
1726432333446 0.1451112926006317 369
1726432333492 0.07150477170944214 370
1726432333540 0.05109727382659912 371
1726432333583 0.2052372246980667 372
1726432333628 0.1817440390586853 373
1726432333672 0.11762277781963348 374
1726432333716 0.06152462959289551 375
1726432333761 0.05579710006713867 376
1726432333808 0.07647669315338135 377
1726432333855 0.10223241150379181 378
1726432333899 0.08967278897762299 379
1726432333944 0.05672621726989746 380
1726432333990 0.05546975135803223 381
1726432334035 0.05975151062011719 382
1726432334080 0.05888569355010986 383
1726432334129 0.073028564453125 384
1726432334189 0.05767190456390381 385
1726432334241 0.0369720458984375 386
1726432334292 0.05147194862365723 387
1726432334335 0.05028530955314636 388
1726432334379 0.0631222054362297 389
1726432334425 0.03751230239868164 390
1726432334469 0.1745155304670334 391
1726432334513 0.08258204907178879 392
1726432334558 0.06722116470336914 393
1726432334603 0.10974998027086258 394
1726432334647 0.1681605726480484 395
1726432334691 0.07753265649080276 396
1726432334737 0.08739930391311646 397
1726432334782 0.030081510543823242 398
1726432334826 0.020342111587524414 399
1726432334872 0.05298304557800293 400
1726432334920 0.11146669089794159 401
1726432334965 0.1868785321712494 402
1726432335011 0.1952677071094513 403
1726432335056 0.13089661300182343 404
1726432335103 0.12215928733348846 405
1726432335148 0.05806076526641846 406
1726432335194 0.05806363746523857 407
1726432335239 0.1322542428970337 408
1726432335283 0.10599912703037262 409
1726432335330 0.10807763040065765 410
1726432335380 0.0760183334350586 411
1726432335428 0.05975067615509033 412
1726432335473 0.09847435355186462 413
1726432335519 0.21851952373981476 414
1726432335566 0.0779883861541748 415
1726432335616 0.07700753211975098 416
1726432335667 0.06895911693572998 417
1726432335710 0.06869029998779297 418
1726432335755 0.07081139087677002 419
1726432335801 0.13655582070350647 420
1726432335846 0.10256227850914001 421
1726432335892 0.16765674948692322 422
1726432335937 0.07570111751556396 423
1726432335983 0.05789172649383545 424
1726432336029 0.01079261302947998 425
1726432336080 0.17444385588169098 426
1726432336129 0.2757948637008667 427
1726432336174 0.2007134109735489 428
1726432336219 0.0491938591003418 429
1726432336268 0.04761004447937012 430
1726432336312 0.03934195637702942 431
1726432336357 0.03449976444244385 432
1726432336402 0.042264461517333984 433
1726432336446 0.08838909864425659 434
1726432336492 0.07795190811157227 435
1726432336537 0.07695400714874268 436
1726432336581 0.07089996337890625 437
1726432336625 0.2386859655380249 438
1726432336669 0.11914721131324768 439
1726432336713 0.09220538288354874 440
1726432336759 0.0818646103143692 441
1726432336804 0.06933903694152832 442
1726432336847 0.0664147138595581 443
1726432336892 0.06121969223022461 444
1726432336935 0.06178569793701172 445
1726432336979 0.12410388886928558 446
1726432337022 0.05674862861633301 447
1726432337064 0.17448289692401886 448
1726432337109 0.05437922477722168 449
1726432337154 0.053088512271642685 450
1726432337200 0.02204108238220215 451
1726432337245 0.019808173179626465 452
1726432337293 0.06755165755748749 453
1726432337339 0.011020660400390625 454
1726432337386 0.010977864265441895 455
1726432337432 0.010933995246887207 456
1726432337477 0.010888934135437012 457
1726432337524 0.19825464487075806 458
1726432337570 0.09236837923526764 459
1726432337615 0.068850576877594 460
1726432337661 0.04316067695617676 461
1726432337707 0.03745615482330322 462
1726432337754 0.0706101655960083 463
1726432337800 0.031127572059631348 464
1726432337846 0.04228949546813965 465
1726432337892 0.04373514652252197 466
1726432337937 0.05068612098693848 467
1726432337984 0.057997144758701324 468
1726432338030 0.032291412353515625 469
1726432338075 0.02459430694580078 470
1726432338120 0.023801684379577637 471
1726432338165 0.022982358932495117 472
1726432338210 0.12524458765983582 473
1726432338258 0.11458803713321686 474
1726432338303 0.05130565166473389 475
1726432338349 0.21356137096881866 476
1726432338395 0.16070488095283508 477
1726432338441 0.04032278060913086 478
1726432338486 0.03452563285827637 479
1726432338531 0.031089305877685547 480
1726432338576 0.04501377418637276 481
1726432338621 0.08654531091451645 482
1726432338666 0.09327571094036102 483
1726432338711 0.25355011224746704 484
1726432338757 0.09123311936855316 485
1726432338802 0.1072368174791336 486
1726432338847 0.10740210115909576 487
1726432338893 0.07846486568450928 488
1726432338939 0.07794415950775146 489
1726432338984 0.07734513282775879 490
1726432339028 0.0766521692276001 491
1726432339071 0.07279741764068604 492
1726432339116 0.0691285952925682 493
1726432339165 0.08059965074062347 494
1726432339212 0.14145809412002563 495
1726432339256 0.14844045042991638 496
1726432339301 0.07127821445465088 497
1726432339346 0.06219315528869629 498
1726432339391 0.061058878898620605 499
1726432339435 0.052735090255737305 500
1726432339480 0.05771458148956299 501
1726432339526 0.07013368606567383 502
1726432339571 0.08041251450777054 503
1726432339616 0.06314218044281006 504
1726432339661 0.1940404772758484 505
1726432339706 0.27074718475341797 506
1726432339754 0.0790603905916214 507
1726432339802 0.06266868114471436 508
1726432339865 0.06183803081512451 509
1726432339932 0.09546448290348053 510
1726432339981 0.0603327751159668 511
1726432340033 0.12777000665664673 512
1726432340085 0.1716599464416504 513
1726432340138 0.060443442314863205 514
1726432340193 0.12431954592466354 515
1726432340254 0.09686324000358582 516
1726432340308 0.041724659502506256 517
1726432340363 0.04852783679962158 518
1726432340421 0.04558753967285156 519
1726432340476 0.04077792167663574 520
1726432340531 0.063560850918293 521
1726432340587 0.05010688304901123 522
1726432340643 0.05488324165344238 523
1726432340700 0.054022908210754395 524
1726432340757 0.0408334881067276 525
1726432340815 0.03553485870361328 526
1726432340883 0.03512132167816162 527
1726432340964 0.05321764945983887 528
1726432341044 0.052133798599243164 529
1726432341120 0.05095362663269043 530
1726432341194 0.049652814865112305 531
1726432341249 0.04819464683532715 532
1726432341301 0.05692756175994873 533
1726432341353 0.05829165130853653 534
1726432341405 0.051500558853149414 535
1726432341456 0.04711413383483887 536
1726432341510 0.04355597496032715 537
1726432341563 0.042951345443725586 538
1726432341614 0.09086145460605621 539
1726432341668 0.04675567150115967 540
1726432341721 0.04515683650970459 541
1726432341774 0.0537724494934082 542
1726432341828 0.052060723304748535 543
1726432341882 0.044495582580566406 544
1726432341953 0.04402792453765869 545
1726432342016 0.04355788230895996 546
1726432342079 0.04367721080780029 547
1726432342154 0.043497562408447266 548
1726432342224 0.12201598286628723 549
1726432342277 0.11952018737792969 550
1726432342331 0.0639493465423584 551
1726432342385 0.062185049057006836 552
1726432342460 0.06168675422668457 553
1726432342517 0.056792259216308594 554
1726432342577 0.05616742745041847 555
1726432342655 0.06264937669038773 556
1726432342730 0.03866255283355713 557
1726432342785 0.06565070152282715 558
1726432342839 0.06548218429088593 559
1726432342894 0.1836249828338623 560
1726432342952 0.09291833639144897 561
1726432343007 0.08780290186405182 562
1726432343062 0.12681137025356293 563
1726432343117 0.06732010841369629 564
1726432343172 0.047951579093933105 565
1726432343228 0.04499220848083496 566
1726432343285 0.04148507118225098 567
1726432343342 0.0372157096862793 568
1726432343399 0.08859612047672272 569
1726432343457 0.10893753170967102 570
1726432343513 0.0850634053349495 571
1726432343570 0.07679807394742966 572
1726432343626 0.08287343382835388 573
1726432343682 0.06892514228820801 574
1726432343739 0.06588518619537354 575
1726432343796 0.06020247936248779 576
1726432343857 0.15273034572601318 577
1726432343913 0.09178152680397034 578
1726432343969 0.0428011417388916 579
1726432344026 0.042267560958862305 580
1726432344083 0.04172921180725098 581
1726432344140 0.041185975074768066 582
1726432344195 0.04064905643463135 583
1726432344252 0.040174007415771484 584
1726432344312 0.039694905281066895 585
1726432344370 0.03921091556549072 586
1726432344430 0.03872203826904297 587
1726432344487 0.0374603271484375 588
1726432344545 0.0328831672668457 589
1726432344600 0.05401518568396568 590
1726432344652 0.06092435121536255 591
1726432344704 0.11054717004299164 592
1726432344754 0.0996713638305664 593
1726432344804 0.08081947267055511 594
1726432344852 0.0780191421508789 595
1726432344899 0.09847678989171982 596
1726432344959 0.06341636180877686 597
1726432345008 0.06209969520568848 598
1726432345053 0.06058764457702637 599
1726432345099 0.05883169174194336 600
1726432345144 0.06550991535186768 601
1726432345189 0.06212902069091797 602
1726432345240 0.05736887454986572 603
1726432345301 0.0778353288769722 604
1726432345351 0.07845616340637207 605
1726432345405 0.07784831523895264 606
1726432345460 0.07707881927490234 607
1726432345530 0.05514109134674072 608
1726432345588 0.05428290367126465 609
1726432345645 0.05338430404663086 610
1726432345699 0.054644349962472916 611
1726432345754 0.03907632827758789 612
1726432345811 0.03864598274230957 613
1726432345875 0.03821432590484619 614
1726432345931 0.037781476974487305 615
1726432345991 0.03734719753265381 616
1726432346068 0.04793548583984375 617
1726432346125 0.046106576919555664 618
1726432346185 0.04448413848876953 619
1726432346249 0.042711853981018066 620
1726432346309 0.040755271911621094 621
1726432346370 0.03856205940246582 622
1726432346429 0.03502058982849121 623
1726432346489 0.03395199775695801 624
1726432346548 0.026926755905151367 625
1726432346604 0.02165830135345459 626
1726432346661 0.024170875549316406 627
1726432346716 0.020317554473876953 628
1726432346767 0.013877272605895996 629
1726432346815 0.009382963180541992 630
1726432346864 0.009292364120483398 631
1726432346912 0.009198904037475586 632
1726432346960 0.009102821350097656 633
1726432347007 0.009003996849060059 634
1726432347056 0.008902311325073242 635
1726432347109 0.024240970611572266 636
1726432347159 0.06017670780420303 637
1726432347208 0.05695915222167969 638
1726432347255 0.05606675148010254 639
1726432347303 0.05137896537780762 640
1726432347355 0.04863870143890381 641
1726432347402 0.04474020004272461 642
1726432347450 0.04105730727314949 643
1726432347497 0.03594779968261719 644
1726432347544 0.055170536041259766 645
1726432347590 0.06394171714782715 646
1726432347640 0.06691503524780273 647
1726432347691 0.029485225677490234 648
1726432347745 0.025669336318969727 649
1726432347796 0.044942378997802734 650
1726432347845 0.038652896881103516 651
1726432347892 0.045027971267700195 652
1726432347938 0.04083585739135742 653
1726432347983 0.015505075454711914 654
1726432348029 0.010635733604431152 655
1726432348073 0.010582447052001953 656
1726432348118 0.01156473159790039 657
1726432348163 0.011540889739990234 658
1726432348207 0.011516213417053223 659
1726432348252 0.011491060256958008 660
1726432348298 0.011465311050415039 661
1726432348344 0.011438846588134766 662
1726432348390 0.011411428451538086 663
1726432348435 0.011383652687072754 664
1726432348478 0.011354923248291016 665
1726432348524 0.011325597763061523 666
1726432348570 0.011295437812805176 667
1726432348614 0.011264324188232422 668
1726432348658 0.011232614517211914 669
1726432348703 0.011199951171875 670
1726432348747 0.01116645336151123 671
1726432348793 0.011132001876831055 672
1726432348838 0.011096715927124023 673
1726432348884 0.03923177719116211 674
1726432348929 0.035526275634765625 675
1726432348975 0.0354042686522007 676
1726432349020 0.07292048633098602 677
1726432349066 0.013756036758422852 678
1726432349116 0.013735771179199219 679
1726432349163 0.013715028762817383 680
1726432349211 0.013693571090698242 681
1726432349257 0.018999218940734863 682
1726432349305 0.014612913131713867 683
1726432349351 0.01016378402709961 684
1726432349396 0.010108232498168945 685
1726432349444 0.010051369667053223 686
1726432349494 0.00999295711517334 687
1726432349540 0.009933233261108398 688
1726432349586 0.009871959686279297 689
1726432349629 0.007058382034301758 690
1726432349673 0.009786844253540039 691
1726432349720 0.009673357009887695 692
1726432349766 0.009557008743286133 693
1726432349814 0.01692783832550049 694
1726432349861 0.009107470512390137 695
1726432349914 0.00502324104309082 696
1726432349984 0.0057468414306640625 697
1726432350051 0.005551576614379883 698
1726432350103 0.022590603679418564 699
1726432350171 0.008452892303466797 700
1726432350236 0.008328795433044434 701
1726432350294 0.008200764656066895 702
1726432350339 0.008068323135375977 703
1726432350385 0.007931351661682129 704
1726432350430 0.0077898502349853516 705
1726432350475 0.007642984390258789 706
1726432350518 0.007491350173950195 707
1726432350571 0.007334470748901367 708
1726432350629 0.0071718692779541016 709
1726432350687 0.0070035457611083984 710
1726432350734 0.006829261779785156 711
1726432350783 0.006648540496826172 712
1726432350840 0.0064612627029418945 713
1726432350884 0.006266951560974121 714
1726432350926 0.0060656070709228516 715
1726432350968 0.006821036338806152 716
1726432351012 0.006648421287536621 717
1726432351062 0.006470084190368652 718
1726432351127 0.006285429000854492 719
1726432351181 0.006094694137573242 720
1726432351231 0.0058972835540771484 721
1726432351288 0.00569307804107666 722
1726432351335 0.005481719970703125 723
1726432351383 0.00526273250579834 724
1726432351433 0.005036115646362305 725
1726432351493 0.004801392555236816 726
1726432351541 0.004558086395263672 727
1726432351597 0.004305601119995117 728
1726432351643 0.0040438175201416016 729
1726432351686 0.003772258758544922 730
1726432351731 0.0034902095794677734 731
1726432351776 0.003197193145751953 732
1726432351823 0.002892613410949707 733
1726432351868 0.0025758743286132812 734
1726432351912 0.0014148950576782227 735
1726432351956 0.0012278556823730469 736
1726432352001 0.035450611263513565 737
1726432352049 0.007143735885620117 738
1726432352094 0.006982207298278809 739
1726432352139 0.006815552711486816 740
1726432352186 0.01369333267211914 741
1726432352231 0.010176301002502441 742
1726432352289 0.006011962890625 743
1726432352334 0.0007562637329101562 744
1726432352378 0.00026977062225341797 745
1726432352421 -0.0002484321594238281 746
1726432352467 -0.0008022785186767578 747
1726432352513 -0.00139617919921875 748
1726432352559 -0.004246709402650595 749
1726432352609 0.04005605727434158 750
1726432352662 -0.003664374351501465 751
1726432352710 -0.010387420654296875 752
1726432352765 -0.016562342643737793 753
1726432352816 -0.0180436372756958 754
1726432352866 -0.0180436372756958 755
