1727300820662 2.3011937141418457 0
1727300820698 2.144253730773926 1
1727300820731 2.219994068145752 2
1727300820765 2.1179614067077637 3
1727300820801 2.0952744483947754 4
1727300820835 2.0722386837005615 5
1727300820868 2.234339714050293 6
1727300820904 2.2337405681610107 7
1727300820939 2.081901788711548 8
1727300820974 2.178771734237671 9
1727300821009 2.0735509395599365 10
1727300821043 1.9504930973052979 11
1727300821087 1.811012864112854 12
1727300821124 1.463078498840332 13
1727300821161 2.04883074760437 14
1727300821199 1.9164202213287354 15
1727300821234 1.7084881067276 16
1727300821267 2.098452091217041 17
1727300821306 2.032047748565674 18
1727300821339 2.099311351776123 19
1727300821375 2.1778087615966797 20
1727300821409 2.142627000808716 21
1727300821441 1.9242820739746094 22
1727300821476 2.083709955215454 23
1727300821512 2.163081407546997 24
1727300821550 1.888829231262207 25
1727300821589 2.016472816467285 26
1727300821627 2.1259686946868896 27
1727300821666 2.233044147491455 28
1727300821710 2.101151704788208 29
1727300821753 2.151313066482544 30
1727300821803 2.1340577602386475 31
1727300821860 1.9944310188293457 32
1727300821907 2.2279505729675293 33
1727300821952 2.164008855819702 34
1727300821995 2.0546278953552246 35
1727300822041 2.0242927074432373 36
1727300822087 2.180286169052124 37
1727300822128 1.95150887966156 38
1727300822180 2.165363311767578 39
1727300822224 1.8491572141647339 40
1727300822265 2.1058783531188965 41
1727300822309 2.1542747020721436 42
1727300822348 2.1228911876678467 43
1727300822388 2.112776517868042 44
1727300822429 2.021266460418701 45
1727300822470 2.0216000080108643 46
1727300822511 2.112698554992676 47
1727300822549 1.77298104763031 48
1727300822587 2.2157275676727295 49
1727300822623 2.0035786628723145 50
1727300822659 2.1362690925598145 51
1727300822694 2.233044147491455 52
1727300822728 2.0506982803344727 53
1727300822763 2.1749229431152344 54
1727300822801 2.1758041381835938 55
1727300822835 2.069549322128296 56
1727300822868 2.171271800994873 57
1727300822902 2.0011472702026367 58
1727300822935 2.1694421768188477 59
1727300822967 1.8706347942352295 60
1727300823000 2.0102851390838623 61
1727300823033 2.2095298767089844 62
1727300823066 2.075794219970703 63
1727300823098 2.107923984527588 64
1727300823132 2.0872559547424316 65
1727300823173 1.9587339162826538 66
1727300823209 2.1185667514801025 67
1727300823242 1.9567654132843018 68
1727300823275 2.038454532623291 69
1727300823317 1.9428753852844238 70
1727300823351 1.3716657161712646 71
1727300823385 2.189795732498169 72
1727300823417 2.0792593955993652 73
1727300823449 2.225687265396118 74
1727300823483 2.119920015335083 75
1727300823518 2.031529426574707 76
1727300823551 2.2087316513061523 77
1727300823584 2.154891014099121 78
1727300823616 2.1689794063568115 79
1727300823651 1.9601956605911255 80
1727300823682 1.4678974151611328 81
1727300823714 2.1267712116241455 82
1727300823747 2.1171252727508545 83
1727300823781 2.0727245807647705 84
1727300823824 2.2146408557891846 85
1727300823869 2.057403087615967 86
1727300823917 2.1338396072387695 87
1727300823960 1.6906038522720337 88
1727300824003 2.0313472747802734 89
1727300824052 1.9122483730316162 90
1727300824098 2.1384449005126953 91
1727300824139 2.1982364654541016 92
1727300824181 2.1234970092773438 93
1727300824222 2.133725881576538 94
1727300824259 2.1253092288970947 95
1727300824295 2.1885714530944824 96
1727300824331 2.1163718700408936 97
1727300824364 2.117093086242676 98
1727300824398 2.2055768966674805 99
1727300824434 2.1049933433532715 100
1727300824470 2.0654516220092773 101
1727300824506 2.0993056297302246 102
1727300824543 2.0320656299591064 103
1727300824580 2.0340218544006348 104
1727300824617 2.08001708984375 105
1727300824657 2.1620450019836426 106
1727300824695 2.1073708534240723 107
1727300824730 2.116091251373291 108
1727300824804 2.0739736557006836 109
1727300824894 2.1781201362609863 110
1727300824979 2.0990195274353027 111
1727300825057 2.1470589637756348 112
1727300825113 2.1238837242126465 113
1727300825159 2.003675937652588 114
1727300825202 1.9054837226867676 115
1727300825242 2.2093756198883057 116
1727300825281 2.1030495166778564 117
1727300825323 2.154409646987915 118
1727300825358 2.1679725646972656 119
1727300825393 2.0695908069610596 120
1727300825429 2.2378745079040527 121
1727300825472 2.229527711868286 122
1727300825513 2.100482225418091 123
1727300825551 2.0393316745758057 124
1727300825587 2.0637619495391846 125
1727300825623 1.9920284748077393 126
1727300825659 2.2408559322357178 127
1727300825695 1.9678515195846558 128
1727300825730 2.0098795890808105 129
1727300825765 1.8761088848114014 130
1727300825803 2.0949652194976807 131
1727300825840 2.1705851554870605 132
1727300825878 2.166454315185547 133
1727300825914 2.0151455402374268 134
1727300825953 1.822558045387268 135
1727300825995 2.0613417625427246 136
1727300826034 2.2298078536987305 137
1727300826076 1.8836424350738525 138
1727300826114 2.0226120948791504 139
1727300826154 1.9581019878387451 140
1727300826192 2.1268155574798584 141
1727300826229 2.126577377319336 142
1727300826267 2.142462730407715 143
1727300826310 2.215664863586426 144
1727300826350 2.168797254562378 145
1727300826396 2.1212575435638428 146
1727300826439 1.8404401540756226 147
1727300826485 2.0722970962524414 148
1727300826530 2.13103985786438 149
1727300826577 2.0828733444213867 150
1727300826623 2.161360263824463 151
1727300826668 2.1789774894714355 152
1727300826713 1.9980673789978027 153
1727300826759 1.926526427268982 154
1727300826805 1.6618354320526123 155
1727300826840 1.8183215856552124 156
1727300826875 1.9788548946380615 157
1727300826913 2.0992727279663086 158
1727300826951 2.047276496887207 159
1727300826988 1.9984747171401978 160
1727300827029 1.7041374444961548 161
1727300827065 2.1552724838256836 162
1727300827100 2.1681439876556396 163
1727300827139 2.172398805618286 164
1727300827176 2.013740301132202 165
1727300827210 1.9723976850509644 166
1727300827245 2.1084375381469727 167
1727300827279 2.0713601112365723 168
1727300827316 1.957647442817688 169
1727300827351 2.16336727142334 170
1727300827387 2.1053731441497803 171
1727300827422 2.066960334777832 172
1727300827455 2.0865068435668945 173
1727300827491 1.9895156621932983 174
1727300827524 2.1582913398742676 175
1727300827557 2.011723041534424 176
1727300827590 2.1841039657592773 177
1727300827622 1.9540133476257324 178
1727300827655 2.1870131492614746 179
1727300827688 2.1342124938964844 180
1727300827722 1.5344386100769043 181
1727300827754 1.335769772529602 182
1727300827788 1.9560174942016602 183
1727300827822 1.9474012851715088 184
1727300827864 2.0669140815734863 185
1727300827902 2.065619707107544 186
1727300827940 2.0486199855804443 187
1727300827978 2.153777837753296 188
1727300828018 2.229732036590576 189
1727300828063 2.166562080383301 190
1727300828110 2.1188929080963135 191
1727300828160 1.842760443687439 192
1727300828205 2.0563066005706787 193
1727300828249 2.229365348815918 194
1727300828295 2.026986837387085 195
1727300828336 1.9394093751907349 196
1727300828372 2.232074499130249 197
1727300828406 2.0643258094787598 198
1727300828441 2.247610569000244 199
1727300828474 2.0451927185058594 200
1727300828507 2.1631038188934326 201
1727300828540 2.0839319229125977 202
1727300828573 1.933224081993103 203
1727300828604 2.142164707183838 204
1727300828636 2.2048802375793457 205
1727300828670 2.2242724895477295 206
1727300828706 2.12788987159729 207
1727300828742 2.1218626499176025 208
1727300828786 2.1028053760528564 209
1727300828828 2.1883678436279297 210
1727300828871 1.937058925628662 211
1727300828920 1.990119457244873 212
1727300828963 2.0671439170837402 213
1727300829003 2.0257463455200195 214
1727300829048 1.603991985321045 215
1727300829089 2.227452039718628 216
1727300829125 2.261570930480957 217
1727300829169 2.0727052688598633 218
1727300829203 2.1848692893981934 219
1727300829237 2.2234151363372803 220
1727300829275 2.063366174697876 221
1727300829316 2.067371368408203 222
1727300829354 2.137556552886963 223
1727300829392 2.1690452098846436 224
1727300829430 2.0019595623016357 225
1727300829465 2.2179908752441406 226
1727300829499 2.1360228061676025 227
1727300829533 2.2342443466186523 228
1727300829568 2.2373881340026855 229
1727300829602 2.12359619140625 230
1727300829635 2.1699090003967285 231
1727300829667 1.978259801864624 232
1727300829700 1.591554045677185 233
1727300829732 2.035086154937744 234
1727300829766 2.1298468112945557 235
1727300829804 2.1765236854553223 236
1727300829840 2.108358383178711 237
1727300829876 2.0506985187530518 238
1727300829914 2.059305191040039 239
1727300829956 2.0501174926757812 240
1727300829996 2.067892551422119 241
1727300830037 2.0734262466430664 242
1727300830080 1.9152147769927979 243
1727300830122 2.127439022064209 244
1727300830168 2.1497445106506348 245
1727300830222 2.110698938369751 246
1727300830269 2.1550731658935547 247
1727300830313 1.9875048398971558 248
1727300830357 2.0592010021209717 249
1727300830398 2.162476062774658 250
1727300830440 2.229579448699951 251
1727300830479 2.1265695095062256 252
1727300830514 2.2001991271972656 253
1727300830555 2.106466770172119 254
1727300830591 2.0334837436676025 255
1727300830625 2.2313904762268066 256
1727300830660 2.137108087539673 257
1727300830703 2.184393882751465 258
1727300830744 2.158193349838257 259
1727300830799 2.095362424850464 260
1727300830852 1.8916425704956055 261
1727300830895 2.1436009407043457 262
1727300830937 2.1065573692321777 263
1727300830978 2.078127384185791 264
1727300831022 2.100334405899048 265
1727300831060 1.8376007080078125 266
1727300831097 2.1602368354797363 267
1727300831133 2.1233463287353516 268
1727300831169 2.095670700073242 269
1727300831205 2.172758102416992 270
1727300831240 2.1096644401550293 271
1727300831274 1.9933593273162842 272
1727300831309 1.920884609222412 273
1727300831343 2.1944377422332764 274
1727300831383 1.5632994174957275 275
1727300831417 1.2344979047775269 276
1727300831454 1.2344979047775269 277
