1727302984178 2e-05 0
1727302984213 3.7930569648742676 1
1727302984247 4.4721360206604 2
1727302984281 5.099019527435303 3
1727302984316 4.4721360206604 4
1727302984353 4.0 5
1727302984391 5.099019527435303 6
1727302984430 5.099019527435303 7
1727302984466 5.291502475738525 8
1727302984507 4.898979663848877 9
1727302984546 4.4721360206604 10
1727302984584 4.690415859222412 11
1727302984622 5.291502475738525 12
1727302984658 5.4772257804870605 13
1727302984696 5.099019527435303 14
1727302984732 5.291502475738525 15
1727302984768 4.898979663848877 16
1727302984806 4.690415859222412 17
1727302984843 4.242640495300293 18
1727302984878 4.242640495300293 19
1727302984914 4.690415859222412 20
1727302984949 4.898979663848877 21
1727302984986 4.898979663848877 22
1727302985020 5.099019527435303 23
1727302985056 4.690415859222412 24
1727302985091 4.898979663848877 25
1727302985126 5.099019527435303 26
1727302985161 5.099019527435303 27
1727302985196 4.4721360206604 28
1727302985231 5.099019527435303 29
1727302985266 5.291502475738525 30
1727302985302 4.4721360206604 31
1727302985338 5.291502475738525 32
1727302985374 4.242640495300293 33
1727302985410 4.690415859222412 34
1727302985444 5.4772257804870605 35
1727302985478 5.099019527435303 36
1727302985512 4.0 37
1727302985547 4.898979663848877 38
1727302985581 5.099019527435303 39
1727302985618 4.0 40
1727302985654 4.898979663848877 41
1727302985688 4.690415859222412 42
1727302985724 5.099019527435303 43
1727302985760 5.291502475738525 44
1727302985795 3.7416574954986572 45
1727302985829 4.898979663848877 46
1727302985866 4.898979663848877 47
1727302985907 5.291502475738525 48
1727302985954 5.099019527435303 49
1727302985990 4.898979663848877 50
1727302986023 5.099019527435303 51
1727302986059 5.4772257804870605 52
1727302986094 4.898979663848877 53
1727302986130 4.898979663848877 54
1727302986167 4.848479270935059 55
1727302986203 4.937938690185547 56
1727302986240 4.0 57
1727302986276 4.4721360206604 58
1727302986311 5.291502475738525 59
1727302986345 4.242640495300293 60
1727302986380 5.099019527435303 61
1727302986415 4.690415859222412 62
1727302986450 5.291502475738525 63
1727302986485 5.099019527435303 64
1727302986521 4.690415859222412 65
1727302986556 4.242640495300293 66
1727302986592 5.291502475738525 67
1727302986628 4.690415859222412 68
1727302986663 4.898979663848877 69
1727302986698 4.690415859222412 70
1727302986732 5.099019527435303 71
1727302986767 4.242640495300293 72
1727302986802 5.291502475738525 73
1727302986837 3.464101552963257 74
1727302986871 4.795831680297852 75
1727302986906 4.898979663848877 76
1727302986942 5.099019527435303 77
1727302986976 4.898979663848877 78
1727302987010 4.898979663848877 79
1727302987044 4.4721360206604 80
1727302987079 4.898979663848877 81
1727302987115 4.898979663848877 82
1727302987149 5.291502475738525 83
1727302987184 4.898979663848877 84
1727302987218 4.242640495300293 85
1727302987253 4.690415859222412 86
1727302987287 4.690415859222412 87
1727302987321 4.898979663848877 88
1727302987356 4.242640495300293 89
1727302987390 5.291502475738525 90
1727302987425 5.099019527435303 91
1727302987460 4.690415859222412 92
1727302987496 4.242640495300293 93
1727302987535 5.291502475738525 94
1727302987574 4.898979663848877 95
1727302987614 4.0 96
1727302987650 4.0 97
1727302987689 4.0 98
1727302987730 4.4721360206604 99
1727302987768 4.242640495300293 100
1727302987807 4.242640495300293 101
1727302987849 5.291502475738525 102
1727302987891 5.4772257804870605 103
1727302987936 5.099019527435303 104
1727302987983 5.4772257804870605 105
1727302988026 4.898979663848877 106
1727302988068 5.291502475738525 107
1727302988111 5.099019527435303 108
1727302988154 4.898979663848877 109
1727302988198 4.898979663848877 110
1727302988245 3.7416574954986572 111
1727302988289 5.099019527435303 112
1727302988335 4.898979663848877 113
1727302988381 4.690415859222412 114
1727302988426 4.898979663848877 115
1727302988468 5.083120346069336 116
1727302988509 4.473900318145752 117
1727302988548 5.099019527435303 118
1727302988588 5.099019527435303 119
1727302988635 5.099019527435303 120
1727302988676 5.099019527435303 121
1727302988717 5.291502475738525 122
1727302988755 4.242640495300293 123
1727302988794 5.291502475738525 124
1727302988834 5.099019527435303 125
1727302988873 4.690415859222412 126
1727302988909 4.4721360206604 127
1727302988945 5.4772257804870605 128
1727302988979 4.898979663848877 129
1727302989013 4.242640495300293 130
1727302989048 5.291502475738525 131
1727302989082 4.4721360206604 132
1727302989116 5.291502475738525 133
1727302989151 4.690415859222412 134
1727302989187 4.690415859222412 135
1727302989228 5.291502475738525 136
1727302989264 4.4721360206604 137
1727302989300 5.291502475738525 138
1727302989336 4.242640495300293 139
1727302989370 5.099019527435303 140
1727302989405 4.690415859222412 141
1727302989440 5.291502475738525 142
1727302989475 4.898979663848877 143
1727302989510 5.291502475738525 144
1727302989544 5.291502475738525 145
1727302989581 4.4721360206604 146
1727302989616 5.099019527435303 147
1727302989654 5.099019527435303 148
1727302989688 4.898979663848877 149
1727302989722 3.7416574954986572 150
1727302989760 4.242640495300293 151
1727302989798 4.690415859222412 152
1727302989833 4.898979663848877 153
1727302989869 4.898979663848877 154
1727302989905 4.0 155
1727302989940 0.0 156
