1727302286484 2.3032279014587402 0
1727302286523 2.149073839187622 1
1727302286560 1.970464825630188 2
1727302286597 2.1434624195098877 3
1727302286631 2.0770103931427 4
1727302286666 2.1319382190704346 5
1727302286699 2.06563138961792 6
1727302286734 2.059257984161377 7
1727302286766 1.946764349937439 8
1727302286800 2.1333069801330566 9
1727302286836 1.981079339981079 10
1727302286872 2.09244441986084 11
1727302286907 2.109600782394409 12
1727302286942 2.080227851867676 13
1727302286977 2.1060893535614014 14
1727302287012 2.0189831256866455 15
1727302287048 2.050039768218994 16
1727302287082 2.2136785984039307 17
1727302287117 2.1355433464050293 18
1727302287152 2.051774024963379 19
1727302287187 2.1893179416656494 20
1727302287222 2.031475305557251 21
1727302287256 2.055100679397583 22
1727302287291 2.2011756896972656 23
1727302287326 1.7751843929290771 24
1727302287360 2.047447919845581 25
1727302287398 2.1262705326080322 26
1727302287435 2.126185417175293 27
1727302287470 2.262381076812744 28
1727302287505 2.203899621963501 29
1727302287540 2.2726004123687744 30
1727302287575 2.1311378479003906 31
1727302287609 2.1882314682006836 32
1727302287646 2.132467746734619 33
1727302287682 2.200218677520752 34
1727302287717 2.166409730911255 35
1727302287751 2.1495542526245117 36
1727302287786 2.189859390258789 37
1727302287820 1.8732589483261108 38
1727302287854 2.1303672790527344 39
1727302287889 1.7628612518310547 40
1727302287927 2.1019935607910156 41
1727302287964 2.0973854064941406 42
1727302287998 2.035074234008789 43
1727302288032 2.210106611251831 44
1727302288066 2.155817747116089 45
1727302288101 2.108630895614624 46
1727302288136 2.216172695159912 47
1727302288173 2.1470589637756348 48
1727302288208 2.11462664604187 49
1727302288243 2.173157215118408 50
1727302288277 2.1625075340270996 51
1727302288312 2.144162178039551 52
1727302288345 2.09870982170105 53
1727302288383 2.1911346912384033 54
1727302288424 1.8613122701644897 55
1727302288463 2.120384693145752 56
1727302288498 2.1324424743652344 57
1727302288535 2.1872096061706543 58
1727302288573 2.1073741912841797 59
1727302288607 1.335769772529602 60
1727302288641 2.073997974395752 61
1727302288678 1.9760518074035645 62
1727302288712 1.9532346725463867 63
1727302288748 2.137267827987671 64
1727302288783 2.1729700565338135 65
1727302288816 2.161278247833252 66
1727302288852 2.161360263824463 67
1727302288887 2.054109573364258 68
1727302288924 2.242800712585449 69
1727302288964 2.179682493209839 70
1727302289000 2.1092236042022705 71
1727302289038 1.9243073463439941 72
1727302289076 2.1210033893585205 73
1727302289114 2.23502254486084 74
1727302289151 2.1095423698425293 75
1727302289190 2.05279278755188 76
1727302289228 2.1568267345428467 77
1727302289264 1.958124041557312 78
1727302289301 2.1512227058410645 79
1727302289337 2.166121482849121 80
1727302289375 2.20389986038208 81
1727302289414 2.0794172286987305 82
1727302289451 2.051704168319702 83
1727302289486 2.128998279571533 84
1727302289521 2.094125747680664 85
1727302289560 1.9481796026229858 86
1727302289599 2.0856480598449707 87
1727302289635 1.917551040649414 88
1727302289673 2.1265697479248047 89
1727302289706 2.0273427963256836 90
1727302289742 2.0805017948150635 91
1727302289776 2.098792791366577 92
1727302289811 2.137558937072754 93
1727302289847 2.16243839263916 94
1727302289884 1.966546654701233 95
1727302289921 2.108729839324951 96
1727302289956 1.989778995513916 97
1727302289990 2.1509337425231934 98
1727302290025 2.1072702407836914 99
1727302290059 2.1872096061706543 100
1727302290095 2.1752843856811523 101
1727302290130 1.9783390760421753 102
1727302290169 1.9452141523361206 103
1727302290207 1.9434683322906494 104
1727302290243 2.070061445236206 105
1727302290280 2.0918807983398438 106
1727302290316 1.9463484287261963 107
1727302290353 2.188990592956543 108
1727302290389 1.9509971141815186 109
1727302290426 2.0414981842041016 110
1727302290461 2.078646659851074 111
1727302290494 2.080050468444824 112
1727302290528 1.9003924131393433 113
1727302290563 2.069098472595215 114
1727302290598 1.9040993452072144 115
1727302290631 1.9639430046081543 116
1727302290667 2.0034708976745605 117
1727302290704 2.226006507873535 118
1727302290739 1.9865018129348755 119
1727302290773 2.173157215118408 120
1727302290811 2.115701198577881 121
1727302290851 1.335769772529602 122
1727302290891 2.2029762268066406 123
1727302290937 2.1110188961029053 124
1727302290974 1.9885456562042236 125
1727302291013 2.1506428718566895 126
1727302291052 2.040536880493164 127
1727302291091 2.1255738735198975 128
1727302291129 2.140653610229492 129
1727302291165 2.214782238006592 130
1727302291201 1.9803563356399536 131
1727302291238 2.0422093868255615 132
1727302291273 2.152038335800171 133
1727302291308 2.142972469329834 134
1727302291344 2.1727542877197266 135
1727302291380 2.1215009689331055 136
1727302291416 1.9768258333206177 137
1727302291452 2.1156487464904785 138
1727302291486 2.0897457599639893 139
1727302291520 2.131481647491455 140
1727302291555 2.1322181224823 141
1727302291589 2.0327019691467285 142
1727302291626 2.0870842933654785 143
1727302291676 2.1472558975219727 144
1727302291723 1.6133644580841064 145
1727302291771 2.065319061279297 146
1727302291818 2.0777719020843506 147
1727302291858 1.2344979047775269 148
1727302291897 2.106428384780884 149
1727302291939 1.9577113389968872 150
1727302291980 2.2001991271972656 151
1727302292021 2.229170322418213 152
1727302292060 2.0514628887176514 153
1727302292101 1.9763678312301636 154
1727302292144 2.0063138008117676 155
1727302292186 2.0936946868896484 156
1727302292229 2.2607762813568115 157
1727302292270 2.2170090675354004 158
1727302292313 2.1286122798919678 159
1727302292355 2.1566789150238037 160
1727302292401 2.1338160037994385 161
1727302292444 1.992445468902588 162
1727302292484 2.019118547439575 163
1727302292522 2.0852463245391846 164
1727302292560 2.033357620239258 165
1727302292597 2.141855239868164 166
1727302292634 1.33576500415802 167
1727302292670 2.1735422611236572 168
1727302292708 2.124631643295288 169
1727302292745 2.1135425567626953 170
1727302292781 1.521618366241455 171
1727302292817 2.0857903957366943 172
1727302292852 2.1611599922180176 173
1727302292888 1.9270503520965576 174
1727302292924 2.1073741912841797 175
1727302292960 1.7384345531463623 176
1727302292995 2.0427050590515137 177
1727302293030 1.8660510778427124 178
1727302293067 1.5788588523864746 179
1727302293101 2.0520994663238525 180
1727302293139 2.000506639480591 181
1727302293174 2.00917911529541 182
1727302293210 1.9238624572753906 183
1727302293247 1.2344979047775269 184
1727302293283 2.0980799198150635 185
1727302293320 1.9524270296096802 186
1727302293358 2.088766574859619 187
1727302293396 2.181155204772949 188
1727302293432 2.108430862426758 189
1727302293466 1.3357665538787842 190
1727302293499 2.148582935333252 191
1727302293533 1.9982821941375732 192
1727302293567 2.0758092403411865 193
1727302293602 2.0835955142974854 194
1727302293637 1.930737853050232 195
1727302293671 2.1196517944335938 196
1727302293712 2.005039930343628 197
1727302293747 1.9482364654541016 198
1727302293784 1.9713058471679688 199
1727302293822 1.2344979047775269 200
1727302293858 1.9671181440353394 201
1727302293892 2.0348398685455322 202
1727302293926 1.958036184310913 203
1727302293963 1.992926001548767 204
1727302294004 2.2112677097320557 205
1727302294043 2.0016651153564453 206
1727302294078 2.124959945678711 207
1727302294112 2.1020336151123047 208
1727302294146 2.0451927185058594 209
1727302294181 2.097712755203247 210
1727302294216 1.9753155708312988 211
1727302294251 2.0371909141540527 212
1727302294286 2.104750156402588 213
1727302294320 2.1532814502716064 214
1727302294354 2.0667836666107178 215
1727302294389 2.187209367752075 216
1727302294423 2.0549914836883545 217
1727302294459 2.1509945392608643 218
1727302294494 2.186511516571045 219
1727302294528 2.239462375640869 220
1727302294562 2.185579776763916 221
1727302294596 2.0104165077209473 222
1727302294631 1.6228902339935303 223
1727302294665 1.899808406829834 224
1727302294700 1.9579777717590332 225
1727302294735 1.2344979047775269 226
1727302294771 1.2344979047775269 227
