1726485178116 0.2144533395767212 0
1726485178145 0.8765937685966492 1
1726485178173 0.9947981834411621 2
1726485178202 0.7407745718955994 3
1726485178230 0.42002299427986145 4
1726485178259 0.8203431963920593 5
1726485178289 0.6225280165672302 6
1726485178319 0.7375410795211792 7
1726485178348 0.8111976385116577 8
1726485178377 0.693561851978302 9
1726485178406 0.9880868792533875 10
1726485178435 1.4228098392486572 11
1726485178464 0.8936673998832703 12
1726485178495 0.46607357263565063 13
1726485178523 0.4646775722503662 14
1726485178552 0.8472260236740112 15
1726485178583 0.9149556756019592 16
1726485178611 1.0513579845428467 17
1726485178639 1.0557425022125244 18
1726485178669 0.8489853143692017 19
1726485178699 0.422868937253952 20
1726485178728 0.7226402163505554 21
1726485178758 0.9670549631118774 22
1726485178787 0.5474558472633362 23
1726485178820 0.7775659561157227 24
1726485178851 0.5567643046379089 25
1726485178881 0.43125852942466736 26
1726485178909 0.5283172726631165 27
1726485178937 0.7541537880897522 28
1726485178966 0.7397429943084717 29
1726485178997 0.8068138957023621 30
1726485179026 0.6353157162666321 31
1726485179054 0.5292806625366211 32
1726485179084 0.33974599838256836 33
1726485179112 0.3563506603240967 34
1726485179139 0.2765636444091797 35
1726485179166 0.5350538492202759 36
1726485179195 0.8856623768806458 37
1726485179224 0.7423486709594727 38
1726485179254 0.550800085067749 39
1726485179283 0.4274280071258545 40
1726485179311 0.4755971133708954 41
1726485179342 0.49190348386764526 42
1726485179370 0.735447883605957 43
1726485179399 0.7833614349365234 44
1726485179428 0.8834630250930786 45
1726485179460 1.2917687892913818 46
1726485179492 0.658220648765564 47
1726485179526 0.8181536793708801 48
1726485179556 0.6926609873771667 49
1726485179587 1.1100722551345825 50
1726485179616 1.2724100351333618 51
1726485179645 1.1114606857299805 52
1726485179674 1.2622627019882202 53
1726485179700 1.058905839920044 54
1726485179727 0.9421458840370178 55
1726485179756 0.4896979331970215 56
1726485179784 0.2926090359687805 57
1726485179814 0.3308209180831909 58
1726485179844 0.6856301426887512 59
1726485179872 0.7517168521881104 60
1726485179900 0.477372407913208 61
1726485179930 0.6989054679870605 62
1726485179989 0.5936678051948547 63
1726485180020 0.4855077862739563 64
1726485180050 0.8302432298660278 65
1726485180079 0.6411917805671692 66
1726485180107 0.5286513566970825 67
1726485180135 0.6198557019233704 68
1726485180167 0.4338153600692749 69
1726485180196 0.8982438445091248 70
1726485180225 0.7250642776489258 71
1726485180254 0.5662059783935547 72
1726485180283 0.6120796799659729 73
1726485180311 0.37589943408966064 74
1726485180344 0.7500816583633423 75
1726485180373 0.6969753503799438 76
1726485180402 1.108548879623413 77
1726485180431 0.7453129291534424 78
1726485180460 0.9146419763565063 79
1726485180488 1.0070983171463013 80
1726485180517 1.1448726654052734 81
1726485180547 0.8889767527580261 82
1726485180577 0.6052545309066772 83
1726485180604 0.559860348701477 84
1726485180632 0.5912978053092957 85
1726485180661 0.6500439643859863 86
1726485180691 0.7081273794174194 87
1726485180720 0.7350066900253296 88
1726485180748 1.086356282234192 89
1726485180777 0.9639109969139099 90
1726485180806 0.7550113201141357 91
1726485180836 0.7331597208976746 92
1726485180865 0.5116218328475952 93
1726485180895 0.7509129643440247 94
1726485180923 1.1251544952392578 95
1726485180952 1.03531014919281 96
1726485180981 0.9570749998092651 97
1726485181008 0.9025143384933472 98
1726485181036 0.8482900857925415 99
1726485181065 0.4062264561653137 100
1726485181096 0.4547675549983978 101
1726485181126 0.5147857666015625 102
1726485181154 0.7284445762634277 103
1726485181182 0.7038991451263428 104
1726485181212 0.3814259171485901 105
1726485181241 0.7048299908638 106
1726485181269 0.36031466722488403 107
1726485181297 0.3685847222805023 108
1726485181324 0.3875831365585327 109
1726485181354 0.5255739688873291 110
1726485181384 0.37529730796813965 111
1726485181413 0.18725158274173737 112
1726485181441 0.30451396107673645 113
1726485181472 0.5295617580413818 114
1726485181502 0.19541460275650024 115
1726485181531 0.19888544082641602 116
1726485181561 0.3874080181121826 117
1726485181590 0.20036602020263672 118
1726485181620 0.4099917411804199 119
1726485181648 0.6113846302032471 120
1726485181677 0.47525086998939514 121
1726485181704 0.38818782567977905 122
1726485181731 0.3827790915966034 123
1726485181759 0.5855972766876221 124
1726485181785 0.7447227239608765 125
1726485181813 0.9587526321411133 126
1726485181842 0.32338494062423706 127
1726485181871 0.688736081123352 128
1726485181899 0.5670814514160156 129
1726485181928 0.7893143892288208 130
1726485181956 0.5733173489570618 131
1726485181987 0.8586637377738953 132
1726485182018 1.279677391052246 133
1726485182047 0.8125658631324768 134
1726485182076 0.8602796196937561 135
1726485182105 1.040597915649414 136
1726485182133 0.9479498863220215 137
1726485182158 0.7027295827865601 138
1726485182186 0.6195091605186462 139
1726485182215 0.5107712149620056 140
1726485182243 1.0244101285934448 141
1726485182271 0.956274688243866 142
1726485182299 1.1724742650985718 143
1726485182328 0.28000426292419434 144
1726485182358 0.39978307485580444 145
1726485182387 0.5179775953292847 146
1726485182418 0.6409037113189697 147
1726485182454 0.6584895253181458 148
1726485182484 0.6828742623329163 149
1726485182515 0.6233610510826111 150
1726485182552 0.8944084644317627 151
1726485182600 0.9880189895629883 152
1726485182638 0.7201511263847351 153
1726485182673 0.6934195756912231 154
1726485182717 0.71412593126297 155
1726485182758 0.4259355962276459 156
1726485182796 0.030976057052612305 157
1726485182838 0.4675295352935791 158
1726485182879 0.31474995613098145 159
1726485182916 0.5377748012542725 160
1726485182958 0.237640842795372 161
1726485182996 0.28494513034820557 162
1726485183034 0.5313515067100525 163
1726485183070 0.4631848931312561 164
1726485183108 0.21063672006130219 165
1726485183144 0.5169662237167358 166
1726485183178 0.3770308494567871 167
1726485183220 0.5056220889091492 168
1726485183258 0.40528184175491333 169
1726485183298 0.5215467810630798 170
1726485183337 0.6703767776489258 171
1726485183376 0.8280042409896851 172
1726485183412 1.1909250020980835 173
1726485183449 1.1593214273452759 174
1726485183487 0.8237326741218567 175
1726485183523 0.7668893337249756 176
1726485183564 1.0035666227340698 177
1726485183602 0.8693683743476868 178
1726485183640 0.7011864185333252 179
1726485183676 0.9539750814437866 180
1726485183713 0.858883798122406 181
1726485183752 0.5494189262390137 182
1726485183788 0.4878239631652832 183
1726485183827 0.6677197217941284 184
1726485183866 0.738925576210022 185
1726485183905 0.7164484858512878 186
1726485183943 0.7151103019714355 187
1726485183980 0.31577837467193604 188
1726485184014 0.5928612947463989 189
1726485184048 0.5867778658866882 190
1726485184082 1.0669702291488647 191
1726485184114 1.005277395248413 192
1726485184146 0.5094914436340332 193
1726485184177 0.342934250831604 194
1726485184209 0.5761439800262451 195
1726485184245 0.7007099390029907 196
1726485184280 0.5739012956619263 197
1726485184314 0.7318075299263 198
1726485184346 0.3715341091156006 199
1726485184376 0.636900007724762 200
1726485184406 0.7747247219085693 201
1726485184436 0.7256089448928833 202
1726485184468 0.7220751643180847 203
1726485184500 0.35490503907203674 204
1726485184531 0.6043674945831299 205
1726485184560 0.5708950757980347 206
1726485184591 0.7260941863059998 207
1726485184621 0.5725614428520203 208
1726485184648 0.6697364449501038 209
1726485184676 0.7681280374526978 210
1726485184710 0.6574668884277344 211
1726485184738 0.9881662726402283 212
1726485184767 0.8820936679840088 213
1726485184797 0.7393210530281067 214
1726485184827 1.1855978965759277 215
1726485184859 0.9105304479598999 216
1726485184888 0.7382552027702332 217
1726485184918 0.3029657304286957 218
1726485184947 0.4916640818119049 219
1726485184976 0.2921680212020874 220
1726485185006 0.14982420206069946 221
1726485185037 0.3604905903339386 222
1726485185067 0.21537721157073975 223
1726485185097 0.4988546371459961 224
1726485185129 0.2791360914707184 225
1726485185158 0.6952314376831055 226
1726485185187 0.7182838916778564 227
1726485185217 0.6074908971786499 228
1726485185245 0.41775551438331604 229
1726485185274 1.096337914466858 230
1726485185301 0.5881945490837097 231
1726485185330 0.6143453121185303 232
1726485185362 0.438720166683197 233
1726485185392 0.5544946789741516 234
1726485185421 0.35568955540657043 235
1726485185450 0.19626253843307495 236
1726485185478 0.33673787117004395 237
1726485185507 0.148928701877594 238
1726485185539 0.13730689883232117 239
1726485185568 0.1543215811252594 240
1726485185598 0.20295584201812744 241
1726485185627 0.5270167589187622 242
1726485185656 0.16285350918769836 243
1726485185684 0.8192121982574463 244
1726485185712 0.6572855114936829 245
1726485185745 0.20141863822937012 246
1726485185774 0.5296830534934998 247
1726485185803 0.6044455170631409 248
1726485185832 0.8777318000793457 249
1726485185864 0.7650362849235535 250
1726485185893 0.7685127854347229 251
1726485185923 0.9075156450271606 252
1726485185954 1.1863880157470703 253
1726485185984 0.3948724865913391 254
1726485186013 0.8474966287612915 255
1726485186044 0.22344611585140228 256
1726485186073 0.1282813847064972 257
1726485186102 0.24423962831497192 258
1726485186130 0.27310314774513245 259
1726485186159 0.04884743690490723 260
1726485186189 0.006140470504760742 261
1726485186223 0.47939950227737427 262
1726485186252 0.24136939644813538 263
1726485186281 0.1339726448059082 264
1726485186311 0.026477579027414322 265
1726485186343 0.0010237693786621094 266
1726485186373 0.0003039836883544922 267
1726485186402 0.00016820430755615234 268
1726485186431 0.6562211513519287 269
1726485186462 0.20655861496925354 270
1726485186492 0.26918768882751465 271
1726485186519 0.07888078689575195 272
1726485186549 0.6585708856582642 273
1726485186578 0.6468613147735596 274
1726485186609 0.738622784614563 275
1726485186639 0.49101579189300537 276
1726485186669 0.40772807598114014 277
1726485186698 0.34369271993637085 278
1726485186727 0.3400404453277588 279
1726485186757 0.17490088939666748 280
1726485186786 0.32286038994789124 281
1726485186816 0.1607930064201355 282
1726485186846 0.3646722733974457 283
1726485186878 0.3079487383365631 284
1726485186908 0.48190152645111084 285
1726485186938 0.3634263575077057 286
1726485186968 0.4265352189540863 287
1726485187000 0.347809374332428 288
1726485187030 0.37659013271331787 289
1726485187058 0.48930633068084717 290
1726485187086 0.2427067756652832 291
1726485187116 0.45133793354034424 292
1726485187146 0.7541332244873047 293
1726485187173 0.5945935249328613 294
1726485187203 0.32435503602027893 295
1726485187231 0.21815183758735657 296
1726485187259 0.423879474401474 297
1726485187288 0.19364725053310394 298
1726485187316 0.6075021028518677 299
1726485187345 0.42040112614631653 300
1726485187375 0.3610802888870239 301
1726485187404 0.2871101498603821 302
1726485187433 0.4777355492115021 303
1726485187461 0.5589495897293091 304
1726485187488 0.3973500728607178 305
1726485187513 0.3456164300441742 306
1726485187544 0.09053508192300797 307
1726485187573 0.3663327991962433 308
1726485187603 0.2750890254974365 309
1726485187632 0.16803039610385895 310
1726485187661 0.2014361321926117 311
1726485187691 0.12332084774971008 312
1726485187721 0.11765856295824051 313
1726485187749 0.28365039825439453 314
1726485187777 0.42919039726257324 315
1726485187805 0.578917920589447 316
1726485187832 0.7173066735267639 317
1726485187861 0.5327056646347046 318
1726485187890 0.514358401298523 319
1726485187918 0.4691544771194458 320
1726485187947 0.5758824944496155 321
1726485187975 0.36472398042678833 322
1726485188006 0.4958077371120453 323
1726485188036 0.5645290613174438 324
1726485188068 0.6197623610496521 325
1726485188100 0.3318204879760742 326
1726485188131 0.3046804964542389 327
1726485188161 0.046515464782714844 328
1726485188190 0.006585478782653809 329
1726485188220 0.001322627067565918 330
1726485188255 0.00023806095123291016 331
1726485188291 4.57763671875e-05 332
1726485188328 8.702278137207031e-06 333
1726485188362 1.6689300537109375e-06 334
1726485188393 2.384185791015625e-07 335
1726485188423 0.5041248798370361 336
1726485188451 0.6699851751327515 337
1726485188481 0.3095810115337372 338
1726485188510 0.4036025404930115 339
1726485188540 0.6005069017410278 340
1726485188568 0.7375500798225403 341
1726485188600 0.774587094783783 342
1726485188632 0.6190444827079773 343
1726485188662 0.2603423595428467 344
1726485188692 0.20308814942836761 345
1726485188720 0.41654878854751587 346
1726485188748 0.2528085708618164 347
1726485188776 0.27316924929618835 348
1726485188807 0.5664792060852051 349
1726485188835 0.6754558086395264 350
1726485188864 0.4845966100692749 351
1726485188893 0.15324296057224274 352
1726485188921 0.556969404220581 353
1726485188949 0.7569580078125 354
1726485188978 0.3296477794647217 355
1726485189007 0.7373678088188171 356
1726485189036 0.600710391998291 357
1726485189065 0.38570839166641235 358
1726485189097 0.21577072143554688 359
1726485189127 0.08111763000488281 360
1726485189156 0.011141777038574219 361
1726485189186 0.00325620174407959 362
1726485189216 0.5240371227264404 363
1726485189246 0.26333725452423096 364
1726485189275 0.3164498805999756 365
1726485189303 0.7971751689910889 366
1726485189331 0.45497190952301025 367
1726485189362 0.6150012016296387 368
1726485189392 0.19072389602661133 369
1726485189422 0.01820981502532959 370
1726485189450 0.0028409957885742188 371
1726485189477 0.0005528926849365234 372
1726485189506 0.00011217594146728516 373
1726485189535 2.5272369384765625e-05 374
1726485189565 6.198883056640625e-06 375
1726485189594 1.6689300537109375e-06 376
1726485189626 4.76837158203125e-07 377
1726485189655 0.0 378
1726485189683 0.24490992724895477 379
1726485189711 0.07586830854415894 380
1726485189740 0.07373056560754776 381
1726485189767 0.07512856274843216 382
1726485189796 0.10756733268499374 383
1726485189822 0.29267993569374084 384
1726485189853 0.1329018473625183 385
1726485189883 0.03311202675104141 386
1726485189913 0.15326255559921265 387
1726485189942 0.2870422303676605 388
1726485189971 0.16320163011550903 389
1726485190001 0.0523572638630867 390
1726485190030 0.07834150642156601 391
1726485190059 0.11943709850311279 392
1726485190089 0.0972241461277008 393
1726485190118 0.12534166872501373 394
1726485190148 0.10525575280189514 395
1726485190176 0.42520374059677124 396
1726485190205 0.13451063632965088 397
1726485190232 0.046134233474731445 398
1726485190259 0.006122589111328125 399
1726485190287 0.0011388063430786133 400
1726485190315 0.00021600723266601562 401
1726485190349 4.100799560546875e-05 402
1726485190382 7.987022399902344e-06 403
1726485190412 1.6689300537109375e-06 404
1726485190442 3.5762786865234375e-07 405
1726485190470 0.0 406
1726485190501 1.1920928955078125e-07 407
1726485190532 -1.1920928955078125e-07 408
1726485190562 0.0 409
1726485190593 0.0 410
1726485190625 0.0 411
1726485190655 0.3328112065792084 412
1726485190685 0.3128230571746826 413
1726485190716 0.18829774856567383 414
1726485190746 0.2463674545288086 415
1726485190775 0.14982843399047852 416
1726485190805 0.09903454780578613 417
1726485190835 0.01414179801940918 418
1726485190865 0.0020853281021118164 419
1726485190894 0.00051116943359375 420
1726485190922 0.00018095970153808594 421
1726485190950 0.2131655216217041 422
1726485190979 0.10594776272773743 423
1726485191009 0.11815735697746277 424
1726485191039 0.08441758900880814 425
1726485191068 0.12908774614334106 426
1726485191098 0.09833431243896484 427
1726485191128 0.704603910446167 428
1726485191158 0.5403414964675903 429
1726485191188 0.15104100108146667 430
1726485191219 0.14738672971725464 431
1726485191248 0.11087330430746078 432
1726485191277 0.12471926957368851 433
1726485191308 0.1144363209605217 434
1726485191339 0.12661223113536835 435
1726485191370 0.11708251386880875 436
1726485191402 0.12800072133541107 437
1726485191432 0.11909107118844986 438
1726485191463 0.1290607750415802 439
1726485191492 0.12067670375108719 440
1726485191519 0.20022906363010406 441
1726485191547 0.12791317701339722 442
1726485191575 0.026008429005742073 443
1726485191604 0.1370590776205063 444
1726485191635 0.08411089330911636 445
1726485191663 0.14115479588508606 446
1726485191693 0.09255176037549973 447
1726485191722 0.13465969264507294 448
1726485191752 0.10228952020406723 449
1726485191780 0.1519244909286499 450
1726485191809 0.054265864193439484 451
1726485191839 0.0739373043179512 452
1726485191869 0.08455412834882736 453
1726485191900 0.10160664469003677 454
1726485191929 0.10147290676832199 455
1726485191957 0.11088492721319199 456
1726485191985 0.10931103676557541 457
1726485192013 0.172562375664711 458
1726485192043 0.27637988328933716 459
1726485192071 0.3566763401031494 460
1726485192099 0.30135831236839294 461
1726485192130 0.23358386754989624 462
1726485192161 0.159652441740036 463
1726485192189 0.07159379869699478 464
1726485192218 0.14291678369045258 465
1726485192247 0.10366440564393997 466
1726485192276 0.12733860313892365 467
1726485192306 0.10806211829185486 468
1726485192337 0.1297937035560608 469
1726485192368 0.11224522441625595 470
1726485192398 0.13151316344738007 471
1726485192426 0.11523488909006119 472
1726485192454 0.1327713280916214 473
1726485192482 0.11750202625989914 474
1726485192513 0.13373522460460663 475
1726485192543 0.11928614974021912 476
1726485192573 0.1345006674528122 477
1726485192603 0.08951330184936523 478
1726485192635 0.0307387113571167 479
1726485192665 0.004034876823425293 480
1726485192694 0.0007461309432983398 481
1726485192724 0.00017893314361572266 482
1726485192755 4.2319297790527344e-05 483
1726485192785 1.0371208190917969e-05 484
1726485192814 2.6226043701171875e-06 485
1726485192843 5.960464477539062e-07 486
1726485192873 1.1920928955078125e-07 487
1726485192903 0.0 488
1726485192933 0.0 489
1726485192961 -1.1920928955078125e-07 490
1726485192989 0.0 491
1726485193017 0.0 492
1726485193044 1.1920928955078125e-07 493
1726485193071 -2.384185791015625e-07 494
1726485193100 0.0 495
