1726485231112 2e-05 0
1726485231142 1.7712957859039307 1
1726485231168 2.2028961181640625 2
1726485231197 2.4599897861480713 3
1726485231225 2.3222248554229736 4
1726485231252 2.364670753479004 5
1726485231279 2.308990478515625 6
1726485231308 2.495084524154663 7
1726485231335 1.9567795991897583 8
1726485231362 2.716353178024292 9
1726485231389 2.7957162857055664 10
1726485231416 2.4494898319244385 11
1726485231442 2.4494898319244385 12
1726485231471 1.8482898473739624 13
1726485231500 2.3936526775360107 14
1726485231529 2.278209686279297 15
1726485231558 2.2020673751831055 16
1726485231587 2.229351758956909 17
1726485231615 2.7446703910827637 18
1726485231642 2.312678813934326 19
1726485231668 1.1619292497634888 20
1726485231695 2.023946523666382 21
1726485231720 2.4553682804107666 22
1726485231747 1.3353523015975952 23
1726485231774 1.0670047998428345 24
1726485231802 1.8532023429870605 25
1726485231829 2.6604833602905273 26
1726485231856 1.4557840824127197 27
1726485231883 2.346285104751587 28
1726485231909 2.463709831237793 29
1726485231937 1.7686165571212769 30
1726485231965 1.483272910118103 31
1726485231993 2.013479232788086 32
1726485232019 2.0 33
1726485232048 0.20268689095973969 34
1726485232076 2.7047038078308105 35
1726485232105 2.267498254776001 36
1726485232133 2.8284270763397217 37
1726485232161 1.7547606229782104 38
1726485232187 1.0388383865356445 39
1726485232215 2.4529638290405273 40
1726485232242 2.126166820526123 41
1726485232270 2.5434963703155518 42
1726485232298 1.5828901529312134 43
1726485232327 2.0142605304718018 44
1726485232355 2.468648910522461 45
1726485232383 2.487187385559082 46
1726485232412 1.8513662815093994 47
1726485232439 1.443540096282959 48
1726485232465 1.7586380243301392 49
1726485232493 1.9081369638442993 50
1726485232520 1.817124605178833 51
1726485232547 2.3437857627868652 52
1726485232574 2.380067825317383 53
1726485232601 2.4774770736694336 54
1726485232630 0.6764642000198364 55
1726485232659 1.7951704263687134 56
1726485232687 1.5819931030273438 57
1726485232714 2.0799427032470703 58
1726485232743 1.782640814781189 59
1726485232774 1.7089744806289673 60
1726485232803 2.0 61
1726485232831 2.8284270763397217 62
1726485232858 1.4542378187179565 63
1726485232886 2.763263463973999 64
1726485232914 2.4494898319244385 65
1726485232941 2.4774768352508545 66
1726485232970 2.4774768352508545 67
