1726425016442 0.07228147983551025 0
1726425016490 0.05923128128051758 1
1726425016542 0.0794675350189209 2
1726425016596 0.07907223701477051 3
1726425016654 0.06427466869354248 4
1726425016713 0.053661346435546875 5
1726425016770 0.04408574104309082 6
1726425016822 0.03297686576843262 7
1726425016894 0.04502379894256592 8
1726425016964 0.06088578701019287 9
1726425017018 0.04143548011779785 10
1726425017075 0.07064449787139893 11
1726425017129 0.06195330619812012 12
1726425017185 0.05871129035949707 13
1726425017244 0.06541836261749268 14
1726425017301 0.06257915496826172 15
1726425017373 0.06359434127807617 16
1726425017442 0.062178850173950195 17
1726425017508 0.04696619510650635 18
1726425017568 0.0648188591003418 19
1726425017625 0.07333862781524658 20
1726425017682 0.058829545974731445 21
1726425017739 0.040843963623046875 22
1726425017808 0.05326676368713379 23
1726425017878 0.07761728763580322 24
1726425017940 0.08008790016174316 25
1726425018017 0.07982409000396729 26
1726425018095 0.05182838439941406 27
1726425018172 0.057829856872558594 28
1726425018241 0.060359954833984375 29
1726425018308 0.07384979724884033 30
1726425018382 0.05792033672332764 31
1726425018454 0.07414472103118896 32
1726425018519 0.08142435550689697 33
1726425018594 0.0817723274230957 34
1726425018649 0.07604360580444336 35
1726425018703 0.0804985761642456 36
1726425018778 0.0703129768371582 37
1726425018852 0.04123425483703613 38
1726425018923 0.01263415813446045 39
1726425018978 0.07199478149414062 40
1726425019050 0.05740916728973389 41
1726425019121 0.043068528175354004 42
1726425019185 0.05700552463531494 43
1726425019242 0.07625627517700195 44
1726425019299 0.04149007797241211 45
1726425019358 0.08028209209442139 46
1726425019422 0.07840573787689209 47
1726425019501 0.07064354419708252 48
1726425019572 0.08090627193450928 49
1726425019634 0.07994580268859863 50
1726425019689 0.07610273361206055 51
1726425019746 0.05747950077056885 52
1726425019816 0.0579831600189209 53
1726425019891 0.06437945365905762 54
1726425019949 0.06253719329833984 55
1726425020006 0.07509279251098633 56
1726425020064 0.08104610443115234 57
1726425020118 0.0748441219329834 58
1726425020172 0.06984078884124756 59
1726425020230 0.060497164726257324 60
1726425020284 0.07354819774627686 61
1726425020338 0.07277321815490723 62
1726425020395 0.0637286901473999 63
1726425020451 0.07103204727172852 64
1726425020505 0.0652611255645752 65
1726425020557 0.06537580490112305 66
1726425020607 0.05945456027984619 67
1726425020663 0.05365490913391113 68
1726425020718 0.06297576427459717 69
1726425020766 0.07239556312561035 70
1726425020815 0.07341408729553223 71
1726425020860 0.06734728813171387 72
1726425020908 0.07803905010223389 73
1726425020952 0.07236742973327637 74
1726425020998 0.0680769681930542 75
1726425021045 0.07166111469268799 76
1726425021094 0.07499098777770996 77
1726425021146 0.06864964962005615 78
1726425021195 0.06734120845794678 79
1726425021239 0.07039153575897217 80
1726425021281 0.0502474308013916 81
1726425021326 0.0634453296661377 82
1726425021368 0.0767982006072998 83
1726425021411 0.049124717712402344 84
1726425021455 0.04896974563598633 85
1726425021497 0.0436939001083374 86
1726425021543 0.06046605110168457 87
1726425021587 0.07714509963989258 88
1726425021630 0.07238709926605225 89
1726425021674 0.05334663391113281 90
1726425021717 0.05159807205200195 91
1726425021760 0.05872321128845215 92
1726425021802 0.060610294342041016 93
1726425021845 0.06028032302856445 94
1726425021887 0.07072019577026367 95
1726425021931 0.0688706636428833 96
1726425021976 0.04459226131439209 97
1726425022018 0.07038736343383789 98
1726425022066 0.0752100944519043 99
1726425022110 0.0828709602355957 100
1726425022154 0.07045698165893555 101
1726425022197 0.060877084732055664 102
1726425022240 0.05830538272857666 103
1726425022286 0.06582081317901611 104
1726425022329 0.08013033866882324 105
1726425022373 0.07574272155761719 106
1726425022416 0.07154011726379395 107
1726425022460 0.07539749145507812 108
1726425022506 0.06943392753601074 109
1726425022549 0.07565724849700928 110
1726425022593 0.07928037643432617 111
1726425022639 0.0773766040802002 112
1726425022694 0.0722886323928833 113
1726425022739 0.06235396862030029 114
1726425022786 0.06589221954345703 115
1726425022843 0.07219409942626953 116
1726425022893 0.06234002113342285 117
1726425022944 0.06996595859527588 118
1726425022996 0.05883026123046875 119
1726425023045 0.07493484020233154 120
1726425023087 0.07793498039245605 121
1726425023128 0.07352399826049805 122
1726425023169 0.061296820640563965 123
1726425023210 0.06745743751525879 124
1726425023253 0.06207394599914551 125
1726425023296 0.07138442993164062 126
1726425023339 0.07682538032531738 127
1726425023383 0.08004045486450195 128
1726425023427 0.051756858825683594 129
1726425023468 0.07365226745605469 130
1726425023510 0.07565999031066895 131
1726425023554 0.08144497871398926 132
1726425023596 0.07751774787902832 133
1726425023640 0.06779956817626953 134
1726425023683 0.05471992492675781 135
1726425023729 0.06474721431732178 136
1726425023779 0.02676081657409668 137
1726425023824 0.06157088279724121 138
1726425023870 0.07650566101074219 139
1726425023912 0.07923495769500732 140
1726425023956 0.06704235076904297 141
1726425024003 0.0783846378326416 142
1726425024053 0.06722521781921387 143
1726425024096 0.06628561019897461 144
1726425024139 0.059285759925842285 145
1726425024186 0.05353260040283203 146
1726425024247 0.0684502124786377 147
1726425024293 0.03339338302612305 148
1726425024337 0.07167422771453857 149
1726425024385 0.06687438488006592 150
1726425024438 0.07115519046783447 151
1726425024492 0.061792850494384766 152
1726425024541 0.054160356521606445 153
1726425024589 0.06733119487762451 154
1726425024635 0.04314589500427246 155
1726425024680 0.02690267562866211 156
1726425024725 0.03376507759094238 157
1726425024775 0.054181456565856934 158
1726425024821 0.05960392951965332 159
1726425024865 0.05908858776092529 160
1726425024911 0.05653834342956543 161
1726425024955 0.0758819580078125 162
1726425024999 0.08179163932800293 163
1726425025043 0.07418060302734375 164
1726425025086 0.06868600845336914 165
1726425025129 0.07763338088989258 166
1726425025175 0.07000935077667236 167
1726425025218 0.05437350273132324 168
1726425025264 0.05843687057495117 169
1726425025309 0.03172886371612549 170
1726425025359 0.05232548713684082 171
1726425025410 0.07006382942199707 172
1726425025458 0.08230090141296387 173
1726425025504 0.0711970329284668 174
1726425025550 0.07615423202514648 175
1726425025596 0.06889843940734863 176
1726425025640 0.04510951042175293 177
1726425025697 0.0692446231842041 178
1726425025762 0.05862998962402344 179
1726425025828 0.046027421951293945 180
1726425025892 0.04757571220397949 181
1726425025949 0.06350994110107422 182
1726425025997 0.06588327884674072 183
1726425026046 0.06709837913513184 184
1726425026099 0.07529866695404053 185
1726425026158 0.07380127906799316 186
1726425026210 0.0785360336303711 187
1726425026260 0.06540429592132568 188
1726425026313 0.054123640060424805 189
1726425026373 0.07723641395568848 190
1726425026424 0.05978274345397949 191
1726425026476 0.0630030632019043 192
1726425026534 0.02546870708465576 193
1726425026608 0.050838589668273926 194
1726425026669 0.06584513187408447 195
1726425026728 0.07644963264465332 196
1726425026795 0.07126903533935547 197
1726425026848 0.07628369331359863 198
1726425026902 0.07309818267822266 199
1726425026967 0.05363142490386963 200
1726425027024 0.04604029655456543 201
1726425027090 0.06508290767669678 202
1726425027149 0.06709647178649902 203
1726425027206 0.05339062213897705 204
1726425027264 0.057985901832580566 205
1726425027332 0.06686055660247803 206
1726425027396 0.07074165344238281 207
1726425027460 0.038507699966430664 208
1726425027516 0.05583322048187256 209
1726425027572 0.05632603168487549 210
1726425027636 0.07689332962036133 211
1726425027694 0.06790757179260254 212
1726425027760 0.05888724327087402 213
1726425027812 0.05550885200500488 214
1726425027864 0.06330573558807373 215
1726425027919 0.06406259536743164 216
1726425027974 0.07276451587677002 217
1726425028026 0.0756683349609375 218
1726425028078 0.062297940254211426 219
1726425028134 0.06745970249176025 220
1726425028193 0.04286456108093262 221
1726425028257 0.07633328437805176 222
1726425028312 0.058035850524902344 223
1726425028369 0.06765353679656982 224
1726425028424 0.07873797416687012 225
1726425028492 0.0704108476638794 226
1726425028551 0.07694864273071289 227
1726425028610 0.07075989246368408 228
1726425028677 0.07334625720977783 229
1726425028756 0.06055748462677002 230
1726425028832 0.06647157669067383 231
1726425028893 0.07267880439758301 232
1726425028947 0.058240294456481934 233
1726425029004 0.05696249008178711 234
1726425029058 0.0685586929321289 235
1726425029129 0.07243382930755615 236
1726425029186 0.07354259490966797 237
1726425029243 0.07486069202423096 238
1726425029305 0.06906306743621826 239
1726425029369 0.06068551540374756 240
1726425029427 0.0623852014541626 241
1726425029485 0.060556650161743164 242
1726425029541 0.039124369621276855 243
1726425029600 0.06338167190551758 244
1726425029664 0.07429099082946777 245
1726425029729 0.07504081726074219 246
1726425029783 0.06429421901702881 247
1726425029838 0.05367851257324219 248
1726425029901 0.06900179386138916 249
1726425029962 0.06646990776062012 250
1726425030017 0.07022345066070557 251
1726425030073 0.07296288013458252 252
1726425030128 0.06366157531738281 253
1726425030182 0.07623291015625 254
1726425030243 0.07448124885559082 255
1726425030316 0.07825183868408203 256
1726425030392 0.05487537384033203 257
1726425030471 0.06924152374267578 258
1726425030530 0.06365299224853516 259
1726425030584 0.04234886169433594 260
1726425030641 0.05617475509643555 261
1726425030694 0.06034064292907715 262
1726425030754 0.07637083530426025 263
1726425030830 0.07581496238708496 264
1726425030889 0.06507563591003418 265
1726425030947 0.06406021118164062 266
1726425031003 0.06345081329345703 267
1726425031054 0.059386491775512695 268
1726425031105 0.08181869983673096 269
1726425031153 0.08071708679199219 270
1726425031200 0.0652700662612915 271
1726425031248 0.06127750873565674 272
1726425031295 0.04889547824859619 273
1726425031341 0.040546417236328125 274
1726425031387 0.07243990898132324 275
1726425031432 0.07171785831451416 276
1726425031481 0.08101975917816162 277
1726425031528 0.07719230651855469 278
1726425031574 0.07454025745391846 279
1726425031619 0.07775092124938965 280
1726425031666 0.06723964214324951 281
1726425031711 0.0655440092086792 282
1726425031759 0.07394671440124512 283
1726425031806 0.0715787410736084 284
1726425031850 0.07698547840118408 285
1726425031894 0.07176899909973145 286
1726425031951 0.06831657886505127 287
1726425032015 0.06042075157165527 288
1726425032071 0.0755079984664917 289
1726425032115 0.07266414165496826 290
1726425032159 0.05632758140563965 291
1726425032203 0.0744696855545044 292
1726425032254 0.06772494316101074 293
1726425032298 0.06594681739807129 294
1726425032342 0.07145857810974121 295
1726425032386 0.06281852722167969 296
1726425032430 0.05820727348327637 297
1726425032479 0.06986260414123535 298
1726425032523 0.07146942615509033 299
1726425032568 0.06039571762084961 300
1726425032613 0.06463241577148438 301
1726425032657 0.0734487771987915 302
1726425032710 0.06625568866729736 303
1726425032759 0.048197031021118164 304
1726425032811 0.025844335556030273 305
1726425032862 0.010880589485168457 306
1726425032907 0.04075431823730469 307
1726425032954 0.05082881450653076 308
1726425033002 0.05272030830383301 309
1726425033048 0.06019580364227295 310
1726425033097 0.05309414863586426 311
1726425033148 0.04886937141418457 312
1726425033191 0.07703506946563721 313
1726425033235 0.0746161937713623 314
1726425033284 0.070212721824646 315
1726425033327 0.06681990623474121 316
1726425033373 0.04451096057891846 317
1726425033422 0.0537114143371582 318
1726425033476 0.030815601348876953 319
1726425033525 0.03511929512023926 320
1726425033573 0.036006927490234375 321
1726425033615 0.048239827156066895 322
1726425033660 0.06168806552886963 323
1726425033716 0.06538581848144531 324
1726425033762 0.061675310134887695 325
1726425033810 0.03231000900268555 326
1726425033858 0.05641734600067139 327
1726425033904 0.04702353477478027 328
1726425033952 0.018726348876953125 329
1726425033998 0.03679990768432617 330
1726425034046 0.062383055686950684 331
1726425034092 0.05894732475280762 332
1726425034140 0.06996893882751465 333
1726425034186 0.07293152809143066 334
1726425034241 0.06321477890014648 335
1726425034288 0.06374752521514893 336
1726425034335 0.07178807258605957 337
1726425034383 0.07329559326171875 338
1726425034429 0.0743708610534668 339
1726425034482 0.07402920722961426 340
1726425034527 0.07504713535308838 341
1726425034575 0.07786524295806885 342
1726425034626 0.07660496234893799 343
1726425034677 0.06737923622131348 344
1726425034725 0.07644534111022949 345
1726425034775 0.07069945335388184 346
1726425034830 0.0761570930480957 347
1726425034883 0.06909823417663574 348
1726425034940 0.04853379726409912 349
1726425034992 0.03464043140411377 350
1726425035043 0.046613097190856934 351
1726425035093 0.059618592262268066 352
1726425035140 0.06793045997619629 353
1726425035187 0.060939788818359375 354
1726425035238 0.06630897521972656 355
1726425035289 0.07245409488677979 356
1726425035339 0.07419657707214355 357
1726425035392 0.06395983695983887 358
1726425035445 0.05396604537963867 359
1726425035493 0.06028330326080322 360
1726425035546 0.0689924955368042 361
1726425035597 0.07433462142944336 362
1726425035643 0.07062530517578125 363
1726425035693 0.08147025108337402 364
1726425035740 0.07098054885864258 365
1726425035787 0.07645702362060547 366
1726425035830 0.07462716102600098 367
1726425035875 0.07390022277832031 368
1726425035921 0.0576786994934082 369
1726425035966 0.05487489700317383 370
1726425036011 0.016380786895751953 371
1726425036056 0.006819367408752441 372
1726425036099 0.025336742401123047 373
1726425036150 0.028589725494384766 374
1726425036194 0.06922566890716553 375
1726425036240 0.07719635963439941 376
1726425036285 0.07349753379821777 377
1726425036329 0.06450438499450684 378
1726425036373 0.05967402458190918 379
1726425036420 0.062442660331726074 380
1726425036469 0.06194305419921875 381
1726425036524 0.046339988708496094 382
1726425036586 0.0511322021484375 383
1726425036649 0.05847787857055664 384
1726425036696 0.06142544746398926 385
1726425036741 0.06492817401885986 386
1726425036787 0.07384228706359863 387
1726425036833 0.07587194442749023 388
1726425036879 0.07688140869140625 389
1726425036924 0.06387019157409668 390
1726425036970 0.07444500923156738 391
1726425037013 0.06097233295440674 392
1726425037058 0.05437028408050537 393
1726425037104 0.07306551933288574 394
1726425037160 0.07485151290893555 395
1726425037210 0.07689738273620605 396
1726425037253 0.055676817893981934 397
1726425037295 0.06386876106262207 398
1726425037339 0.0630483627319336 399
1726425037385 0.07602858543395996 400
1726425037431 0.06936526298522949 401
1726425037474 0.029088377952575684 402
1726425037530 0.054448485374450684 403
1726425037573 0.05988740921020508 404
1726425037614 0.03124690055847168 405
1726425037655 0.0600130558013916 406
1726425037697 0.06227695941925049 407
1726425037737 0.06844019889831543 408
1726425037779 0.07595300674438477 409
1726425037820 0.059778571128845215 410
1726425037862 0.04216289520263672 411
1726425037904 0.058225393295288086 412
1726425037949 0.06501936912536621 413
1726425037991 0.06276631355285645 414
1726425038034 0.06258368492126465 415
1726425038079 0.06200516223907471 416
1726425038120 0.03624570369720459 417
1726425038163 0.05098247528076172 418
1726425038208 0.05500435829162598 419
1726425038252 0.06421828269958496 420
1726425038294 0.05031919479370117 421
1726425038337 0.05576598644256592 422
1726425038380 0.05681347846984863 423
1726425038422 0.05083894729614258 424
1726425038470 0.05706381797790527 425
1726425038515 0.058020591735839844 426
1726425038566 0.05243206024169922 427
1726425038615 0.06219935417175293 428
1726425038663 0.07427048683166504 429
1726425038710 0.05887484550476074 430
1726425038760 0.05946516990661621 431
1726425038812 0.0543442964553833 432
1726425038865 0.031916141510009766 433
1726425038911 0.01207125186920166 434
1726425038956 0.026394963264465332 435
1726425039000 0.03391551971435547 436
1726425039043 0.038512587547302246 437
1726425039087 0.03806495666503906 438
1726425039129 0.055283188819885254 439
1726425039173 0.05999898910522461 440
1726425039222 0.05844736099243164 441
1726425039275 0.03207969665527344 442
1726425039329 0.05545985698699951 443
1726425039374 0.050837039947509766 444
1726425039417 0.03608500957489014 445
1726425039470 0.04971671104431152 446
1726425039518 0.07554078102111816 447
1726425039567 0.0668172836303711 448
1726425039611 0.04367625713348389 449
1726425039657 0.0448833703994751 450
1726425039704 0.043730735778808594 451
1726425039754 0.04343891143798828 452
1726425039804 0.0586162805557251 453
1726425039851 0.07461583614349365 454
1726425039896 0.07834720611572266 455
1726425039940 0.04139745235443115 456
1726425039986 0.01905989646911621 457
1726425040031 0.04050755500793457 458
1726425040083 0.0439070463180542 459
1726425040129 0.04767775535583496 460
1726425040175 0.07514691352844238 461
1726425040229 0.06815826892852783 462
1726425040278 0.061926960945129395 463
1726425040323 0.05743598937988281 464
1726425040365 0.07032489776611328 465
1726425040408 0.07259082794189453 466
1726425040453 0.06630873680114746 467
1726425040502 0.06492257118225098 468
1726425040551 0.07443761825561523 469
1726425040595 0.07459831237792969 470
1726425040641 0.07343697547912598 471
1726425040692 0.0813908576965332 472
1726425040742 0.06670355796813965 473
1726425040789 0.07488656044006348 474
1726425040854 0.06723153591156006 475
1726425040924 0.06723332405090332 476
1726425040999 0.06982195377349854 477
1726425041063 0.07007908821105957 478
1726425041113 0.072296142578125 479
1726425041175 0.05305445194244385 480
1726425041260 0.06949853897094727 481
1726425041334 0.0785597562789917 482
1726425041409 0.05838418006896973 483
1726425041484 0.06441700458526611 484
1726425041542 0.07401013374328613 485
1726425041607 0.06302452087402344 486
1726425041667 0.07600486278533936 487
1726425041734 0.07269048690795898 488
1726425041792 0.07437944412231445 489
1726425041850 0.07222568988800049 490
1726425041907 0.07955288887023926 491
1726425041962 0.07512319087982178 492
1726425042018 0.07428848743438721 493
1726425042086 0.08049416542053223 494
1726425042163 0.08186650276184082 495
1726425042218 0.07224714756011963 496
1726425042280 0.07660412788391113 497
1726425042334 0.05494260787963867 498
1726425042387 0.06567227840423584 499
1726425042443 0.06030392646789551 500
1726425042512 0.06157040596008301 501
1726425042569 0.05775928497314453 502
1726425042625 0.06122565269470215 503
1726425042697 0.06533455848693848 504
1726425042763 0.06336688995361328 505
1726425042819 0.06040835380554199 506
1726425042873 0.06689965724945068 507
1726425042928 0.05913686752319336 508
1726425042982 0.07195353507995605 509
1726425043034 0.07098066806793213 510
1726425043093 0.08062517642974854 511
1726425043154 0.07431638240814209 512
1726425043211 0.06384384632110596 513
1726425043269 0.06801056861877441 514
1726425043325 0.07796692848205566 515
1726425043380 0.07873594760894775 516
1726425043434 0.07012629508972168 517
1726425043492 0.057663679122924805 518
1726425043554 0.04944920539855957 519
1726425043612 0.06022059917449951 520
1726425043679 0.05125713348388672 521
1726425043741 0.02191329002380371 522
1726425043795 0.02283954620361328 523
1726425043849 0.03938400745391846 524
1726425043900 0.061008572578430176 525
1726425043959 0.0759584903717041 526
1726425044020 0.05187654495239258 527
1726425044073 0.06597518920898438 528
1726425044127 0.03821146488189697 529
1726425044188 0.03728067874908447 530
1726425044254 0.02155327796936035 531
1726425044325 0.012902975082397461 532
1726425044396 0.011966228485107422 533
1726425044483 0.049866437911987305 534
1726425044558 0.05073070526123047 535
1726425044618 0.05637001991271973 536
1726425044681 0.06324934959411621 537
1726425044743 0.07628917694091797 538
1726425044807 0.07172274589538574 539
1726425044892 0.05457615852355957 540
1726425044971 0.05221438407897949 541
1726425045052 0.03230571746826172 542
1726425045140 0.06538331508636475 543
1726425045218 0.05659341812133789 544
1726425045301 0.06040811538696289 545
1726425045391 0.08093202114105225 546
1726425045480 0.07618856430053711 547
1726425045569 0.05057215690612793 548
1726425045654 0.0654754638671875 549
1726425045744 0.06202960014343262 550
1726425045835 0.0792393684387207 551
1726425045921 0.0686807632446289 552
1726425046008 0.0544281005859375 553
1726425046071 0.061986684799194336 554
1726425046156 0.061075448989868164 555
1726425046237 0.059465646743774414 556
1726425046302 0.037523508071899414 557
1726425046371 0.05329465866088867 558
1726425046447 0.060442209243774414 559
1726425046505 0.0769338607788086 560
1726425046559 0.0787041187286377 561
1726425046614 0.07181298732757568 562
1726425046670 0.0579218864440918 563
1726425046724 0.05518829822540283 564
1726425046779 0.05946207046508789 565
1726425046841 0.07566463947296143 566
1726425046899 0.05673539638519287 567
1726425046954 0.0417633056640625 568
1726425047019 0.03165709972381592 569
1726425047074 0.029033541679382324 570
1726425047128 0.0632164478302002 571
1726425047175 0.05290555953979492 572
1726425047222 0.045179009437561035 573
1726425047267 0.0440065860748291 574
1726425047315 0.04949605464935303 575
1726425047363 0.06273603439331055 576
1726425047417 0.05915689468383789 577
1726425047476 0.054169416427612305 578
1726425047522 0.058921217918395996 579
1726425047565 0.05473160743713379 580
1726425047608 0.06057333946228027 581
1726425047660 0.06022512912750244 582
1726425047708 0.0552978515625 583
1726425047757 0.07730042934417725 584
1726425047808 0.07744526863098145 585
1726425047862 0.06969702243804932 586
1726425047914 0.07894754409790039 587
1726425047965 0.07451498508453369 588
1726425048012 0.0680091381072998 589
1726425048065 0.06624412536621094 590
1726425048112 0.0713578462600708 591
1726425048155 0.07037293910980225 592
1726425048200 0.06429004669189453 593
1726425048247 0.06935441493988037 594
1726425048291 0.07737648487091064 595
1726425048335 0.07412552833557129 596
1726425048378 0.07236385345458984 597
1726425048420 0.0715780258178711 598
1726425048463 0.06585836410522461 599
1726425048507 0.061073899269104004 600
1726425048550 0.06926274299621582 601
1726425048596 0.053375244140625 602
1726425048641 0.06444084644317627 603
1726425048688 0.07076215744018555 604
1726425048733 0.07404959201812744 605
1726425048779 0.07854998111724854 606
1726425048828 0.06659770011901855 607
1726425048880 0.07321488857269287 608
1726425048925 0.07190775871276855 609
1726425048969 0.057002902030944824 610
1726425049021 0.04001760482788086 611
1726425049076 0.0686570405960083 612
1726425049131 0.050167083740234375 613
1726425049175 0.05994844436645508 614
1726425049222 0.06633973121643066 615
1726425049268 0.06642031669616699 616
1726425049312 0.0646437406539917 617
1726425049356 0.06528234481811523 618
1726425049397 0.06522703170776367 619
1726425049439 0.06117856502532959 620
1726425049480 0.06757307052612305 621
1726425049525 0.05544734001159668 622
1726425049569 0.05189371109008789 623
1726425049610 0.06130361557006836 624
1726425049653 0.06413602828979492 625
1726425049702 0.06610214710235596 626
1726425049750 0.04733586311340332 627
1726425049799 0.04466438293457031 628
1726425049843 0.06520509719848633 629
1726425049892 0.06409597396850586 630
1726425049942 0.05500507354736328 631
1726425049988 0.0777277946472168 632
1726425050040 0.07112717628479004 633
1726425050084 0.06929004192352295 634
1726425050126 0.06700730323791504 635
1726425050169 0.06725573539733887 636
1726425050217 0.07773661613464355 637
1726425050262 0.05809330940246582 638
1726425050305 0.058112144470214844 639
1726425050351 0.047231435775756836 640
1726425050399 0.05665326118469238 641
1726425050456 0.05891132354736328 642
1726425050517 0.06990599632263184 643
1726425050579 0.06959068775177002 644
1726425050635 0.06615424156188965 645
1726425050689 0.07403373718261719 646
1726425050742 0.06786346435546875 647
1726425050797 0.06278336048126221 648
1726425050852 0.06508052349090576 649
1726425050909 0.056821227073669434 650
1726425050963 0.053690195083618164 651
1726425051020 0.05445265769958496 652
1726425051091 0.06334519386291504 653
1726425051156 0.05985379219055176 654
1726425051225 0.053679704666137695 655
1726425051291 0.06928515434265137 656
1726425051371 0.06764101982116699 657
1726425051437 0.04861283302307129 658
1726425051494 0.06778907775878906 659
1726425051549 0.0690077543258667 660
1726425051604 0.07941794395446777 661
1726425051661 0.05937957763671875 662
1726425051730 0.05010867118835449 663
1726425051794 0.05564761161804199 664
1726425051847 0.06789970397949219 665
1726425051899 0.07800912857055664 666
1726425051959 0.08055746555328369 667
1726425052011 0.06564795970916748 668
1726425052056 0.06537055969238281 669
1726425052104 0.07479500770568848 670
1726425052150 0.05635249614715576 671
1726425052194 0.05031144618988037 672
1726425052239 0.057663559913635254 673
1726425052286 0.08040487766265869 674
1726425052331 0.06473350524902344 675
1726425052380 0.06535124778747559 676
1726425052441 0.07437896728515625 677
1726425052491 0.06010317802429199 678
1726425052536 0.06201803684234619 679
1726425052581 0.06898307800292969 680
1726425052628 0.02979743480682373 681
1726425052683 0.06333589553833008 682
1726425052727 0.06311154365539551 683
1726425052772 0.05942940711975098 684
1726425052828 0.06605565547943115 685
1726425052875 0.07597064971923828 686
1726425052917 0.06912612915039062 687
1726425052965 0.06719422340393066 688
1726425053020 0.07766175270080566 689
1726425053069 0.07327556610107422 690
1726425053111 0.07267260551452637 691
1726425053154 0.052115440368652344 692
1726425053196 0.05160713195800781 693
1726425053247 0.06623446941375732 694
1726425053292 0.038564205169677734 695
1726425053342 0.038722991943359375 696
1726425053385 0.04968452453613281 697
1726425053437 0.015672683715820312 698
1726425053492 0.012665033340454102 699
1726425053532 0.06460607051849365 700
1726425053570 0.06508588790893555 701
1726425053610 0.055687665939331055 702
1726425053650 0.06482696533203125 703
1726425053691 0.06281173229217529 704
1726425053734 0.054706454277038574 705
1726425053776 0.06129288673400879 706
1726425053816 0.060463547706604004 707
1726425053856 0.06267428398132324 708
1726425053899 0.06854593753814697 709
1726425053938 0.05550515651702881 710
1726425053978 0.058786869049072266 711
1726425054027 0.05420565605163574 712
1726425054069 0.057442426681518555 713
1726425054111 0.06613266468048096 714
1726425054152 0.07807636260986328 715
1726425054193 0.07177793979644775 716
1726425054249 0.036301612854003906 717
1726425054295 0.012593865394592285 718
1726425054346 0.0367889404296875 719
1726425054393 0.015795350074768066 720
1726425054436 0.024502873420715332 721
1726425054484 0.05649852752685547 722
1726425054532 0.06584048271179199 723
1726425054582 0.06120705604553223 724
1726425054627 0.06892991065979004 725
1726425054678 0.07190549373626709 726
1726425054721 0.07563233375549316 727
1726425054770 0.07337045669555664 728
1726425054815 0.08174169063568115 729
1726425054860 0.0787513256072998 730
1726425054901 0.059168100357055664 731
1726425054949 0.07437252998352051 732
1726425054991 0.08107614517211914 733
1726425055033 0.07107055187225342 734
1726425055074 0.07102310657501221 735
1726425055116 0.07529973983764648 736
1726425055157 0.07068085670471191 737
1726425055198 0.05563187599182129 738
1726425055240 0.05255019664764404 739
1726425055282 0.059905052185058594 740
1726425055323 0.07123947143554688 741
1726425055365 0.0612180233001709 742
1726425055407 0.06857776641845703 743
1726425055452 0.07102108001708984 744
1726425055497 0.07173264026641846 745
1726425055547 0.08200204372406006 746
1726425055590 0.07930934429168701 747
1726425055637 0.06854009628295898 748
1726425055690 0.05662238597869873 749
1726425055743 0.052629709243774414 750
1726425055803 0.04984641075134277 751
1726425055862 0.04559493064880371 752
1726425055921 0.0374143123626709 753
1726425055975 0.0652158260345459 754
1726425056037 0.059234023094177246 755
1726425056104 0.05013871192932129 756
1726425056159 0.04891681671142578 757
1726425056215 0.047525882720947266 758
1726425056268 0.0277097225189209 759
1726425056326 0.050343990325927734 760
1726425056384 0.04934239387512207 761
1726425056445 0.05449843406677246 762
1726425056511 0.06639862060546875 763
1726425056564 0.07026493549346924 764
1726425056615 0.05515456199645996 765
1726425056671 0.0630040168762207 766
1726425056737 0.009156942367553711 767
1726425056817 0.03441309928894043 768
1726425056883 0.044461965560913086 769
1726425056953 0.078940749168396 770
1726425057030 0.05425429344177246 771
1726425057115 0.060401201248168945 772
1726425057186 0.06084311008453369 773
1726425057251 0.060259103775024414 774
1726425057313 0.05246472358703613 775
1726425057370 0.023447275161743164 776
1726425057432 0.03663063049316406 777
1726425057494 0.05721926689147949 778
1726425057568 0.05642354488372803 779
1726425057637 0.05524325370788574 780
1726425057711 0.047936201095581055 781
1726425057779 0.06227421760559082 782
1726425057859 0.07434046268463135 783
1726425057916 0.046584486961364746 784
1726425057971 0.04654896259307861 785
1726425058030 0.04615640640258789 786
1726425058086 0.04575622081756592 787
1726425058149 0.04632866382598877 788
1726425058214 0.045789361000061035 789
1726425058272 0.03961968421936035 790
1726425058328 0.042906999588012695 791
1726425058385 0.038327574729919434 792
1726425058456 0.03712129592895508 793
1726425058517 0.03584909439086914 794
1726425058579 0.03932046890258789 795
1726425058640 0.04351305961608887 796
1726425058721 0.06846368312835693 797
1726425058790 0.07817661762237549 798
1726425058844 0.061574459075927734 799
1726425058901 0.054611921310424805 800
1726425058960 0.07656776905059814 801
1726425059019 0.05953681468963623 802
1726425059075 0.07629597187042236 803
1726425059133 0.054718971252441406 804
1726425059190 0.057802557945251465 805
1726425059273 0.0482478141784668 806
1726425059344 0.06594192981719971 807
1726425059411 0.06507396697998047 808
1726425059464 0.0504988431930542 809
1726425059520 0.044103145599365234 810
1726425059573 0.0600888729095459 811
1726425059626 0.05607414245605469 812
1726425059680 0.042388916015625 813
1726425059735 0.022130489349365234 814
1726425059797 0.02945113182067871 815
1726425059853 0.024489402770996094 816
1726425059915 0.05731511116027832 817
1726425059997 0.039827585220336914 818
1726425060071 0.016533255577087402 819
1726425060150 0.012453079223632812 820
1726425060214 0.012452363967895508 821
1726425060280 0.04479837417602539 822
1726425060343 0.04378962516784668 823
1726425060396 0.05658519268035889 824
1726425060447 0.07274603843688965 825
1726425060507 0.08048343658447266 826
1726425060560 0.052416205406188965 827
1726425060612 0.05198872089385986 828
1726425060664 0.051558494567871094 829
1726425060715 0.06100130081176758 830
1726425060764 0.0546112060546875 831
1726425060829 0.0555119514465332 832
1726425060879 0.04709911346435547 833
1726425060930 0.04808962345123291 834
1726425060980 0.04742276668548584 835
1726425061033 0.05864119529724121 836
1726425061087 0.05784165859222412 837
1726425061144 0.04405057430267334 838
1726425061194 0.055274248123168945 839
1726425061239 0.05049622058868408 840
1726425061291 0.06123995780944824 841
1726425061339 0.060080528259277344 842
1726425061381 0.05109286308288574 843
1726425061423 0.04285740852355957 844
1726425061467 0.04046905040740967 845
1726425061512 0.024697303771972656 846
1726425061555 0.010694742202758789 847
1726425061596 0.003558039665222168 848
1726425061637 0.0019605159759521484 849
1726425061682 0.0017588138580322266 850
1726425061724 0.0015559196472167969 851
1726425061765 0.0013519525527954102 852
1726425061806 0.0011469125747680664 853
1726425061851 0.0009405612945556641 854
1726425061892 0.0007331371307373047 855
1726425061935 -0.0010154247283935547 856
1726425061979 -0.0013751983642578125 857
1726425062020 -0.0017381906509399414 858
1726425062061 -0.002104520797729492 859
1726425062102 0.011318206787109375 860
1726425062143 0.014083623886108398 861
1726425062184 0.013117671012878418 862
1726425062227 0.013075470924377441 863
1726425062268 0.027927756309509277 864
1726425062312 0.026328325271606445 865
1726425062353 0.027151823043823242 866
1726425062393 0.0465015172958374 867
1726425062433 0.0756072998046875 868
1726425062473 0.06950831413269043 869
1726425062513 0.06790530681610107 870
1726425062556 0.07231926918029785 871
1726425062597 0.062282681465148926 872
1726425062639 0.047527313232421875 873
1726425062682 0.04697394371032715 874
1726425062730 0.055571794509887695 875
1726425062772 0.05401253700256348 876
1726425062813 0.05344116687774658 877
1726425062853 0.057086944580078125 878
1726425062893 0.05683267116546631 879
1726425062932 0.05064702033996582 880
1726425062971 0.04318380355834961 881
1726425063011 0.060873985290527344 882
1726425063052 0.06418991088867188 883
1726425063091 0.06378006935119629 884
1726425063131 0.06623470783233643 885
1726425063171 0.06930851936340332 886
1726425063213 0.06821250915527344 887
1726425063255 0.08040714263916016 888
1726425063296 0.061887264251708984 889
1726425063345 0.06269168853759766 890
1726425063393 0.07224202156066895 891
1726425063439 0.05839085578918457 892
1726425063481 0.05751466751098633 893
1726425063532 0.05976557731628418 894
1726425063580 0.05564248561859131 895
1726425063623 0.062474727630615234 896
1726425063664 0.07146847248077393 897
1726425063710 0.06912612915039062 898
1726425063754 0.06331682205200195 899
1726425063798 0.07790303230285645 900
1726425063843 0.062380075454711914 901
1726425063885 0.05902385711669922 902
1726425063928 0.05340015888214111 903
1726425063972 0.05257415771484375 904
1726425064013 0.045978426933288574 905
1726425064057 0.054351091384887695 906
1726425064100 0.051129937171936035 907
1726425064145 0.06159782409667969 908
1726425064186 0.05958271026611328 909
1726425064227 0.05211794376373291 910
1726425064277 0.039255380630493164 911
1726425064320 0.036927223205566406 912
1726425064364 0.03550291061401367 913
1726425064406 0.03393292427062988 914
1726425064447 0.03250432014465332 915
1726425064489 0.03132820129394531 916
1726425064533 0.03923678398132324 917
1726425064575 0.022654056549072266 918
1726425064615 0.021159768104553223 919
1726425064660 0.01834583282470703 920
1726425064702 0.01603555679321289 921
1726425064743 0.013003110885620117 922
1726425064788 0.007783412933349609 923
1726425064832 0.007738351821899414 924
1726425064873 0.007730007171630859 925
1726425064917 0.0077211856842041016 926
1726425064961 0.014630556106567383 927
1726425065002 0.01142585277557373 928
1726425065047 0.0077991485595703125 929
1726425065093 0.007794976234436035 930
1726425065142 0.007790565490722656 931
1726425065193 0.007785797119140625 932
1726425065240 0.007781028747558594 933
1726425065285 0.00777590274810791 934
1726425065329 0.007770657539367676 935
1726425065370 0.007765293121337891 936
1726425065410 0.007759571075439453 937
1726425065450 0.011831998825073242 938
1726425065489 0.008419513702392578 939
1726425065529 0.008293747901916504 940
1726425065570 0.008165121078491211 941
1726425065609 0.008033990859985352 942
1726425065649 0.007899761199951172 943
1726425065691 0.007762432098388672 944
1726425065737 0.007622241973876953 945
1726425065781 0.007478833198547363 946
1726425065826 0.007332444190979004 947
1726425065869 0.007211923599243164 948
1726425065912 0.007184743881225586 949
1726425065956 0.007156252861022949 950
1726425066000 0.0071266889572143555 951
1726425066050 0.007096052169799805 952
1726425066100 0.007064223289489746 953
1726425066148 0.007030844688415527 954
1726425066196 0.0069963932037353516 955
1726425066238 0.021256685256958008 956
1726425066281 0.020478487014770508 957
1726425066322 0.019669175148010254 958
1726425066363 0.031615614891052246 959
1726425066403 0.028173446655273438 960
1726425066442 0.025615572929382324 961
1726425066481 0.024201393127441406 962
1726425066521 0.02268385887145996 963
1726425066561 0.02104175090789795 964
1726425066601 0.0031675100326538086 965
1726425066643 0.0027923583984375 966
1726425066683 0.002395153045654297 967
1726425066723 0.001973748207092285 968
1726425066763 0.0015254020690917969 969
1726425066803 0.0010470151901245117 970
1726425066842 0.0005350112915039062 971
1726425066883 -1.5139579772949219e-05 972
1726425066923 -0.0006089210510253906 973
1726425066963 -0.0012530088424682617 974
1726425067003 -0.001956343650817871 975
1726425067043 -0.0027298927307128906 976
1726425067084 -0.002530813217163086 977
1726425067132 -0.003612518310546875 978
1726425067181 -0.004140377044677734 979
1726425067225 -0.004699826240539551 980
1726425067266 -0.005205512046813965 981
1726425067307 -0.00556635856628418 982
1726425067350 -0.005954265594482422 983
1726425067390 -0.0037173032760620117 984
1726425067431 -0.00400090217590332 985
1726425067471 -0.004301548004150391 986
1726425067511 -0.004620671272277832 987
1726425067552 -0.004961252212524414 988
1726425067592 -0.005325675010681152 989
1726425067631 -0.005717754364013672 990
1726425067670 -0.006141781806945801 991
1726425067712 -0.006602883338928223 992
1726425067752 -0.007108330726623535 993
1726425067793 -0.007667183876037598 994
1726425067835 -0.00829172134399414 995
1726425067875 -0.001837611198425293 996
1726425067915 -0.005299210548400879 997
1726425067956 -0.009627461433410645 998
1726425067995 -0.010537385940551758 999
