1726425016474 1.442071795463562 0
1726425016525 1.4290215969085693 1
1726425016578 1.4492578506469727 2
1726425016634 1.4488625526428223 3
1726425016695 1.4340649843215942 4
1726425016753 1.4234516620635986 5
1726425016805 1.4138760566711426 6
1726425016874 1.4027671813964844 7
1726425016942 1.4148141145706177 8
1726425017001 1.4306761026382446 9
1726425017056 1.4112257957458496 10
1726425017111 1.4404348134994507 11
1726425017167 1.4317436218261719 12
1726425017225 1.4285016059875488 13
1726425017283 1.4352086782455444 14
1726425017351 1.4323694705963135 15
1726425017424 1.433384656906128 16
1726425017489 1.431969165802002 17
1726425017549 1.416756510734558 18
1726425017605 1.4346091747283936 19
1726425017664 1.4431289434432983 20
1726425017721 1.4286198616027832 21
1726425017786 1.4106342792510986 22
1726425017854 1.4230570793151855 23
1726425017920 1.447407603263855 24
1726425017993 1.449878215789795 25
1726425018072 1.449614405632019 26
1726425018149 1.4216187000274658 27
1726425018223 1.4276201725006104 28
1726425018284 1.4301502704620361 29
1726425018359 1.443640112876892 30
1726425018434 1.4277106523513794 31
1726425018496 1.4439350366592407 32
1726425018571 1.4512146711349487 33
1726425018631 1.4515626430511475 34
1726425018686 1.4458339214324951 35
1726425018754 1.4502888917922974 36
1726425018830 1.44010329246521 37
1726425018902 1.411024570465088 38
1726425018960 1.3824244737625122 39
1726425019029 1.4417850971221924 40
1726425019097 1.4271994829177856 41
1726425019166 1.4128588438034058 42
1726425019223 1.4267958402633667 43
1726425019280 1.4460465908050537 44
1726425019338 1.4112803936004639 45
1726425019398 1.4500724077224731 46
1726425019478 1.4481960535049438 47
1726425019553 1.4404338598251343 48
1726425019614 1.450696587562561 49
1726425019671 1.4497361183166504 50
1726425019727 1.4458930492401123 51
1726425019794 1.4272698163986206 52
1726425019869 1.4277734756469727 53
1726425019931 1.4341697692871094 54
1726425019988 1.4323275089263916 55
1726425020046 1.444883108139038 56
1726425020100 1.450836420059204 57
1726425020155 1.4446344375610352 58
1726425020210 1.4396311044692993 59
1726425020267 1.430287480354309 60
1726425020320 1.4433385133743286 61
1726425020376 1.442563533782959 62
1726425020433 1.4335190057754517 63
1726425020488 1.4408223628997803 64
1726425020540 1.435051441192627 65
1726425020588 1.4351661205291748 66
1726425020644 1.429244875907898 67
1726425020701 1.423445224761963 68
1726425020751 1.432766079902649 69
1726425020798 1.442185878753662 70
1726425020846 1.443204402923584 71
1726425020892 1.4371376037597656 72
1726425020937 1.4478293657302856 73
1726425020982 1.4421577453613281 74
1726425021030 1.437867283821106 75
1726425021077 1.4414514303207397 76
1726425021125 1.4447813034057617 77
1726425021180 1.438439965248108 78
1726425021225 1.4371315240859985 79
1726425021267 1.440181851387024 80
1726425021312 1.4200377464294434 81
1726425021354 1.4332356452941895 82
1726425021397 1.4465885162353516 83
1726425021440 1.418915033340454 84
1726425021483 1.418760061264038 85
1726425021526 1.4134842157363892 86
1726425021573 1.4302563667297363 87
1726425021616 1.4469354152679443 88
1726425021660 1.442177414894104 89
1726425021703 1.4231369495391846 90
1726425021745 1.4213883876800537 91
1726425021788 1.428513526916504 92
1726425021830 1.4304006099700928 93
1726425021873 1.4300706386566162 94
1726425021916 1.4405105113983154 95
1726425021962 1.438660979270935 96
1726425022004 1.4143825769424438 97
1726425022051 1.4401776790618896 98
1726425022096 1.445000410079956 99
1726425022139 1.4526612758636475 100
1726425022183 1.4402472972869873 101
1726425022225 1.4306674003601074 102
1726425022271 1.4280956983566284 103
1726425022315 1.4356111288070679 104
1726425022358 1.449920654296875 105
1726425022401 1.445533037185669 106
1726425022446 1.4413304328918457 107
1726425022491 1.4451878070831299 108
1726425022535 1.4392242431640625 109
1726425022578 1.445447564125061 110
1726425022624 1.449070692062378 111
1726425022671 1.447166919708252 112
1726425022725 1.442078948020935 113
1726425022768 1.432144284248352 114
1726425022819 1.4356825351715088 115
1726425022879 1.4419844150543213 116
1726425022926 1.4321303367614746 117
1726425022975 1.4397562742233276 118
1726425023026 1.4286205768585205 119
1726425023074 1.4447251558303833 120
1726425023115 1.4477252960205078 121
1726425023156 1.4433143138885498 122
1726425023197 1.4310871362686157 123
1726425023239 1.4372477531433105 124
1726425023281 1.4318642616271973 125
1726425023325 1.4411747455596924 126
1726425023368 1.4466156959533691 127
1726425023413 1.4498307704925537 128
1726425023455 1.4215471744537354 129
1726425023496 1.4434425830841064 130
1726425023540 1.4454503059387207 131
1726425023582 1.451235294342041 132
1726425023625 1.44730806350708 133
1726425023668 1.4375898838043213 134
1726425023715 1.4245102405548096 135
1726425023761 1.4345375299453735 136
1726425023809 1.3965511322021484 137
1726425023855 1.431361198425293 138
1726425023898 1.446295976638794 139
1726425023942 1.449025273323059 140
1726425023987 1.4368326663970947 141
1726425024038 1.4481749534606934 142
1726425024082 1.4370155334472656 143
1726425024125 1.4360759258270264 144
1726425024170 1.429076075553894 145
1726425024227 1.4233229160308838 146
1726425024278 1.4382405281066895 147
1726425024323 1.4031836986541748 148
1726425024369 1.4414645433425903 149
1726425024418 1.4366647005081177 150
1726425024476 1.4409455060958862 151
1726425024525 1.4315831661224365 152
1726425024574 1.4239506721496582 153
1726425024619 1.4371215105056763 154
1726425024666 1.4129362106323242 155
1726425024710 1.3966929912567139 156
1726425024760 1.4035553932189941 157
1726425024806 1.4239717721939087 158
1726425024851 1.429394245147705 159
1726425024895 1.428878903388977 160
1726425024941 1.4263286590576172 161
1726425024985 1.4456722736358643 162
1726425025029 1.4515819549560547 163
1726425025072 1.4439709186553955 164
1726425025115 1.438476324081421 165
1726425025160 1.4474236965179443 166
1726425025204 1.4397996664047241 167
1726425025248 1.424163818359375 168
1726425025294 1.428227186203003 169
1726425025342 1.4015191793441772 170
1726425025394 1.4221158027648926 171
1726425025442 1.4398541450500488 172
1726425025489 1.4520912170410156 173
1726425025535 1.4409873485565186 174
1726425025582 1.4459445476531982 175
1726425025626 1.4386887550354004 176
1726425025680 1.4148998260498047 177
1726425025742 1.4390349388122559 178
1726425025809 1.4284203052520752 179
1726425025872 1.4158177375793457 180
1726425025934 1.4173660278320312 181
1726425025982 1.433300256729126 182
1726425026029 1.4356735944747925 183
1726425026082 1.4368886947631836 184
1726425026135 1.4450889825820923 185
1726425026193 1.443591594696045 186
1726425026243 1.4483263492584229 187
1726425026296 1.4351946115493774 188
1726425026357 1.4239139556884766 189
1726425026407 1.4470267295837402 190
1726425026459 1.4295730590820312 191
1726425026511 1.432793378829956 192
1726425026585 1.3952590227127075 193
1726425026652 1.4206289052963257 194
1726425026705 1.4356354475021362 195
1726425026777 1.446239948272705 196
1726425026831 1.4410593509674072 197
1726425026882 1.4460740089416504 198
1726425026945 1.4428884983062744 199
1726425027001 1.4234217405319214 200
1726425027066 1.4158306121826172 201
1726425027131 1.4348732233047485 202
1726425027189 1.4368867874145508 203
1726425027244 1.4231809377670288 204
1726425027308 1.4277762174606323 205
1726425027375 1.4366508722305298 206
1726425027439 1.4405319690704346 207
1726425027498 1.4082980155944824 208
1726425027551 1.4256235361099243 209
1726425027614 1.4261163473129272 210
1726425027677 1.446683645248413 211
1726425027742 1.4376978874206543 212
1726425027795 1.4286775588989258 213
1726425027846 1.4252991676330566 214
1726425027900 1.4330960512161255 215
1726425027956 1.4338529109954834 216
1726425028010 1.4425548315048218 217
1726425028061 1.4454586505889893 218
1726425028116 1.4320882558822632 219
1726425028172 1.437250018119812 220
1726425028235 1.4126548767089844 221
1726425028294 1.4461236000061035 222
1726425028351 1.427826166152954 223
1726425028406 1.4374438524246216 224
1726425028466 1.4485282897949219 225
1726425028533 1.4402011632919312 226
1726425028592 1.4467389583587646 227
1726425028654 1.4405502080917358 228
1726425028732 1.4431365728378296 229
1726425028809 1.4303478002548218 230
1726425028876 1.4362618923187256 231
1726425028929 1.4424691200256348 232
1726425028985 1.4280306100845337 233
1726425029040 1.4267528057098389 234
1726425029110 1.4383490085601807 235
1726425029167 1.442224144935608 236
1726425029226 1.4433329105377197 237
1726425029280 1.4446510076522827 238
1726425029352 1.43885338306427 239
1726425029407 1.4304758310317993 240
1726425029465 1.4321755170822144 241
1726425029523 1.430346965789795 242
1726425029578 1.4089146852493286 243
1726425029641 1.4331719875335693 244
1726425029708 1.4440813064575195 245
1726425029765 1.444831132888794 246
1726425029820 1.4340845346450806 247
1726425029878 1.423468828201294 248
1726425029943 1.438792109489441 249
1726425029999 1.4362602233886719 250
1726425030055 1.4400137662887573 251
1726425030110 1.4427531957626343 252
1726425030164 1.4334518909454346 253
1726425030218 1.4460232257843018 254
1726425030294 1.4442715644836426 255
1726425030366 1.4480421543121338 256
1726425030450 1.4246656894683838 257
1726425030511 1.4390318393707275 258
1726425030566 1.433443307876587 259
1726425030623 1.4121391773223877 260
1726425030676 1.4259650707244873 261
1726425030732 1.430130958557129 262
1726425030806 1.446161150932312 263
1726425030871 1.4456052780151367 264
1726425030927 1.434865951538086 265
1726425030985 1.4338505268096924 266
1726425031038 1.4332411289215088 267
1726425031089 1.4291768074035645 268
1726425031137 1.4516090154647827 269
1726425031184 1.450507402420044 270
1726425031231 1.4350603818893433 271
1726425031280 1.4310678243637085 272
1726425031326 1.418685793876648 273
1726425031371 1.4103367328643799 274
1726425031417 1.442230224609375 275
1726425031466 1.441508173942566 276
1726425031513 1.4508100748062134 277
1726425031559 1.4469826221466064 278
1726425031605 1.4443305730819702 279
1726425031651 1.4475412368774414 280
1726425031696 1.4370299577713013 281
1726425031743 1.435334324836731 282
1726425031790 1.4437370300292969 283
1726425031835 1.4413690567016602 284
1726425031879 1.4467757940292358 285
1726425031930 1.4415593147277832 286
1726425031993 1.438106894493103 287
1726425032051 1.430211067199707 288
1726425032100 1.4452983140945435 289
1726425032145 1.44245445728302 290
1726425032189 1.4261178970336914 291
1726425032236 1.4442600011825562 292
1726425032284 1.4375152587890625 293
1726425032328 1.435737133026123 294
1726425032372 1.441248893737793 295
1726425032415 1.4326088428497314 296
1726425032463 1.4279975891113281 297
1726425032509 1.439652919769287 298
1726425032552 1.441259741783142 299
1726425032598 1.4301860332489014 300
1726425032642 1.4344227313995361 301
1726425032689 1.4432390928268433 302
1726425032743 1.4360460042953491 303
1726425032791 1.41798734664917 304
1726425032845 1.395634651184082 305
1726425032893 1.3806709051132202 306
1726425032936 1.4105446338653564 307
1726425032988 1.4206191301345825 308
1726425033033 1.4225106239318848 309
1726425033079 1.4299861192703247 310
1726425033131 1.422884464263916 311
1726425033177 1.4186596870422363 312
1726425033220 1.446825385093689 313
1726425033269 1.444406509399414 314
1726425033313 1.4400030374526978 315
1726425033356 1.436610221862793 316
1726425033405 1.4143012762069702 317
1726425033459 1.42350172996521 318
1726425033506 1.4006059169769287 319
1726425033557 1.404909610748291 320
1726425033601 1.4057972431182861 321
1726425033645 1.4180301427841187 322
1726425033700 1.4314783811569214 323
1726425033748 1.435176134109497 324
1726425033795 1.4314656257629395 325
1726425033843 1.4021003246307373 326
1726425033889 1.4262076616287231 327
1726425033935 1.416813850402832 328
1726425033983 1.3885166645050049 329
1726425034029 1.406590223312378 330
1726425034077 1.4321733713150024 331
1726425034123 1.4287376403808594 332
1726425034171 1.4397592544555664 333
1726425034224 1.4427218437194824 334
1726425034273 1.4330050945281982 335
1726425034319 1.4335378408432007 336
1726425034367 1.4415783882141113 337
1726425034414 1.4430859088897705 338
1726425034464 1.4441611766815186 339
1726425034512 1.443819522857666 340
1726425034559 1.4448374509811401 341
1726425034606 1.4476555585861206 342
1726425034659 1.4463952779769897 343
1726425034709 1.4371695518493652 344
1726425034758 1.4462356567382812 345
1726425034812 1.4404897689819336 346
1726425034868 1.4459474086761475 347
1726425034925 1.4388885498046875 348
1726425034976 1.4183241128921509 349
1726425035028 1.4044307470321655 350
1726425035078 1.4164034128189087 351
1726425035125 1.4294089078903198 352
1726425035170 1.437720775604248 353
1726425035223 1.4307301044464111 354
1726425035273 1.4360992908477783 355
1726425035322 1.4422444105148315 356
1726425035374 1.4439868927001953 357
1726425035429 1.4337501525878906 358
1726425035477 1.4237563610076904 359
1726425035531 1.430073618888855 360
1726425035580 1.438782811164856 361
1726425035629 1.4441249370574951 362
1726425035677 1.440415620803833 363
1726425035724 1.4512605667114258 364
1726425035771 1.4407708644866943 365
1726425035816 1.4462473392486572 366
1726425035860 1.4444174766540527 367
1726425035905 1.443690538406372 368
1726425035951 1.42746901512146 369
1726425035996 1.4246652126312256 370
1726425036041 1.3861711025238037 371
1726425036085 1.3766096830368042 372
1726425036135 1.3951270580291748 373
1726425036180 1.3983800411224365 374
1726425036225 1.4390159845352173 375
1726425036270 1.4469866752624512 376
1726425036315 1.4432878494262695 377
1726425036359 1.4342947006225586 378
1726425036403 1.429464340209961 379
1726425036453 1.4322329759597778 380
1726425036502 1.4317333698272705 381
1726425036565 1.4161303043365479 382
1726425036633 1.4209225177764893 383
1726425036681 1.4282681941986084 384
1726425036727 1.431215763092041 385
1726425036772 1.4347184896469116 386
1726425036818 1.4436326026916504 387
1726425036864 1.445662260055542 388
1726425036910 1.446671724319458 389
1726425036955 1.4336605072021484 390
1726425036999 1.4442353248596191 391
1726425037044 1.4307626485824585 392
1726425037089 1.4241605997085571 393
1726425037139 1.4428558349609375 394
1726425037192 1.4446418285369873 395
1726425037239 1.4466876983642578 396
1726425037280 1.4254671335220337 397
1726425037323 1.4336590766906738 398
1726425037371 1.4328386783599854 399
1726425037415 1.4458189010620117 400
1726425037460 1.4391555786132812 401
1726425037513 1.3988786935806274 402
1726425037559 1.4242388010025024 403
1726425037601 1.4296777248382568 404
1726425037641 1.4010372161865234 405
1726425037683 1.4298033714294434 406
1726425037724 1.4320672750473022 407
1726425037766 1.4382305145263672 408
1726425037806 1.4457433223724365 409
1726425037848 1.429568886756897 410
1726425037890 1.4119532108306885 411
1726425037933 1.4280157089233398 412
1726425037977 1.434809684753418 413
1726425038019 1.4325566291809082 414
1726425038065 1.4323740005493164 415
1726425038106 1.4317954778671265 416
1726425038149 1.4060360193252563 417
1726425038192 1.4207727909088135 418
1726425038237 1.4247946739196777 419
1726425038281 1.4340085983276367 420
1726425038324 1.420109510421753 421
1726425038367 1.4255563020706177 422
1726425038408 1.4266037940979004 423
1726425038454 1.4206292629241943 424
1726425038501 1.426854133605957 425
1726425038551 1.4278109073638916 426
1726425038600 1.422222375869751 427
1726425038648 1.4319896697998047 428
1726425038695 1.4440608024597168 429
1726425038745 1.4286651611328125 430
1726425038793 1.429255485534668 431
1726425038848 1.424134612083435 432
1726425038896 1.4017064571380615 433
1726425038942 1.3818615674972534 434
1726425038985 1.396185278892517 435
1726425039028 1.4037058353424072 436
1726425039072 1.408302903175354 437
1726425039115 1.4078552722930908 438
1726425039159 1.425073504447937 439
1726425039207 1.4297893047332764 440
1726425039255 1.4282376766204834 441
1726425039313 1.4018700122833252 442
1726425039359 1.4252501726150513 443
1726425039403 1.4206273555755615 444
1726425039455 1.405875325202942 445
1726425039502 1.4195070266723633 446
1726425039552 1.44533109664917 447
1726425039597 1.4366075992584229 448
1726425039641 1.4134665727615356 449
1726425039689 1.4146736860275269 450
1726425039735 1.4135210514068604 451
1726425039788 1.41322922706604 452
1726425039835 1.4284065961837769 453
1726425039882 1.4444061517715454 454
1726425039925 1.4481375217437744 455
1726425039971 1.411187767982483 456
1726425040016 1.388850212097168 457
1726425040065 1.4102978706359863 458
1726425040113 1.413697361946106 459
1726425040160 1.4174680709838867 460
1726425040210 1.4449372291564941 461
1726425040264 1.4379485845565796 462
1726425040310 1.4317172765731812 463
1726425040351 1.4272263050079346 464
1726425040394 1.440115213394165 465
1726425040438 1.4423811435699463 466
1726425040485 1.4360990524291992 467
1726425040535 1.4347128868103027 468
1726425040581 1.444227933883667 469
1726425040625 1.4443886280059814 470
1726425040672 1.4432272911071777 471
1726425040726 1.451181173324585 472
1726425040773 1.4364938735961914 473
1726425040834 1.4446768760681152 474
1726425040903 1.4370218515396118 475
1726425040977 1.437023639678955 476
1726425041046 1.4396122694015503 477
1726425041097 1.4398694038391113 478
1726425041151 1.4420864582061768 479
1726425041231 1.4228447675704956 480
1726425041312 1.439288854598999 481
1726425041386 1.4483500719070435 482
1726425041459 1.4281744956970215 483
1726425041522 1.4342073202133179 484
1726425041587 1.443800449371338 485
1726425041644 1.4328148365020752 486
1726425041710 1.4457951784133911 487
1726425041773 1.4424808025360107 488
1726425041832 1.4441697597503662 489
1726425041889 1.4420160055160522 490
1726425041944 1.449343204498291 491
1726425042000 1.4449135065078735 492
1726425042061 1.444078803062439 493
1726425042140 1.450284481048584 494
1726425042200 1.4516568183898926 495
1726425042256 1.4420374631881714 496
1726425042317 1.446394443511963 497
1726425042370 1.4247329235076904 498
1726425042423 1.4354625940322876 499
1726425042495 1.4300942420959473 500
1726425042548 1.4313607215881348 501
1726425042604 1.4275496006011963 502
1726425042675 1.431015968322754 503
1726425042743 1.4351248741149902 504
1726425042802 1.433157205581665 505
1726425042855 1.4301986694335938 506
1726425042909 1.4366899728775024 507
1726425042964 1.4289271831512451 508
1726425043017 1.4417438507080078 509
1726425043072 1.4407709836959839 510
1726425043136 1.4504154920578003 511
1726425043194 1.4441066980361938 512
1726425043251 1.4336341619491577 513
1726425043306 1.4378008842468262 514
1726425043361 1.4477572441101074 515
1726425043416 1.4485262632369995 516
1726425043475 1.4399166107177734 517
1726425043531 1.4274539947509766 518
1726425043595 1.4192395210266113 519
1726425043658 1.4300109148025513 520
1726425043723 1.4210474491119385 521
1726425043777 1.3917036056518555 522
1726425043831 1.392629861831665 523
1726425043884 1.4091743230819702 524
1726425043938 1.430798888206482 525
1726425044001 1.4457488059997559 526
1726425044056 1.4216668605804443 527
1726425044109 1.4357655048370361 528
1726425044166 1.4080017805099487 529
1726425044234 1.4070709943771362 530
1726425044305 1.391343593597412 531
1726425044370 1.3826932907104492 532
1726425044457 1.3817565441131592 533
1726425044538 1.419656753540039 534
1726425044598 1.4205210208892822 535
1726425044661 1.4261603355407715 536
1726425044723 1.433039665222168 537
1726425044784 1.4460794925689697 538
1726425044866 1.4415130615234375 539
1726425044945 1.4243664741516113 540
1726425045024 1.4220046997070312 541
1726425045113 1.4020960330963135 542
1726425045192 1.4351736307144165 543
1726425045275 1.4263837337493896 544
1726425045363 1.4301984310150146 545
1726425045451 1.450722336769104 546
1726425045541 1.4459788799285889 547
1726425045626 1.4203624725341797 548
1726425045717 1.4352657794952393 549
1726425045805 1.4318199157714844 550
1726425045895 1.4490296840667725 551
1726425045983 1.4384710788726807 552
1726425046051 1.4242184162139893 553
1726425046130 1.431777000427246 554
1726425046214 1.43086576461792 555
1726425046285 1.4292559623718262 556
1726425046348 1.4073138236999512 557
1726425046424 1.4230849742889404 558
1726425046487 1.4302325248718262 559
1726425046539 1.4467241764068604 560
1726425046594 1.4484944343566895 561
1726425046653 1.4416033029556274 562
1726425046706 1.4277122020721436 563
1726425046761 1.4249786138534546 564
1726425046820 1.4292523860931396 565
1726425046882 1.4454549551010132 566
1726425046935 1.4265257120132446 567
1726425046998 1.4115536212921143 568
1726425047056 1.4014474153518677 569
1726425047112 1.398823857307434 570
1726425047160 1.433006763458252 571
1726425047206 1.4226958751678467 572
1726425047252 1.4149693250656128 573
1726425047297 1.4137969017028809 574
1726425047346 1.4192863702774048 575
1726425047398 1.4325263500213623 576
1726425047454 1.4289472103118896 577
1726425047508 1.423959732055664 578
1726425047551 1.4287115335464478 579
1726425047593 1.4245219230651855 580
1726425047645 1.430363655090332 581
1726425047691 1.4300154447555542 582
1726425047741 1.4250881671905518 583
1726425047792 1.447090744972229 584
1726425047845 1.4472355842590332 585
1726425047897 1.439487338066101 586
1726425047949 1.4487378597259521 587
1726425047998 1.4443053007125854 588
1726425048047 1.4377994537353516 589
1726425048097 1.4360344409942627 590
1726425048141 1.4411481618881226 591
1726425048185 1.440163254737854 592
1726425048232 1.4340803623199463 593
1726425048276 1.4391447305679321 594
1726425048321 1.4471668004989624 595
1726425048364 1.443915843963623 596
1726425048406 1.4421541690826416 597
1726425048449 1.4413683414459229 598
1726425048492 1.4356486797332764 599
1726425048536 1.4308642148971558 600
1726425048581 1.4390530586242676 601
1726425048626 1.4231655597686768 602
1726425048673 1.434231162071228 603
1726425048717 1.4405524730682373 604
1726425048764 1.4438399076461792 605
1726425048812 1.4483402967453003 606
1726425048865 1.4363880157470703 607
1726425048910 1.4430052042007446 608
1726425048955 1.4416980743408203 609
1726425049005 1.4267932176589966 610
1726425049055 1.4098079204559326 611
1726425049112 1.43844735622406 612
1726425049161 1.4199573993682861 613
1726425049204 1.4297387599945068 614
1726425049253 1.4361300468444824 615
1726425049298 1.4362106323242188 616
1726425049342 1.4344340562820435 617
1726425049383 1.435072660446167 618
1726425049425 1.4350173473358154 619
1726425049467 1.4309688806533813 620
1726425049510 1.4373633861541748 621
1726425049554 1.4252376556396484 622
1726425049595 1.4216840267181396 623
1726425049639 1.4310939311981201 624
1726425049683 1.4339263439178467 625
1726425049734 1.4358924627304077 626
1726425049782 1.417126178741455 627
1726425049829 1.414454698562622 628
1726425049872 1.434995412826538 629
1726425049928 1.4338862895965576 630
1726425049973 1.424795389175415 631
1726425050020 1.4475181102752686 632
1726425050070 1.4409174919128418 633
1726425050112 1.4390803575515747 634
1726425050154 1.4367976188659668 635
1726425050198 1.4370460510253906 636
1726425050247 1.4475269317626953 637
1726425050290 1.4278836250305176 638
1726425050335 1.4279024600982666 639
1726425050383 1.4170217514038086 640
1726425050435 1.4264435768127441 641
1726425050497 1.428701639175415 642
1726425050558 1.4396963119506836 643
1726425050618 1.4393810033798218 644
1726425050671 1.4359445571899414 645
1726425050725 1.443824052810669 646
1726425050778 1.4376537799835205 647
1726425050835 1.432573676109314 648
1726425050892 1.4348708391189575 649
1726425050946 1.4266115427017212 650
1726425051002 1.42348051071167 651
1726425051064 1.4242429733276367 652
1726425051137 1.4331355094909668 653
1726425051204 1.4296441078186035 654
1726425051272 1.4234700202941895 655
1726425051344 1.4390754699707031 656
1726425051419 1.4374313354492188 657
1726425051475 1.418403148651123 658
1726425051532 1.4375793933868408 659
1726425051584 1.4387980699539185 660
1726425051643 1.4492082595825195 661
1726425051706 1.4291698932647705 662
1726425051777 1.4198989868164062 663
1726425051830 1.4254379272460938 664
1726425051881 1.437690019607544 665
1726425051937 1.4477994441986084 666
1726425051994 1.4503477811813354 667
1726425052041 1.4354382753372192 668
1726425052088 1.4351608753204346 669
1726425052136 1.4445853233337402 670
1726425052180 1.4261428117752075 671
1726425052224 1.4201017618179321 672
1726425052269 1.427453875541687 673
1726425052317 1.4501951932907104 674
1726425052364 1.4345238208770752 675
1726425052420 1.4351415634155273 676
1726425052475 1.444169282913208 677
1726425052522 1.4298934936523438 678
1726425052566 1.431808352470398 679
1726425052613 1.4387733936309814 680
1726425052661 1.3995877504348755 681
1726425052712 1.4331262111663818 682
1726425052757 1.4329018592834473 683
1726425052807 1.4292197227478027 684
1726425052860 1.435845971107483 685
1726425052904 1.44576096534729 686
1726425052947 1.4389164447784424 687
1726425053003 1.4369845390319824 688
1726425053056 1.4474520683288574 689
1726425053097 1.443065881729126 690
1726425053140 1.4424629211425781 691
1726425053182 1.421905755996704 692
1726425053231 1.4213974475860596 693
1726425053278 1.436024785041809 694
1726425053324 1.4083545207977295 695
1726425053371 1.4085133075714111 696
1726425053415 1.4194748401641846 697
1726425053476 1.385462999343872 698
1726425053518 1.3824553489685059 699
1726425053558 1.4343963861465454 700
1726425053597 1.4348762035369873 701
1726425053636 1.4254779815673828 702
1726425053678 1.434617280960083 703
1726425053720 1.432602047920227 704
1726425053763 1.4244967699050903 705
1726425053803 1.4310832023620605 706
1726425053843 1.4302538633346558 707
1726425053884 1.432464599609375 708
1726425053925 1.4383362531661987 709
1726425053965 1.4252954721450806 710
1726425054010 1.428577184677124 711
1726425054055 1.4239959716796875 712
1726425054097 1.4272327423095703 713
1726425054138 1.4359229803085327 714
1726425054179 1.447866678237915 715
1726425054229 1.4415682554244995 716
1726425054279 1.4060919284820557 717
1726425054330 1.382384181022644 718
1726425054377 1.4065792560577393 719
1726425054421 1.3855856657028198 720
1726425054469 1.394293189048767 721
1726425054515 1.4262888431549072 722
1726425054564 1.4356307983398438 723
1726425054614 1.430997371673584 724
1726425054660 1.4387202262878418 725
1726425054707 1.4416958093643188 726
1726425054755 1.445422649383545 727
1726425054799 1.4431607723236084 728
1726425054846 1.451532006263733 729
1726425054888 1.4485416412353516 730
1726425054935 1.4289584159851074 731
1726425054977 1.4441628456115723 732
1726425055018 1.450866460800171 733
1726425055061 1.4408608675003052 734
1726425055102 1.440813422203064 735
1726425055143 1.4450900554656982 736
1726425055184 1.4404711723327637 737
1726425055226 1.425422191619873 738
1726425055269 1.4223405122756958 739
1726425055310 1.4296953678131104 740
1726425055351 1.4410297870635986 741
1726425055393 1.4310083389282227 742
1726425055436 1.4383680820465088 743
1726425055483 1.4408113956451416 744
1726425055532 1.4415229558944702 745
1726425055576 1.4517923593521118 746
1726425055619 1.4490996599197388 747
1726425055670 1.4383304119110107 748
1726425055725 1.4264127016067505 749
1726425055785 1.4224200248718262 750
1726425055845 1.4196367263793945 751
1726425055904 1.4153852462768555 752
1726425055957 1.4072046279907227 753
1726425056018 1.4350061416625977 754
1726425056085 1.429024338722229 755
1726425056141 1.419929027557373 756
1726425056196 1.4187071323394775 757
1726425056250 1.417316198348999 758
1726425056303 1.3975000381469727 759
1726425056365 1.4201343059539795 760
1726425056428 1.4191327095031738 761
1726425056487 1.4242887496948242 762
1726425056547 1.4361889362335205 763
1726425056598 1.440055251121521 764
1726425056653 1.4249448776245117 765
1726425056713 1.4327943325042725 766
1726425056791 1.3789472579956055 767
1726425056862 1.4042034149169922 768
1726425056930 1.4142522811889648 769
1726425057003 1.4487310647964478 770
1726425057090 1.4240446090698242 771
1726425057165 1.4301915168762207 772
1726425057232 1.4306334257125854 773
1726425057295 1.4300494194030762 774
1726425057352 1.422255039215088 775
1726425057413 1.393237590789795 776
1726425057471 1.4064209461212158 777
1726425057545 1.4270095825195312 778
1726425057613 1.4262138605117798 779
1726425057692 1.4250335693359375 780
1726425057753 1.4177265167236328 781
1726425057839 1.4320645332336426 782
1726425057896 1.444130778312683 783
1726425057953 1.4163748025894165 784
1726425058009 1.4163392782211304 785
1726425058067 1.4159467220306396 786
1726425058128 1.4155465364456177 787
1726425058194 1.4161189794540405 788
1726425058254 1.4155796766281128 789
1726425058310 1.409409999847412 790
1726425058366 1.4126973152160645 791
1726425058433 1.4081178903579712 792
1726425058495 1.4069116115570068 793
1726425058559 1.405639410018921 794
1726425058619 1.4091107845306396 795
1726425058697 1.4133033752441406 796
1726425058771 1.4382539987564087 797
1726425058827 1.4479669332504272 798
1726425058880 1.4313647747039795 799
1726425058941 1.4244022369384766 800
1726425059001 1.44635808467865 801
1726425059057 1.429327130317688 802
1726425059115 1.4460862874984741 803
1726425059173 1.4245092868804932 804
1726425059245 1.4275928735733032 805
1726425059326 1.4180381298065186 806
1726425059390 1.4357322454452515 807
1726425059447 1.4348642826080322 808
1726425059500 1.420289158821106 809
1726425059556 1.413893461227417 810
1726425059609 1.4298791885375977 811
1726425059663 1.4258644580841064 812
1726425059716 1.4121792316436768 813
1726425059778 1.391920804977417 814
1726425059834 1.3992414474487305 815
1726425059896 1.3942797183990479 816
1726425059971 1.42710542678833 817
1726425060049 1.4096179008483887 818
1726425060126 1.3863235712051392 819
1726425060192 1.3822433948516846 820
1726425060257 1.3822426795959473 821
1726425060323 1.4145886898040771 822
1726425060378 1.4135799407958984 823
1726425060430 1.4263755083084106 824
1726425060487 1.4425363540649414 825
1726425060543 1.4502737522125244 826
1726425060596 1.4222065210342407 827
1726425060647 1.4217790365219116 828
1726425060698 1.4213488101959229 829
1726425060748 1.4307916164398193 830
1726425060812 1.4244015216827393 831
1726425060863 1.425302267074585 832
1726425060914 1.4168894290924072 833
1726425060962 1.4178799390792847 834
1726425061015 1.4172130823135376 835
1726425061069 1.428431510925293 836
1726425061125 1.4276319742202759 837
1726425061178 1.413840889930725 838
1726425061225 1.4250645637512207 839
1726425061274 1.4202865362167358 840
1726425061324 1.4310302734375 841
1726425061367 1.429870843887329 842
1726425061409 1.4208831787109375 843
1726425061452 1.4126477241516113 844
1726425061498 1.4102593660354614 845
1726425061541 1.3944876194000244 846
1726425061582 1.3804850578308105 847
1726425061623 1.373348355293274 848
1726425061667 1.371750831604004 849
1726425061709 1.371549129486084 850
1726425061751 1.3713462352752686 851
1726425061792 1.3711422681808472 852
1726425061837 1.3709372282028198 853
1726425061879 1.3707308769226074 854
1726425061921 1.370523452758789 855
1726425061964 1.3687748908996582 856
1726425062006 1.368415117263794 857
1726425062047 1.3680521249771118 858
1726425062089 1.3676857948303223 859
1726425062130 1.3811085224151611 860
1726425062170 1.3838739395141602 861
1726425062214 1.3829079866409302 862
1726425062254 1.3828657865524292 863
1726425062297 1.397718071937561 864
1726425062340 1.3961186408996582 865
1726425062380 1.396942138671875 866
1726425062420 1.4162918329238892 867
1726425062460 1.4453976154327393 868
1726425062500 1.4392986297607422 869
1726425062542 1.4376956224441528 870
1726425062584 1.4421095848083496 871
1726425062624 1.4320729970932007 872
1726425062668 1.4173176288604736 873
1726425062716 1.416764259338379 874
1726425062758 1.4253621101379395 875
1726425062799 1.4238028526306152 876
1726425062839 1.4232314825057983 877
1726425062880 1.4268772602081299 878
1726425062919 1.426622986793518 879
1726425062958 1.4204373359680176 880
1726425062998 1.4129741191864014 881
1726425063039 1.430664300918579 882
1726425063078 1.4339802265167236 883
1726425063118 1.433570384979248 884
1726425063158 1.4360250234603882 885
1726425063199 1.439098834991455 886
1726425063241 1.4380028247833252 887
1726425063282 1.450197458267212 888
1726425063329 1.4316775798797607 889
1726425063377 1.4324820041656494 890
1726425063424 1.4420323371887207 891
1726425063468 1.4281811714172363 892
1726425063513 1.427304983139038 893
1726425063567 1.429555892944336 894
1726425063609 1.425432801246643 895
1726425063650 1.432265043258667 896
1726425063695 1.4412587881088257 897
1726425063740 1.4389164447784424 898
1726425063782 1.4331071376800537 899
1726425063829 1.4476933479309082 900
1726425063872 1.4321703910827637 901
1726425063913 1.428814172744751 902
1726425063957 1.4231904745101929 903
1726425064000 1.4223644733428955 904
1726425064042 1.4157687425613403 905
1726425064086 1.4241414070129395 906
1726425064130 1.4209202527999878 907
1726425064173 1.4313881397247314 908
1726425064213 1.429373025894165 909
1726425064262 1.4219082593917847 910
1726425064306 1.409045696258545 911
1726425064349 1.4067175388336182 912
1726425064392 1.4052932262420654 913
1726425064433 1.4037232398986816 914
1726425064475 1.402294635772705 915
1726425064519 1.401118516921997 916
1726425064561 1.409027099609375 917
1726425064601 1.392444372177124 918
1726425064645 1.390950083732605 919
1726425064688 1.3881361484527588 920
1726425064729 1.3858258724212646 921
1726425064772 1.3827934265136719 922
1726425064818 1.3775737285614014 923
1726425064860 1.3775286674499512 924
1726425064902 1.3775203227996826 925
1726425064947 1.3775115013122559 926
1726425064988 1.3844208717346191 927
1726425065031 1.3812161684036255 928
1726425065078 1.377589464187622 929
1726425065125 1.3775852918624878 930
1726425065174 1.3775808811187744 931
1726425065226 1.3775761127471924 932
1726425065272 1.3775713443756104 933
1726425065316 1.3775662183761597 934
1726425065356 1.3775609731674194 935
1726425065396 1.3775556087493896 936
1726425065436 1.3775498867034912 937
1726425065476 1.381622314453125 938
1726425065516 1.3782098293304443 939
1726425065556 1.3780840635299683 940
1726425065596 1.377955436706543 941
1726425065636 1.377824306488037 942
1726425065677 1.377690076828003 943
1726425065723 1.3775527477264404 944
1726425065767 1.3774125576019287 945
1726425065812 1.3772691488265991 946
1726425065855 1.3771227598190308 947
1726425065897 1.377002239227295 948
1726425065940 1.3769750595092773 949
1726425065986 1.3769465684890747 950
1726425066031 1.3769170045852661 951
1726425066083 1.3768863677978516 952
1726425066133 1.3768545389175415 953
1726425066179 1.3768211603164673 954
1726425066225 1.376786708831787 955
1726425066267 1.3910470008850098 956
1726425066309 1.3902688026428223 957
1726425066349 1.389459490776062 958
1726425066389 1.401405930519104 959
1726425066429 1.3979637622833252 960
1726425066468 1.395405888557434 961
1726425066507 1.3939917087554932 962
1726425066548 1.3924741744995117 963
1726425066588 1.3908320665359497 964
1726425066630 1.3729578256607056 965
1726425066670 1.3725826740264893 966
1726425066710 1.372185468673706 967
1726425066749 1.371764063835144 968
1726425066789 1.3713157176971436 969
1726425066829 1.3708373308181763 970
1726425066869 1.3703253269195557 971
1726425066910 1.3697751760482788 972
1726425066950 1.3691813945770264 973
1726425066990 1.3685373067855835 974
1726425067030 1.3678339719772339 975
1726425067071 1.3670604228973389 976
1726425067116 1.3672595024108887 977
1726425067165 1.3661777973175049 978
1726425067211 1.365649938583374 979
1726425067252 1.3650904893875122 980
1726425067293 1.3645848035812378 981
1726425067337 1.3642239570617676 982
1726425067377 1.3638360500335693 983
1726425067417 1.3660730123519897 984
1726425067458 1.3657894134521484 985
1726425067498 1.3654887676239014 986
1726425067537 1.365169644355774 987
1726425067578 1.3648290634155273 988
1726425067618 1.3644646406173706 989
1726425067657 1.364072561264038 990
1726425067698 1.363648533821106 991
1726425067739 1.3631874322891235 992
1726425067780 1.3626819849014282 993
1726425067821 1.3621231317520142 994
1726425067862 1.3614985942840576 995
1726425067902 1.3679527044296265 996
1726425067942 1.3644911050796509 997
1726425067982 1.3601628541946411 998
1726425068022 1.3592529296875 999
