1727298024662 2.290173292160034 0
1727298024707 2.121340036392212 1
1727298024748 2.1624162197113037 2
1727298024789 2.2713263034820557 3
1727298024836 2.1492059230804443 4
1727298024879 2.005599021911621 5
1727298024916 2.2806453704833984 6
1727298024954 2.1929636001586914 7
1727298024992 2.184154987335205 8
1727298025028 1.9947588443756104 9
1727298025064 2.2549986839294434 10
1727298025103 2.1355621814727783 11
1727298025141 2.234764337539673 12
1727298025179 2.1371397972106934 13
1727298025216 2.193448305130005 14
1727298025252 2.221369743347168 15
1727298025288 2.211080312728882 16
1727298025325 2.221648693084717 17
1727298025367 2.0813560485839844 18
1727298025404 2.1426842212677 19
1727298025441 2.270857810974121 20
1727298025477 2.1312100887298584 21
1727298025515 2.2289586067199707 22
1727298025557 2.2381105422973633 23
1727298025596 2.0322303771972656 24
1727298025632 2.1353344917297363 25
1727298025670 2.190239429473877 26
1727298025708 2.039091110229492 27
1727298025744 2.0158936977386475 28
1727298025781 1.9922070503234863 29
1727298025819 2.158571720123291 30
1727298025863 2.1856894493103027 31
1727298025899 2.077803134918213 32
1727298025937 2.1314735412597656 33
1727298025972 2.1623897552490234 34
1727298026011 2.19582462310791 35
1727298026048 2.2056336402893066 36
1727298026084 2.1234078407287598 37
1727298026121 2.0493991374969482 38
1727298026158 2.054932117462158 39
1727298026195 2.10640025138855 40
1727298026230 2.2679810523986816 41
1727298026270 2.270429849624634 42
1727298026307 2.113247871398926 43
1727298026345 2.0632691383361816 44
1727298026382 2.2133231163024902 45
1727298026418 2.3002266883850098 46
1727298026457 2.2300472259521484 47
1727298026493 2.3083529472351074 48
1727298026529 2.299255132675171 49
1727298026565 2.150139570236206 50
1727298026602 2.196094036102295 51
1727298026647 2.3036956787109375 52
1727298026683 2.182455539703369 53
1727298026719 2.226008892059326 54
1727298026758 2.2435030937194824 55
1727298026811 2.226311206817627 56
1727298026861 2.2340521812438965 57
1727298026898 2.2458910942077637 58
1727298026935 2.2350730895996094 59
1727298026971 2.1629533767700195 60
1727298027006 2.1620869636535645 61
1727298027043 2.2668638229370117 62
1727298027079 2.095463752746582 63
1727298027117 2.216787099838257 64
1727298027153 2.189234495162964 65
1727298027189 2.2087037563323975 66
1727298027228 2.147594928741455 67
1727298027268 2.1381239891052246 68
1727298027305 2.202346086502075 69
1727298027342 2.2140023708343506 70
1727298027377 2.0529699325561523 71
1727298027415 2.1605122089385986 72
1727298027451 2.127995014190674 73
1727298027489 2.2329282760620117 74
1727298027527 2.2204017639160156 75
1727298027563 2.307894706726074 76
1727298027599 2.0708394050598145 77
1727298027638 2.166948080062866 78
1727298027675 2.1022891998291016 79
1727298027712 2.1318631172180176 80
1727298027747 2.0711171627044678 81
1727298027784 2.126657009124756 82
1727298027819 2.2328412532806396 83
1727298027858 2.2405459880828857 84
1727298027894 2.1692917346954346 85
1727298027931 2.258192539215088 86
1727298027968 2.1572301387786865 87
1727298028003 2.082153558731079 88
1727298028040 2.234591484069824 89
1727298028077 2.239840030670166 90
1727298028115 2.141216278076172 91
1727298028152 1.942883014678955 92
1727298028185 2.15177321434021 93
1727298028225 2.088549852371216 94
1727298028263 2.021939992904663 95
1727298028308 2.2234528064727783 96
1727298028352 2.1353108882904053 97
1727298028398 2.106436252593994 98
1727298028442 2.2049341201782227 99
1727298028492 2.2134833335876465 100
1727298028547 2.1901164054870605 101
1727298028589 2.193108558654785 102
1727298028634 2.1689302921295166 103
1727298028678 2.2697501182556152 104
1727298028723 2.2313077449798584 105
1727298028768 2.1220486164093018 106
1727298028813 2.253624439239502 107
1727298028859 2.1994879245758057 108
1727298028905 2.1297762393951416 109
1727298028950 1.9499709606170654 110
1727298028994 2.1754348278045654 111
1727298029037 2.237405300140381 112
1727298029083 2.151978015899658 113
1727298029129 2.2154288291931152 114
1727298029167 2.1121714115142822 115
1727298029204 2.232891321182251 116
1727298029240 2.2165451049804688 117
1727298029277 2.2418954372406006 118
1727298029317 2.177717685699463 119
1727298029353 2.087449312210083 120
1727298029394 2.218388795852661 121
1727298029434 2.1230878829956055 122
1727298029471 2.23758602142334 123
1727298029508 2.1470541954040527 124
1727298029544 2.2204151153564453 125
1727298029581 2.1510536670684814 126
1727298029623 2.207610607147217 127
1727298029660 2.217349052429199 128
1727298029696 2.248563528060913 129
1727298029732 2.1405081748962402 130
1727298029768 2.136033773422241 131
1727298029807 2.2138445377349854 132
1727298029852 2.1193654537200928 133
1727298029899 2.187654972076416 134
1727298029944 2.2249250411987305 135
1727298029987 2.136535882949829 136
1727298030032 2.113569736480713 137
1727298030075 2.125887393951416 138
1727298030119 2.2124269008636475 139
1727298030164 2.1749727725982666 140
1727298030208 2.048550605773926 141
1727298030251 2.210314989089966 142
1727298030294 2.1725847721099854 143
1727298030338 2.0992603302001953 144
1727298030385 2.209163188934326 145
1727298030431 2.1302378177642822 146
1727298030475 2.1370902061462402 147
1727298030519 2.1598849296569824 148
1727298030564 2.1474833488464355 149
1727298030608 2.196526050567627 150
1727298030654 2.225703477859497 151
1727298030698 2.168818950653076 152
1727298030741 2.138770341873169 153
1727298030785 2.064777135848999 154
1727298030837 2.1067986488342285 155
1727298030895 2.2431187629699707 156
1727298030941 2.1772162914276123 157
1727298030975 2.25014066696167 158
1727298031016 2.210921287536621 159
1727298031053 2.103268623352051 160
1727298031089 2.156191349029541 161
1727298031128 2.1595237255096436 162
1727298031165 2.1460959911346436 163
1727298031201 2.075960636138916 164
1727298031236 2.132546901702881 165
1727298031272 1.9104914665222168 166
1727298031308 2.1531574726104736 167
1727298031344 2.0520293712615967 168
1727298031384 2.2000110149383545 169
1727298031422 2.183767318725586 170
1727298031458 2.2203876972198486 171
1727298031494 2.132399559020996 172
1727298031530 2.1597633361816406 173
1727298031566 2.1441831588745117 174
1727298031603 2.2590222358703613 175
1727298031644 2.0727953910827637 176
1727298031686 2.1282591819763184 177
1727298031735 2.094360113143921 178
1727298031788 2.2109475135803223 179
1727298031835 2.2483742237091064 180
1727298031886 2.202186107635498 181
1727298031940 2.2796454429626465 182
1727298031992 2.1528100967407227 183
1727298032055 1.9755282402038574 184
1727298032120 1.8940726518630981 185
1727298032171 2.0598621368408203 186
1727298032233 1.8789348602294922 187
1727298032297 2.056048631668091 188
1727298032350 2.2402596473693848 189
1727298032405 2.203634262084961 190
1727298032459 2.1526405811309814 191
1727298032508 2.0519115924835205 192
1727298032562 2.257746934890747 193
1727298032615 2.204437494277954 194
1727298032672 1.9824419021606445 195
1727298032723 2.2577617168426514 196
1727298032779 2.2301390171051025 197
1727298032835 2.1695635318756104 198
1727298032891 2.189307689666748 199
1727298032944 2.095045566558838 200
1727298032997 2.0973732471466064 201
1727298033044 1.8760757446289062 202
1727298033095 2.2917277812957764 203
1727298033157 2.1722464561462402 204
1727298033213 2.0899412631988525 205
1727298033263 2.17970871925354 206
1727298033306 2.1965861320495605 207
1727298033350 2.22365140914917 208
1727298033389 2.2723615169525146 209
1727298033430 2.2359769344329834 210
1727298033478 2.159454822540283 211
1727298033527 2.2584891319274902 212
1727298033569 2.129135847091675 213
1727298033615 2.2177534103393555 214
1727298033661 2.2402591705322266 215
1727298033703 2.0510432720184326 216
1727298033745 2.0209875106811523 217
1727298033791 2.0865776538848877 218
1727298033840 2.0891733169555664 219
1727298033887 2.056100368499756 220
1727298033935 2.2277755737304688 221
1727298033978 2.2022974491119385 222
1727298034016 2.1846764087677 223
1727298034058 2.2147650718688965 224
1727298034102 2.17354416847229 225
1727298034141 2.0879127979278564 226
1727298034177 2.2477362155914307 227
1727298034225 2.167282819747925 228
1727298034262 2.1408510208129883 229
1727298034298 2.185260772705078 230
1727298034342 2.2232024669647217 231
1727298034387 2.2033333778381348 232
1727298034433 2.121149778366089 233
1727298034479 2.268367052078247 234
1727298034524 2.2673044204711914 235
1727298034569 2.206920623779297 236
1727298034614 2.17275333404541 237
1727298034660 2.2284722328186035 238
1727298034707 2.2359800338745117 239
1727298034755 2.2550277709960938 240
1727298034804 1.9679503440856934 241
1727298034851 1.8960981369018555 242
1727298034900 2.14925479888916 243
1727298034947 2.1720614433288574 244
1727298034996 2.234703540802002 245
1727298035044 2.242243528366089 246
1727298035091 2.128476858139038 247
1727298035142 2.221155881881714 248
1727298035193 2.1713128089904785 249
1727298035242 1.8993613719940186 250
1727298035290 1.700264811515808 251
1727298035339 2.1716413497924805 252
1727298035388 2.14443039894104 253
1727298035437 2.168224811553955 254
1727298035482 2.206460475921631 255
1727298035521 2.116274833679199 256
1727298035572 1.984232783317566 257
1727298035617 2.0954771041870117 258
1727298035660 2.053816318511963 259
1727298035700 2.021514415740967 260
1727298035747 2.286440134048462 261
1727298035795 1.9722695350646973 262
1727298035837 2.180684804916382 263
1727298035879 2.144273281097412 264
1727298035925 2.1632566452026367 265
1727298035964 2.0602383613586426 266
1727298036005 2.2675273418426514 267
1727298036045 2.304126024246216 268
1727298036089 2.20647931098938 269
1727298036129 2.2225635051727295 270
1727298036170 2.1462111473083496 271
1727298036225 2.082923412322998 272
1727298036274 2.0770463943481445 273
1727298036316 2.099325656890869 274
1727298036355 2.2154879570007324 275
1727298036401 2.2966384887695312 276
1727298036442 2.2622153759002686 277
1727298036482 2.200767993927002 278
1727298036522 1.9152467250823975 279
1727298036563 1.836788535118103 280
1727298036604 1.7410387992858887 281
1727298036650 2.2451071739196777 282
1727298036699 2.225145101547241 283
1727298036746 2.210223436355591 284
1727298036789 2.026660203933716 285
1727298036829 1.987300157546997 286
1727298036873 1.9741036891937256 287
1727298036914 2.133391857147217 288
1727298036954 2.2372398376464844 289
1727298036988 2.221853256225586 290
1727298037035 2.143728733062744 291
1727298037079 2.244917869567871 292
1727298037126 2.1917665004730225 293
1727298037178 2.151679515838623 294
1727298037225 2.189676523208618 295
1727298037275 1.990925908088684 296
1727298037320 1.9289618730545044 297
1727298037364 2.165987730026245 298
1727298037410 2.1023507118225098 299
1727298037459 2.185058832168579 300
1727298037504 2.2085297107696533 301
1727298037551 2.2581229209899902 302
1727298037594 2.2115283012390137 303
1727298037637 2.220226526260376 304
1727298037674 2.1936182975769043 305
1727298037711 2.197093963623047 306
1727298037748 2.109753131866455 307
1727298037790 2.145322799682617 308
1727298037826 2.2764899730682373 309
1727298037862 2.08021879196167 310
1727298037901 2.019585132598877 311
1727298037939 2.1882503032684326 312
1727298037975 2.197148323059082 313
1727298038017 2.211033821105957 314
1727298038054 2.1357052326202393 315
1727298038094 2.0533151626586914 316
1727298038137 1.9986023902893066 317
1727298038181 2.1977484226226807 318
1727298038222 2.251901388168335 319
1727298038265 2.032343864440918 320
1727298038304 2.2735817432403564 321
1727298038350 2.2211995124816895 322
1727298038394 2.199038028717041 323
1727298038437 2.103867530822754 324
1727298038477 2.1949028968811035 325
1727298038520 2.262364387512207 326
1727298038563 2.060703992843628 327
1727298038602 1.9724328517913818 328
1727298038641 1.8993308544158936 329
1727298038684 1.7722034454345703 330
1727298038725 2.1002326011657715 331
1727298038767 2.2255523204803467 332
1727298038817 2.1533048152923584 333
1727298038855 2.1331822872161865 334
1727298038895 2.091691732406616 335
1727298038939 1.9311373233795166 336
1727298038981 2.1261188983917236 337
1727298039026 2.001176118850708 338
1727298039074 2.145860433578491 339
1727298039122 2.308030128479004 340
1727298039170 2.2262401580810547 341
1727298039218 2.2021868228912354 342
1727298039252 2.065563201904297 343
1727298039299 2.078434944152832 344
1727298039350 2.1070971488952637 345
1727298039394 2.0052061080932617 346
1727298039443 1.7918649911880493 347
1727298039487 1.6321027278900146 348
1727298039537 1.5940781831741333 349
1727298039582 1.5632941722869873 350
1727298039628 1.5282580852508545 351
1727298039674 1.4811558723449707 352
1727298039717 1.4256319999694824 353
1727298039763 1.406851053237915 354
1727298039809 1.3914871215820312 355
1727298039854 1.388200283050537 356
1727298039888 1.3847289085388184 357
1727298039929 1.3810157775878906 358
1727298039965 1.3769782781600952 359
1727298040000 1.372490644454956 360
1727298040040 1.3673477172851562 361
1727298040076 1.3611786365509033 362
1727298040114 1.3531684875488281 363
1727298040153 1.3404309749603271 364
1727298040190 1.335769772529602 365
1727298040226 1.335769772529602 366
