1726485254380 2e-05 0
1726485254407 0.07526063919067383 1
1726485254432 0.1278354525566101 2
1726485254457 0.05688643455505371 3
1726485254483 -0.09345138072967529 4
1726485254508 -0.04123407602310181 5
1726485254532 0.1270468831062317 6
1726485254558 0.28404945135116577 7
1726485254583 -0.2804276943206787 8
1726485254611 -0.16446340084075928 9
1726485254639 0.274300754070282 10
1726485254666 0.38898730278015137 11
1726485254697 -0.6176069974899292 12
1726485254729 0.2176511287689209 13
1726485254757 -0.4764411151409149 14
1726485254784 0.26005175709724426 15
1726485254810 -0.0718199610710144 16
1726485254836 0.17792701721191406 17
1726485254862 -0.07519161701202393 18
1726485254889 0.20911812782287598 19
1726485254916 0.09994441270828247 20
1726485254944 -0.1873658299446106 21
1726485254971 0.18073034286499023 22
1726485254996 -0.3234393000602722 23
1726485255022 -0.08143800497055054 24
1726485255048 0.06535422801971436 25
1726485255075 0.3645694851875305 26
1726485255101 -0.10758322477340698 27
1726485255127 -0.06231951713562012 28
1726485255154 -0.008351624011993408 29
1726485255180 -0.40301692485809326 30
1726485255207 0.05552947521209717 31
1726485255235 0.1615341305732727 32
1726485255261 -0.0792044997215271 33
1726485255287 0.13152307271957397 34
1726485255313 -0.004648923873901367 35
1726485255338 0.017479121685028076 36
1726485255364 -0.08424103260040283 37
1726485255390 0.002515554428100586 38
1726485255415 0.05300670862197876 39
1726485255441 0.06382060050964355 40
1726485255466 -0.015489935874938965 41
1726485255493 -0.21065658330917358 42
1726485255519 0.0992632508277893 43
1726485255545 0.11367487907409668 44
1726485255571 -0.06997942924499512 45
1726485255596 0.015737414360046387 46
1726485255622 -0.09038197994232178 47
1726485255648 0.13455665111541748 48
1726485255673 0.040880680084228516 49
1726485255699 0.9763050079345703 50
1726485255725 -1.1703400015830994 51
1726485255750 0.15833193063735962 52
1726485255776 0.15358829498291016 53
1726485255802 -0.31890273094177246 54
1726485255829 -0.058368980884552 55
1726485255855 -0.08802512288093567 56
1726485255881 0.21690604090690613 57
1726485255907 -0.09755957126617432 58
1726485255932 0.24900025129318237 59
1726485255958 0.38533347845077515 60
1726485255985 -0.3832132816314697 61
1726485256010 -0.0042018890380859375 62
1726485256035 -0.02280402183532715 63
1726485256060 -0.22031429409980774 64
1726485256085 -0.016690433025360107 65
1726485256111 0.023539841175079346 66
1726485256136 -0.10286572575569153 67
1726485256162 -0.01417618989944458 68
1726485256186 -0.007733196020126343 69
1726485256213 0.054989904165267944 70
1726485256240 -0.004136174917221069 71
1726485256266 0.02742910385131836 72
1726485256292 -0.22863775491714478 73
1726485256317 0.13733923435211182 74
1726485256341 0.027340561151504517 75
1726485256367 0.16652846336364746 76
1726485256393 -0.0019733309745788574 77
1726485256419 0.14217746257781982 78
1726485256445 -0.22120079398155212 79
1726485256471 -0.07499337196350098 80
1726485256495 0.5878822505474091 81
1726485256521 -0.40600818395614624 82
1726485256546 0.09358024597167969 83
1726485256572 0.38103461265563965 84
1726485256597 -0.20656859874725342 85
1726485256623 0.06063234806060791 86
1726485256648 -0.1981244683265686 87
1726485256674 -0.2130316197872162 88
1726485256699 -0.18756631016731262 89
1726485256725 0.21213024854660034 90
1726485256750 -0.1413654088973999 91
1726485256776 0.13329625129699707 92
1726485256801 -0.010850101709365845 93
1726485256826 -0.07909408211708069 94
1726485256852 0.19214344024658203 95
1726485256878 0.18109393119812012 96
1726485256903 0.12297207117080688 97
1726485256928 -0.0026075243949890137 98
1726485256955 -0.15892010927200317 99
1726485256981 -0.1166999340057373 100
1726485257008 0.0375438928604126 101
1726485257034 -0.061008453369140625 102
1726485257060 0.1749802827835083 103
1726485257085 0.12591981887817383 104
1726485257110 -0.13655221462249756 105
1726485257136 -0.07740581035614014 106
1726485257162 0.24459457397460938 107
1726485257187 -0.25045812129974365 108
1726485257214 0.44692158699035645 109
1726485257239 -0.3338698744773865 110
1726485257264 -0.34192055463790894 111
1726485257290 0.3779202699661255 112
1726485257316 0.37849414348602295 113
1726485257342 -0.6293425559997559 114
1726485257367 -0.19104063510894775 115
1726485257392 0.2026369571685791 116
1726485257417 -0.24388357996940613 117
1726485257443 0.12131035327911377 118
1726485257469 -0.16201797127723694 119
1726485257494 0.15872237086296082 120
1726485257519 0.11657294631004333 121
1726485257544 -0.11506861448287964 122
1726485257570 0.1054878830909729 123
1726485257596 -0.07364562153816223 124
1726485257622 -0.2774696350097656 125
1726485257647 0.2812773883342743 126
1726485257672 0.01559397578239441 127
1726485257698 -0.17569780349731445 128
1726485257724 0.02267557382583618 129
1726485257750 0.12367844581604004 130
1726485257775 0.10691699385643005 131
1726485257801 -0.006866931915283203 132
1726485257825 -0.10347574949264526 133
1726485257851 -0.08793547749519348 134
1726485257877 -0.08314317464828491 135
1726485257903 0.13217094540596008 136
1726485257928 0.053292930126190186 137
1726485257954 0.036734938621520996 138
1726485257979 -0.10373902320861816 139
1726485258005 -0.12788602709770203 140
1726485258031 0.2314091920852661 141
1726485258057 0.31782516837120056 142
1726485258083 -0.05896294116973877 143
1726485258107 -0.1310519576072693 144
1726485258133 -0.005549430847167969 145
1726485258159 0.048931121826171875 146
1726485258184 -0.15141892433166504 147
1726485258210 -0.19611436128616333 148
1726485258236 0.18552321195602417 149
1726485258261 0.09585452079772949 150
1726485258286 0.032521843910217285 151
1726485258313 0.02319997549057007 152
1726485258340 -0.11947351694107056 153
1726485258366 -0.03490281105041504 154
1726485258393 -0.02368628978729248 155
1726485258419 0.20675116777420044 156
1726485258445 -0.04504382610321045 157
1726485258472 0.11813735961914062 158
1726485258498 -0.3177982568740845 159
1726485258525 0.16607415676116943 160
1726485258552 -0.2747706174850464 161
1726485258579 0.016453206539154053 162
1726485258605 0.17346447706222534 163
1726485258629 0.07806169986724854 164
1726485258656 -0.0040198564529418945 165
1726485258682 -0.32925042510032654 166
1726485258710 0.25145837664604187 167
1726485258737 -0.14040231704711914 168
1726485258763 0.11585724353790283 169
1726485258789 -0.22243574261665344 170
1726485258815 0.14292007684707642 171
1726485258843 0.23169448971748352 172
1726485258868 0.08305096626281738 173
1726485258893 -0.011083006858825684 174
1726485258919 -0.1429448127746582 175
1726485258944 -0.04374408721923828 176
1726485258970 -0.23423036932945251 177
1726485258996 0.3190048038959503 178
1726485259021 -0.293729692697525 179
1726485259047 0.21538648009300232 180
1726485259072 0.14766764640808105 181
1726485259097 -0.2231045365333557 182
1726485259123 -0.03776231408119202 183
1726485259148 -0.06683683395385742 184
1726485259174 0.22189083695411682 185
1726485259199 0.071025550365448 186
1726485259226 -0.1300581693649292 187
1726485259251 0.08323866128921509 188
1726485259277 0.09525501728057861 189
1726485259302 0.18061834573745728 190
1726485259328 0.16151642799377441 191
1726485259353 -0.3675401210784912 192
1726485259377 0.17584228515625 193
1726485259402 -0.125224769115448 194
1726485259429 -0.3088737726211548 195
1726485259454 0.09763604402542114 196
1726485259480 -0.04037311673164368 197
1726485259506 -0.355549618601799 198
1726485259530 0.20670433342456818 199
1726485259557 -0.1309395432472229 200
1726485259582 0.1845082938671112 201
1726485259607 -0.1635582000017166 202
1726485259633 0.013472601771354675 203
1726485259658 0.46461570262908936 204
1726485259683 -0.3866349756717682 205
1726485259709 0.027386218309402466 206
1726485259735 0.08050376176834106 207
1726485259760 -0.08401858806610107 208
1726485259785 0.1600441336631775 209
1726485259812 0.07347440719604492 210
1726485259838 -0.09520936012268066 211
1726485259864 -0.03233346343040466 212
1726485259890 -0.1909598559141159 213
1726485259916 0.010933294892311096 214
1726485259941 0.03947657346725464 215
1726485259966 -0.18040373921394348 216
1726485259992 0.38119271397590637 217
1726485260018 -0.171253502368927 218
1726485260044 -0.11700737476348877 219
1726485260070 0.2294025421142578 220
1726485260096 -0.07940682768821716 221
1726485260120 0.016203224658966064 222
1726485260146 0.10935038328170776 223
1726485260172 -0.08654290437698364 224
1726485260198 -0.06745052337646484 225
1726485260224 -0.008682876825332642 226
1726485260250 0.1415109932422638 227
1726485260275 0.4681251347064972 228
1726485260300 -0.016319870948791504 229
1726485260326 0.08317208290100098 230
1726485260351 -0.07644301652908325 231
1726485260377 -0.10991483926773071 232
1726485260401 -0.16545605659484863 233
1726485260427 0.0208437442779541 234
1726485260452 -0.08124864101409912 235
1726485260478 -0.0035142898559570312 236
1726485260504 -0.47911326587200165 237
1726485260530 0.35616035759449005 238
1726485260556 0.005113005638122559 239
1726485260582 0.09142473340034485 240
1726485260609 0.2107122540473938 241
1726485260636 -0.3566522002220154 242
1726485260662 0.059984415769577026 243
1726485260687 0.26132717728614807 244
1726485260713 0.3806832432746887 245
1726485260737 -0.29513174295425415 246
1726485260763 0.07192802429199219 247
1726485260790 -0.1069338321685791 248
1726485260817 -0.09170478582382202 249
1726485260845 -0.18037641048431396 250
1726485260871 -0.1497473120689392 251
1726485260898 0.22524946928024292 252
1726485260924 0.07808446884155273 253
1726485260951 0.07922810316085815 254
1726485260979 0.06491446495056152 255
1726485261005 -0.3000265955924988 256
1726485261031 0.16091281175613403 257
1726485261057 0.04610085487365723 258
1726485261083 0.10337799787521362 259
1726485261108 0.022063136100769043 260
1726485261135 -0.4855857491493225 261
1726485261162 -0.1310197114944458 262
1726485261188 0.286504328250885 263
1726485261214 0.09236311912536621 264
1726485261240 0.6861732006072998 265
1726485261264 -1.0592243671417236 266
1726485261289 0.27689939737319946 267
1726485261315 -0.20329338312149048 268
1726485261340 0.08012992143630981 269
1726485261366 0.1463327407836914 270
1726485261391 -0.21330463886260986 271
1726485261416 0.19283252954483032 272
1726485261442 0.01594984531402588 273
1726485261467 -0.09917247295379639 274
1726485261493 -0.0949871838092804 275
1726485261519 -0.04828613996505737 276
1726485261543 0.3415256440639496 277
1726485261568 0.16434311866760254 278
1726485261594 -0.12504839897155762 279
1726485261619 0.07644730806350708 280
1726485261645 -0.1649063229560852 281
1726485261669 -0.1348397433757782 282
1726485261695 0.1978575885295868 283
1726485261721 -0.05314004421234131 284
1726485261746 0.003923356533050537 285
1726485261772 -0.043082594871520996 286
1726485261798 -0.135003000497818 287
1726485261824 -0.10292407870292664 288
1726485261850 0.21691912412643433 289
1726485261877 -0.12888044118881226 290
1726485261903 0.1537685990333557 291
1726485261931 0.09214603900909424 292
1726485261957 0.006208300590515137 293
1726485261985 0.1551913022994995 294
1726485262013 -0.01570761203765869 295
1726485262041 -0.02813136577606201 296
1726485262069 -0.46857815980911255 297
1726485262097 0.09777024388313293 298
1726485262124 -0.2846072167158127 299
1726485262151 0.19779802858829498 300
1726485262176 0.16317138075828552 301
1726485262203 -0.28502149879932404 302
1726485262230 0.10926727950572968 303
1726485262257 -0.011385351419448853 304
1726485262284 0.25696393847465515 305
1726485262311 -0.27021077275276184 306
1726485262338 0.003981828689575195 307
1726485262362 0.01872771978378296 308
1726485262388 -0.04741859436035156 309
1726485262414 0.04572299122810364 310
1726485262439 0.09611216187477112 311
1726485262465 -0.1546124517917633 312
1726485262491 0.10299468040466309 313
1726485262516 0.11976268887519836 314
1726485262541 -0.16984480619430542 315
1726485262567 -0.03062880039215088 316
1726485262593 0.15019848942756653 317
1726485262618 -0.11169138550758362 318
1726485262642 -0.05909140408039093 319
1726485262668 -0.054759085178375244 320
1726485262694 0.1196804791688919 321
1726485262721 -0.173404723405838 322
1726485262747 0.11409974098205566 323
1726485262771 0.1063280999660492 324
1726485262797 -0.043221086263656616 325
1726485262823 0.03342035412788391 326
1726485262848 -0.12338422238826752 327
1726485262874 0.13162489235401154 328
1726485262898 0.28017735481262207 329
1726485262924 -0.353691428899765 330
1726485262949 0.16413801908493042 331
1726485262975 0.10295900702476501 332
1726485263000 0.07120412588119507 333
1726485263026 -0.09790670871734619 334
1726485263051 0.09677332639694214 335
1726485263077 -0.204219251871109 336
1726485263103 0.10703310370445251 337
1726485263128 0.0286138653755188 338
1726485263154 0.0022088289260864258 339
1726485263179 -0.00043213367462158203 340
1726485263204 0.18642085790634155 341
1726485263230 0.020056486129760742 342
1726485263256 -0.43360620737075806 343
1726485263282 -0.2023327425122261 344
1726485263308 -0.03827676922082901 345
1726485263334 0.2782154530286789 346
1726485263360 -0.16956090927124023 347
1726485263389 0.34684592485427856 348
1726485263417 -0.0274350643157959 349
1726485263445 -0.23531734943389893 350
1726485263474 -0.07116547226905823 351
1726485263500 -0.07593455165624619 352
1726485263527 0.08811091631650925 353
1726485263552 -0.061021000146865845 354
1726485263577 0.06992988288402557 355
1726485263602 0.01198066771030426 356
1726485263629 -0.04933823645114899 357
1726485263655 0.1914193481206894 358
1726485263681 0.19008874893188477 359
1726485263708 0.07592606544494629 360
1726485263736 -0.29012641310691833 361
1726485263763 0.019882023334503174 362
1726485263791 -0.147344708442688 363
1726485263818 0.0822397768497467 364
1726485263846 -0.015525251626968384 365
1726485263873 0.10991278290748596 366
1726485263899 -0.04841703176498413 367
1726485263927 0.2923341989517212 368
1726485263954 -0.04795652627944946 369
1726485263980 -0.02131783962249756 370
1726485264008 -0.2746334373950958 371
1726485264035 -0.012564986944198608 372
1726485264062 0.1799238920211792 373
1726485264088 -0.12471005320549011 374
1726485264116 -0.10055038332939148 375
1726485264144 0.27758073806762695 376
1726485264170 -0.08645755052566528 377
1726485264196 -0.00948217511177063 378
1726485264223 -0.003115922212600708 379
1726485264250 0.01088649034500122 380
1726485264276 -0.15067124366760254 381
1726485264303 0.1065923273563385 382
1726485264330 -0.19717901945114136 383
1726485264356 -0.11386634781956673 384
1726485264382 -0.005887556821107864 385
1726485264409 -0.00112142413854599 386
1726485264436 -0.00037083402276039124 387
1726485264464 -0.00012950971722602844 388
1726485264491 -4.553794860839844e-05 389
1726485264519 -1.6022473573684692e-05 390
1726485264545 -5.580484867095947e-06 391
1726485264571 0.29625754430890083 392
1726485264598 -0.023097217082977295 393
1726485264625 -0.08703112602233887 394
1726485264652 -0.12700393795967102 395
1726485264680 0.35225141048431396 396
1726485264706 0.010513484477996826 397
1726485264732 -0.23931893706321716 398
1726485264758 -0.07412789762020111 399
1726485264786 -0.06612906605005264 400
1726485264813 0.3821023926138878 401
1726485264840 -0.07508009672164917 402
1726485264866 0.04718470573425293 403
1726485264893 -0.282974511384964 404
1726485264921 0.04026350378990173 405
1726485264950 0.2621326744556427 406
1726485264977 -0.14217734336853027 407
1726485265003 -0.1843026727437973 408
1726485265030 -0.047950416803359985 409
1726485265056 0.08930571377277374 410
1726485265082 -0.04053477942943573 411
1726485265108 0.04566945135593414 412
1726485265132 -0.03331965208053589 413
1726485265158 0.03667524456977844 414
1726485265184 -0.03084355592727661 415
1726485265210 0.033141568303108215 416
1726485265236 -0.02905331552028656 417
1726485265261 0.11738476157188416 418
1726485265285 -0.02474638819694519 419
1726485265311 0.0169069766998291 420
1726485265337 0.1321226954460144 421
1726485265362 -0.04062429070472717 422
1726485265388 -0.17051228880882263 423
1726485265412 0.08891382813453674 424
1726485265438 -0.0557418018579483 425
1726485265464 0.08465351164340973 426
1726485265489 -0.09763655066490173 427
1726485265514 -0.14902124553918839 428
1726485265540 0.40711913257837296 429
1726485265566 -0.01876777410507202 430
1726485265592 -0.2610255777835846 431
1726485265618 -0.011395499110221863 432
1726485265644 -0.11935711652040482 433
1726485265668 -0.009672880172729492 434
1726485265694 -0.0008665584027767181 435
1726485265720 -0.00018443912267684937 436
1726485265746 -6.59450888633728e-05 437
1726485265772 -2.4318695068359375e-05 438
1726485265797 -9.20519232749939e-06 439
1726485265822 -3.382563591003418e-06 440
1726485265848 -1.2405216693878174e-06 441
1726485265874 -4.805624485015869e-07 442
1726485265899 -1.4156103134155273e-07 443
1726485265925 0.0 444
1726485265953 -1.8998980522155762e-07 445
1726485265980 4.842877388000488e-08 446
1726485266006 0.0 447
1726485266035 -1.4528632164001465e-07 448
1726485266063 9.685754776000977e-08 449
1726485266091 4.842877388000488e-08 450
1726485266119 -4.842877388000488e-08 451
