1726427634044 1.5798853635787964 0
1726427634083 1.4538606405258179 1
1726427634121 1.3705852031707764 2
1726427634160 1.38636314868927 3
1726427634198 0.9544340372085571 4
1726427634240 1.5023512840270996 5
1726427634286 1.4770112037658691 6
1726427634332 1.5612781047821045 7
1726427634383 0.8112781047821045 8
1726427634436 1.5637339353561401 9
1726427634484 1.3439357280731201 10
1726427634531 0.5435644388198853 11
1726427634572 0.2829996347427368 12
1726427634611 0.9941315650939941 13
1726427634655 1.1342921257019043 14
1726427634701 1.1272547245025635 15
1726427634753 1.1005384922027588 16
1726427634793 0.936832845211029 17
1726427634839 1.5 18
1726427634894 1.0552631616592407 19
1726427634945 1.1823021173477173 20
1726427634991 1.518899917602539 21
1726427635045 1.5 22
1726427635097 1.1066633462905884 23
1726427635150 1.200392723083496 24
1726427635196 1.5139089822769165 25
1726427635233 1.1994177103042603 26
1726427635270 1.0224368572235107 27
1726427635307 0.6487056016921997 28
1726427635346 1.4056390523910522 29
1726427635384 1.5612781047821045 30
1726427635422 1.4845525026321411 31
1726427635460 1.4988186359405518 32
1726427635498 0.9544340372085571 33
1726427635536 1.5612781047821045 34
1726427635574 1.556365728378296 35
1726427635613 0.5435644388198853 36
1726427635652 1.5612781047821045 37
1726427635700 1.5611836910247803 38
1726427635747 1.1649976968765259 39
1726427635794 1.2868824005126953 40
1726427635843 0.5435644388198853 41
1726427635892 1.3133635520935059 42
1726427635943 1.5 43
1726427635986 1.467923879623413 44
1726427636028 1.5380549430847168 45
1726427636085 1.5423650741577148 46
1726427636150 0.7649717330932617 47
1726427636204 0.9258741140365601 48
1726427636259 0.6160724759101868 49
1726427636304 1.2987949848175049 50
1726427636351 0.5435644388198853 51
1726427636401 1.3106348514556885 52
1726427636470 0.9124443531036377 53
1726427636520 1.4153985977172852 54
1726427636567 1.4982833862304688 55
1726427636614 1.1608103513717651 56
1726427636663 1.552736759185791 57
1726427636710 0.9205430150032043 58
1726427636762 1.253563404083252 59
1726427636810 1.5573750734329224 60
1726427636878 0.5435644388198853 61
1726427636936 0.8675378561019897 62
1726427636982 1.2361068725585938 63
1726427637030 1.5 64
1726427637080 0.8112781047821045 65
1726427637150 1.1112321615219116 66
1726427637216 1.4056390523910522 67
1726427637263 1.4739736318588257 68
1726427637310 1.5489692687988281 69
1726427637356 1.2223302125930786 70
1726427637404 1.565796971321106 71
1726427637452 1.4967120885849 72
1726427637502 1.3315300941467285 73
1726427637554 -0.0 74
1726427637605 1.5029335021972656 75
1726427637666 1.0708609819412231 76
1726427637735 0.8112781047821045 77
1726427637802 1.5612781047821045 78
1726427637869 1.409093976020813 79
1726427637935 1.3425533771514893 80
1726427637990 1.4067041873931885 81
1726427638034 0.9544340372085571 82
1726427638080 0.9583886861801147 83
1726427638126 0.9232966899871826 84
1726427638173 0.9527766108512878 85
1726427638220 1.5755343437194824 86
1726427638268 1.4654901027679443 87
1726427638315 1.5 88
1726427638363 1.5171350240707397 89
1726427638410 1.194481372833252 90
1726427638458 1.321924090385437 91
1726427638506 0.8112781047821045 92
1726427638554 1.2816486358642578 93
1726427638602 1.4085735082626343 94
1726427638653 0.8819214105606079 95
1726427638702 1.4153673648834229 96
1726427638750 0.7142022848129272 97
1726427638797 0.6654539704322815 98
1726427638845 0.8942444920539856 99
1726427638893 1.2987949848175049 100
1726427638943 1.2987949848175049 101
1726427638992 0.8112781047821045 102
1726427639041 1.388892650604248 103
1726427639088 1.564518928527832 104
1726427639136 1.4056390523910522 105
1726427639185 1.5515241622924805 106
1726427639233 0.9578053951263428 107
1726427639281 0.8894573450088501 108
1726427639329 0.6024637222290039 109
1726427639378 1.5724661350250244 110
1726427639426 1.2987949848175049 111
1726427639475 0.9622348546981812 112
1726427639523 1.461586594581604 113
1726427639571 1.3029180765151978 114
1726427639622 1.4670615196228027 115
1726427639671 0.7319653034210205 116
1726427639718 1.0873757600784302 117
1726427639766 0.5244250297546387 118
1726427639817 0.0684865415096283 119
1726427639866 1.2413156032562256 120
1726427639918 0.9528607130050659 121
1726427639968 1.2589645385742188 122
1726427640018 0.8112781047821045 123
1726427640068 0.19643843173980713 124
1726427640118 0.9586954116821289 125
1726427640169 0.998643159866333 126
1726427640217 1.4056390523910522 127
1726427640266 1.0 128
1726427640314 1.5354766845703125 129
1726427640362 0.9544340372085571 130
1726427640410 0.9015550017356873 131
1726427640459 0.8112781047821045 132
1726427640506 1.5435516834259033 133
1726427640553 0.8112781047821045 134
1726427640600 0.9544340372085571 135
1726427640651 0.8512731790542603 136
1726427640699 1.208655595779419 137
1726427640746 0.9504004120826721 138
1726427640794 0.6504853963851929 139
1726427640841 1.0 140
1726427640891 1.4298075437545776 141
1726427640942 1.5789862871170044 142
1726427641004 1.5 143
1726427641067 1.4056390523910522 144
1726427641114 1.2744122743606567 145
1726427641161 1.32778000831604 146
1726427641206 1.5612781047821045 147
1726427641249 0.6696502566337585 148
1726427641291 1.5612781047821045 149
1726427641332 1.4984480142593384 150
1726427641374 1.2757031917572021 151
1726427641414 0.8112781047821045 152
1726427641454 1.5227768421173096 153
1726427641495 0.9544340372085571 154
1726427641535 0.8112781047821045 155
1726427641575 1.5778781175613403 156
1726427641614 1.309023141860962 157
1726427641656 1.2718733549118042 158
1726427641695 1.2890008687973022 159
1726427641733 1.461079478263855 160
1726427641772 1.5612781047821045 161
1726427641811 1.3238670825958252 162
1726427641850 1.5391478538513184 163
1726427641890 0.6483705043792725 164
1726427641940 1.4056390523910522 165
1726427641978 0.9802749156951904 166
1726427642017 1.5 167
1726427642055 1.3893382549285889 168
1726427642093 1.2809256315231323 169
1726427642132 1.4823312759399414 170
1726427642172 0.22265532612800598 171
1726427642212 1.5324559211730957 172
1726427642250 1.2987949848175049 173
1726427642289 0.3512977361679077 174
1726427642327 1.2987949848175049 175
1726427642368 1.2987949848175049 176
1726427642407 1.3797327280044556 177
1726427642446 1.5612781047821045 178
1726427642484 0.8770335912704468 179
1726427642523 0.9991254806518555 180
1726427642561 1.427748680114746 181
1726427642599 0.5435644388198853 182
1726427642638 1.078633189201355 183
1726427642677 1.5612781047821045 184
1726427642716 1.4302823543548584 185
1726427642755 0.8112781047821045 186
1726427642793 1.2987949848175049 187
1726427642833 1.4287956953048706 188
1726427642872 1.4863488674163818 189
1726427642911 1.5524524450302124 190
1726427642950 1.4216313362121582 191
1726427642989 1.5528546571731567 192
1726427643028 1.2809871435165405 193
1726427643066 1.5 194
1726427643104 0.9986718893051147 195
1726427643143 0.9544340372085571 196
1726427643183 1.344944953918457 197
1726427643222 1.526472568511963 198
1726427643260 1.2987949848175049 199
1726427643298 1.0166232585906982 200
1726427643337 1.4180221557617188 201
1726427643376 0.9544340372085571 202
1726427643416 0.8112781047821045 203
1726427643454 0.44632911682128906 204
1726427643493 1.2987949848175049 205
1726427643531 0.9544340372085571 206
1726427643570 1.1676325798034668 207
1726427643608 0.9544340372085571 208
1726427643647 0.5435644388198853 209
1726427643686 1.3622525930404663 210
1726427643725 0.9544340372085571 211
1726427643764 1.2987949848175049 212
1726427643802 0.5435644388198853 213
1726427643841 1.4056390523910522 214
1726427643879 0.9863081574440002 215
1726427643920 0.8112781047821045 216
1726427643961 0.9917833209037781 217
1726427644001 1.3031189441680908 218
1726427644040 1.3630393743515015 219
1726427644080 1.4673340320587158 220
1726427644118 1.169163465499878 221
1726427644157 0.5435644388198853 222
1726427644196 1.367199182510376 223
1726427644238 1.5156803131103516 224
1726427644281 1.5425859689712524 225
1726427644320 0.8112781047821045 226
1726427644362 1.405324101448059 227
1726427644401 1.2987949848175049 228
1726427644441 1.095018744468689 229
1726427644480 1.2531487941741943 230
1726427644519 0.9849857091903687 231
1726427644558 1.2987949848175049 232
1726427644596 1.2032957077026367 233
1726427644634 1.4017724990844727 234
1726427644674 1.0858886241912842 235
1726427644712 1.1644787788391113 236
1726427644751 1.521481990814209 237
1726427644789 1.2987949848175049 238
1726427644827 1.3147670030593872 239
1726427644866 1.4314684867858887 240
1726427644907 1.0 241
1726427644949 0.9544340372085571 242
1726427644988 0.924925684928894 243
1726427645027 1.5168893337249756 244
1726427645066 0.9956737756729126 245
1726427645104 1.5612781047821045 246
1726427645143 0.9576971530914307 247
1726427645182 0.9544340372085571 248
1726427645226 1.58050537109375 249
1726427645265 1.532184362411499 250
1726427645304 1.5502022504806519 251
1726427645343 1.5484659671783447 252
1726427645384 0.8994513750076294 253
1726427645432 1.4056390523910522 254
1726427645486 1.495182991027832 255
1726427645526 1.5218597650527954 256
1726427645573 1.3744460344314575 257
1726427645622 0.9246469736099243 258
1726427645673 1.2811191082000732 259
1726427645719 0.9863252639770508 260
1726427645767 1.3821178674697876 261
1726427645815 1.328948736190796 262
1726427645862 1.5 263
1726427645900 1.3030608892440796 264
1726427645943 1.110990047454834 265
1726427645986 1.482391595840454 266
1726427646022 1.2987949848175049 267
1726427646060 1.4550124406814575 268
1726427646097 1.5714013576507568 269
1726427646135 0.9544340372085571 270
1726427646174 0.9544340372085571 271
1726427646212 1.2962908744812012 272
1726427646249 -0.0 273
1726427646286 1.4056390523910522 274
1726427646324 1.278980016708374 275
1726427646362 1.0 276
1726427646399 1.467694878578186 277
1726427646438 1.5612781047821045 278
1726427646475 1.4604535102844238 279
1726427646513 0.9354996681213379 280
1726427646550 1.5759706497192383 281
1726427646588 1.5564396381378174 282
1726427646625 1.1041604280471802 283
1726427646665 0.43852442502975464 284
1726427646703 1.420503854751587 285
1726427646742 1.5130547285079956 286
1726427646780 1.4455268383026123 287
1726427646818 0.9544340372085571 288
1726427646856 0.9544340372085571 289
1726427646897 0.7436196804046631 290
1726427646937 1.2987949848175049 291
1726427646975 1.5758997201919556 292
1726427647014 1.5406155586242676 293
1726427647052 1.2987949848175049 294
1726427647090 1.5 295
1726427647128 1.1315633058547974 296
1726427647168 1.1413190364837646 297
1726427647207 1.375643253326416 298
1726427647245 0.9544340372085571 299
1726427647284 1.0405476093292236 300
1726427647322 0.8183517456054688 301
1726427647362 0.9881985783576965 302
1726427647400 0.9972274303436279 303
1726427647439 0.6144280433654785 304
1726427647478 1.3315789699554443 305
1726427647518 0.992021918296814 306
1726427647557 1.2519184350967407 307
1726427647595 1.2987949848175049 308
1726427647633 1.1081876754760742 309
1726427647672 0.8112781047821045 310
1726427647712 1.0112268924713135 311
1726427647750 1.3325756788253784 312
1726427647788 1.5655183792114258 313
1726427647827 1.2703009843826294 314
1726427647866 1.5653265714645386 315
1726427647904 1.3131763935089111 316
1726427647944 1.2987949848175049 317
1726427647983 1.1007715463638306 318
1726427648022 1.1921947002410889 319
1726427648060 1.2067394256591797 320
1726427648098 1.1594606637954712 321
1726427648137 0.8112781047821045 322
1726427648176 1.2954403162002563 323
1726427648214 1.5612781047821045 324
1726427648253 1.2394590377807617 325
1726427648291 0.9544340372085571 326
1726427648329 1.5612781047821045 327
1726427648368 0.6188466548919678 328
1726427648407 0.9777061939239502 329
1726427648446 1.4861663579940796 330
1726427648485 0.9544340372085571 331
1726427648526 1.5073176622390747 332
1726427648567 1.1241365671157837 333
1726427648607 1.2987949848175049 334
1726427648647 1.1700876951217651 335
1726427648688 1.2987949848175049 336
1726427648727 0.9544340372085571 337
1726427648766 0.8112781047821045 338
1726427648804 1.5511327981948853 339
1726427648844 1.4056390523910522 340
1726427648882 1.415535807609558 341
1726427648921 1.4115417003631592 342
1726427648960 1.3066562414169312 343
1726427648998 1.4149965047836304 344
1726427649036 1.072798728942871 345
1726427649074 1.256482720375061 346
1726427649112 1.310851812362671 347
1726427649151 1.5722426176071167 348
1726427649190 1.2427964210510254 349
1726427649229 0.8112781047821045 350
1726427649267 1.0362895727157593 351
1726427649306 1.5341118574142456 352
1726427649345 1.21846604347229 353
1726427649383 1.0342024564743042 354
1726427649421 0.8112781047821045 355
1726427649460 1.1640880107879639 356
1726427649499 0.8876304030418396 357
1726427649538 0.8112781047821045 358
1726427649576 -0.0 359
1726427649614 1.4376219511032104 360
1726427649653 1.5612781047821045 361
1726427649691 0.7450628876686096 362
1726427649731 1.1871436834335327 363
1726427649769 0.776006281375885 364
1726427649808 1.2090928554534912 365
1726427649847 0.9923450350761414 366
1726427649885 0.8386695981025696 367
1726427649924 0.8112781047821045 368
1726427649963 0.9539978504180908 369
1726427650002 0.8112781047821045 370
1726427650043 0.9894616603851318 371
1726427650088 1.0267951488494873 372
1726427650132 1.5636019706726074 373
1726427650173 1.5826143026351929 374
1726427650215 1.2987949848175049 375
1726427650255 1.303492546081543 376
1726427650295 1.5334196090698242 377
1726427650336 0.9544340372085571 378
1726427650375 0.9515581130981445 379
1726427650414 0.8112781047821045 380
1726427650454 0.970363974571228 381
1726427650493 0.9544340372085571 382
1726427650533 1.4975732564926147 383
1726427650571 1.292396903038025 384
1726427650610 1.2864117622375488 385
1726427650652 1.4056390523910522 386
1726427650711 0.6152108907699585 387
1726427650771 0.9544340372085571 388
1726427650830 0.8736686706542969 389
1726427650890 1.163604736328125 390
1726427650944 1.3686636686325073 391
1726427650990 1.4705533981323242 392
1726427651036 1.0 393
1726427651082 1.2262428998947144 394
1726427651129 0.44558531045913696 395
1726427651176 1.5 396
1726427651225 0.9544340372085571 397
1726427651275 0.8132002353668213 398
1726427651325 1.478898286819458 399
1726427651373 1.300330638885498 400
1726427651432 1.5 401
1726427651481 0.9962670803070068 402
1726427651529 1.5725953578948975 403
1726427651585 0.9544340372085571 404
1726427651633 1.56666898727417 405
1726427651679 1.397476077079773 406
1726427651727 1.5 407
1726427651774 0.998934268951416 408
1726427651821 1.5612781047821045 409
1726427651868 1.5700653791427612 410
1726427651915 1.5350711345672607 411
1726427651963 1.3192805051803589 412
1726427652010 0.9830633997917175 413
1726427652064 1.2987949848175049 414
1726427652115 1.0 415
1726427652164 1.2987949848175049 416
1726427652215 0.9715728759765625 417
1726427652264 -0.0 418
1726427652314 1.485844373703003 419
1726427652382 0.9682782888412476 420
1726427652450 1.5 421
1726427652517 1.315138816833496 422
1726427652570 1.4132591485977173 423
1726427652615 1.1940405368804932 424
1726427652660 1.5357866287231445 425
1726427652707 0.9571350812911987 426
1726427652753 1.575739860534668 427
1726427652799 1.2682089805603027 428
1726427652850 1.5710797309875488 429
1726427652896 1.492419958114624 430
1726427652944 1.2167315483093262 431
1726427652991 1.0437027215957642 432
1726427653039 1.5641298294067383 433
1726427653086 1.317815899848938 434
1726427653133 1.2987949848175049 435
1726427653180 1.5612781047821045 436
1726427653228 0.8096181154251099 437
1726427653275 1.2987949848175049 438
1726427653322 1.5612781047821045 439
1726427653369 1.5767323970794678 440
1726427653434 1.5307331085205078 441
1726427653502 1.3273870944976807 442
1726427653549 1.251509189605713 443
1726427653595 0.966072142124176 444
1726427653641 1.331315040588379 445
1726427653688 1.5693566799163818 446
1726427653736 0.5435644388198853 447
1726427653784 1.2640725374221802 448
1726427653836 0.9544340372085571 449
1726427653885 0.6623772978782654 450
1726427653934 1.0798602104187012 451
1726427653994 0.3578762114048004 452
1726427654063 1.2987949848175049 453
1726427654113 1.319238305091858 454
1726427654159 0.9201852083206177 455
1726427654205 1.3173747062683105 456
1726427654253 1.5612781047821045 457
1726427654302 0.953630805015564 458
1726427654349 0.8801273107528687 459
1726427654398 1.3754130601882935 460
1726427654445 1.175437092781067 461
1726427654494 1.0466477870941162 462
1726427654542 1.1352545022964478 463
1726427654590 0.9530513286590576 464
1726427654637 1.544644832611084 465
1726427654685 1.4143002033233643 466
1726427654733 0.8479349613189697 467
1726427654781 1.3357595205307007 468
1726427654827 1.0 469
1726427654879 1.4986275434494019 470
1726427654926 1.4177203178405762 471
1726427654974 1.4056390523910522 472
1726427655041 1.4185467958450317 473
1726427655100 1.2987949848175049 474
1726427655157 0.7980088591575623 475
1726427655219 1.3631398677825928 476
1726427655277 0.9544340372085571 477
1726427655339 1.1319729089736938 478
1726427655401 1.5612781047821045 479
1726427655465 1.1498340368270874 480
1726427655538 0.9154055118560791 481
1726427655614 1.5029549598693848 482
1726427655693 0.9686892032623291 483
1726427655769 0.9927378296852112 484
1726427655824 1.5495080947875977 485
1726427655875 0.9716501235961914 486
1726427655924 1.06918203830719 487
1726427655974 -0.0 488
1726427656027 1.2328417301177979 489
1726427656075 1.2474846839904785 490
1726427656124 1.506812334060669 491
1726427656174 1.52777099609375 492
1726427656222 0.27637362480163574 493
1726427656278 1.312435269355774 494
1726427656326 1.3082603216171265 495
1726427656369 1.3427666425704956 496
1726427656412 1.1622443199157715 497
1726427656471 -0.0 498
1726427656522 1.0784571170806885 499
1726427656566 0.8112781047821045 500
1726427656616 1.5612781047821045 501
1726427656658 1.3000195026397705 502
1726427656702 0.9544340372085571 503
1726427656747 1.28536057472229 504
1726427656782 1.5612781047821045 505
1726427656819 1.576314926147461 506
1726427656856 1.5612781047821045 507
1726427656893 0.9558182954788208 508
1726427656931 0.18880480527877808 509
1726427656969 1.5466746091842651 510
1726427657006 1.2865644693374634 511
1726427657044 1.423782467842102 512
1726427657081 1.0 513
1726427657120 1.2987949848175049 514
1726427657157 1.2987949848175049 515
1726427657195 1.502769947052002 516
1726427657235 0.9061464071273804 517
1726427657274 1.3672668933868408 518
1726427657312 1.4218151569366455 519
1726427657351 1.5603381395339966 520
1726427657389 0.8112781047821045 521
1726427657428 0.051264308393001556 522
1726427657468 1.5577657222747803 523
1726427657508 1.5561741590499878 524
1726427657547 1.0854194164276123 525
1726427657585 0.9400215744972229 526
1726427657623 0.19228725135326385 527
1726427657661 1.4245437383651733 528
1726427657700 0.8112781047821045 529
1726427657740 1.5106849670410156 530
1726427657778 1.3750603199005127 531
1726427657817 1.4429776668548584 532
1726427657856 1.0419542789459229 533
1726427657894 1.490152359008789 534
1726427657933 1.4626164436340332 535
1726427657973 1.3870904445648193 536
1726427658011 1.1917266845703125 537
1726427658050 0.8468014597892761 538
1726427658090 1.0 539
1726427658132 0.9995787739753723 540
1726427658178 1.5452041625976562 541
1726427658222 1.3370757102966309 542
1726427658264 1.5612781047821045 543
1726427658305 1.4451708793640137 544
1726427658348 0.4100240468978882 545
1726427658385 1.4456393718719482 546
1726427658423 1.550102710723877 547
1726427658461 1.4592170715332031 548
1726427658500 0.9753705263137817 549
1726427658538 1.468537449836731 550
1726427658576 1.2987949848175049 551
1726427658615 1.2987949848175049 552
