1727299174069 0.0 0
1727299174120 0.0 1
1727299174156 0.0 2
1727299174194 0.0 3
1727299174239 0.0 4
1727299174282 0.0 5
1727299174325 0.0 6
1727299174367 0.0 7
1727299174417 0.0 8
1727299174467 0.0 9
1727299174522 0.0 10
1727299174568 0.0 11
1727299174605 0.0 12
1727299174646 0.0 13
1727299174694 0.0 14
1727299174743 0.0 15
1727299174789 0.0 16
1727299174828 0.0 17
1727299174865 0.0 18
1727299174902 0.0 19
1727299174944 0.0 20
1727299175001 0.0 21
1727299175048 0.0 22
1727299175100 0.0 23
1727299175148 0.0 24
1727299175192 0.0 25
1727299175238 0.0 26
1727299175290 0.0 27
1727299175351 0.0 28
1727299175394 0.0 29
1727299175438 0.0 30
1727299175496 0.0 31
1727299175546 0.0 32
1727299175599 0.0 33
1727299175644 0.11316974461078644 34
1727299175694 0.0 35
1727299175740 0.0 36
1727299175780 0.0 37
1727299175822 0.0 38
1727299175860 0.0 39
1727299175894 0.0 40
1727299175930 0.07673035562038422 41
1727299175965 0.0 42
1727299176003 0.0 43
1727299176041 0.0 44
1727299176097 0.0 45
1727299176149 0.0626276358962059 46
1727299176201 0.0 47
1727299176254 0.0 48
1727299176311 0.0 49
1727299176369 0.0 50
1727299176429 0.0 51
1727299176500 0.0 52
1727299176553 0.04555073007941246 53
1727299176599 0.0 54
1727299176647 0.0 55
1727299176704 0.0 56
1727299176766 0.0 57
1727299176815 0.0 58
1727299176849 0.0 59
1727299176886 0.0 60
1727299176927 0.0 61
1727299176963 0.0 62
1727299176999 0.0 63
1727299177034 0.0 64
1727299177068 0.0 65
1727299177102 0.0 66
1727299177137 0.0 67
1727299177182 0.0 68
1727299177226 0.042379867285490036 69
1727299177275 0.0 70
1727299177324 0.0 71
1727299177368 0.0 72
1727299177402 0.0 73
1727299177437 0.0 74
1727299177474 0.0 75
1727299177514 0.0 76
1727299177550 0.0 77
1727299177585 0.0 78
1727299177619 0.0 79
1727299177652 0.0 80
1727299177686 0.0 81
1727299177721 0.0 82
1727299177757 0.04617897421121597 83
1727299177805 0.0 84
1727299177853 0.0 85
1727299177903 0.0 86
1727299177953 0.0 87
1727299178002 0.0 88
1727299178047 0.0 89
1727299178092 0.037754517048597336 90
1727299178136 0.0 91
1727299178185 0.0 92
1727299178243 0.0 93
1727299178307 0.0 94
1727299178362 0.0 95
1727299178411 0.0 96
1727299178464 0.0 97
1727299178528 0.0 98
1727299178582 0.0 99
1727299178639 0.0 100
1727299178692 0.0 101
1727299178746 0.0 102
1727299178809 0.0 103
1727299178863 0.0 104
1727299178901 0.0 105
1727299178937 0.0 106
1727299178972 0.0 107
1727299179011 0.0 108
1727299179046 0.0 109
1727299179081 0.0 110
1727299179114 0.0 111
1727299179148 0.0 112
1727299179187 0.0 113
1727299179223 0.0 114
1727299179269 0.0 115
1727299179312 0.0 116
1727299179356 0.0 117
1727299179401 0.0 118
1727299179446 0.0 119
1727299179488 0.0 120
1727299179535 0.0 121
1727299179586 0.0 122
1727299179629 0.0 123
1727299179670 0.0 124
1727299179704 0.0 125
1727299179737 0.0 126
1727299179813 0.0 127
1727299179858 0.0035005665849894285 128
1727299179903 0.0 129
1727299179949 0.0 130
1727299179994 0.0 131
1727299180047 0.0 132
1727299180099 0.06732539087533951 133
1727299180157 0.0 134
1727299180202 0.0 135
1727299180246 0.0 136
1727299180303 0.0 137
1727299180354 0.0 138
1727299180398 0.0 139
1727299180444 0.0 140
1727299180487 0.0 141
1727299180532 0.0 142
1727299180576 0.0 143
1727299180623 0.0 144
1727299180674 0.0 145
1727299180726 0.3978937864303589 146
1727299180781 0.0 147
1727299180837 0.0 148
1727299180877 0.0 149
1727299180911 0.0 150
1727299180945 0.0 151
1727299180980 0.0 152
1727299181017 0.0 153
1727299181052 0.0 154
1727299181085 0.0 155
1727299181118 0.0 156
1727299181155 0.16388100385665894 157
1727299181188 0.0 158
1727299181221 0.0 159
1727299181256 0.0 160
1727299181297 0.0 161
1727299181338 0.0 162
1727299181383 0.0 163
1727299181425 0.0 164
1727299181471 0.0 165
1727299181520 0.0 166
1727299181570 0.0 167
1727299181616 0.0 168
1727299181661 0.2531907856464386 169
1727299181708 0.0 170
1727299181757 0.0 171
1727299181806 0.0 172
1727299181855 0.0 173
1727299181895 0.0 174
1727299181934 0.0 175
1727299181977 0.0 176
1727299182023 0.0 177
1727299182067 0.0 178
1727299182113 0.0 179
1727299182162 0.0 180
1727299182205 0.0 181
1727299182253 0.0 182
1727299182306 0.0 183
1727299182345 0.0 184
1727299182380 0.0 185
1727299182414 0.0 186
1727299182449 0.16249288618564606 187
1727299182483 0.0 188
1727299182518 0.0 189
1727299182555 0.0 190
1727299182600 0.0 191
1727299182636 0.0 192
1727299182672 0.0 193
1727299182705 0.0 194
1727299182744 0.0 195
1727299182793 0.0 196
1727299182838 0.0 197
1727299182880 0.0 198
1727299182924 0.0 199
1727299182966 0.0 200
1727299183007 0.0 201
1727299183053 0.0 202
1727299183095 0.0 203
1727299183137 0.0 204
1727299183179 0.0 205
1727299183220 0.0 206
1727299183266 0.0 207
1727299183310 0.0 208
1727299183347 0.0 209
1727299183381 0.0 210
1727299183415 0.0 211
1727299183449 0.0 212
1727299183484 0.0 213
1727299183518 0.0 214
1727299183555 0.0 215
1727299183591 0.0 216
1727299183625 0.0 217
1727299183659 0.0 218
1727299183692 0.0 219
1727299183726 0.0 220
1727299183759 0.0 221
1727299183799 0.0 222
1727299183834 0.0 223
1727299183869 0.0 224
1727299183902 0.0 225
1727299183939 0.0 226
1727299183974 0.0 227
1727299184008 0.0 228
1727299184049 0.0 229
1727299184084 0.0 230
1727299184118 0.0 231
1727299184151 0.0 232
1727299184186 0.0 233
1727299184219 0.0 234
1727299184253 0.0 235
1727299184294 0.0 236
1727299184333 0.0 237
1727299184367 0.0 238
1727299184400 0.0 239
1727299184434 0.0 240
1727299184470 0.0 241
1727299184514 0.0 242
1727299184559 0.0 243
1727299184602 0.0 244
1727299184645 0.0 245
1727299184682 0.0 246
1727299184715 0.0 247
1727299184751 0.0 248
1727299184797 0.0 249
1727299184841 0.0 250
1727299184880 0.0 251
1727299184917 0.0 252
1727299184952 0.0 253
1727299184986 0.0 254
1727299185019 0.0 255
1727299185055 0.0 256
1727299185089 0.0 257
1727299185127 0.0 258
1727299185171 0.0 259
1727299185214 0.0 260
1727299185259 0.0 261
1727299185311 0.0 262
1727299185355 0.0 263
1727299185399 0.0 264
1727299185442 0.02294388972222805 265
1727299185485 0.0 266
1727299185527 0.0 267
1727299185577 0.0 268
1727299185613 0.0 269
1727299185648 0.0 270
1727299185686 0.0 271
1727299185728 0.0 272
1727299185769 0.0 273
1727299185812 0.0 274
1727299185846 0.0 275
1727299185879 0.0 276
1727299185913 0.0 277
1727299185949 0.0 278
1727299185984 0.0 279
1727299186017 0.0 280
1727299186054 0.0 281
1727299186087 0.0 282
1727299186120 0.0 283
1727299186153 0.0 284
1727299186187 0.0 285
1727299186221 0.0 286
1727299186254 0.0 287
1727299186295 0.0 288
1727299186332 0.0 289
1727299186366 0.0 290
1727299186399 0.0 291
1727299186438 0.0 292
1727299186472 0.0 293
1727299186508 0.0 294
1727299186546 0.0 295
1727299186583 0.0 296
1727299186618 0.0 297
1727299186659 0.0 298
1727299186709 0.0 299
1727299186758 0.0 300
1727299186809 0.0 301
1727299186858 0.0 302
1727299186910 0.0 303
1727299186959 0.0 304
1727299187018 0.0 305
1727299187064 0.0 306
1727299187106 0.0 307
1727299187149 0.0 308
1727299187197 0.0 309
1727299187239 0.0 310
1727299187287 0.0 311
1727299187334 0.0 312
1727299187386 0.0 313
1727299187438 0.0 314
1727299187491 0.0 315
1727299187545 0.0 316
1727299187601 0.0 317
1727299187656 0.0 318
1727299187709 0.0 319
1727299187761 0.0 320
1727299187808 0.0 321
1727299187851 0.0 322
1727299187894 0.0 323
1727299187937 0.0 324
1727299187979 0.0 325
1727299188021 0.0 326
1727299188067 0.0 327
1727299188109 0.0 328
1727299188152 0.0 329
1727299188194 0.0 330
1727299188237 0.0 331
1727299188281 0.0 332
1727299188328 0.0 333
1727299188372 0.0 334
1727299188414 0.0 335
1727299188456 0.0 336
1727299188499 0.0 337
1727299188544 0.19064079225063324 338
1727299188588 0.0 339
1727299188626 0.0 340
1727299188660 0.0 341
1727299188694 0.0 342
1727299188727 0.0 343
1727299188760 0.0 344
1727299188799 0.0 345
1727299188838 0.0 346
1727299188872 0.0065831695683300495 347
1727299188906 0.0 348
1727299188942 0.0 349
1727299188976 0.0 350
1727299189025 0.0 351
1727299189076 0.0 352
1727299189111 0.0 353
1727299189146 0.0 354
1727299189179 0.0 355
1727299189212 0.0 356
1727299189245 0.0 357
1727299189281 0.0 358
1727299189322 0.0 359
1727299189356 0.0 360
1727299189390 0.0 361
1727299189424 0.0 362
1727299189458 0.0 363
1727299189492 0.0 364
1727299189526 0.0 365
1727299189568 0.0 366
1727299189608 0.0 367
1727299189642 0.0 368
1727299189677 0.0 369
1727299189711 0.0 370
1727299189744 0.0 371
1727299189778 0.0 372
1727299189819 0.0 373
1727299189854 0.0 374
1727299189889 0.0 375
1727299189924 0.0 376
1727299189958 0.0 377
1727299189993 0.0 378
1727299190027 0.0 379
1727299190063 0.0 380
1727299190098 0.0 381
1727299190133 0.0 382
1727299190169 0.0 383
1727299190203 0.0 384
1727299190236 0.0 385
1727299190271 0.0 386
1727299190316 0.0 387
1727299190353 0.0 388
1727299190387 0.0 389
1727299190424 0.0 390
1727299190458 0.0 391
1727299190493 0.0 392
1727299190527 0.0 393
1727299190563 0.0 394
1727299190599 0.0 395
