1726431468137 1.3937832117080688 0
1726431468177 1.4949922561645508 1
1726431468217 1.539358139038086 2
1726431468258 1.4494801759719849 3
1726431468297 1.4804158210754395 4
1726431468338 1.3549482822418213 5
1726431468378 1.545712947845459 6
1726431468419 1.5711259841918945 7
1726431468458 1.5666496753692627 8
1726431468498 1.3739936351776123 9
1726431468538 1.4651210308074951 10
1726431468578 1.4691479206085205 11
1726431468618 1.4304779767990112 12
1726431468657 1.423681378364563 13
1726431468697 1.2647485733032227 14
1726431468736 1.1514281034469604 15
1726431468776 1.2788467407226562 16
1726431468816 1.0532841682434082 17
1726431468855 1.1518311500549316 18
1726431468895 1.255359411239624 19
1726431468936 1.4588892459869385 20
1726431468975 1.239789605140686 21
1726431469016 1.1847691535949707 22
1726431469055 1.4701851606369019 23
1726431469095 1.4894225597381592 24
1726431469134 1.5242016315460205 25
1726431469174 1.428513526916504 26
1726431469213 1.1208295822143555 27
1726431469252 1.1304422616958618 28
1726431469293 1.3130604028701782 29
1726431469332 1.5156527757644653 30
1726431469372 1.5158430337905884 31
1726431469411 1.573758840560913 32
1726431469451 1.4851986169815063 33
1726431469491 1.2272793054580688 34
1726431469532 1.4574298858642578 35
1726431469571 1.4761435985565186 36
1726431469611 1.5798654556274414 37
1726431469651 1.5026134252548218 38
1726431469690 1.5818140506744385 39
1726431469730 1.5812726020812988 40
1726431469771 1.5816969871520996 41
1726431469810 1.574347972869873 42
1726431469850 1.5355260372161865 43
1726431469890 1.535581350326538 44
1726431469929 1.1899663209915161 45
1726431469969 0.9284772276878357 46
1726431470009 0.801335334777832 47
1726431470049 1.2665468454360962 48
1726431470088 1.176031470298767 49
1726431470128 1.2269712686538696 50
1726431470167 1.4393470287322998 51
1726431470207 1.4066932201385498 52
1726431470249 1.5314466953277588 53
1726431470293 1.5171079635620117 54
1726431470332 1.3629833459854126 55
1726431470371 1.282824993133545 56
1726431470411 1.2905957698822021 57
1726431470451 1.1921963691711426 58
1726431470490 0.992465615272522 59
1726431470531 0.8490554690361023 60
1726431470570 1.1536365747451782 61
1726431470610 1.4651689529418945 62
1726431470649 1.2886927127838135 63
1726431470689 1.2395187616348267 64
1726431470729 1.431166648864746 65
1726431470770 1.434624433517456 66
1726431470810 1.4567615985870361 67
1726431470851 1.567169189453125 68
1726431470890 1.5252326726913452 69
1726431470931 1.3742704391479492 70
1726431470970 1.370881199836731 71
1726431471010 1.4344544410705566 72
1726431471058 1.45680570602417 73
1726431471105 1.33845853805542 74
1726431471153 1.4101979732513428 75
1726431471201 1.4617562294006348 76
1726431471247 1.457213044166565 77
1726431471297 1.4112741947174072 78
1726431471346 1.3654907941818237 79
1726431471395 1.2819170951843262 80
1726431471445 1.1190431118011475 81
1726431471491 1.306276798248291 82
1726431471540 1.5254534482955933 83
1726431471586 1.5634422302246094 84
1726431471635 1.4490476846694946 85
1726431471683 1.3951225280761719 86
1726431471730 1.2213948965072632 87
1726431471777 1.5433926582336426 88
1726431471824 1.5476799011230469 89
1726431471873 1.496274709701538 90
1726431471923 1.5601935386657715 91
1726431471970 1.521252989768982 92
1726431472019 1.5839102268218994 93
1726431472066 1.4728174209594727 94
1726431472108 1.537286400794983 95
1726431472149 1.5280022621154785 96
1726431472189 1.3794978857040405 97
1726431472230 1.3243939876556396 98
1726431472271 1.381117820739746 99
1726431472311 1.3841267824172974 100
1726431472351 1.58274245262146 101
1726431472391 1.5197515487670898 102
1726431472431 1.5818098783493042 103
1726431472471 1.5601673126220703 104
1726431472511 1.5077199935913086 105
1726431472552 1.3439714908599854 106
1726431472592 1.4215275049209595 107
1726431472632 1.3512463569641113 108
1726431472671 1.3023927211761475 109
1726431472711 1.5635948181152344 110
1726431472751 1.497388243675232 111
1726431472792 1.4225436449050903 112
1726431472832 1.5386033058166504 113
1726431472874 1.5828193426132202 114
1726431472914 1.5250344276428223 115
1726431472954 1.4858015775680542 116
1726431472994 1.5646495819091797 117
1726431473036 1.5293481349945068 118
1726431473083 1.5587105751037598 119
1726431473129 1.5449944734573364 120
1726431473171 1.5185399055480957 121
1726431473218 1.349765658378601 122
1726431473258 1.4431732892990112 123
1726431473301 1.396336317062378 124
1726431473348 1.4667179584503174 125
1726431473391 1.528324842453003 126
1726431473435 1.5605788230895996 127
1726431473480 1.5684878826141357 128
1726431473528 1.561120629310608 129
1726431473590 1.5731791257858276 130
1726431473641 1.5367333889007568 131
1726431473689 1.5578019618988037 132
1726431473737 1.5505836009979248 133
1726431473787 1.543329119682312 134
1726431473836 1.4718637466430664 135
1726431473886 1.5444976091384888 136
1726431473936 1.267479658126831 137
1726431473985 1.5114959478378296 138
1726431474036 1.5128841400146484 139
1726431474090 1.5218497514724731 140
1726431474139 1.4806580543518066 141
1726431474188 1.5367896556854248 142
1726431474238 1.560746192932129 143
1726431474288 1.5748026371002197 144
1726431474337 1.3566231727600098 145
1726431474386 1.4880330562591553 146
1726431474435 1.136665940284729 147
1726431474497 1.421011209487915 148
1726431474550 1.5479686260223389 149
1726431474598 1.5595479011535645 150
1726431474646 1.5598374605178833 151
1726431474695 1.5352044105529785 152
1726431474743 1.557210087776184 153
1726431474795 1.4406123161315918 154
1726431474842 1.4409022331237793 155
1726431474891 1.5412681102752686 156
1726431474940 1.4859246015548706 157
1726431474989 1.465730905532837 158
1726431475037 1.4325196743011475 159
1726431475086 1.4870113134384155 160
1726431475135 1.5244112014770508 161
1726431475183 1.4355099201202393 162
1726431475232 1.5645190477371216 163
1726431475280 1.4930825233459473 164
1726431475347 1.5016603469848633 165
1726431475442 1.4337286949157715 166
1726431475503 1.5117673873901367 167
1726431475567 1.5753066539764404 168
1726431475625 1.581375002861023 169
1726431475675 1.4955824613571167 170
1726431475724 1.4503811597824097 171
1726431475776 1.555211067199707 172
1726431475825 1.4668017625808716 173
1726431475874 1.5456435680389404 174
1726431475923 1.507602334022522 175
1726431475971 1.4885244369506836 176
1726431476019 1.551882266998291 177
1726431476111 1.4361380338668823 178
1726431476165 1.177560806274414 179
1726431476224 1.1986292600631714 180
1726431476299 1.4985684156417847 181
1726431476357 1.4944560527801514 182
1726431476406 1.550236701965332 183
1726431476455 1.3967382907867432 184
1726431476504 1.3670451641082764 185
1726431476554 1.382476806640625 186
1726431476602 1.414686918258667 187
1726431476651 1.3619461059570312 188
1726431476699 1.028673529624939 189
1726431476748 1.2022573947906494 190
1726431476800 1.3294339179992676 191
1726431476853 1.463255763053894 192
1726431476903 1.581954002380371 193
1726431476954 1.5826101303100586 194
1726431477003 1.3349554538726807 195
1726431477052 1.2794525623321533 196
1726431477102 1.0496506690979004 197
1726431477169 1.2227389812469482 198
1726431477217 1.5232391357421875 199
1726431477266 1.5287754535675049 200
1726431477316 1.5324872732162476 201
1726431477364 1.5254499912261963 202
1726431477413 1.4575684070587158 203
1726431477461 1.5827982425689697 204
1726431477510 1.406213641166687 205
1726431477564 1.343451976776123 206
1726431477609 1.2243505716323853 207
1726431477655 1.0904715061187744 208
1726431477699 1.2931697368621826 209
1726431477742 0.9819051027297974 210
1726431477783 1.3871510028839111 211
1726431477825 1.4106967449188232 212
1726431477866 1.3744971752166748 213
1726431477907 1.1469299793243408 214
1726431477948 1.415952205657959 215
1726431477988 1.53375244140625 216
1726431478028 1.5011579990386963 217
1726431478068 1.4774906635284424 218
1726431478108 1.4678417444229126 219
1726431478147 1.5783873796463013 220
1726431478186 1.5628297328948975 221
1726431478226 1.5516891479492188 222
1726431478273 1.5473806858062744 223
1726431478317 1.4941641092300415 224
1726431478364 1.4865622520446777 225
1726431478405 1.4430187940597534 226
1726431478446 1.5095219612121582 227
1726431478487 1.5096936225891113 228
1726431478529 1.5106675624847412 229
1726431478570 1.5439050197601318 230
1726431478610 1.5506958961486816 231
1726431478650 1.5198974609375 232
1726431478690 1.4119791984558105 233
1726431478729 1.575303077697754 234
1726431478768 1.524526596069336 235
1726431478808 1.576974868774414 236
1726431478848 1.5297149419784546 237
1726431478888 1.45058274269104 238
1726431478928 1.2463722229003906 239
1726431478967 1.297972321510315 240
1726431479007 1.4110668897628784 241
1726431479046 1.5042922496795654 242
1726431479086 1.4860955476760864 243
1726431479125 1.532008171081543 244
1726431479165 1.5358059406280518 245
1726431479207 1.5181102752685547 246
1726431479248 1.4602718353271484 247
1726431479288 1.1613070964813232 248
1726431479328 1.1839067935943604 249
1726431479368 1.100486397743225 250
1726431479407 1.1983579397201538 251
1726431479447 1.1832842826843262 252
1726431479488 1.495962381362915 253
1726431479537 1.4621083736419678 254
1726431479595 1.5523693561553955 255
1726431479667 1.4704331159591675 256
1726431479754 1.5415730476379395 257
1726431479828 1.5544605255126953 258
1726431479886 1.3572006225585938 259
1726431479950 1.305750846862793 260
1726431480009 1.5105326175689697 261
1726431480070 1.562429666519165 262
1726431480127 1.5067152976989746 263
1726431480184 1.523431420326233 264
1726431480240 1.3569226264953613 265
1726431480297 1.553303599357605 266
1726431480354 1.5644294023513794 267
1726431480410 1.5783394575119019 268
1726431480465 1.5580393075942993 269
1726431480549 1.412173867225647 270
1726431480617 1.444541335105896 271
1726431480689 1.5306835174560547 272
1726431480744 1.5009849071502686 273
1726431480800 1.5836467742919922 274
1726431480867 1.5087162256240845 275
1726431480924 1.4810857772827148 276
1726431480975 1.569566249847412 277
1726431481035 1.5426344871520996 278
1726431481105 1.483212947845459 279
1726431481181 1.524834156036377 280
1726431481247 1.5143085718154907 281
1726431481310 1.3711938858032227 282
1726431481386 1.3725099563598633 283
1726431481458 1.4587156772613525 284
1726431481547 1.4909284114837646 285
1726431481614 1.5376250743865967 286
1726431481675 1.5519967079162598 287
1726431481751 1.561406135559082 288
1726431481827 1.5344027280807495 289
1726431481890 1.5653886795043945 290
1726431481950 1.4442076683044434 291
1726431482011 1.4070425033569336 292
1726431482071 1.4073423147201538 293
1726431482135 1.5599472522735596 294
1726431482195 1.5782430171966553 295
1726431482255 1.5152513980865479 296
1726431482344 1.5225728750228882 297
1726431482432 1.5160284042358398 298
1726431482517 1.422864317893982 299
1726431482577 1.4676066637039185 300
1726431482652 1.5415053367614746 301
1726431482733 1.4288760423660278 302
1726431482811 1.4955735206604004 303
1726431482891 1.5004323720932007 304
1726431482954 1.5458970069885254 305
1726431483012 1.5419210195541382 306
1726431483070 1.5414907932281494 307
1726431483128 1.5488626956939697 308
1726431483187 1.555533528327942 309
1726431483244 1.574331283569336 310
1726431483303 1.5481033325195312 311
1726431483365 1.472844123840332 312
1726431483427 1.5596652030944824 313
1726431483493 1.581886887550354 314
1726431483555 1.5811665058135986 315
1726431483614 1.433295488357544 316
1726431483674 1.30156409740448 317
1726431483735 1.460357666015625 318
1726431483805 1.3688619136810303 319
1726431483865 1.398995041847229 320
1726431483924 1.344639539718628 321
1726431483984 1.3197906017303467 322
1726431484044 1.3765009641647339 323
1726431484113 1.4240831136703491 324
1726431484188 1.5035297870635986 325
1726431484265 1.5639827251434326 326
1726431484325 1.579101800918579 327
1726431484384 1.4429067373275757 328
1726431484440 1.5802116394042969 329
1726431484512 1.5530515909194946 330
1726431484568 1.5405118465423584 331
1726431484627 1.5297493934631348 332
1726431484690 1.5566939115524292 333
1726431484750 1.5499476194381714 334
1726431484809 1.5487407445907593 335
1726431484867 1.531450867652893 336
1726431484927 1.478074073791504 337
1726431484987 1.4210156202316284 338
1726431485050 1.4635677337646484 339
1726431485134 1.5727325677871704 340
1726431485202 1.4515769481658936 341
1726431485260 1.4364336729049683 342
1726431485319 1.507073163986206 343
1726431485378 1.3224232196807861 344
1726431485435 1.4006949663162231 345
1726431485506 1.5362370014190674 346
1726431485575 1.5769705772399902 347
1726431485665 1.542936086654663 348
1726431485748 1.4146194458007812 349
1726431485817 1.456870436668396 350
1726431485879 1.494032859802246 351
1726431485944 1.5465201139450073 352
1726431486015 1.535522222518921 353
1726431486095 1.5786288976669312 354
1726431486182 1.5779390335083008 355
1726431486264 1.5091125965118408 356
1726431486347 1.5257169008255005 357
1726431486413 1.5018439292907715 358
1726431486482 1.5822484493255615 359
1726431486548 1.5450758934020996 360
1726431486612 1.5110809803009033 361
1726431486707 1.5499413013458252 362
1726431486771 1.516601324081421 363
1726431486824 1.564711093902588 364
1726431486873 1.403538703918457 365
1726431486921 1.523182988166809 366
1726431486970 1.535216212272644 367
1726431487015 1.5572137832641602 368
1726431487059 1.4018350839614868 369
1726431487103 1.2994678020477295 370
1726431487147 1.511080026626587 371
1726431487189 1.501492977142334 372
1726431487231 1.5157604217529297 373
1726431487272 1.532144546508789 374
1726431487313 1.5127977132797241 375
1726431487355 1.3693422079086304 376
1726431487395 1.548145055770874 377
1726431487436 1.4161725044250488 378
1726431487476 1.5360794067382812 379
1726431487517 1.53086519241333 380
1726431487557 1.5811457633972168 381
1726431487599 1.5599595308303833 382
1726431487639 1.5847299098968506 383
1726431487681 1.518965482711792 384
1726431487721 1.5837339162826538 385
1726431487762 1.5126631259918213 386
1726431487801 1.4465208053588867 387
1726431487842 1.4495105743408203 388
1726431487881 1.5291228294372559 389
1726431487922 1.473961591720581 390
1726431487961 1.4724019765853882 391
1726431488001 1.5623623132705688 392
1726431488040 1.5727145671844482 393
1726431488080 1.4910706281661987 394
1726431488121 1.4904606342315674 395
1726431488161 1.532894492149353 396
1726431488201 1.5075528621673584 397
1726431488242 1.5083608627319336 398
1726431488283 1.5090243816375732 399
1726431488322 1.50954008102417 400
1726431488364 1.3198128938674927 401
1726431488403 1.2058634757995605 402
1726431488443 1.4124233722686768 403
1726431488484 1.429680585861206 404
1726431488525 1.450761318206787 405
1726431488566 1.5548776388168335 406
1726431488612 1.555511713027954 407
1726431488658 1.5538465976715088 408
1726431488719 1.482978343963623 409
1726431488757 1.5562820434570312 410
1726431488796 1.4151430130004883 411
1726431488837 1.5670218467712402 412
1726431488876 1.5349420309066772 413
1726431488915 1.5568418502807617 414
1726431488955 1.580749750137329 415
1726431488994 1.5701310634613037 416
1726431489033 1.5387487411499023 417
1726431489072 1.5558433532714844 418
1726431489112 1.5409471988677979 419
1726431489152 1.5633035898208618 420
1726431489191 1.5585343837738037 421
1726431489230 1.552232027053833 422
1726431489269 1.5736043453216553 423
1726431489308 1.551060676574707 424
1726431489349 1.54776930809021 425
1726431489388 1.5436925888061523 426
1726431489428 1.5387146472930908 427
1726431489468 1.5358431339263916 428
1726431489507 1.5298418998718262 429
1726431489546 1.5712368488311768 430
1726431489586 1.5341238975524902 431
1726431489626 1.435986042022705 432
1726431489665 1.4683903455734253 433
1726431489705 1.5447032451629639 434
1726431489744 1.4883166551589966 435
1726431489783 1.5648342370986938 436
1726431489822 1.4873484373092651 437
1726431489865 1.368639588356018 438
1726431489908 1.267302393913269 439
1726431489948 1.4121150970458984 440
1726431489988 1.5545891523361206 441
1726431490028 1.4568909406661987 442
1726431490067 1.396622896194458 443
1726431490108 1.371414303779602 444
1726431490150 1.513013482093811 445
1726431490190 1.470097541809082 446
1726431490229 1.4765164852142334 447
1726431490268 1.4834165573120117 448
1726431490308 1.4662128686904907 449
1726431490351 1.5368658304214478 450
1726431490391 1.5268101692199707 451
1726431490431 1.5460118055343628 452
1726431490471 1.5408220291137695 453
1726431490512 1.5582300424575806 454
1726431490551 1.4738376140594482 455
1726431490594 1.5503175258636475 456
1726431490645 1.5715928077697754 457
1726431490708 1.4311894178390503 458
1726431490776 1.5709047317504883 459
1726431490818 1.567073106765747 460
1726431490870 1.5825562477111816 461
1726431490919 1.4462300539016724 462
1726431490981 1.486884593963623 463
1726431491024 1.5779751539230347 464
1726431491079 1.5340461730957031 465
1726431491132 1.535452127456665 466
1726431491192 1.534548282623291 467
1726431491283 1.5514378547668457 468
1726431491332 1.5815627574920654 469
1726431491374 1.5813095569610596 470
1726431491427 1.4734584093093872 471
1726431491477 1.4436770677566528 472
1726431491549 1.544302225112915 473
1726431491603 1.5610220432281494 474
1726431491656 1.5399103164672852 475
1726431491697 1.5416994094848633 476
1726431491740 1.529850959777832 477
1726431491786 1.5841822624206543 478
1726431491832 1.5307705402374268 479
1726431491876 1.5448408126831055 480
1726431491923 1.5151013135910034 481
1726431491963 1.5186290740966797 482
1726431492003 1.5420368909835815 483
1726431492051 1.5627788305282593 484
1726431492093 1.4907455444335938 485
1726431492139 1.3902870416641235 486
1726431492180 1.462479829788208 487
1726431492227 1.4676986932754517 488
1726431492280 1.489119052886963 489
1726431492323 1.4927417039871216 490
1726431492361 1.472608208656311 491
1726431492399 1.4772636890411377 492
1726431492437 1.3439112901687622 493
1726431492475 1.3881919384002686 494
1726431492513 1.4806984663009644 495
1726431492551 1.501837968826294 496
1726431492588 1.4756040573120117 497
1726431492628 1.5168124437332153 498
1726431492666 1.5032310485839844 499
1726431492704 1.5686464309692383 500
1726431492742 1.5756709575653076 501
1726431492780 1.5676872730255127 502
1726431492818 1.564098596572876 503
1726431492858 1.550917625427246 504
1726431492896 1.5509623289108276 505
1726431492936 1.551925778388977 506
1726431492974 1.4881960153579712 507
1726431493012 1.567033290863037 508
1726431493050 1.567421317100525 509
1726431493088 1.5829782485961914 510
1726431493127 1.563383936882019 511
1726431493166 1.5647392272949219 512
1726431493204 1.5805211067199707 513
1726431493242 1.5653440952301025 514
1726431493280 1.5561524629592896 515
1726431493318 1.4940999746322632 516
1726431493357 1.5715806484222412 517
1726431493396 1.3965861797332764 518
1726431493435 1.5025523900985718 519
1726431493473 1.5046674013137817 520
1726431493512 1.3916375637054443 521
1726431493550 1.3744401931762695 522
1726431493589 1.5418566465377808 523
1726431493636 1.5385923385620117 524
1726431493687 1.4982781410217285 525
1726431493743 1.506560206413269 526
1726431493785 1.506223440170288 527
1726431493826 1.5058796405792236 528
1726431493880 1.505528450012207 529
1726431493932 1.538304328918457 530
1726431493980 1.5270090103149414 531
1726431494038 1.542724609375 532
1726431494086 1.5654535293579102 533
1726431494140 1.5149073600769043 534
1726431494217 1.544325590133667 535
1726431494276 1.5345735549926758 536
1726431494318 1.4985499382019043 537
1726431494361 1.5402100086212158 538
1726431494410 1.5016343593597412 539
1726431494463 1.5495387315750122 540
1726431494504 1.5608484745025635 541
1726431494548 1.5610010623931885 542
1726431494599 1.5610020160675049 543
1726431494641 1.5608370304107666 544
1726431494687 1.5604896545410156 545
1726431494741 1.5474879741668701 546
1726431494810 1.5584869384765625 547
1726431494864 1.4813759326934814 548
1726431494915 1.512329339981079 549
1726431494955 1.5696613788604736 550
1726431494994 1.553051471710205 551
1726431495034 1.5533955097198486 552
1726431495074 1.579757571220398 553
1726431495117 1.579519510269165 554
1726431495163 1.514053225517273 555
1726431495218 1.5127894878387451 556
1726431495264 1.5546412467956543 557
1726431495310 1.5674409866333008 558
1726431495366 1.5675361156463623 559
1726431495422 1.5637134313583374 560
1726431495465 1.566877841949463 561
1726431495506 1.5697259902954102 562
1726431495547 1.5809118747711182 563
1726431495616 1.5710370540618896 564
1726431495675 1.5733413696289062 565
1726431495725 1.5592281818389893 566
1726431495770 1.558596134185791 567
1726431495816 1.4799946546554565 568
1726431495870 1.5632935762405396 569
1726431495918 1.5634154081344604 570
1726431495964 1.5626132488250732 571
1726431496006 1.5591984987258911 572
1726431496050 1.577467679977417 573
1726431496094 1.5617098808288574 574
1726431496139 1.5598421096801758 575
1726431496184 1.5578291416168213 576
1726431496227 1.555663824081421 577
1726431496274 1.5459983348846436 578
1726431496319 1.534717082977295 579
1726431496366 1.537546992301941 580
1726431496411 1.5403506755828857 581
1726431496456 1.5431270599365234 582
1726431496498 1.5458745956420898 583
1726431496544 1.5485920906066895 584
1726431496591 1.551277995109558 585
1726431496632 1.4385945796966553 586
1726431496674 1.4922561645507812 587
1726431496715 1.5416784286499023 588
1726431496754 1.5426807403564453 589
1726431496795 1.5434081554412842 590
1726431496839 1.543778896331787 591
1726431496881 1.5435541868209839 592
1726431496923 1.5420351028442383 593
1726431496965 1.5494301319122314 594
1726431497006 1.5500471591949463 595
1726431497047 1.550656795501709 596
1726431497088 1.5512586832046509 597
1726431497131 1.5827724933624268 598
1726431497173 1.5362610816955566 599
1726431497228 1.5450021028518677 600
1726431497278 1.5717750787734985 601
1726431497319 1.566361904144287 602
1726431497366 1.5675772428512573 603
1726431497410 1.5786319971084595 604
1726431497454 1.5792109966278076 605
1726431497503 1.5792059898376465 606
1726431497549 1.5791996717453003 607
1726431497594 1.5430959463119507 608
1726431497646 1.5750300884246826 609
1726431497690 1.5576300621032715 610
1726431497738 1.5592803955078125 611
1726431497784 1.5605483055114746 612
1726431497838 1.5608186721801758 613
1726431497885 1.561016321182251 614
1726431497937 1.5357086658477783 615
1726431497978 1.5315583944320679 616
1726431498026 1.5372838973999023 617
1726431498068 1.5581905841827393 618
1726431498112 1.561533808708191 619
1726431498156 1.5559968948364258 620
1726431498197 1.556985855102539 621
1726431498242 1.5575923919677734 622
1726431498287 1.542357087135315 623
1726431498342 1.5623732805252075 624
1726431498385 1.553570032119751 625
1726431498447 1.5670397281646729 626
1726431498492 1.5688408613204956 627
1726431498539 1.570418119430542 628
1726431498598 1.5717687606811523 629
1726431498649 1.5728895664215088 630
1726431498690 1.5399131774902344 631
1726431498744 1.5310475826263428 632
1726431498783 1.5305200815200806 633
1726431498831 1.5256133079528809 634
1726431498882 1.519988775253296 635
1726431498931 1.5135257244110107 636
1726431498987 1.5060508251190186 637
1726431499039 1.4972959756851196 638
1726431499082 1.4867968559265137 639
1726431499127 1.5178394317626953 640
1726431499171 1.4859651327133179 641
1726431499228 1.489343285560608 642
1726431499269 1.5590975284576416 643
1726431499313 1.5311956405639648 644
1726431499351 1.5397800207138062 645
1726431499391 1.5315372943878174 646
1726431499433 1.5728249549865723 647
1726431499471 1.5721396207809448 648
1726431499511 1.5812644958496094 649
1726431499553 1.530310869216919 650
1726431499591 1.5261685848236084 651
1726431499632 1.5213897228240967 652
1726431499673 1.582245111465454 653
1726431499712 1.5820633172988892 654
1726431499751 1.5826914310455322 655
1726431499793 1.5684103965759277 656
1726431499831 1.5678402185440063 657
1726431499872 1.566849708557129 658
1726431499913 1.5252048969268799 659
1726431499952 1.5796929597854614 660
1726431499992 1.579925298690796 661
1726431500034 1.5801483392715454 662
1726431500072 1.5803611278533936 663
1726431500112 1.580562710762024 664
1726431500154 1.5807521343231201 665
1726431500193 1.5809279680252075 666
1726431500233 1.5810890197753906 667
1726431500276 1.581233263015747 668
1726431500316 1.5715309381484985 669
1726431500362 1.5707225799560547 670
1726431500405 1.569138526916504 671
1726431500451 1.5704292058944702 672
1726431500494 1.5679608583450317 673
1726431500538 1.5742192268371582 674
1726431500582 1.571686029434204 675
1726431500632 1.5683488845825195 676
1726431500676 1.5637500286102295 677
1726431500754 1.560539722442627 678
1726431500804 1.5608093738555908 679
1726431500844 1.5610337257385254 680
1726431500885 1.5611985921859741 681
1726431500924 1.561277151107788 682
1726431500978 1.5612781047821045 683
1726431501021 1.5612781047821045 684
