1726431468142 0.9803919792175293 0
1726431468182 0.9416854381561279 1
1726431468222 0.7705133557319641 2
1726431468262 0.673056960105896 3
1726431468302 1.3148434162139893 4
1726431468342 0.9899204969406128 5
1726431468382 0.9577612280845642 6
1726431468423 1.051990032196045 7
1726431468463 0.9856014251708984 8
1726431468503 0.8789680004119873 9
1726431468543 0.8599650859832764 10
1726431468582 0.3773699402809143 11
1726431468622 0.5093724131584167 12
1726431468661 0.581658124923706 13
1726431468701 0.63725745677948 14
1726431468741 0.6839250326156616 15
1726431468781 0.9938541650772095 16
1726431468820 0.6453640460968018 17
1726431468860 0.6322484016418457 18
1726431468900 0.6736150979995728 19
1726431468940 0.9570736289024353 20
1726431468980 0.719775915145874 21
1726431469020 0.41676685214042664 22
1726431469060 1.2608873844146729 23
1726431469099 1.1584724187850952 24
1726431469139 1.4008800983428955 25
1726431469178 1.1325746774673462 26
1726431469217 0.7889816761016846 27
1726431469257 0.6905316710472107 28
1726431469297 0.8179810047149658 29
1726431469337 0.8195505142211914 30
1726431469376 0.9938641786575317 31
1726431469416 1.0025416612625122 32
1726431469455 0.8527051210403442 33
1726431469495 0.4914016127586365 34
1726431469536 1.1069104671478271 35
1726431469576 0.9246056079864502 36
1726431469615 0.8201611042022705 37
1726431469655 0.7095632553100586 38
1726431469695 0.4394112229347229 39
1726431469734 0.6261386275291443 40
1726431469775 0.7024655342102051 41
1726431469815 0.7809882164001465 42
1726431469855 0.5761964321136475 43
1726431469894 0.7230713367462158 44
1726431469934 0.8269404768943787 45
1726431469973 0.6932520866394043 46
1726431470013 0.3382931649684906 47
1726431470053 0.9002187252044678 48
1726431470092 0.7626047134399414 49
1726431470132 0.7348368167877197 50
1726431470172 1.0341682434082031 51
1726431470212 1.1968135833740234 52
1726431470254 1.0502607822418213 53
1726431470297 0.9225984811782837 54
1726431470336 0.6504263877868652 55
1726431470376 0.6937556266784668 56
1726431470416 0.6408212184906006 57
1726431470455 0.6925691366195679 58
1726431470495 0.5112208724021912 59
1726431470535 0.40355968475341797 60
1726431470574 0.8597413301467896 61
1726431470614 0.9919579029083252 62
1726431470653 0.8441570401191711 63
1726431470693 0.394869863986969 64
1726431470734 0.4600582420825958 65
1726431470775 0.5094516277313232 66
1726431470815 0.7839122414588928 67
1726431470855 1.0372247695922852 68
1726431470895 0.9601140022277832 69
1726431470935 0.6293880343437195 70
1726431470974 0.7469239234924316 71
1726431471015 0.9649497270584106 72
1726431471062 0.9229744672775269 73
1726431471110 0.6204673051834106 74
1726431471158 0.7604169845581055 75
1726431471206 1.0777003765106201 76
1726431471253 1.0461503267288208 77
1726431471303 0.7329993844032288 78
1726431471353 0.866125226020813 79
1726431471401 1.0422847270965576 80
1726431471451 0.619472086429596 81
1726431471497 0.7659596800804138 82
1726431471544 1.2206828594207764 83
1726431471591 1.2469366788864136 84
1726431471640 1.110851526260376 85
1726431471688 1.0621087551116943 86
1726431471735 0.9377865791320801 87
1726431471783 1.4299683570861816 88
1726431471831 1.3100900650024414 89
1726431471878 1.1212965250015259 90
1726431471928 1.0257320404052734 91
1726431471974 0.36176908016204834 92
1726431472023 1.0645085573196411 93
1726431472071 0.8011373281478882 94
1726431472112 0.7548784017562866 95
1726431472153 1.1670409440994263 96
1726431472194 0.6480563282966614 97
1726431472234 1.0120512247085571 98
1726431472275 0.8187212944030762 99
1726431472316 0.6055938005447388 100
1726431472356 1.0134468078613281 101
1726431472396 1.1241233348846436 102
1726431472436 0.982315182685852 103
1726431472476 1.1165804862976074 104
1726431472516 1.183983325958252 105
1726431472557 0.8440546989440918 106
1726431472596 0.790029764175415 107
1726431472636 0.6828545331954956 108
1726431472676 0.5637123584747314 109
1726431472715 0.9665905833244324 110
1726431472755 1.0473978519439697 111
1726431472796 0.8437548875808716 112
1726431472837 1.2453737258911133 113
1726431472879 1.0104247331619263 114
1726431472919 0.7743684649467468 115
1726431472959 0.7195303440093994 116
1726431472998 0.9836258888244629 117
1726431473041 0.9223657846450806 118
1726431473087 1.117558240890503 119
1726431473135 1.043346881866455 120
1726431473176 0.5967264175415039 121
1726431473222 0.6183425188064575 122
1726431473262 0.8209432363510132 123
1726431473307 0.7552281022071838 124
1726431473353 0.683747410774231 125
1726431473396 0.9094702005386353 126
1726431473440 0.6332509517669678 127
1726431473485 0.34890371561050415 128
1726431473533 0.28889840841293335 129
1726431473597 0.32644909620285034 130
1726431473646 0.4503878355026245 131
1726431473694 0.8295773863792419 132
1726431473743 0.8630134463310242 133
1726431473792 1.3230332136154175 134
1726431473842 1.3486573696136475 135
1726431473892 1.2281705141067505 136
1726431473941 1.0731122493743896 137
1726431473990 1.0954240560531616 138
1726431474042 0.8543107509613037 139
1726431474095 1.0454179048538208 140
1726431474145 0.9023851752281189 141
1726431474194 0.9519238471984863 142
1726431474243 1.2019152641296387 143
1726431474293 1.0645580291748047 144
1726431474342 1.0513899326324463 145
1726431474392 0.9332584142684937 146
1726431474441 0.7636861205101013 147
1726431474505 0.6897371411323547 148
1726431474555 0.6979323625564575 149
1726431474603 0.9389069080352783 150
1726431474652 1.0420855283737183 151
1726431474700 0.9570369720458984 152
1726431474748 1.2093689441680908 153
1726431474800 1.1958816051483154 154
1726431474848 0.9625489115715027 155
1726431474896 1.2573705911636353 156
1726431474946 0.9455603361129761 157
1726431474994 1.213599443435669 158
1726431475043 0.9081084728240967 159
1726431475091 0.7781683206558228 160
1726431475140 0.7382257580757141 161
1726431475189 0.7652690410614014 162
1726431475237 1.1116368770599365 163
1726431475285 1.0777539014816284 164
1726431475362 0.9891268014907837 165
1726431475452 1.2101130485534668 166
1726431475509 0.9149768948554993 167
1726431475575 0.8469122648239136 168
1726431475631 0.49342113733291626 169
1726431475681 0.8314192295074463 170
1726431475729 0.6714904308319092 171
1726431475782 0.9980795383453369 172
1726431475831 0.685582160949707 173
1726431475879 0.9238018989562988 174
1726431475928 1.0926213264465332 175
1726431475976 0.7984291911125183 176
1726431476027 0.8986308574676514 177
1726431476117 0.6962298154830933 178
1726431476171 0.7231553792953491 179
1726431476233 0.8499715328216553 180
1726431476307 0.9510489106178284 181
1726431476362 0.8908944725990295 182
1726431476412 0.896905779838562 183
1726431476461 0.6043379902839661 184
1726431476509 0.6852608919143677 185
1726431476559 0.6950701475143433 186
1726431476608 1.0180332660675049 187
1726431476656 1.044177770614624 188
1726431476705 0.9562579989433289 189
1726431476753 1.0077707767486572 190
1726431476806 0.9306313991546631 191
1726431476859 0.9337601065635681 192
1726431476909 1.0862324237823486 193
1726431476960 0.8461984395980835 194
1726431477009 0.5215847492218018 195
1726431477058 0.4923860430717468 196
1726431477107 0.5813292264938354 197
1726431477175 0.7483077645301819 198
1726431477223 0.9048330187797546 199
1726431477271 0.8291641473770142 200
1726431477321 0.808940052986145 201
1726431477370 0.40674957633018494 202
1726431477418 0.9211970567703247 203
1726431477467 0.9214304685592651 204
1726431477516 0.5530672669410706 205
1726431477569 0.6169096231460571 206
1726431477614 0.7052741050720215 207
1726431477660 0.5646811127662659 208
1726431477704 0.898404061794281 209
1726431477746 0.6344919204711914 210
1726431477788 1.045066475868225 211
1726431477830 1.0240988731384277 212
1726431477871 0.9053811430931091 213
1726431477912 0.6266573071479797 214
1726431477952 0.9510190486907959 215
1726431477992 1.1789071559906006 216
1726431478032 0.8696494102478027 217
1726431478073 1.0897325277328491 218
1726431478112 0.8786174654960632 219
1726431478151 0.968532145023346 220
1726431478190 1.2260514497756958 221
1726431478231 1.4391868114471436 222
1726431478277 1.462646245956421 223
1726431478322 1.1086604595184326 224
1726431478369 1.0009651184082031 225
1726431478410 0.8978128433227539 226
1726431478450 0.7382566928863525 227
1726431478491 0.49901777505874634 228
1726431478533 0.49954402446746826 229
1726431478574 0.979094922542572 230
1726431478614 0.926389217376709 231
1726431478654 1.242012858390808 232
1726431478694 0.9117642641067505 233
1726431478733 1.2126057147979736 234
1726431478772 1.3006818294525146 235
1726431478812 0.8206672668457031 236
1726431478853 0.7741560935974121 237
1726431478892 0.9761607646942139 238
1726431478932 0.4891626536846161 239
1726431478972 0.8503671884536743 240
1726431479011 1.007459044456482 241
1726431479050 1.1199710369110107 242
1726431479090 0.7633657455444336 243
1726431479129 0.8981311917304993 244
1726431479169 0.8882733583450317 245
1726431479212 0.3832918107509613 246
1726431479252 0.35258227586746216 247
1726431479292 0.6115652322769165 248
1726431479333 0.6849164962768555 249
1726431479372 0.6758033037185669 250
1726431479411 0.6310408711433411 251
1726431479451 0.6592105627059937 252
1726431479495 0.9344336986541748 253
1726431479544 1.1124677658081055 254
1726431479603 1.1952790021896362 255
1726431479675 0.7334340810775757 256
1726431479766 0.6496652364730835 257
1726431479835 1.1638553142547607 258
1726431479896 1.136365294456482 259
1726431479956 1.11118483543396 260
1726431480016 1.2778596878051758 261
1726431480076 1.2006800174713135 262
1726431480133 0.8199156522750854 263
1726431480191 0.6897262334823608 264
1726431480246 0.6906214356422424 265
1726431480304 1.0644822120666504 266
1726431480360 0.8506554961204529 267
1726431480416 0.9687798023223877 268
1726431480472 1.1439332962036133 269
1726431480555 0.8422131538391113 270
1726431480626 0.7101948857307434 271
1726431480695 0.7159303426742554 272
1726431480750 0.6718958616256714 273
1726431480806 0.8352998495101929 274
1726431480872 1.086052417755127 275
1726431480930 0.8208528757095337 276
1726431480981 0.5257630348205566 277
1726431481044 0.5922486186027527 278
1726431481112 0.7751752734184265 279
1726431481188 0.9419998526573181 280
1726431481255 0.9949988126754761 281
1726431481321 0.7490047216415405 282
1726431481393 0.8688144683837891 283
1726431481464 1.119672417640686 284
1726431481558 1.1001226902008057 285
1726431481621 1.1781799793243408 286
1726431481681 0.8502192497253418 287
1726431481758 0.7403323650360107 288
1726431481835 0.6034395694732666 289
1726431481896 1.0094578266143799 290
1726431481957 1.1221150159835815 291
1726431482019 0.4072037637233734 292
1726431482077 0.44145703315734863 293
1726431482141 1.0873794555664062 294
1726431482201 0.8564544916152954 295
1726431482261 0.9141294956207275 296
1726431482354 1.0907325744628906 297
1726431482442 1.1908119916915894 298
1726431482526 1.199090838432312 299
1726431482583 0.9731363654136658 300
1726431482661 0.9966586828231812 301
1726431482742 0.8271578550338745 302
1726431482821 1.0270620584487915 303
1726431482900 1.0623408555984497 304
1726431482960 1.1201486587524414 305
1726431483019 1.2573487758636475 306
1726431483076 1.2541489601135254 307
1726431483136 1.055000901222229 308
1726431483193 1.00505530834198 309
1726431483251 0.9575393199920654 310
1726431483310 0.8517971038818359 311
1726431483372 0.8799771666526794 312
1726431483435 0.879579484462738 313
1726431483501 0.770132303237915 314
1726431483562 0.7560731172561646 315
1726431483620 1.0180896520614624 316
1726431483681 0.807341456413269 317
1726431483742 0.9536126852035522 318
1726431483813 0.7560766339302063 319
1726431483871 0.7350671291351318 320
1726431483931 0.6650483012199402 321
1726431483990 0.7657960653305054 322
1726431484051 0.8499813079833984 323
1726431484122 0.9657109975814819 324
1726431484197 1.1031033992767334 325
1726431484274 1.2993226051330566 326
1726431484332 0.879797101020813 327
1726431484389 0.9228008985519409 328
1726431484448 1.1615626811981201 329
1726431484517 0.8337786197662354 330
1726431484574 0.4999307692050934 331
1726431484635 0.6907494068145752 332
1726431484697 1.125176191329956 333
1726431484756 0.9237295389175415 334
1726431484816 0.9065301418304443 335
1726431484873 1.0215649604797363 336
1726431484934 0.7778505086898804 337
1726431484994 0.7133945822715759 338
1726431485060 0.7527732253074646 339
1726431485144 0.9448457956314087 340
1726431485209 0.7591854333877563 341
1726431485266 0.5327860713005066 342
1726431485326 1.1428382396697998 343
1726431485383 0.9910314083099365 344
1726431485442 0.9493461847305298 345
1726431485513 0.8778855800628662 346
1726431485583 0.9507687091827393 347
1726431485675 1.0244667530059814 348
1726431485758 0.8894193172454834 349
1726431485824 1.0897130966186523 350
1726431485885 0.9575438499450684 351
1726431485950 1.1312990188598633 352
1726431486023 1.1392853260040283 353
1726431486108 1.279005527496338 354
1726431486192 1.4396538734436035 355
1726431486273 1.2479209899902344 356
1726431486356 0.9505734443664551 357
1726431486421 0.5148928165435791 358
1726431486490 0.6999999284744263 359
1726431486555 0.8638648986816406 360
1726431486621 0.853607177734375 361
1726431486718 1.0636401176452637 362
1726431486778 0.8662701845169067 363
1726431486830 0.9394367933273315 364
1726431486878 0.6759164333343506 365
1726431486926 0.6604151725769043 366
1726431486974 0.6306266188621521 367
1726431487020 0.9669734835624695 368
1726431487064 1.1035749912261963 369
1726431487108 1.015071988105774 370
1726431487151 1.257991075515747 371
1726431487194 1.2186535596847534 372
1726431487236 1.024338960647583 373
1726431487276 0.8847657442092896 374
1726431487317 0.9915497303009033 375
1726431487359 0.7436701655387878 376
1726431487399 0.9164291620254517 377
1726431487440 0.7120852470397949 378
1726431487481 0.8835874795913696 379
1726431487522 0.8683958053588867 380
1726431487562 0.8225333094596863 381
1726431487603 0.780791163444519 382
1726431487644 1.154334306716919 383
1726431487685 1.1771304607391357 384
1726431487726 1.136838436126709 385
1726431487766 1.2533553838729858 386
1726431487805 1.0004866123199463 387
1726431487846 0.9699851870536804 388
1726431487886 1.1608614921569824 389
1726431487926 0.7391114830970764 390
1726431487966 1.167497158050537 391
1726431488005 1.4908604621887207 392
1726431488045 1.0429534912109375 393
1726431488084 1.3345835208892822 394
1726431488125 1.3859963417053223 395
1726431488165 1.3516175746917725 396
1726431488205 1.0337350368499756 397
1726431488247 1.0238693952560425 398
1726431488287 1.0128036737442017 399
1726431488327 1.0003135204315186 400
1726431488368 0.5785603523254395 401
1726431488407 0.38441091775894165 402
1726431488447 0.6739374995231628 403
1726431488489 0.7401184439659119 404
1726431488530 1.0624780654907227 405
1726431488570 1.044832706451416 406
1726431488617 1.0052406787872314 407
1726431488664 1.0651350021362305 408
1726431488723 1.1998534202575684 409
1726431488761 1.0948786735534668 410
1726431488800 0.3598395884037018 411
1726431488841 0.6945995688438416 412
1726431488880 0.7530438899993896 413
1726431488920 0.5998767018318176 414
1726431488959 0.8618249893188477 415
1726431488998 1.0855886936187744 416
1726431489037 0.6852017641067505 417
1726431489076 0.42362669110298157 418
1726431489117 0.42393964529037476 419
1726431489156 0.7745823860168457 420
1726431489195 1.1520106792449951 421
1726431489234 1.087360143661499 422
1726431489273 0.9160435795783997 423
1726431489313 1.0802537202835083 424
1726431489353 1.074533224105835 425
1726431489392 1.1108150482177734 426
1726431489432 1.0441774129867554 427
1726431489472 0.9996851682662964 428
1726431489511 0.7482149600982666 429
1726431489550 0.9837262630462646 430
1726431489590 1.045248031616211 431
1726431489630 1.0094045400619507 432
1726431489669 0.8256455063819885 433
1726431489709 1.056933879852295 434
1726431489748 1.289879322052002 435
1726431489787 1.2508759498596191 436
1726431489827 1.1393816471099854 437
1726431489870 0.8474504947662354 438
1726431489913 0.8757331371307373 439
1726431489953 1.130960464477539 440
1726431489992 1.2959141731262207 441
1726431490032 0.9622159600257874 442
1726431490072 0.8542237877845764 443
1726431490113 0.6253799200057983 444
1726431490154 0.7647309303283691 445
1726431490194 1.033151626586914 446
1726431490233 1.0089595317840576 447
1726431490273 0.9777255654335022 448
1726431490312 0.9902769327163696 449
1726431490355 1.0520646572113037 450
1726431490396 0.8749204277992249 451
1726431490435 1.2019304037094116 452
1726431490476 1.151845932006836 453
1726431490516 1.2495746612548828 454
1726431490556 1.1226773262023926 455
1726431490599 1.0838220119476318 456
1726431490650 0.8052119016647339 457
1726431490716 0.7813219428062439 458
1726431490780 1.244882345199585 459
1726431490823 1.2161000967025757 460
1726431490878 1.3407742977142334 461
1726431490926 1.047057032585144 462
1726431490986 1.0667208433151245 463
1726431491028 1.0579564571380615 464
1726431491088 0.9739856719970703 465
1726431491139 0.9737945199012756 466
1726431491201 0.918889045715332 467
1726431491290 1.1300742626190186 468
1726431491337 0.8658706545829773 469
1726431491380 0.8632696866989136 470
1726431491432 1.0209869146347046 471
1726431491484 0.8675273060798645 472
1726431491557 1.1684130430221558 473
1726431491607 0.8790416717529297 474
1726431491661 0.9815959930419922 475
1726431491702 0.9889899492263794 476
1726431491746 1.175825595855713 477
1726431491793 1.1797034740447998 478
1726431491837 0.9589731693267822 479
1726431491881 0.685824990272522 480
1726431491928 1.214139699935913 481
1726431491967 1.210862398147583 482
1726431492007 0.9589883089065552 483
1726431492056 1.1014306545257568 484
1726431492098 0.8599916100502014 485
1726431492144 0.5383657217025757 486
1726431492184 0.596890926361084 487
1726431492236 0.5951734781265259 488
1726431492286 0.615851640701294 489
1726431492327 0.6146692037582397 490
1726431492365 0.58955979347229 491
1726431492403 0.5791330337524414 492
1726431492441 0.7503167390823364 493
1726431492479 0.7913874387741089 494
1726431492517 0.8099440336227417 495
1726431492555 0.6825703978538513 496
1726431492593 0.8740606307983398 497
1726431492632 0.9196250438690186 498
1726431492670 0.991508424282074 499
1726431492708 0.6460906863212585 500
1726431492746 0.7857706546783447 501
1726431492784 0.42667168378829956 502
1726431492822 0.4075944423675537 503
1726431492862 0.5007632970809937 504
1726431492900 0.739378809928894 505
1726431492940 0.7239524126052856 506
1726431492978 0.6601741313934326 507
1726431493016 0.7714757323265076 508
1726431493054 0.766577959060669 509
1726431493092 0.9673352837562561 510
1726431493131 0.9833317995071411 511
1726431493170 0.987730085849762 512
1726431493208 1.0932062864303589 513
1726431493246 0.9527125954627991 514
1726431493284 1.0359210968017578 515
1726431493323 1.0473943948745728 516
1726431493362 1.0114161968231201 517
1726431493400 0.674034833908081 518
1726431493439 0.6836052536964417 519
1726431493477 0.7954325079917908 520
1726431493516 0.7604890465736389 521
1726431493555 0.6971033215522766 522
1726431493593 1.0253636837005615 523
1726431493641 0.9995673894882202 524
1726431493694 0.5729618072509766 525
1726431493749 0.4645497798919678 526
1726431493790 0.4620986580848694 527
1726431493832 0.459550678730011 528
1726431493887 0.45690014958381653 529
1726431493938 0.6305723190307617 530
1726431493986 0.48703721165657043 531
1726431494042 0.3897184133529663 532
1726431494092 0.6309682130813599 533
1726431494146 0.7739693522453308 534
1726431494226 0.5126239657402039 535
1726431494282 0.676777720451355 536
1726431494322 0.783967912197113 537
1726431494365 1.013857364654541 538
1726431494417 0.9253886342048645 539
1726431494467 1.027718186378479 540
1726431494510 1.0182384252548218 541
1726431494554 1.0137568712234497 542
1726431494604 1.0083637237548828 543
1726431494647 1.0019121170043945 544
1726431494693 0.9942202568054199 545
1726431494747 1.001705527305603 546
1726431494817 1.006964921951294 547
1726431494869 0.9314113855361938 548
1726431494920 0.5303543210029602 549
1726431494959 0.8587217926979065 550
1726431494999 1.0549376010894775 551
1726431495038 1.051709532737732 552
1726431495078 1.1789886951446533 553
1726431495122 1.155491828918457 554
1726431495169 0.8877710103988647 555
1726431495225 0.8180636763572693 556
1726431495268 0.7028915882110596 557
1726431495316 0.9034723043441772 558
1726431495373 0.4760974049568176 559
1726431495427 0.6632428169250488 560
1726431495469 0.6411051750183105 561
1726431495510 0.6167265176773071 562
1726431495557 1.0052189826965332 563
1726431495623 0.700292706489563 564
1726431495681 0.6857044696807861 565
1726431495729 0.7801558375358582 566
1726431495776 0.8642764687538147 567
1726431495822 1.1208570003509521 568
1726431495876 0.8742945194244385 569
1726431495923 0.822638750076294 570
1726431495969 0.7464306354522705 571
1726431496010 0.9455381631851196 572
1726431496056 1.1268525123596191 573
1726431496099 0.9362941980361938 574
1726431496144 0.931977391242981 575
1726431496189 0.9273561835289001 576
1726431496232 0.9224040508270264 577
1726431496279 1.012657642364502 578
1726431496325 0.6399064064025879 579
1726431496372 0.6275903582572937 580
1726431496415 0.6142431497573853 581
1726431496460 0.5997351408004761 582
1726431496503 0.5838968753814697 583
1726431496550 0.5664956569671631 584
1726431496595 0.5471867322921753 585
1726431496636 0.324887216091156 586
1726431496679 0.4161621928215027 587
1726431496719 0.24422882497310638 588
1726431496758 0.2319352924823761 589
1726431496800 0.2169610559940338 590
1726431496844 0.19799064099788666 591
1726431496886 0.17336530983448029 592
1726431496927 0.13346438109874725 593
1726431496969 0.12383163720369339 594
1726431497010 0.12330193817615509 595
1726431497051 0.12266179174184799 596
1726431497093 0.12190507352352142 597
1726431497136 0.8754432201385498 598
1726431497178 0.7457567453384399 599
1726431497234 0.8300260305404663 600
1726431497282 0.6229711771011353 601
1726431497325 0.5345121622085571 602
1726431497371 0.5230728387832642 603
1726431497414 0.37936481833457947 604
1726431497459 0.3555518686771393 605
1726431497510 0.34584543108940125 606
1726431497553 0.33560556173324585 607
1726431497600 0.29206880927085876 608
1726431497650 0.2790876030921936 609
1726431497696 0.19531545042991638 610
1726431497745 0.16814523935317993 611
1726431497790 0.13637331128120422 612
1726431497844 0.12105889618396759 613
1726431497891 0.10382092744112015 614
1726431497942 0.676344633102417 615
1726431497983 0.5754693150520325 616
1726431498031 0.5623058676719666 617
1726431498073 0.42534559965133667 618
1726431498117 0.42516398429870605 619
1726431498160 0.5432692170143127 620
1726431498201 0.5231422185897827 621
1726431498247 0.5004517436027527 622
1726431498292 1.0750622749328613 623
1726431498348 0.8571575880050659 624
1726431498391 0.9827399253845215 625
1726431498452 0.8489534854888916 626
1726431498497 0.844040036201477 627
1726431498545 0.838793933391571 628
1726431498603 0.8332047462463379 629
1726431498654 0.827261209487915 630
1726431498695 1.0893980264663696 631
1726431498748 0.9500094056129456 632
1726431498788 0.9021275043487549 633
1726431498836 0.8815966844558716 634
1726431498889 0.85858553647995 635
1726431498938 0.8324377536773682 636
1726431498992 0.8021369576454163 637
1726431499044 0.7659459710121155 638
1726431499088 0.7203588485717773 639
1726431499133 0.7221261858940125 640
1726431499177 1.0155351161956787 641
1726431499232 1.004226803779602 642
1726431499275 1.096942663192749 643
1726431499318 1.128373146057129 644
1726431499355 0.9400794506072998 645
1726431499397 0.8794840574264526 646
1726431499437 0.8110665082931519 647
1726431499476 0.7540515065193176 648
1726431499517 0.8343381285667419 649
1726431499557 0.6574949026107788 650
1726431499595 0.5989495515823364 651
1726431499637 0.5429944396018982 652
1726431499677 1.102393627166748 653
1726431499716 1.0261220932006836 654
1726431499756 1.0129289627075195 655
1726431499797 0.6176266670227051 656
1726431499835 0.5994480848312378 657
1726431499877 0.5552954077720642 658
1726431499918 0.618274986743927 659
1726431499956 0.4219587445259094 660
1726431499997 0.421389639377594 661
1726431500038 0.4206748306751251 662
1726431500076 0.41980621218681335 663
1726431500118 0.4187748432159424 664
1726431500159 0.4175708293914795 665
1726431500197 0.4161832928657532 666
1726431500237 0.4146001935005188 667
1726431500280 0.41280820965766907 668
1726431500320 0.6846541166305542 669
1726431500366 0.6338015794754028 670
1726431500409 0.570158839225769 671
1726431500455 0.39972037076950073 672
1726431500499 0.27003413438796997 673
1726431500543 0.24264422059059143 674
1726431500587 0.20218780636787415 675
1726431500639 0.16536293923854828 676
1726431500680 0.1131792739033699 677
1726431500766 0.06280021369457245 678
1726431500808 0.05384080857038498 679
1726431500848 0.04278021305799484 680
1726431500889 0.028182562440633774 681
1726431500929 0.004661699756979942 682
1726431500983 -0.0 683
1726431501026 -0.0 684
