1726424341687 1.3697903156280518 0
1726424341730 1.3697903156280518 1
1726424341774 1.3697903156280518 2
1726424341817 1.3697903156280518 3
1726424341859 1.3697903156280518 4
1726424341902 1.3697903156280518 5
1726424341945 1.3697903156280518 6
1726424341987 1.3697903156280518 7
1726424342027 1.3697903156280518 8
1726424342071 1.3697903156280518 9
1726424342114 1.3697903156280518 10
1726424342157 1.3697903156280518 11
1726424342199 1.3697903156280518 12
1726424342242 1.3697903156280518 13
1726424342284 1.3697903156280518 14
1726424342328 1.3697903156280518 15
1726424342368 1.3697903156280518 16
1726424342410 1.3697903156280518 17
1726424342451 1.3697903156280518 18
1726424342491 1.3697903156280518 19
1726424342533 1.3697903156280518 20
1726424342574 1.3697903156280518 21
1726424342616 1.3697903156280518 22
1726424342657 1.3697903156280518 23
1726424342700 1.3697903156280518 24
1726424342741 1.3697903156280518 25
1726424342781 1.3697903156280518 26
1726424342833 1.3697903156280518 27
1726424342882 1.3697903156280518 28
1726424342922 1.3697903156280518 29
1726424342962 1.3697903156280518 30
1726424343002 1.3697903156280518 31
1726424343041 1.3697903156280518 32
1726424343080 1.3697903156280518 33
1726424343119 1.3697903156280518 34
1726424343159 1.3697903156280518 35
1726424343202 1.3697903156280518 36
1726424343243 1.3697903156280518 37
1726424343283 1.3697903156280518 38
1726424343327 1.3697903156280518 39
1726424343366 1.3697903156280518 40
1726424343405 1.3697903156280518 41
1726424343445 1.3697903156280518 42
1726424343485 1.3697903156280518 43
1726424343524 1.3697903156280518 44
1726424343564 1.3697903156280518 45
1726424343604 1.3697903156280518 46
1726424343643 1.3697903156280518 47
1726424343688 1.3697903156280518 48
1726424343736 1.3697903156280518 49
1726424343782 1.3697903156280518 50
1726424343823 1.3697903156280518 51
1726424343864 1.3697903156280518 52
1726424343907 1.3697903156280518 53
1726424343948 1.3697903156280518 54
1726424343989 1.3697903156280518 55
1726424344029 1.3697903156280518 56
1726424344068 1.3697903156280518 57
1726424344108 1.3697903156280518 58
1726424344149 1.3697903156280518 59
1726424344189 1.3697903156280518 60
1726424344231 1.3697903156280518 61
1726424344270 1.3697903156280518 62
1726424344321 1.3697903156280518 63
1726424344364 1.3697903156280518 64
1726424344413 1.3697903156280518 65
1726424344459 1.3697903156280518 66
1726424344506 1.3697903156280518 67
1726424344552 1.3697903156280518 68
1726424344602 1.3697903156280518 69
1726424344651 1.3697903156280518 70
1726424344704 1.3697903156280518 71
1726424344758 1.3697903156280518 72
1726424344810 1.3697903156280518 73
1726424344853 1.3697903156280518 74
1726424344893 1.3697903156280518 75
1726424344944 1.3697903156280518 76
1726424344982 1.3697903156280518 77
1726424345024 1.3697903156280518 78
1726424345065 1.3697903156280518 79
1726424345109 1.3697903156280518 80
1726424345151 1.3697903156280518 81
1726424345196 1.3697903156280518 82
1726424345233 1.3697903156280518 83
1726424345271 1.3697903156280518 84
1726424345309 1.3697903156280518 85
1726424345346 1.3697903156280518 86
1726424345383 1.3697903156280518 87
1726424345420 1.3697903156280518 88
1726424345457 1.3697903156280518 89
1726424345493 1.3697903156280518 90
1726424345530 1.3697903156280518 91
1726424345567 1.3697903156280518 92
1726424345605 1.3697903156280518 93
1726424345642 1.3697903156280518 94
1726424345680 1.3697903156280518 95
1726424345718 1.3697903156280518 96
1726424345758 1.3697903156280518 97
1726424345803 1.3697903156280518 98
1726424345856 1.3697903156280518 99
1726424345906 1.3697903156280518 100
1726424345952 1.3697903156280518 101
1726424345999 1.3697903156280518 102
1726424346044 1.3697903156280518 103
1726424346088 1.3697903156280518 104
1726424346134 1.3697903156280518 105
1726424346181 1.3697903156280518 106
1726424346227 1.3697903156280518 107
1726424346273 1.3697903156280518 108
1726424346320 1.3697903156280518 109
1726424346368 1.3697903156280518 110
1726424346415 1.3697903156280518 111
1726424346457 1.3697903156280518 112
1726424346496 1.3697903156280518 113
1726424346537 1.3697903156280518 114
1726424346580 1.3697903156280518 115
1726424346618 1.3697903156280518 116
1726424346657 1.3697903156280518 117
1726424346695 1.3697903156280518 118
1726424346733 1.3697903156280518 119
1726424346776 1.3697903156280518 120
1726424346816 1.3697903156280518 121
1726424346864 1.3697903156280518 122
1726424346910 1.3697903156280518 123
1726424346955 1.3697903156280518 124
1726424347003 1.3697903156280518 125
1726424347050 1.3697903156280518 126
1726424347102 1.3697903156280518 127
1726424347151 1.3697903156280518 128
1726424347196 1.3697903156280518 129
1726424347240 1.3697903156280518 130
1726424347283 1.3697903156280518 131
1726424347326 1.3697903156280518 132
1726424347369 1.3697903156280518 133
1726424347412 1.3697903156280518 134
1726424347452 1.3697903156280518 135
1726424347490 1.3697903156280518 136
1726424347529 1.3697903156280518 137
1726424347570 1.3697903156280518 138
1726424347614 1.3697903156280518 139
1726424347654 1.3697903156280518 140
1726424347693 1.3697903156280518 141
1726424347737 1.3697903156280518 142
1726424347778 1.3697903156280518 143
1726424347819 1.3697903156280518 144
1726424347860 1.3697903156280518 145
1726424347901 1.3697903156280518 146
1726424347941 1.3697903156280518 147
1726424347984 1.3697903156280518 148
1726424348026 1.3697903156280518 149
1726424348065 1.3697903156280518 150
1726424348103 1.3697903156280518 151
1726424348146 1.3697903156280518 152
1726424348186 1.3697903156280518 153
1726424348224 1.3697903156280518 154
1726424348267 1.3697903156280518 155
1726424348308 1.3697903156280518 156
1726424348352 1.3697903156280518 157
1726424348392 1.3697903156280518 158
1726424348436 1.3697903156280518 159
1726424348483 1.3697903156280518 160
1726424348533 1.3697903156280518 161
1726424348577 1.3697903156280518 162
1726424348615 1.3697903156280518 163
1726424348667 1.3697903156280518 164
1726424348706 1.3697903156280518 165
1726424348750 1.3697903156280518 166
1726424348793 1.3697903156280518 167
1726424348848 1.3697903156280518 168
1726424348885 1.3697903156280518 169
1726424348925 1.3697903156280518 170
1726424348970 1.3697903156280518 171
1726424349016 1.3697903156280518 172
1726424349064 1.3697903156280518 173
1726424349111 1.3697903156280518 174
1726424349152 1.3697903156280518 175
1726424349193 1.3697903156280518 176
1726424349233 1.3697903156280518 177
1726424349275 1.3697903156280518 178
1726424349316 1.3697903156280518 179
1726424349363 1.3697903156280518 180
1726424349408 1.3697903156280518 181
1726424349448 1.3697903156280518 182
1726424349490 1.3697903156280518 183
1726424349529 1.3697903156280518 184
1726424349577 1.3697903156280518 185
1726424349637 1.3697903156280518 186
1726424349677 1.3697903156280518 187
1726424349720 1.3697903156280518 188
1726424349773 1.3697903156280518 189
1726424349819 1.3697903156280518 190
1726424349862 1.3697903156280518 191
1726424349898 1.3697903156280518 192
1726424349936 1.3697903156280518 193
1726424349973 1.3697903156280518 194
1726424350010 1.3697903156280518 195
1726424350046 1.3697903156280518 196
1726424350083 1.3697903156280518 197
1726424350120 1.3697903156280518 198
1726424350157 1.3697903156280518 199
1726424350195 1.3697903156280518 200
1726424350235 1.3697903156280518 201
1726424350276 1.3697903156280518 202
1726424350316 1.3697903156280518 203
1726424350355 1.3697903156280518 204
1726424350399 1.3697903156280518 205
1726424350442 1.3697903156280518 206
1726424350488 1.3697903156280518 207
1726424350528 1.3697903156280518 208
1726424350567 1.3697903156280518 209
1726424350610 1.3697903156280518 210
1726424350652 1.3697903156280518 211
1726424350692 1.3697903156280518 212
1726424350744 1.3697903156280518 213
1726424350803 1.3697903156280518 214
1726424350851 1.3697903156280518 215
1726424350892 1.3697903156280518 216
1726424350938 1.3697903156280518 217
1726424350981 1.3697903156280518 218
1726424351032 1.3697903156280518 219
1726424351078 1.3697903156280518 220
1726424351125 1.3697903156280518 221
1726424351171 1.3697903156280518 222
1726424351218 1.3697903156280518 223
1726424351269 1.3697903156280518 224
1726424351316 1.3697903156280518 225
1726424351362 1.3697903156280518 226
1726424351412 1.3697903156280518 227
1726424351460 1.3697903156280518 228
1726424351507 1.3697903156280518 229
1726424351554 1.3697903156280518 230
1726424351600 1.3697903156280518 231
1726424351649 1.3697903156280518 232
1726424351697 1.3697903156280518 233
1726424351746 1.3697903156280518 234
1726424351797 1.3697903156280518 235
1726424351854 1.3697903156280518 236
1726424351923 1.3697903156280518 237
1726424351970 1.3697903156280518 238
1726424352017 1.3697903156280518 239
1726424352084 1.3697903156280518 240
1726424352142 1.3697903156280518 241
1726424352209 1.3697903156280518 242
1726424352276 1.3697903156280518 243
1726424352344 1.3697903156280518 244
1726424352398 1.3697903156280518 245
1726424352444 1.3697903156280518 246
1726424352501 1.3697903156280518 247
1726424352560 1.3697903156280518 248
1726424352624 1.3697903156280518 249
1726424352682 1.3697903156280518 250
1726424352739 1.3697903156280518 251
1726424352794 1.3697903156280518 252
1726424352848 1.3697903156280518 253
1726424352919 1.3697903156280518 254
1726424352994 1.3697903156280518 255
1726424353069 1.3697903156280518 256
1726424353134 1.3697903156280518 257
1726424353196 1.3697903156280518 258
1726424353263 1.3697903156280518 259
1726424353330 1.3697903156280518 260
1726424353393 1.3697903156280518 261
1726424353445 1.3697903156280518 262
1726424353500 1.3697903156280518 263
1726424353558 1.3697903156280518 264
1726424353623 1.3697903156280518 265
1726424353697 1.3697903156280518 266
1726424353762 1.3697903156280518 267
1726424353827 1.3697903156280518 268
1726424353875 1.3697903156280518 269
1726424353933 1.3697903156280518 270
1726424353999 1.3697903156280518 271
1726424354064 1.3697903156280518 272
1726424354111 1.3697903156280518 273
1726424354157 1.3697903156280518 274
1726424354205 1.3697903156280518 275
1726424354252 1.3697903156280518 276
1726424354313 1.3697903156280518 277
1726424354373 1.3697903156280518 278
1726424354427 1.3697903156280518 279
1726424354483 1.3697903156280518 280
1726424354536 1.3697903156280518 281
1726424354591 1.3697903156280518 282
1726424354648 1.3697903156280518 283
1726424354702 1.3697903156280518 284
1726424354774 1.3697903156280518 285
1726424354835 1.3697903156280518 286
1726424354901 1.3697903156280518 287
1726424354976 1.3697903156280518 288
1726424355053 1.3697903156280518 289
1726424355131 1.3697903156280518 290
1726424355194 1.3697903156280518 291
1726424355246 1.3697903156280518 292
1726424355302 1.3697903156280518 293
1726424355361 1.3697903156280518 294
1726424355424 1.3697903156280518 295
1726424355495 1.3697903156280518 296
1726424355562 1.3697903156280518 297
1726424355616 1.3697903156280518 298
1726424355665 1.3697903156280518 299
1726424355717 1.3697903156280518 300
1726424355771 1.3697903156280518 301
1726424355818 1.3697903156280518 302
1726424355864 1.3697903156280518 303
1726424355916 1.3697903156280518 304
1726424355967 1.3697903156280518 305
1726424356013 1.3697903156280518 306
1726424356061 1.3697903156280518 307
1726424356112 1.3697903156280518 308
1726424356160 1.3697903156280518 309
1726424356209 1.3697903156280518 310
1726424356261 1.3697903156280518 311
1726424356307 1.3697903156280518 312
1726424356353 1.3697903156280518 313
1726424356399 1.3697903156280518 314
1726424356444 1.3697903156280518 315
1726424356485 1.3697903156280518 316
1726424356528 1.3697903156280518 317
1726424356571 1.3697903156280518 318
1726424356618 1.3697903156280518 319
1726424356664 1.3697903156280518 320
1726424356708 1.3697903156280518 321
1726424356751 1.3697903156280518 322
1726424356791 1.3697903156280518 323
1726424356835 1.3697903156280518 324
1726424356874 1.3697903156280518 325
1726424356915 1.3697903156280518 326
1726424356960 1.3697903156280518 327
1726424357002 1.3697903156280518 328
1726424357044 1.3697903156280518 329
1726424357096 1.3697903156280518 330
1726424357142 1.3697903156280518 331
1726424357185 1.3697903156280518 332
1726424357225 1.3697903156280518 333
1726424357265 1.3697903156280518 334
1726424357306 1.3697903156280518 335
1726424357349 1.3697903156280518 336
1726424357392 1.3697903156280518 337
1726424357435 1.3697903156280518 338
1726424357482 1.3697903156280518 339
1726424357529 1.3697903156280518 340
1726424357575 1.3697903156280518 341
1726424357621 1.3697903156280518 342
1726424357663 1.3697903156280518 343
1726424357702 1.3697903156280518 344
1726424357741 1.3697903156280518 345
1726424357785 1.3697903156280518 346
1726424357832 1.3697903156280518 347
1726424357879 1.3697903156280518 348
1726424357930 1.3697903156280518 349
1726424357975 1.3697903156280518 350
1726424358017 1.3697903156280518 351
1726424358059 1.3697903156280518 352
1726424358100 1.3697903156280518 353
1726424358143 1.3697903156280518 354
1726424358185 1.3697903156280518 355
1726424358227 1.3697903156280518 356
1726424358268 1.3697903156280518 357
1726424358309 1.3697903156280518 358
1726424358348 1.3697903156280518 359
1726424358390 1.3697903156280518 360
1726424358431 1.3697903156280518 361
1726424358471 1.3697903156280518 362
1726424358513 1.3697903156280518 363
1726424358555 1.3697903156280518 364
1726424358596 1.3697903156280518 365
1726424358637 1.3697903156280518 366
1726424358678 1.3697903156280518 367
1726424358718 1.3697903156280518 368
1726424358759 1.3697903156280518 369
1726424358797 1.3697903156280518 370
1726424358839 1.3697903156280518 371
1726424358884 1.3697903156280518 372
1726424358945 1.3697903156280518 373
1726424358996 1.3697903156280518 374
1726424359047 1.3697903156280518 375
1726424359094 1.3697903156280518 376
1726424359141 1.3697903156280518 377
1726424359185 1.3697903156280518 378
1726424359228 1.3697903156280518 379
1726424359271 1.3697903156280518 380
1726424359316 1.3697903156280518 381
1726424359358 1.3697903156280518 382
1726424359398 1.3697903156280518 383
1726424359442 1.3697903156280518 384
1726424359485 1.3697903156280518 385
1726424359532 1.3697903156280518 386
1726424359579 1.3697903156280518 387
1726424359623 1.3697903156280518 388
1726424359667 1.3697903156280518 389
1726424359711 1.3697903156280518 390
1726424359753 1.3697903156280518 391
1726424359799 1.3697903156280518 392
1726424359849 1.3697903156280518 393
1726424359897 1.3697903156280518 394
1726424359943 1.3697903156280518 395
1726424359989 1.3697903156280518 396
1726424360033 1.3697903156280518 397
1726424360075 1.3697903156280518 398
1726424360119 1.3697903156280518 399
1726424360163 1.3697903156280518 400
1726424360211 1.3697903156280518 401
1726424360261 1.3697903156280518 402
1726424360308 1.3697903156280518 403
1726424360358 1.3697903156280518 404
1726424360404 1.3697903156280518 405
1726424360454 1.3697903156280518 406
1726424360508 1.3697903156280518 407
1726424360558 1.3697903156280518 408
1726424360614 1.3697903156280518 409
1726424360662 1.3697903156280518 410
1726424360711 1.3697903156280518 411
1726424360763 1.3697903156280518 412
1726424360811 1.3697903156280518 413
1726424360857 1.3697903156280518 414
1726424360902 1.3697903156280518 415
1726424360949 1.3697903156280518 416
1726424360997 1.3697903156280518 417
1726424361044 1.3697903156280518 418
1726424361090 1.3697903156280518 419
1726424361139 1.3697903156280518 420
1726424361185 1.3697903156280518 421
1726424361234 1.3697903156280518 422
1726424361279 1.3697903156280518 423
1726424361330 1.3697903156280518 424
1726424361381 1.3697903156280518 425
1726424361429 1.3697903156280518 426
1726424361475 1.3697903156280518 427
1726424361519 1.3697903156280518 428
1726424361564 1.3697903156280518 429
1726424361608 1.3697903156280518 430
1726424361654 1.3697903156280518 431
1726424361699 1.3697903156280518 432
1726424361744 1.3697903156280518 433
1726424361791 1.3697903156280518 434
1726424361839 1.3697903156280518 435
1726424361885 1.3697903156280518 436
1726424361934 1.3697903156280518 437
1726424361980 1.3697903156280518 438
1726424362026 1.3697903156280518 439
1726424362073 1.3697903156280518 440
1726424362116 1.3697903156280518 441
1726424362164 1.3697903156280518 442
1726424362209 1.3697903156280518 443
1726424362256 1.3697903156280518 444
1726424362303 1.3697903156280518 445
1726424362353 1.3697903156280518 446
1726424362397 1.3697903156280518 447
1726424362445 1.3697903156280518 448
1726424362489 1.3697903156280518 449
1726424362534 1.3697903156280518 450
1726424362579 1.3697903156280518 451
1726424362621 1.3697903156280518 452
1726424362664 1.3697903156280518 453
1726424362708 1.3697903156280518 454
1726424362752 1.3697903156280518 455
1726424362794 1.3697903156280518 456
1726424362837 1.3697903156280518 457
1726424362890 1.3697903156280518 458
1726424362936 1.3697903156280518 459
1726424362991 1.3697903156280518 460
1726424363041 1.3697903156280518 461
1726424363088 1.3697903156280518 462
1726424363134 1.3697903156280518 463
1726424363181 1.3697903156280518 464
1726424363223 1.3697903156280518 465
1726424363263 1.3697903156280518 466
1726424363303 1.3697903156280518 467
1726424363361 1.3697903156280518 468
1726424363429 1.3697903156280518 469
1726424363475 1.3697903156280518 470
1726424363522 1.3697903156280518 471
1726424363573 1.3697903156280518 472
1726424363622 1.3697903156280518 473
1726424363674 1.3697903156280518 474
1726424363720 1.3697903156280518 475
1726424363767 1.3697903156280518 476
1726424363808 1.3697903156280518 477
1726424363853 1.3697903156280518 478
1726424363897 1.3697903156280518 479
1726424363947 1.3697903156280518 480
1726424363996 1.3697903156280518 481
1726424364044 1.3697903156280518 482
1726424364093 1.3697903156280518 483
1726424364147 1.3697903156280518 484
1726424364195 1.3697903156280518 485
1726424364243 1.3697903156280518 486
1726424364294 1.3697903156280518 487
1726424364343 1.3697903156280518 488
1726424364395 1.3697903156280518 489
1726424364447 1.3697903156280518 490
1726424364495 1.3697903156280518 491
1726424364542 1.3697903156280518 492
1726424364597 1.3697903156280518 493
1726424364639 1.3697903156280518 494
1726424364682 1.3697903156280518 495
1726424364727 1.3697903156280518 496
1726424364773 1.3697903156280518 497
1726424364821 1.3697903156280518 498
1726424364872 1.3697903156280518 499
1726424364918 1.3697903156280518 500
1726424364970 1.3697903156280518 501
1726424365018 1.3697903156280518 502
1726424365079 1.3697903156280518 503
1726424365133 1.3697903156280518 504
1726424365182 1.3697903156280518 505
1726424365231 1.3697903156280518 506
1726424365278 1.3697903156280518 507
1726424365323 1.3697903156280518 508
1726424365369 1.3697903156280518 509
1726424365413 1.3697903156280518 510
1726424365459 1.3697903156280518 511
1726424365505 1.3697903156280518 512
1726424365556 1.3697903156280518 513
1726424365615 1.3697903156280518 514
1726424365667 1.3697903156280518 515
1726424365718 1.3697903156280518 516
1726424365766 1.3697903156280518 517
1726424365817 1.3697903156280518 518
1726424365870 1.3697903156280518 519
1726424365922 1.3697903156280518 520
1726424365975 1.3697903156280518 521
1726424366028 1.3697903156280518 522
1726424366082 1.3697903156280518 523
1726424366144 1.3697903156280518 524
1726424366199 1.3697903156280518 525
1726424366253 1.3697903156280518 526
1726424366305 1.3697903156280518 527
1726424366374 1.3697903156280518 528
1726424366451 1.3697903156280518 529
1726424366515 1.3697903156280518 530
1726424366588 1.3697903156280518 531
1726424366660 1.3697903156280518 532
1726424366715 1.3697903156280518 533
1726424366771 1.3697903156280518 534
1726424366846 1.3697903156280518 535
1726424366915 1.3697903156280518 536
1726424366972 1.3697903156280518 537
1726424367022 1.3697903156280518 538
1726424367071 1.3697903156280518 539
1726424367123 1.3697903156280518 540
1726424367183 1.3697903156280518 541
1726424367262 1.3697903156280518 542
1726424367337 1.3697903156280518 543
1726424367415 1.3697903156280518 544
1726424367468 1.3697903156280518 545
1726424367530 1.3697903156280518 546
1726424367606 1.3697903156280518 547
1726424367663 1.3697903156280518 548
1726424367715 1.3697903156280518 549
1726424367783 1.3697903156280518 550
1726424367840 1.3697903156280518 551
1726424367894 1.3697903156280518 552
1726424367946 1.3697903156280518 553
1726424368001 1.3697903156280518 554
1726424368055 1.3697903156280518 555
1726424368113 1.3697903156280518 556
1726424368166 1.3697903156280518 557
1726424368221 1.3697903156280518 558
1726424368273 1.3697903156280518 559
1726424368326 1.3697903156280518 560
1726424368382 1.3697903156280518 561
1726424368434 1.3697903156280518 562
1726424368492 1.3697903156280518 563
1726424368555 1.3697903156280518 564
1726424368620 1.3697903156280518 565
1726424368682 1.3697903156280518 566
1726424368742 1.3697903156280518 567
1726424368805 1.3697903156280518 568
1726424368867 1.3697903156280518 569
1726424368932 1.3697903156280518 570
1726424368994 1.3697903156280518 571
1726424369058 1.3697903156280518 572
1726424369119 1.3697903156280518 573
1726424369182 1.3697903156280518 574
1726424369243 1.3697903156280518 575
1726424369318 1.3697903156280518 576
1726424369385 1.3697903156280518 577
1726424369446 1.3697903156280518 578
1726424369501 1.3697903156280518 579
1726424369551 1.3697903156280518 580
1726424369603 1.3697903156280518 581
1726424369670 1.3697903156280518 582
1726424369739 1.3697903156280518 583
1726424369812 1.3697903156280518 584
1726424369880 1.3697903156280518 585
1726424369943 1.3697903156280518 586
1726424370004 1.3697903156280518 587
1726424370059 1.3697903156280518 588
1726424370115 1.3697903156280518 589
1726424370183 1.3697903156280518 590
1726424370245 1.3697903156280518 591
1726424370308 1.3697903156280518 592
1726424370369 1.3697903156280518 593
1726424370443 1.3697903156280518 594
1726424370499 1.3697903156280518 595
1726424370549 1.3697903156280518 596
1726424370609 1.3697903156280518 597
1726424370665 1.3697903156280518 598
1726424370721 1.3697903156280518 599
1726424370774 1.3697903156280518 600
1726424370831 1.3697903156280518 601
1726424370880 1.3697903156280518 602
1726424370928 1.3697903156280518 603
1726424370978 1.3697903156280518 604
1726424371024 1.3697903156280518 605
1726424371074 1.3697903156280518 606
1726424371125 1.3697903156280518 607
1726424371179 1.3697903156280518 608
1726424371232 1.3697903156280518 609
1726424371280 1.3697903156280518 610
1726424371327 1.3697903156280518 611
1726424371374 1.3697903156280518 612
1726424371420 1.3697903156280518 613
1726424371473 1.3697903156280518 614
1726424371524 1.3697903156280518 615
1726424371566 1.3697903156280518 616
1726424371609 1.3697903156280518 617
1726424371653 1.3697903156280518 618
1726424371698 1.3697903156280518 619
1726424371747 1.3697903156280518 620
1726424371796 1.3697903156280518 621
1726424371845 1.3697903156280518 622
1726424371895 1.3697903156280518 623
1726424371944 1.3697903156280518 624
1726424371991 1.3697903156280518 625
1726424372039 1.3697903156280518 626
1726424372091 1.3697903156280518 627
1726424372141 1.3697903156280518 628
1726424372187 1.3697903156280518 629
1726424372237 1.3697903156280518 630
1726424372293 1.3697903156280518 631
1726424372339 1.3697903156280518 632
1726424372382 1.3697903156280518 633
1726424372428 1.3697903156280518 634
1726424372473 1.3697903156280518 635
1726424372517 1.3697903156280518 636
1726424372562 1.3697903156280518 637
1726424372610 1.3697903156280518 638
1726424372653 1.3697903156280518 639
1726424372699 1.3697903156280518 640
1726424372743 1.3697903156280518 641
1726424372787 1.3697903156280518 642
1726424372834 1.3697903156280518 643
1726424372887 1.3697903156280518 644
1726424372934 1.3697903156280518 645
1726424372986 1.3697903156280518 646
1726424373029 1.3697903156280518 647
1726424373075 1.3697903156280518 648
1726424373121 1.3697903156280518 649
1726424373170 1.3697903156280518 650
1726424373215 1.3697903156280518 651
1726424373263 1.3697903156280518 652
1726424373309 1.3697903156280518 653
1726424373357 1.3697903156280518 654
1726424373399 1.3697903156280518 655
1726424373444 1.3697903156280518 656
1726424373487 1.3697903156280518 657
1726424373528 1.3697903156280518 658
1726424373575 1.3697903156280518 659
1726424373624 1.3697903156280518 660
1726424373669 1.3697903156280518 661
1726424373716 1.3697903156280518 662
1726424373759 1.3697903156280518 663
1726424373803 1.3697903156280518 664
1726424373846 1.3697903156280518 665
1726424373890 1.3697903156280518 666
1726424373933 1.3697903156280518 667
1726424373977 1.3697903156280518 668
1726424374027 1.3697903156280518 669
1726424374077 1.3697903156280518 670
1726424374126 1.3697903156280518 671
1726424374181 1.3697903156280518 672
1726424374230 1.3697903156280518 673
1726424374277 1.3697903156280518 674
1726424374321 1.3697903156280518 675
1726424374366 1.3697903156280518 676
1726424374410 1.3697903156280518 677
1726424374455 1.3697903156280518 678
1726424374501 1.3697903156280518 679
1726424374544 1.3697903156280518 680
1726424374587 1.3697903156280518 681
1726424374630 1.3697903156280518 682
1726424374672 1.3697903156280518 683
1726424374713 1.3697903156280518 684
1726424374760 1.3697903156280518 685
1726424374802 1.3697903156280518 686
1726424374850 1.3697903156280518 687
1726424374897 1.3697903156280518 688
1726424374939 1.3697903156280518 689
1726424374984 1.3697903156280518 690
1726424375025 1.3697903156280518 691
1726424375066 1.3697903156280518 692
1726424375110 1.3697903156280518 693
1726424375152 1.3697903156280518 694
1726424375197 1.3697903156280518 695
1726424375240 1.3697903156280518 696
1726424375285 1.3697903156280518 697
1726424375329 1.3697903156280518 698
1726424375376 1.3697903156280518 699
1726424375425 1.3697903156280518 700
1726424375469 1.3697903156280518 701
1726424375514 1.3697903156280518 702
1726424375560 1.3697903156280518 703
1726424375605 1.3697903156280518 704
1726424375648 1.3697903156280518 705
1726424375689 1.3697903156280518 706
1726424375740 1.3697903156280518 707
1726424375791 1.3697903156280518 708
1726424375839 1.3697903156280518 709
1726424375888 1.3697903156280518 710
1726424375935 1.3697903156280518 711
1726424375978 1.3697903156280518 712
1726424376025 1.3697903156280518 713
1726424376068 1.3697903156280518 714
1726424376112 1.3697903156280518 715
1726424376158 1.3697903156280518 716
1726424376203 1.3697903156280518 717
1726424376256 1.3697903156280518 718
1726424376302 1.3697903156280518 719
1726424376351 1.3697903156280518 720
1726424376398 1.3697903156280518 721
1726424376444 1.3697903156280518 722
1726424376488 1.3697903156280518 723
1726424376536 1.3697903156280518 724
1726424376583 1.3697903156280518 725
1726424376635 1.3697903156280518 726
1726424376674 1.3697903156280518 727
1726424376712 1.3697903156280518 728
1726424376752 1.3697903156280518 729
1726424376797 1.3697903156280518 730
1726424376840 1.3697903156280518 731
1726424376882 1.3697903156280518 732
1726424376926 1.3697903156280518 733
1726424376971 1.3697903156280518 734
1726424377018 1.3697903156280518 735
1726424377070 1.3697903156280518 736
1726424377116 1.3697903156280518 737
1726424377163 1.3697903156280518 738
1726424377209 1.3697903156280518 739
1726424377258 1.3697903156280518 740
1726424377316 1.3697903156280518 741
1726424377360 1.3697903156280518 742
1726424377403 1.3697903156280518 743
1726424377466 1.3697903156280518 744
1726424377526 1.3697903156280518 745
1726424377566 1.3697903156280518 746
1726424377605 1.3697903156280518 747
1726424377644 1.3697903156280518 748
1726424377683 1.3697903156280518 749
1726424377723 1.3697903156280518 750
1726424377767 1.3697903156280518 751
1726424377810 1.3697903156280518 752
1726424377853 1.3697903156280518 753
1726424377895 1.3697903156280518 754
1726424377937 1.3697903156280518 755
1726424377978 1.3697903156280518 756
1726424378019 1.3697903156280518 757
1726424378059 1.3697903156280518 758
1726424378099 1.3697903156280518 759
1726424378138 1.3697903156280518 760
1726424378178 1.3697903156280518 761
1726424378218 1.3697903156280518 762
1726424378259 1.3697903156280518 763
1726424378298 1.3697903156280518 764
1726424378338 1.3697903156280518 765
1726424378378 1.3697903156280518 766
1726424378418 1.3697903156280518 767
1726424378458 1.3697903156280518 768
1726424378498 1.3697903156280518 769
1726424378538 1.3697903156280518 770
1726424378578 1.3697903156280518 771
1726424378618 1.3697903156280518 772
1726424378657 1.3697903156280518 773
1726424378697 1.3697903156280518 774
1726424378736 1.3697903156280518 775
1726424378776 1.3697903156280518 776
1726424378816 1.3697903156280518 777
1726424378857 1.3697903156280518 778
1726424378896 1.3697903156280518 779
1726424378936 1.3697903156280518 780
1726424378978 1.3697903156280518 781
1726424379018 1.3697903156280518 782
1726424379058 1.3697903156280518 783
1726424379098 1.3697903156280518 784
1726424379138 1.3697903156280518 785
1726424379178 1.3697903156280518 786
1726424379218 1.3697903156280518 787
1726424379257 1.3697903156280518 788
1726424379297 1.3697903156280518 789
1726424379337 1.3697903156280518 790
1726424379377 1.3697903156280518 791
1726424379416 1.3697903156280518 792
1726424379456 1.3697903156280518 793
1726424379496 1.3697903156280518 794
1726424379536 1.3697903156280518 795
1726424379577 1.3697903156280518 796
1726424379616 1.3697903156280518 797
1726424379655 1.3697903156280518 798
1726424379696 1.3697903156280518 799
1726424379735 1.3697903156280518 800
1726424379775 1.3697903156280518 801
1726424379816 1.3697903156280518 802
1726424379856 1.3697903156280518 803
1726424379895 1.3697903156280518 804
1726424379936 1.3697903156280518 805
1726424379975 1.3697903156280518 806
1726424380016 1.3697903156280518 807
1726424380056 1.3697903156280518 808
1726424380096 1.3697903156280518 809
1726424380135 1.3697903156280518 810
1726424380176 1.3697903156280518 811
1726424380216 1.3697903156280518 812
1726424380258 1.3697903156280518 813
1726424380298 1.3697903156280518 814
1726424380338 1.3697903156280518 815
1726424380377 1.3697903156280518 816
1726424380418 1.3697903156280518 817
1726424380458 1.3697903156280518 818
1726424380497 1.3697903156280518 819
1726424380539 1.3697903156280518 820
1726424380578 1.3697903156280518 821
1726424380617 1.3697903156280518 822
1726424380659 1.3697903156280518 823
1726424380700 1.3697903156280518 824
1726424380743 1.3697903156280518 825
1726424380789 1.3697903156280518 826
1726424380834 1.3697903156280518 827
1726424380880 1.3697903156280518 828
1726424380931 1.3697903156280518 829
1726424380979 1.3697903156280518 830
1726424381027 1.3697903156280518 831
1726424381077 1.3697903156280518 832
1726424381127 1.3697903156280518 833
1726424381177 1.3697903156280518 834
1726424381226 1.3697903156280518 835
1726424381276 1.3697903156280518 836
1726424381324 1.3697903156280518 837
1726424381373 1.3697903156280518 838
1726424381422 1.3697903156280518 839
1726424381473 1.3697903156280518 840
1726424381523 1.3697903156280518 841
1726424381571 1.3697903156280518 842
1726424381619 1.3697903156280518 843
1726424381667 1.3697903156280518 844
1726424381716 1.3697903156280518 845
1726424381768 1.3697903156280518 846
1726424381819 1.3697903156280518 847
1726424381871 1.3697903156280518 848
1726424381923 1.3697903156280518 849
1726424381972 1.3697903156280518 850
1726424382026 1.3697903156280518 851
1726424382076 1.3697903156280518 852
1726424382129 1.3697903156280518 853
1726424382180 1.3697903156280518 854
1726424382230 1.3697903156280518 855
1726424382283 1.3697903156280518 856
1726424382330 1.3697903156280518 857
1726424382379 1.3697903156280518 858
1726424382428 1.3697903156280518 859
1726424382476 1.3697903156280518 860
1726424382524 1.3697903156280518 861
1726424382574 1.3697903156280518 862
1726424382624 1.3697903156280518 863
1726424382674 1.3697903156280518 864
1726424382726 1.3697903156280518 865
1726424382789 1.3697903156280518 866
1726424382851 1.3697903156280518 867
1726424382912 1.3697903156280518 868
1726424382973 1.3697903156280518 869
1726424383034 1.3697903156280518 870
1726424383100 1.3697903156280518 871
1726424383167 1.3697903156280518 872
1726424383226 1.3697903156280518 873
1726424383290 1.3697903156280518 874
1726424383351 1.3697903156280518 875
1726424383420 1.3697903156280518 876
1726424383469 1.3697903156280518 877
1726424383517 1.3697903156280518 878
1726424383567 1.3697903156280518 879
1726424383617 1.3697903156280518 880
1726424383666 1.3697903156280518 881
1726424383715 1.3697903156280518 882
1726424383767 1.3697903156280518 883
1726424383817 1.3697903156280518 884
1726424383878 1.3697903156280518 885
1726424383939 1.3697903156280518 886
1726424384007 1.3697903156280518 887
1726424384058 1.3697903156280518 888
1726424384109 1.3697903156280518 889
1726424384173 1.3697903156280518 890
1726424384224 1.3697903156280518 891
1726424384280 1.3697903156280518 892
1726424384333 1.3697903156280518 893
1726424384382 1.3697903156280518 894
1726424384433 1.3697903156280518 895
1726424384486 1.3697903156280518 896
1726424384537 1.3697903156280518 897
1726424384599 1.3697903156280518 898
1726424384670 1.3697903156280518 899
1726424384740 1.3697903156280518 900
1726424384790 1.3697903156280518 901
1726424384862 1.3697903156280518 902
1726424384932 1.3697903156280518 903
1726424384998 1.3697903156280518 904
1726424385078 1.3697903156280518 905
1726424385149 1.3697903156280518 906
1726424385218 1.3697903156280518 907
1726424385277 1.3697903156280518 908
1726424385327 1.3697903156280518 909
1726424385379 1.3697903156280518 910
1726424385423 1.3697903156280518 911
1726424385467 1.3697903156280518 912
1726424385510 1.3697903156280518 913
1726424385553 1.3697903156280518 914
1726424385599 1.3697903156280518 915
1726424385640 1.3697903156280518 916
1726424385681 1.3697903156280518 917
1726424385726 1.3697903156280518 918
1726424385770 1.3697903156280518 919
1726424385817 1.3697903156280518 920
1726424385860 1.3697903156280518 921
1726424385901 1.3697903156280518 922
1726424385946 1.3697903156280518 923
1726424385987 1.3697903156280518 924
1726424386031 1.3697903156280518 925
1726424386073 1.3697903156280518 926
1726424386116 1.3697903156280518 927
1726424386160 1.3697903156280518 928
1726424386203 1.3697903156280518 929
1726424386247 1.3697903156280518 930
1726424386290 1.3697903156280518 931
1726424386337 1.3697903156280518 932
1726424386382 1.3697903156280518 933
1726424386431 1.3697903156280518 934
1726424386476 1.3697903156280518 935
1726424386523 1.3697903156280518 936
1726424386563 1.3697903156280518 937
1726424386606 1.3697903156280518 938
1726424386645 1.3697903156280518 939
1726424386687 1.3697903156280518 940
1726424386729 1.3697903156280518 941
1726424386769 1.3697903156280518 942
1726424386814 1.3697903156280518 943
1726424386854 1.3697903156280518 944
1726424386895 1.3697903156280518 945
1726424386936 1.3697903156280518 946
1726424386976 1.3697903156280518 947
1726424387016 1.3697903156280518 948
1726424387056 1.3697903156280518 949
1726424387096 1.3697903156280518 950
1726424387137 1.3697903156280518 951
1726424387178 1.3697903156280518 952
1726424387220 1.3697903156280518 953
1726424387260 1.3697903156280518 954
1726424387301 1.3697903156280518 955
1726424387342 1.3697903156280518 956
1726424387382 1.3697903156280518 957
1726424387421 1.3697903156280518 958
1726424387462 1.3697903156280518 959
1726424387502 1.3697903156280518 960
1726424387542 1.3697903156280518 961
1726424387583 1.3697903156280518 962
1726424387622 1.3697903156280518 963
1726424387663 1.3697903156280518 964
1726424387711 1.3697903156280518 965
1726424387760 1.3697903156280518 966
1726424387812 1.3697903156280518 967
1726424387864 1.3697903156280518 968
1726424387927 1.3697903156280518 969
1726424387971 1.3697903156280518 970
1726424388011 1.3697903156280518 971
1726424388051 1.3697903156280518 972
1726424388090 1.3697903156280518 973
1726424388130 1.3697903156280518 974
1726424388169 1.3697903156280518 975
1726424388208 1.3697903156280518 976
1726424388247 1.3697903156280518 977
1726424388288 1.3697903156280518 978
1726424388330 1.3697903156280518 979
1726424388371 1.3697903156280518 980
1726424388416 1.3697903156280518 981
1726424388459 1.3697903156280518 982
1726424388503 1.3697903156280518 983
1726424388546 1.3697903156280518 984
1726424388589 1.3697903156280518 985
1726424388631 1.3697903156280518 986
1726424388672 1.3697903156280518 987
1726424388715 1.3697903156280518 988
1726424388757 1.3697903156280518 989
1726424388799 1.3697903156280518 990
1726424388843 1.3697903156280518 991
1726424388885 1.3697903156280518 992
1726424388930 1.3697903156280518 993
1726424388973 1.3697903156280518 994
1726424389015 1.3697903156280518 995
1726424389064 1.3697903156280518 996
1726424389116 1.3697903156280518 997
1726424389159 1.3697903156280518 998
1726424389199 1.3697903156280518 999
