1727308106907 2e-05 0
1727308106948 3.471038341522217 1
1727308106991 5.099019527435303 2
1727308107036 4.242640495300293 3
1727308107081 4.690415859222412 4
1727308107120 4.898979663848877 5
1727308107165 4.690415859222412 6
1727308107205 5.099019527435303 7
1727308107242 4.690415859222412 8
1727308107282 4.898979663848877 9
1727308107319 4.690415859222412 10
1727308107355 4.690415859222412 11
1727308107392 4.4721360206604 12
1727308107428 5.291502475738525 13
1727308107463 5.099019527435303 14
1727308107500 5.291502475738525 15
1727308107536 5.291502475738525 16
1727308107572 4.4721360206604 17
1727308107607 5.099019527435303 18
1727308107644 5.099019527435303 19
1727308107681 4.690415859222412 20
1727308107717 5.099019527435303 21
1727308107753 5.099019527435303 22
1727308107790 5.099019527435303 23
1727308107826 4.242640495300293 24
1727308107863 5.291502475738525 25
1727308107900 4.690415859222412 26
1727308107938 5.099019527435303 27
1727308107975 4.898979663848877 28
1727308108011 4.898979663848877 29
1727308108049 5.291502475738525 30
1727308108085 5.4772257804870605 31
1727308108122 4.690415859222412 32
1727308108161 5.099019527435303 33
1727308108198 5.099019527435303 34
1727308108236 4.898979663848877 35
1727308108273 4.690415859222412 36
1727308108310 4.690415859222412 37
1727308108347 5.099019527435303 38
1727308108384 5.291502475738525 39
1727308108421 4.4721360206604 40
1727308108458 4.690415859222412 41
1727308108494 4.4721360206604 42
1727308108532 4.242640495300293 43
1727308108570 5.099019527435303 44
1727308108607 4.4721360206604 45
1727308108644 5.4772257804870605 46
1727308108681 5.291502475738525 47
1727308108717 4.898979663848877 48
1727308108753 4.690415859222412 49
1727308108790 4.690415859222412 50
1727308108829 4.4721360206604 51
1727308108869 4.898979663848877 52
1727308108907 4.690415859222412 53
1727308108946 5.291502475738525 54
1727308108984 5.099019527435303 55
1727308109021 5.4772257804870605 56
1727308109058 5.291502475738525 57
1727308109095 4.690415859222412 58
1727308109133 4.0 59
1727308109171 5.099019527435303 60
1727308109209 5.099019527435303 61
1727308109245 4.898979663848877 62
1727308109282 5.099019527435303 63
1727308109321 5.099019527435303 64
1727308109358 4.690415859222412 65
1727308109396 5.099019527435303 66
1727308109433 4.898979663848877 67
1727308109471 5.291502475738525 68
1727308109508 4.898979663848877 69
1727308109550 5.291502475738525 70
1727308109589 4.242640495300293 71
1727308109630 5.099019527435303 72
1727308109673 4.898979663848877 73
1727308109714 4.690415859222412 74
1727308109755 4.4721360206604 75
1727308109799 4.898979663848877 76
1727308109838 5.099019527435303 77
1727308109878 5.099019527435303 78
1727308109920 4.898979663848877 79
1727308109960 5.291502475738525 80
1727308109999 4.4721360206604 81
1727308110038 4.690415859222412 82
1727308110077 4.898979663848877 83
1727308110115 4.690415859222412 84
1727308110157 4.0 85
1727308110197 4.898979663848877 86
1727308110237 4.898979663848877 87
1727308110276 5.099019527435303 88
1727308110314 4.898979663848877 89
1727308110352 4.242640495300293 90
1727308110391 4.242640495300293 91
1727308110431 5.4772257804870605 92
1727308110469 5.291502475738525 93
1727308110507 5.291502475738525 94
1727308110545 5.099019527435303 95
1727308110583 5.099019527435303 96
1727308110621 4.242640495300293 97
1727308110658 4.898979663848877 98
1727308110695 4.4721360206604 99
1727308110732 4.242640495300293 100
1727308110770 5.4772257804870605 101
1727308110810 4.690415859222412 102
1727308110850 4.0 103
1727308110887 4.898979663848877 104
1727308110926 4.242640495300293 105
1727308110964 4.898979663848877 106
1727308111002 4.0 107
1727308111041 4.0 108
1727308111079 4.898979663848877 109
1727308111117 4.898979663848877 110
1727308111154 4.898979663848877 111
1727308111194 4.898979663848877 112
1727308111233 5.656854152679443 113
1727308111270 4.4721360206604 114
1727308111308 4.898979663848877 115
1727308111345 5.4772257804870605 116
1727308111382 4.690415859222412 117
1727308111420 5.099019527435303 118
1727308111459 4.4721360206604 119
1727308111496 5.291502475738525 120
1727308111533 4.4721360206604 121
1727308111570 4.690415859222412 122
1727308111610 5.099019527435303 123
1727308111649 4.898979663848877 124
1727308111687 4.690415859222412 125
1727308111731 4.4721360206604 126
1727308111779 5.4772257804870605 127
1727308111833 4.690415859222412 128
1727308111879 4.690415859222412 129
1727308111923 4.4721360206604 130
1727308111973 5.099019527435303 131
1727308112026 4.4721360206604 132
1727308112079 4.898979663848877 133
1727308112128 5.099019527435303 134
1727308112176 4.690415859222412 135
1727308112226 4.690415859222412 136
1727308112276 4.898979663848877 137
1727308112324 4.690415859222412 138
1727308112374 4.242640495300293 139
1727308112425 5.099019527435303 140
1727308112482 4.4721360206604 141
1727308112534 5.099019527435303 142
1727308112594 5.291502475738525 143
1727308112643 5.099019527435303 144
1727308112693 5.291502475738525 145
1727308112741 4.690415859222412 146
1727308112792 5.099019527435303 147
1727308112843 5.656854152679443 148
1727308112893 4.4721360206604 149
1727308112944 4.690415859222412 150
1727308112998 4.4725728034973145 151
1727308113052 4.899378299713135 152
1727308113108 4.898979663848877 153
1727308113166 5.099019527435303 154
1727308113216 4.242640495300293 155
1727308113264 5.099019527435303 156
1727308113314 4.4721360206604 157
1727308113373 4.4721360206604 158
1727308113424 4.242640495300293 159
1727308113474 4.898979663848877 160
1727308113523 4.4721360206604 161
1727308113572 3.7416574954986572 162
1727308113620 4.690415859222412 163
1727308113672 4.4721360206604 164
1727308113715 4.898979663848877 165
1727308113757 4.4721360206604 166
1727308113797 5.291502475738525 167
1727308113837 4.898979663848877 168
1727308113876 5.099019527435303 169
1727308113915 5.291502475738525 170
1727308113960 5.099019527435303 171
1727308114010 5.099019527435303 172
1727308114054 4.4721360206604 173
1727308114097 4.690415859222412 174
1727308114137 5.099019527435303 175
1727308114177 5.099019527435303 176
1727308114218 5.291502475738525 177
1727308114257 3.464101552963257 178
1727308114295 5.099019527435303 179
1727308114334 5.099019527435303 180
1727308114374 5.291502475738525 181
1727308114413 5.291502475738525 182
1727308114451 5.099019527435303 183
1727308114489 4.898979663848877 184
1727308114527 5.099019527435303 185
1727308114565 3.7416574954986572 186
1727308114602 5.656854152679443 187
1727308114640 4.898979663848877 188
1727308114677 4.898979663848877 189
1727308114715 5.099019527435303 190
1727308114752 4.898979663848877 191
1727308114790 4.4721360206604 192
1727308114829 3.883558988571167 193
1727308114866 4.907344818115234 194
1727308114902 4.4721360206604 195
1727308114940 3.7416574954986572 196
1727308114977 4.898979663848877 197
1727308115014 4.898979663848877 198
1727308115052 4.898979663848877 199
1727308115089 4.898979663848877 200
1727308115125 4.690415859222412 201
1727308115163 5.656854152679443 202
1727308115201 5.656854152679443 203
1727308115237 4.898979663848877 204
1727308115274 4.898979663848877 205
1727308115310 4.4721360206604 206
1727308115346 5.099019527435303 207
1727308115384 4.898979663848877 208
1727308115425 5.099019527435303 209
1727308115461 4.242640495300293 210
1727308115503 4.4721360206604 211
1727308115540 4.898979663848877 212
1727308115577 4.898979663848877 213
1727308115616 4.690415859222412 214
1727308115655 4.4721360206604 215
1727308115693 4.898979663848877 216
1727308115731 4.242640495300293 217
1727308115766 0.0 218
