1726233650229 2e-05 0
1726233650270 -0.001058340072631836 1
1726233650315 -0.008667588233947754 2
1726233650354 0.004386544227600098 3
1726233650394 0.0023758411407470703 4
1726233650436 0.0009171962738037109 5
1726233650484 -0.002948284149169922 6
1726233650534 0.00038182735443115234 7
1726233650574 -0.008183121681213379 8
1726233650617 0.007432341575622559 9
1726233650661 -0.0010591745376586914 10
1726233650700 0.006430506706237793 11
1726233650739 0.003022432327270508 12
1726233650777 -0.0037347078323364258 13
1726233650816 -0.01676177978515625 14
1726233650867 -0.015842676162719727 15
1726233650908 0.004873156547546387 16
1726233650955 0.0011322498321533203 17
1726233651009 -0.019726872444152832 18
1726233651052 0.0029860734939575195 19
1726233651101 0.001677393913269043 20
1726233651148 0.031668663024902344 21
1726233651192 -0.00819242000579834 22
1726233651244 0.007548213005065918 23
1726233651291 -0.0072743892669677734 24
1726233651328 -0.006751060485839844 25
1726233651368 0.0037142038345336914 26
1726233651407 -0.009939312934875488 27
1726233651444 -0.003659486770629883 28
1726233651482 0.0027235746383666992 29
1726233651520 0.011317014694213867 30
1726233651558 -0.0076138973236083984 31
1726233651595 -0.004702091217041016 32
1726233651636 -0.0008709430694580078 33
1726233651677 0.0015234947204589844 34
1726233651717 -0.011315464973449707 35
1726233651757 -0.004810810089111328 36
1726233651797 0.02655172348022461 37
1726233651837 -0.0013267993927001953 38
1726233651879 -0.002135634422302246 39
1726233651919 0.01065683364868164 40
1726233651958 0.006079316139221191 41
1726233652000 -0.008590936660766602 42
1726233652040 -0.004953622817993164 43
1726233652079 0.008498668670654297 44
1726233652120 -0.010064840316772461 45
1726233652159 0.025921344757080078 46
1726233652198 -0.0215834379196167 47
1726233652237 -0.022605061531066895 48
1726233652277 -0.02266860008239746 49
1726233652316 0.012282252311706543 50
1726233652355 0.0067261457443237305 51
1726233652398 0.03437685966491699 52
1726233652440 0.0008498430252075195 53
1726233652481 -0.009625911712646484 54
1726233652521 0.013805270195007324 55
1726233652561 -0.0015654563903808594 56
1726233652601 -0.012302756309509277 57
1726233652641 0.0012776851654052734 58
1726233652681 -0.015863656997680664 59
1726233652720 0.02436220645904541 60
1726233652759 0.001446366310119629 61
1726233652799 0.004911065101623535 62
1726233652839 -0.013913393020629883 63
1726233652880 0.009494900703430176 64
1726233652921 -0.002550482749938965 65
1726233652961 -0.008407115936279297 66
1726233653002 0.005234479904174805 67
1726233653042 0.015569090843200684 68
1726233653082 -0.005264639854431152 69
1726233653120 0.0002090930938720703 70
1726233653159 -0.006700277328491211 71
1726233653198 -0.010708332061767578 72
1726233653238 -0.004413008689880371 73
1726233653277 0.005795001983642578 74
1726233653315 0.010993242263793945 75
1726233653355 -0.0067588090896606445 76
1726233653394 -0.007918715476989746 77
1726233653434 0.022095203399658203 78
1726233653473 -0.014194846153259277 79
1726233653512 -0.04416990280151367 80
1726233653551 0.025504589080810547 81
1726233653590 -0.030600309371948242 82
1726233653629 0.012206554412841797 83
1726233653668 0.009112358093261719 84
1726233653707 -0.0029963254928588867 85
1726233653746 0.03893697261810303 86
1726233653786 -0.02955913543701172 87
1726233653824 -0.0038013458251953125 88
1726233653863 0.025299668312072754 89
1726233653903 0.015724897384643555 90
1726233653942 0.0015677213668823242 91
1726233653981 -0.021297454833984375 92
1726233654021 0.021736741065979004 93
1726233654060 -0.014373779296875 94
1726233654099 0.016821980476379395 95
1726233654137 -0.021386027336120605 96
1726233654176 0.0014902353286743164 97
1726233654214 -0.014971613883972168 98
1726233654252 0.014481544494628906 99
1726233654296 0.017105698585510254 100
1726233654336 -0.010765552520751953 101
1726233654375 0.011716246604919434 102
1726233654416 -0.016228795051574707 103
1726233654455 -0.00031816959381103516 104
1726233654493 -0.016537904739379883 105
1726233654532 -0.002997159957885742 106
1726233654572 0.019470691680908203 107
1726233654613 -0.0023621320724487305 108
1726233654656 0.006697177886962891 109
1726233654709 -0.009902715682983398 110
1726233654765 0.023721933364868164 111
1726233654803 -0.03231227397918701 112
1726233654840 0.0077887773513793945 113
1726233654878 -0.0024307966232299805 114
1726233654915 -0.004548192024230957 115
1726233654954 -0.021721482276916504 116
1726233654992 0.023769736289978027 117
1726233655030 -0.012381553649902344 118
1726233655068 -0.013612985610961914 119
1726233655106 -0.0024050474166870117 120
1726233655147 0.0227431058883667 121
1726233655185 0.03589451313018799 122
1726233655224 -0.015473008155822754 123
1726233655263 0.011129498481750488 124
1726233655301 -0.001940608024597168 125
1726233655340 -0.009872913360595703 126
1726233655380 -0.00493621826171875 127
1726233655418 -0.0112684965133667 128
1726233655457 0.026616215705871582 129
1726233655494 0.006057620048522949 130
1726233655535 -0.006708860397338867 131
1726233655575 -0.005890607833862305 132
1726233655614 0.0013540983200073242 133
1726233655654 -0.002564072608947754 134
1726233655694 -0.005943417549133301 135
1726233655734 0.012819409370422363 136
1726233655774 0.007814884185791016 137
1726233655815 -0.019875407218933105 138
1726233655854 0.009490251541137695 139
1726233655894 -0.0017690658569335938 140
1726233655935 0.007456183433532715 141
1726233655975 -0.0012246370315551758 142
1726233656014 -0.01824808120727539 143
1726233656053 -0.0044449567794799805 144
1726233656093 0.003788471221923828 145
1726233656132 -0.0053064823150634766 146
1726233656173 0.015093803405761719 147
1726233656211 -0.0018175840377807617 148
1726233656253 0.010281920433044434 149
1726233656293 -0.028756022453308105 150
1726233656331 0.0005179643630981445 151
1726233656370 0.02385711669921875 152
1726233656410 -0.0051926374435424805 153
1726233656449 -0.009669780731201172 154
1726233656498 -0.006150960922241211 155
1726233656538 0.017874598503112793 156
1726233656579 0.013171553611755371 157
1726233656618 -0.0012128353118896484 158
1726233656657 -0.0007884502410888672 159
1726233656696 -0.015299677848815918 160
1726233656735 -0.0002759695053100586 161
1726233656774 0.014603972434997559 162
1726233656813 -0.0011408329010009766 163
1726233656851 -0.0037355422973632812 164
1726233656891 -0.00261080265045166 165
1726233656931 0.00848376750946045 166
1726233656970 -0.016115427017211914 167
1726233657009 0.006515860557556152 168
1726233657048 -0.017963886260986328 169
1726233657086 -0.03215599060058594 170
1726233657123 0.0337144136428833 171
1726233657162 -0.0006345510482788086 172
1726233657201 0.005539059638977051 173
1726233657240 -0.018448233604431152 174
1726233657278 0.01415395736694336 175
1726233657317 0.008921504020690918 176
1726233657356 -0.005492091178894043 177
1726233657395 0.005635976791381836 178
1726233657435 0.006580710411071777 179
1726233657473 0.009719252586364746 180
1726233657510 -0.0009293556213378906 181
1726233657549 0.0036742687225341797 182
1726233657587 -0.0035696029663085938 183
1726233657626 -0.009435772895812988 184
1726233657667 0.005822300910949707 185
1726233657707 -0.009148478507995605 186
1726233657747 0.006051063537597656 187
1726233657785 -0.00541996955871582 188
1726233657825 0.006000161170959473 189
1726233657865 0.0031813383102416992 190
1726233657904 -0.003063201904296875 191
1726233657943 -0.00530850887298584 192
1726233657982 0.010094404220581055 193
1726233658021 -0.0115431547164917 194
1726233658060 -0.0026557445526123047 195
1726233658098 0.001614689826965332 196
1726233658138 0.013511061668395996 197
1726233658177 0.0001544952392578125 198
1726233658215 -0.02446591854095459 199
1726233658254 0.006656527519226074 200
1726233658293 0.004643082618713379 201
1726233658333 0.0009791851043701172 202
1726233658371 0.007385730743408203 203
1726233658411 -0.005876660346984863 204
1726233658450 0.0006067752838134766 205
1726233658488 -0.024826645851135254 206
1726233658526 0.02313709259033203 207
1726233658563 -0.003278017044067383 208
1726233658602 0.004804849624633789 209
1726233658640 -0.029057621955871582 210
1726233658678 0.023013710975646973 211
1726233658717 -0.013536453247070312 212
1726233658755 0.024967432022094727 213
1726233658793 0.0010662078857421875 214
1726233658831 -0.011674880981445312 215
1726233658869 -0.027150392532348633 216
1726233658909 0.017929553985595703 217
1726233658946 0.01784658432006836 218
1726233658985 0.0048105716705322266 219
1726233659023 -0.008452653884887695 220
1726233659061 0.006909847259521484 221
1726233659099 -0.003958940505981445 222
1726233659138 0.007311820983886719 223
1726233659177 -0.00030732154846191406 224
1726233659216 -0.0014257431030273438 225
1726233659255 -0.009806513786315918 226
1726233659298 -0.01873934268951416 227
1726233659345 -0.013328790664672852 228
1726233659387 0.0037720203399658203 229
1726233659427 0.020439505577087402 230
1726233659465 -0.006638765335083008 231
1726233659505 -0.017260193824768066 232
1726233659544 0.029294490814208984 233
1726233659583 0.005620718002319336 234
1726233659622 0.007255434989929199 235
1726233659661 -0.00859534740447998 236
1726233659701 0.006813526153564453 237
1726233659739 -0.004479408264160156 238
1726233659778 0.0009856224060058594 239
1726233659818 -0.005275249481201172 240
1726233659857 -0.0025429725646972656 241
1726233659896 -0.005059361457824707 242
1726233659934 -0.016404271125793457 243
1726233659973 -0.0004481077194213867 244
1726233660012 0.011980891227722168 245
1726233660051 -0.02969527244567871 246
1726233660089 0.022449016571044922 247
1726233660127 0.03194928169250488 248
1726233660165 -0.015121221542358398 249
1726233660204 0.007642507553100586 250
1726233660246 0.0036773681640625 251
1726233660292 0.0034637451171875 252
1726233660342 -0.019002199172973633 253
1726233660390 0.0016503334045410156 254
1726233660443 0.0032645463943481445 255
1726233660492 -0.0047653913497924805 256
1726233660537 -0.0073435306549072266 257
1726233660576 0.02834343910217285 258
1726233660616 -0.006708621978759766 259
1726233660656 0.007334709167480469 260
1726233660695 -0.011320114135742188 261
1726233660734 -0.0023108720779418945 262
1726233660774 0.011310100555419922 263
1726233660813 -0.0021299123764038086 264
1726233660857 -0.0014483928680419922 265
1726233660900 -0.024825096130371094 266
1726233660944 0.020585179328918457 267
1726233660988 0.003123044967651367 268
1726233661038 0.0028117895126342773 269
1726233661094 -0.00905144214630127 270
1726233661154 0.0003032684326171875 271
1726233661199 -0.013674139976501465 272
1726233661241 -0.01776278018951416 273
1726233661281 0.003221869468688965 274
1726233661321 0.012296319007873535 275
1726233661359 0.0005562305450439453 276
1726233661404 -0.0023920536041259766 277
1726233661448 0.008354663848876953 278
1726233661492 0.008945822715759277 279
1726233661531 0.008955955505371094 280
1726233661567 -0.0037801265716552734 281
1726233661606 -0.0007398128509521484 282
1726233661644 0.003679037094116211 283
1726233661684 -0.01302957534790039 284
1726233661725 0.008965611457824707 285
1726233661763 0.006671547889709473 286
1726233661805 -0.011530756950378418 287
1726233661847 0.006319403648376465 288
1726233661891 -0.001639246940612793 289
1726233661935 0.003197908401489258 290
1726233661974 0.0030477046966552734 291
1726233662012 0.002061605453491211 292
1726233662051 -0.01321268081665039 293
1726233662090 -0.0029212236404418945 294
1726233662127 -0.028343677520751953 295
1726233662166 0.033751726150512695 296
1726233662205 -0.0015604496002197266 297
1726233662244 -0.008975982666015625 298
1726233662282 -0.0034799575805664062 299
1726233662321 -0.004664301872253418 300
1726233662360 0.01211559772491455 301
1726233662401 -0.020918607711791992 302
1726233662438 -0.006311178207397461 303
1726233662479 0.009869217872619629 304
1726233662518 0.008629918098449707 305
1726233662557 0.0060312747955322266 306
1726233662597 0.008660554885864258 307
1726233662637 0.008244037628173828 308
1726233662676 -0.0027348995208740234 309
1726233662716 -0.01651287078857422 310
1726233662757 0.0134049654006958 311
1726233662797 -0.03390824794769287 312
1726233662848 0.024535417556762695 313
1726233662891 0.01116490364074707 314
1726233662931 -0.0013895034790039062 315
1726233662971 0.009517788887023926 316
1726233663009 -0.011189460754394531 317
1726233663049 0.005088090896606445 318
1726233663092 -0.0048989057540893555 319
1726233663130 0.006926059722900391 320
1726233663170 -0.002994537353515625 321
1726233663210 0.001596212387084961 322
1726233663249 -0.009204864501953125 323
1726233663289 -0.01740407943725586 324
1726233663328 0.0049741268157958984 325
1726233663368 0.009840965270996094 326
1726233663407 0.009474515914916992 327
1726233663448 0.0031474828720092773 328
1726233663488 -0.007184147834777832 329
1726233663527 -0.00684809684753418 330
1726233663567 -0.008126020431518555 331
1726233663607 0.0007441043853759766 332
1726233663645 0.014848709106445312 333
1726233663684 -0.00616765022277832 334
1726233663724 -0.005522489547729492 335
1726233663762 -0.004762411117553711 336
1726233663800 0.013103604316711426 337
1726233663840 -0.012409806251525879 338
1726233663880 0.008502602577209473 339
1726233663918 0.007016777992248535 340
1726233663957 0.0028940439224243164 341
1726233663998 -0.0040711164474487305 342
1726233664037 -0.00014519691467285156 343
1726233664077 -0.02902686595916748 344
1726233664116 0.010668516159057617 345
1726233664156 -0.0030454397201538086 346
1726233664196 0.018991708755493164 347
1726233664234 0.01224064826965332 348
1726233664274 -0.018161773681640625 349
1726233664313 0.005739927291870117 350
1726233664352 0.0017817020416259766 351
1726233664392 6.687641143798828e-05 352
1726233664431 -0.0004767179489135742 353
1726233664470 0.006519198417663574 354
1726233664510 -0.016714930534362793 355
1726233664549 -0.008754491806030273 356
1726233664588 0.015915393829345703 357
1726233664628 0.007505893707275391 358
1726233664667 0.005873918533325195 359
1726233664706 -0.005219221115112305 360
1726233664746 0.008376836776733398 361
1726233664785 -0.0025186538696289062 362
1726233664825 -6.198883056640625e-06 363
1726233664865 -0.011453390121459961 364
1726233664915 -0.009182095527648926 365
1726233664961 0.006089687347412109 366
1726233665001 -0.00636899471282959 367
1726233665039 0.01097559928894043 368
1726233665080 0.008009195327758789 369
1726233665118 -0.013294458389282227 370
1726233665156 0.008324742317199707 371
1726233665194 -0.01729261875152588 372
1726233665233 0.005326509475708008 373
1726233665271 -0.005203366279602051 374
1726233665312 -0.0016161203384399414 375
1726233665350 0.002910137176513672 376
1726233665389 0.011560440063476562 377
1726233665429 -0.016708850860595703 378
1726233665468 0.002051711082458496 379
1726233665507 -0.0025336742401123047 380
1726233665547 0.006058335304260254 381
1726233665587 -0.011968851089477539 382
1726233665635 0.027910232543945312 383
1726233665683 -0.0018309354782104492 384
1726233665741 0.001081705093383789 385
1726233665780 0.0054531097412109375 386
1726233665817 4.863739013671875e-05 387
1726233665855 -0.016950488090515137 388
1726233665893 -0.0009279251098632812 389
1726233665932 0.005128145217895508 390
1726233665971 -0.012432575225830078 391
1726233666013 0.023479938507080078 392
1726233666054 -0.01027536392211914 393
1726233666094 0.010602712631225586 394
1726233666134 -0.0039806365966796875 395
1726233666173 -0.021603107452392578 396
1726233666212 0.01376950740814209 397
1726233666251 -0.00045120716094970703 398
1726233666291 -0.012370586395263672 399
1726233666330 0.003950715065002441 400
1726233666369 0.012858748435974121 401
1726233666408 0.0072623491287231445 402
1726233666447 -0.0116119384765625 403
1726233666487 0.014494538307189941 404
1726233666526 -0.0026646852493286133 405
1726233666566 0.0030826330184936523 406
1726233666612 -0.002555370330810547 407
1726233666655 -0.012738466262817383 408
1726233666695 -0.00659489631652832 409
1726233666735 0.014097929000854492 410
1726233666773 -0.0025892257690429688 411
1726233666814 -0.01975727081298828 412
1726233666854 0.019696593284606934 413
1726233666900 -0.021431803703308105 414
1726233666945 0.01225268840789795 415
1726233666986 -0.003892064094543457 416
1726233667026 -0.00868988037109375 417
1726233667065 -0.012166500091552734 418
1726233667104 0.004815936088562012 419
1726233667143 -0.013803958892822266 420
1726233667185 -0.014993548393249512 421
1726233667225 0.01816534996032715 422
1726233667264 0.013708353042602539 423
1726233667303 -0.00019812583923339844 424
1726233667344 0.015376925468444824 425
1726233667383 0.0004926919937133789 426
1726233667422 0.010353446006774902 427
1726233667462 0.006168365478515625 428
1726233667501 0.004787564277648926 429
1726233667540 -0.0024878978729248047 430
1726233667579 -0.0025682449340820312 431
1726233667619 -0.011046648025512695 432
1726233667660 0.006348967552185059 433
1726233667700 -0.01527416706085205 434
1726233667738 0.015072345733642578 435
1726233667778 -0.008298635482788086 436
1726233667818 -0.0009398460388183594 437
1726233667857 0.0020606517791748047 438
1726233667896 -0.007619380950927734 439
1726233667937 -0.004988193511962891 440
1726233667976 0.006258726119995117 441
1726233668015 0.007667183876037598 442
1726233668055 0.009137630462646484 443
1726233668094 -0.003634333610534668 444
1726233668134 0.007783412933349609 445
1726233668173 -0.007068276405334473 446
1726233668213 -0.005307555198669434 447
1726233668252 0.0150299072265625 448
1726233668291 -0.022202134132385254 449
1726233668331 0.0014796257019042969 450
1726233668370 0.0025832653045654297 451
1726233668410 -0.013228535652160645 452
1726233668456 0.006023526191711426 453
1726233668501 0.006955504417419434 454
1726233668549 -0.009773015975952148 455
1726233668593 -0.008578777313232422 456
1726233668641 -0.0003418922424316406 457
1726233668689 -0.00034546852111816406 458
1726233668739 0.00797891616821289 459
1726233668789 0.007030129432678223 460
1726233668852 0.004332900047302246 461
1726233668911 -0.014333248138427734 462
1726233668976 -0.007172584533691406 463
1726233669024 0.010821700096130371 464
1726233669079 0.024997472763061523 465
1726233669129 -0.00223696231842041 466
1726233669187 -0.021823644638061523 467
1726233669237 0.024272799491882324 468
1726233669287 -0.018032431602478027 469
1726233669351 0.006472349166870117 470
1726233669414 0.01797175407409668 471
1726233669463 -0.014507532119750977 472
1726233669511 -0.026772737503051758 473
1726233669562 -0.02921760082244873 474
1726233669610 0.041385531425476074 475
1726233669660 -0.013077020645141602 476
1726233669709 -0.01772785186767578 477
1726233669762 -0.0044939517974853516 478
1726233669813 0.018947362899780273 479
1726233669859 -0.0028988122940063477 480
1726233669902 -0.017381906509399414 481
1726233669946 0.013919472694396973 482
1726233669988 0.029125690460205078 483
1726233670029 0.014803886413574219 484
1726233670069 -0.00562596321105957 485
1726233670110 0.005130648612976074 486
1726233670150 -0.01279747486114502 487
1726233670190 0.019549846649169922 488
1726233670230 -0.004502058029174805 489
1726233670268 -0.006179094314575195 490
1726233670308 -0.0012093782424926758 491
1726233670353 -0.00464475154876709 492
1726233670392 0.0011926889419555664 493
1726233670432 0.0029309988021850586 494
1726233670473 -0.0004671812057495117 495
1726233670512 -0.010565757751464844 496
1726233670551 0.022468090057373047 497
1726233670590 -0.009188055992126465 498
1726233670628 0.0034110546112060547 499
1726233670667 0.0008969306945800781 500
1726233670706 -0.005832195281982422 501
1726233670745 -0.0016148090362548828 502
1726233670782 -0.00973367691040039 503
1726233670821 -0.0069005489349365234 504
1726233670859 -0.00266110897064209 505
1726233670897 0.011327147483825684 506
1726233670935 0.007079005241394043 507
1726233670973 -0.016527295112609863 508
1726233671010 -0.011703729629516602 509
1726233671049 -0.0039823055267333984 510
1726233671086 0.013566136360168457 511
1726233671126 0.010217070579528809 512
1726233671167 0.0053865909576416016 513
1726233671206 0.00437164306640625 514
1726233671245 -0.0034165382385253906 515
1726233671283 -0.006264209747314453 516
1726233671321 0.014637351036071777 517
1726233671358 -0.014242053031921387 518
1726233671396 -0.00530695915222168 519
1726233671434 -0.0046596527099609375 520
1726233671473 0.010279655456542969 521
1726233671511 0.00706791877746582 522
1726233671549 0.01454770565032959 523
1726233671587 -0.008252263069152832 524
1726233671625 -0.0016576051712036133 525
1726233671661 -0.0020884275436401367 526
1726233671701 -0.004869937896728516 527
1726233671739 -0.01786637306213379 528
1726233671778 0.006764888763427734 529
1726233671815 0.008695125579833984 530
1726233671853 -0.005886435508728027 531
1726233671890 0.003535747528076172 532
1726233671929 -0.0029484033584594727 533
1726233671967 -0.018917560577392578 534
1726233672005 -0.03204953670501709 535
1726233672042 0.04349386692047119 536
1726233672081 -0.0028307437896728516 537
1726233672117 -0.012202739715576172 538
1726233672156 0.002963423728942871 539
1726233672193 -0.002071857452392578 540
1726233672232 -0.001138925552368164 541
1726233672269 0.006707549095153809 542
1726233672306 -0.004824280738830566 543
1726233672344 -0.0013355016708374023 544
1726233672382 0.025686144828796387 545
1726233672418 0.0077533721923828125 546
1726233672457 0.010108470916748047 547
1726233672495 -0.002543807029724121 548
1726233672534 -0.015619993209838867 549
1726233672571 0.01436161994934082 550
1726233672609 -0.006300806999206543 551
1726233672646 0.009823918342590332 552
1726233672685 0.0021325349807739258 553
1726233672723 -0.003306269645690918 554
1726233672762 -0.00495147705078125 555
1726233672799 -0.0059615373611450195 556
1726233672837 -0.01526796817779541 557
1726233672873 0.013680458068847656 558
1726233672911 0.0024336576461791992 559
1726233672950 -0.010022401809692383 560
1726233672989 -0.025696277618408203 561
1726233673025 0.011072039604187012 562
1726233673063 0.00018393993377685547 563
1726233673100 -0.029348015785217285 564
1726233673138 -2.4557113647460938e-05 565
1726233673176 -2.5033950805664062e-05 566
1726233673214 -2.562999725341797e-05 567
1726233673252 -2.5987625122070312e-05 568
1726233673289 0.0007935762405395508 569
1726233673327 0.012052774429321289 570
1726233673364 -0.0035746097564697266 571
1726233673401 0.002573370933532715 572
1726233673439 0.006220102310180664 573
1726233673478 -0.0024477243423461914 574
1726233673514 0.014921426773071289 575
1726233673552 -0.0035768747329711914 576
1726233673589 -0.004654526710510254 577
1726233673628 -0.019983887672424316 578
1726233673664 0.022437095642089844 579
1726233673703 -0.014312148094177246 580
1726233673741 0.01608586311340332 581
1726233673790 -0.0009706020355224609 582
1726233673842 -0.022997140884399414 583
1726233673884 0.02550184726715088 584
1726233673924 0.00821828842163086 585
1726233673964 -0.0071563720703125 586
1726233674001 0.00018489360809326172 587
1726233674040 -0.0006997585296630859 588
1726233674078 -0.0007178783416748047 589
1726233674116 -0.0007376670837402344 590
1726233674153 0.01092517375946045 591
1726233674191 0.001295924186706543 592
1726233674229 -0.013873577117919922 593
1726233674267 -0.0007331371307373047 594
1726233674304 0.009411334991455078 595
1726233674341 0.007958173751831055 596
1726233674379 -0.007447481155395508 597
1726233674417 0.0060503482818603516 598
1726233674454 0.014359474182128906 599
1726233674492 -0.008782505989074707 600
1726233674529 0.01171731948852539 601
1726233674567 0.0026003122329711914 602
1726233674603 -0.015015006065368652 603
1726233674641 -0.0026597976684570312 604
1726233674679 -0.0019507408142089844 605
1726233674720 0.005879521369934082 606
1726233674758 0.015940189361572266 607
1726233674800 -0.0023391246795654297 608
1726233674844 0.0015482902526855469 609
1726233674882 -0.012661218643188477 610
1726233674920 -0.010519742965698242 611
1726233674960 0.0025310516357421875 612
1726233674996 -0.02114415168762207 613
1726233675033 0.022384285926818848 614
1726233675069 -0.000614166259765625 615
1726233675106 -0.0006191730499267578 616
1726233675144 -0.0006247758865356445 617
1726233675181 0.006024599075317383 618
1726233675219 -0.02437126636505127 619
1726233675256 0.014813423156738281 620
1726233675294 -0.0022237300872802734 621
1726233675332 -0.004879474639892578 622
1726233675369 0.0004646778106689453 623
1726233675407 -0.010059714317321777 624
1726233675445 -0.0018038749694824219 625
1726233675483 0.004708647727966309 626
1726233675521 -0.007595419883728027 627
1726233675559 -0.006707191467285156 628
1726233675596 0.0016394853591918945 629
1726233675633 0.008902907371520996 630
1726233675670 0.0159837007522583 631
1726233675708 -0.003587961196899414 632
1726233675746 -0.008706450462341309 633
1726233675784 -0.0008389949798583984 634
1726233675821 -0.0008780956268310547 635
1726233675859 -0.0009226799011230469 636
1726233675897 -0.0009744167327880859 637
1726233675934 0.009621262550354004 638
1726233675971 -0.006748080253601074 639
1726233676009 0.0023288726806640625 640
1726233676047 0.018839001655578613 641
1726233676085 0.0029969215393066406 642
1726233676121 0.006404995918273926 643
1726233676159 -0.01713120937347412 644
1726233676197 -0.036383867263793945 645
1726233676236 0.010900378227233887 646
1726233676277 0.008143901824951172 647
1726233676320 -0.00661158561706543 648
1726233676362 -0.00864112377166748 649
1726233676412 0.01795828342437744 650
1726233676458 0.019305706024169922 651
1726233676496 -0.008043766021728516 652
1726233676533 0.02137601375579834 653
1726233676571 -0.006382584571838379 654
1726233676607 0.0037984848022460938 655
1726233676644 -0.004859805107116699 656
1726233676681 -0.002190709114074707 657
1726233676720 0.0044536590576171875 658
1726233676757 -0.017917990684509277 659
1726233676795 -0.004553794860839844 660
1726233676832 -0.00287020206451416 661
1726233676870 -0.002893209457397461 662
1726233676908 -0.00206148624420166 663
1726233676946 0.019499659538269043 664
1726233676984 0.010918617248535156 665
1726233677022 0.0023975372314453125 666
1726233677059 0.009418964385986328 667
1726233677096 -0.007373929023742676 668
1726233677133 0.0027185678482055664 669
1726233677172 0.00074005126953125 670
1726233677208 -0.0006422996520996094 671
1726233677246 -0.002836942672729492 672
1726233677285 -0.0037664175033569336 673
1726233677323 0.0010138750076293945 674
1726233677360 -0.0010323524475097656 675
1726233677398 -0.0012171268463134766 676
1726233677435 -0.001003265380859375 677
1726233677474 -0.004943370819091797 678
1726233677511 0.011437654495239258 679
1726233677548 -0.0004127025604248047 680
1726233677585 -0.0076056718826293945 681
1726233677624 -0.0005439519882202148 682
1726233677661 -0.0005486011505126953 683
1726233677699 -0.0005533695220947266 684
1726233677737 -0.0005576610565185547 685
1726233677775 -0.008956074714660645 686
1726233677811 0.0018898248672485352 687
1726233677849 -0.0034024715423583984 688
1726233677887 0.0022318363189697266 689
1726233677925 0.002092599868774414 690
1726233677963 -0.0031853914260864258 691
1726233678001 -0.004963994026184082 692
1726233678038 -0.006558418273925781 693
1726233678076 -0.000723719596862793 694
1726233678114 -0.0007516145706176758 695
1726233678152 -0.0007836818695068359 696
1726233678189 -0.0008206367492675781 697
1726233678228 -0.004965066909790039 698
1726233678265 -0.0008393526077270508 699
1726233678303 -0.0009108781814575195 700
1726233678341 -0.01787281036376953 701
1726233678379 -4.887580871582031e-05 702
1726233678416 -4.982948303222656e-05 703
1726233678455 -5.054473876953125e-05 704
1726233678494 -5.125999450683594e-05 705
1726233678533 -5.1975250244140625e-05 706
1726233678571 -5.3048133850097656e-05 707
1726233678608 -5.3763389587402344e-05 708
1726233678646 0.0023050308227539062 709
1726233678684 -0.00011777877807617188 710
1726233678722 -0.00012135505676269531 711
1726233678760 -0.0001246929168701172 712
1726233678797 -0.00012826919555664062 713
1726233678836 -0.00013208389282226562 714
1726233678873 -0.00013589859008789062 715
1726233678912 -0.0001399517059326172 716
1726233678949 0.0051991939544677734 717
1726233678988 -1.0132789611816406e-05 718
1726233679026 -1.049041748046875e-05 719
1726233679063 0.022321343421936035 720
1726233679100 -0.0050040483474731445 721
1726233679139 -0.0022596120834350586 722
1726233679176 -0.0027352571487426758 723
1726233679215 -0.0035439729690551758 724
1726233679252 0.005811929702758789 725
1726233679290 0.003868579864501953 726
1726233679327 -0.008035063743591309 727
1726233679365 -0.002770662307739258 728
1726233679403 0.02241694927215576 729
1726233679441 -0.0008957386016845703 730
1726233679478 -0.0009295940399169922 731
1726233679516 -0.0009679794311523438 732
1726233679553 -0.00646209716796875 733
1726233679591 -0.005238533020019531 734
1726233679628 -5.412101745605469e-05 735
1726233679665 -0.0049741268157958984 736
1726233679703 -0.0024912357330322266 737
1726233679742 -0.0031975507736206055 738
1726233679779 -0.005002856254577637 739
1726233679818 -0.0011131763458251953 740
1726233679855 -0.00089263916015625 741
1726233679893 -0.007797718048095703 742
1726233679931 -0.004378318786621094 743
1726233679970 -0.0007197856903076172 744
1726233680008 -0.0008347034454345703 745
1726233680046 -0.0009943246841430664 746
1726233680084 -0.0012360811233520508 747
1726233680121 -0.0016633272171020508 748
1726233680159 -0.002823948860168457 749
1726233680197 -0.0008990764617919922 750
1726233680235 -0.00023651123046875 751
1726233680273 0.0036895275115966797 752
1726233680311 -0.0005937814712524414 753
1726233680350 -0.0006684064865112305 754
1726233680386 -0.0007648468017578125 755
1726233680424 -0.0008943080902099609 756
1726233680463 -0.0010790824890136719 757
1726233680502 -0.0013680458068847656 758
1726233680539 -0.0019083023071289062 759
1726233680576 -0.0033538341522216797 760
1726233680614 0.0 761
