1726233650246 1.447387933731079 0
1726233650288 1.4463295936584473 1
1726233650332 1.4376620054244995 2
1726233650371 1.4420485496520996 3
1726233650412 1.4444243907928467 4
1726233650455 1.4453415870666504 5
1726233650505 1.4423933029174805 6
1726233650553 1.4427751302719116 7
1726233650594 1.4345920085906982 8
1726233650636 1.4420243501663208 9
1726233650678 1.440965175628662 10
1726233650717 1.4473956823349 11
1726233650756 1.4504181146621704 12
1726233650793 1.446683406829834 13
1726233650834 1.4299216270446777 14
1726233650885 1.414078950881958 15
1726233650927 1.4189521074295044 16
1726233650977 1.4200843572616577 17
1726233651030 1.4003574848175049 18
1726233651071 1.4033435583114624 19
1726233651124 1.4050209522247314 20
1726233651170 1.4366896152496338 21
1726233651214 1.4284971952438354 22
1726233651265 1.4360454082489014 23
1726233651308 1.4287710189819336 24
1726233651345 1.4220199584960938 25
1726233651384 1.4257341623306274 26
1726233651422 1.415794849395752 27
1726233651460 1.412135362625122 28
1726233651499 1.4148589372634888 29
1726233651536 1.4261759519577026 30
1726233651574 1.4185620546340942 31
1726233651612 1.4138599634170532 32
1726233651654 1.4129890203475952 33
1726233651695 1.4145125150680542 34
1726233651734 1.4031970500946045 35
1726233651775 1.3983862400054932 36
1726233651814 1.4249379634857178 37
1726233651856 1.4236111640930176 38
1726233651897 1.4214755296707153 39
1726233651934 1.432132363319397 40
1726233651976 1.4382116794586182 41
1726233652017 1.4296207427978516 42
1726233652056 1.4246671199798584 43
1726233652097 1.4331657886505127 44
1726233652137 1.4231009483337402 45
1726233652176 1.4490222930908203 46
1726233652215 1.4274388551712036 47
1726233652255 1.4048337936401367 48
1726233652293 1.3821651935577393 49
1726233652332 1.3944474458694458 50
1726233652374 1.4011735916137695 51
1726233652416 1.4355504512786865 52
1726233652457 1.436400294303894 53
1726233652499 1.4267743825912476 54
1726233652538 1.4405796527862549 55
1726233652578 1.439014196395874 56
1726233652619 1.4267114400863647 57
1726233652659 1.42798912525177 58
1726233652698 1.4121254682540894 59
1726233652737 1.4364876747131348 60
1726233652777 1.4379340410232544 61
1726233652815 1.442845106124878 62
1726233652856 1.428931713104248 63
1726233652898 1.4384266138076782 64
1726233652938 1.4358761310577393 65
1726233652979 1.42746901512146 66
1726233653020 1.4327034950256348 67
1726233653059 1.4482725858688354 68
1726233653098 1.4430079460144043 69
1726233653137 1.4432170391082764 70
1726233653177 1.4365167617797852 71
1726233653215 1.4258084297180176 72
1726233653254 1.4213954210281372 73
1726233653293 1.4271904230117798 74
1726233653333 1.4381836652755737 75
1726233653372 1.431424856185913 76
1726233653412 1.4235061407089233 77
1726233653451 1.4456013441085815 78
1726233653490 1.4314064979553223 79
1726233653528 1.3872365951538086 80
1726233653568 1.4127411842346191 81
1726233653607 1.382140874862671 82
1726233653646 1.3943474292755127 83
1726233653685 1.4034597873687744 84
1726233653724 1.4004634618759155 85
1726233653763 1.4394004344940186 86
1726233653802 1.4098412990570068 87
1726233653841 1.4060399532318115 88
1726233653881 1.4313396215438843 89
1726233653921 1.4470645189285278 90
1726233653959 1.4486322402954102 91
1726233653998 1.4273347854614258 92
1726233654037 1.4490715265274048 93
1726233654076 1.4346977472305298 94
1726233654116 1.4515197277069092 95
1726233654154 1.4301337003707886 96
1726233654192 1.431623935699463 97
1726233654230 1.4166523218154907 98
1726233654274 1.4311338663101196 99
1726233654313 1.4482395648956299 100
1726233654352 1.437474012374878 101
1726233654394 1.4491902589797974 102
1726233654433 1.4329614639282227 103
1726233654471 1.4326432943344116 104
1726233654510 1.4161053895950317 105
1726233654549 1.413108229637146 106
1726233654590 1.4325789213180542 107
1726233654631 1.4302167892456055 108
1726233654678 1.4369139671325684 109
1726233654735 1.427011251449585 110
1726233654781 1.4507331848144531 111
1726233654819 1.4184209108352661 112
1726233654856 1.4262096881866455 113
1726233654894 1.4237788915634155 114
1726233654933 1.4192306995391846 115
1726233654970 1.397509217262268 116
1726233655009 1.421278953552246 117
1726233655046 1.4088973999023438 118
1726233655084 1.3952844142913818 119
1726233655125 1.3928793668746948 120
1726233655163 1.4156224727630615 121
1726233655201 1.4515169858932495 122
1726233655241 1.4360439777374268 123
1726233655280 1.4471734762191772 124
1726233655318 1.44523286819458 125
1726233655356 1.4353599548339844 126
1726233655397 1.4304237365722656 127
1726233655436 1.419155240058899 128
1726233655473 1.4457714557647705 129
1726233655512 1.4518290758132935 130
1726233655553 1.4451202154159546 131
1726233655592 1.4392296075820923 132
1726233655631 1.4405837059020996 133
1726233655672 1.4380196332931519 134
1726233655712 1.4320762157440186 135
1726233655751 1.444895625114441 136
1726233655792 1.452710509300232 137
1726233655832 1.4328351020812988 138
1726233655872 1.4423253536224365 139
1726233655912 1.440556287765503 140
1726233655952 1.4480124711990356 141
1726233655992 1.4467878341674805 142
1726233656031 1.428539752960205 143
1726233656070 1.424094796180725 144
1726233656110 1.427883267402649 145
1726233656151 1.4225767850875854 146
1726233656190 1.4376705884933472 147
1726233656231 1.4358530044555664 148
1726233656271 1.4461349248886108 149
1726233656309 1.4173789024353027 150
1726233656348 1.4178968667984009 151
1726233656388 1.4417539834976196 152
1726233656427 1.4365613460540771 153
1726233656469 1.426891565322876 154
1726233656516 1.4207406044006348 155
1726233656556 1.4386152029037476 156
1726233656596 1.451786756515503 157
1726233656635 1.4505739212036133 158
1726233656674 1.4497854709625244 159
1726233656713 1.4344857931137085 160
1726233656751 1.4342098236083984 161
1726233656790 1.448813796043396 162
1726233656829 1.447672963142395 163
1726233656868 1.4439374208450317 164
1726233656909 1.44132661819458 165
1726233656948 1.4498103857040405 166
1726233656986 1.4336949586868286 167
1726233657026 1.4402108192443848 168
1726233657064 1.4222469329833984 169
1726233657102 1.3900909423828125 170
1726233657141 1.4238053560256958 171
1726233657179 1.423170804977417 172
1726233657218 1.428709864616394 173
1726233657256 1.410261631011963 174
1726233657295 1.4244155883789062 175
1726233657333 1.4333370923995972 176
1726233657372 1.4278450012207031 177
1726233657413 1.433480978012085 178
1726233657451 1.4400616884231567 179
1726233657489 1.4497809410095215 180
1726233657527 1.4488515853881836 181
1726233657566 1.4525258541107178 182
1726233657604 1.4489562511444092 183
1726233657643 1.4395204782485962 184
1726233657685 1.445342779159546 185
1726233657723 1.4361943006515503 186
1726233657764 1.442245364189148 187
1726233657802 1.4368253946304321 188
1726233657842 1.4428255558013916 189
1726233657881 1.4460068941116333 190
1726233657920 1.4429436922073364 191
1726233657960 1.4376351833343506 192
1726233657999 1.4477295875549316 193
1726233658038 1.43618643283844 194
1726233658076 1.4335306882858276 195
1726233658115 1.435145378112793 196
1726233658155 1.448656439781189 197
1726233658192 1.4488109350204468 198
1726233658231 1.4243450164794922 199
1726233658271 1.4310015439987183 200
1726233658310 1.4356446266174316 201
1726233658348 1.4366238117218018 202
1726233658388 1.44400954246521 203
1726233658428 1.438132882118225 204
1726233658466 1.4387396574020386 205
1726233658504 1.4139130115509033 206
1726233658542 1.4370501041412354 207
1726233658580 1.433772087097168 208
1726233658618 1.4385769367218018 209
1726233658656 1.4095193147659302 210
1726233658695 1.4325330257415771 211
1726233658734 1.4189965724945068 212
1726233658771 1.4439640045166016 213
1726233658809 1.4450302124023438 214
1726233658848 1.4333553314208984 215
1726233658886 1.4062049388885498 216
1726233658925 1.4241344928741455 217
1726233658963 1.4419810771942139 218
1726233659002 1.446791648864746 219
1726233659039 1.4383389949798584 220
1726233659077 1.4452488422393799 221
1726233659115 1.4412899017333984 222
1726233659155 1.4486017227172852 223
1726233659194 1.4482944011688232 224
1726233659232 1.446868658065796 225
1726233659273 1.43706214427948 226
1726233659320 1.4183228015899658 227
1726233659363 1.404994010925293 228
1726233659404 1.4087660312652588 229
1726233659444 1.4292055368423462 230
1726233659482 1.4225667715072632 231
1726233659522 1.4053065776824951 232
1726233659561 1.434601068496704 233
1726233659600 1.4402217864990234 234
1726233659639 1.4474772214889526 235
1726233659678 1.4388818740844727 236
1726233659717 1.445695400238037 237
1726233659756 1.441215991973877 238
1726233659796 1.4422016143798828 239
1726233659835 1.4369263648986816 240
1726233659874 1.4343833923339844 241
1726233659913 1.4293240308761597 242
1726233659951 1.4129197597503662 243
1726233659990 1.4124716520309448 244
1726233660029 1.424452543258667 245
1726233660068 1.3947572708129883 246
1726233660105 1.4172062873840332 247
1726233660143 1.449155569076538 248
1726233660181 1.4340343475341797 249
1726233660222 1.4416768550872803 250
1726233660264 1.4453542232513428 251
1726233660317 1.4488179683685303 252
1726233660361 1.4298157691955566 253
1726233660413 1.4314661026000977 254
1726233660465 1.4347306489944458 255
1726233660512 1.4299652576446533 256
1726233660554 1.422621726989746 257
1726233660593 1.450965166091919 258
1726233660633 1.4442565441131592 259
1726233660673 1.4515912532806396 260
1726233660712 1.4402711391448975 261
1726233660751 1.4379602670669556 262
1726233660791 1.4492703676223755 263
1726233660832 1.4471404552459717 264
1726233660876 1.4456920623779297 265
1726233660918 1.4208669662475586 266
1726233660963 1.441452145576477 267
1726233661009 1.4445751905441284 268
1726233661062 1.4473869800567627 269
1726233661119 1.4383355379104614 270
1726233661176 1.4386388063430786 271
1726233661217 1.4249646663665771 272
1726233661259 1.407201886177063 273
1726233661300 1.410423755645752 274
1726233661338 1.4227200746536255 275
1726233661378 1.4232763051986694 276
1726233661423 1.4208842515945435 277
1726233661470 1.4292389154434204 278
1726233661510 1.4381847381591797 279
1726233661546 1.4471406936645508 280
1726233661584 1.4433605670928955 281
1726233661622 1.4426207542419434 282
1726233661662 1.4462997913360596 283
1726233661702 1.4332702159881592 284
1726233661741 1.4422358274459839 285
1726233661781 1.4489073753356934 286
1726233661824 1.437376618385315 287
1726233661865 1.4436960220336914 288
1726233661914 1.4420567750930786 289
1726233661952 1.4452546834945679 290
1726233661990 1.4483023881912231 291
1726233662029 1.4503639936447144 292
1726233662068 1.437151312828064 293
1726233662106 1.434230089187622 294
1726233662144 1.4058864116668701 295
1726233662183 1.4396381378173828 296
1726233662222 1.438077688217163 297
1726233662260 1.4291017055511475 298
1726233662298 1.425621747970581 299
1726233662338 1.4209574460983276 300
1726233662377 1.4330730438232422 301
1726233662417 1.4121544361114502 302
1726233662456 1.4058432579040527 303
1726233662496 1.4157124757766724 304
1726233662535 1.424342393875122 305
1726233662575 1.4303736686706543 306
1726233662615 1.4390342235565186 307
1726233662654 1.4472782611846924 308
1726233662693 1.4445433616638184 309
1726233662734 1.4280304908752441 310
1726233662774 1.44143545627594 311
1726233662819 1.407527208328247 312
1726233662867 1.4320626258850098 313
1726233662909 1.4432275295257568 314
1726233662949 1.441838026046753 315
1726233662988 1.4513558149337769 316
1726233663026 1.4401663541793823 317
1726233663069 1.4452544450759888 318
1726233663108 1.4403555393218994 319
1726233663148 1.4472815990447998 320
1726233663187 1.4442870616912842 321
1726233663228 1.4458832740783691 322
1726233663266 1.436678409576416 323
1726233663306 1.4192743301391602 324
1726233663345 1.424248456954956 325
1726233663384 1.4340894222259521 326
1726233663425 1.4435639381408691 327
1726233663465 1.4467114210128784 328
1726233663505 1.4395272731781006 329
1726233663545 1.4326791763305664 330
1726233663584 1.4245531558990479 331
1726233663623 1.4252972602844238 332
1726233663662 1.4401459693908691 333
1726233663702 1.4339783191680908 334
1726233663740 1.4284558296203613 335
1726233663778 1.4236934185028076 336
1726233663817 1.436797022819519 337
1726233663857 1.4243872165679932 338
1726233663896 1.4328898191452026 339
1726233663935 1.4399065971374512 340
1726233663975 1.4428006410598755 341
1726233664015 1.4387295246124268 342
1726233664054 1.438584327697754 343
1726233664094 1.4095574617385864 344
1726233664133 1.420225977897644 345
1726233664172 1.4171805381774902 346
1726233664213 1.4361722469329834 347
1726233664251 1.4484128952026367 348
1726233664290 1.430251121520996 349
1726233664330 1.4359910488128662 350
1726233664370 1.4377727508544922 351
1726233664409 1.4378396272659302 352
1726233664448 1.4373629093170166 353
1726233664488 1.4438821077346802 354
1726233664527 1.4271671772003174 355
1726233664565 1.418412685394287 356
1726233664605 1.4343280792236328 357
1726233664645 1.4418339729309082 358
1726233664684 1.4477078914642334 359
1726233664724 1.442488670349121 360
1726233664763 1.4508655071258545 361
1726233664802 1.4483468532562256 362
1726233664842 1.448340654373169 363
1726233664884 1.436887264251709 364
1726233664934 1.42770516872406 365
1726233664979 1.4337948560714722 366
1726233665018 1.4274258613586426 367
1726233665057 1.438401460647583 368
1726233665096 1.4464106559753418 369
1726233665134 1.4331161975860596 370
1726233665172 1.4414409399032593 371
1726233665211 1.4241483211517334 372
1726233665250 1.4294748306274414 373
1726233665290 1.4242714643478394 374
1726233665329 1.4226553440093994 375
1726233665366 1.425565481185913 376
1726233665406 1.4371259212493896 377
1726233665445 1.420417070388794 378
1726233665485 1.4224687814712524 379
1726233665524 1.4199351072311401 380
1726233665564 1.4259934425354004 381
1726233665607 1.4140245914459229 382
1726233665658 1.4419348239898682 383
1726233665709 1.4401038885116577 384
1726233665759 1.4411855936050415 385
1726233665796 1.4466387033462524 386
1726233665833 1.4466873407363892 387
1726233665871 1.429736852645874 388
1726233665910 1.4288089275360107 389
1726233665949 1.4339370727539062 390
1726233665989 1.4215044975280762 391
1726233666031 1.4449844360351562 392
1726233666071 1.434709072113037 393
1726233666111 1.4453117847442627 394
1726233666150 1.441331148147583 395
1726233666190 1.4197280406951904 396
1726233666229 1.4334975481033325 397
1726233666268 1.4330463409423828 398
1726233666308 1.4206757545471191 399
1726233666347 1.4246264696121216 400
1726233666385 1.4374852180480957 401
1726233666424 1.4447475671768188 402
1726233666465 1.4331356287002563 403
1726233666504 1.4476301670074463 404
1726233666544 1.4449654817581177 405
1726233666584 1.4480481147766113 406
1726233666633 1.4454927444458008 407
1726233666672 1.4327542781829834 408
1726233666713 1.426159381866455 409
1726233666751 1.4402573108673096 410
1726233666791 1.4376680850982666 411
1726233666831 1.4179108142852783 412
1726233666876 1.4376074075698853 413
1726233666918 1.4161756038665771 414
1726233666963 1.428428292274475 415
1726233667003 1.4245362281799316 416
1726233667043 1.415846347808838 417
1726233667082 1.4036798477172852 418
1726233667121 1.4084957838058472 419
1726233667161 1.394691824913025 420
1726233667202 1.3796982765197754 421
1726233667242 1.3978636264801025 422
1726233667281 1.411571979522705 423
1726233667321 1.4113738536834717 424
1726233667361 1.4267507791519165 425
1726233667399 1.4272434711456299 426
1726233667440 1.4375969171524048 427
1726233667479 1.4437652826309204 428
1726233667518 1.4485528469085693 429
1726233667557 1.4460649490356445 430
1726233667596 1.4434967041015625 431
1726233667637 1.4324500560760498 432
1726233667677 1.4387990236282349 433
1726233667716 1.4235248565673828 434
1726233667755 1.4385972023010254 435
1726233667795 1.4302985668182373 436
1726233667835 1.429358720779419 437
1726233667874 1.4314193725585938 438
1726233667914 1.423799991607666 439
1726233667954 1.4188117980957031 440
1726233667993 1.4250705242156982 441
1726233668033 1.4327377080917358 442
1726233668072 1.4418753385543823 443
1726233668110 1.4382410049438477 444
1726233668152 1.4460244178771973 445
1726233668190 1.4389561414718628 446
1726233668229 1.4336485862731934 447
1726233668268 1.4486784934997559 448
1726233668309 1.4264763593673706 449
1726233668348 1.427955985069275 450
1726233668388 1.4305392503738403 451
1726233668428 1.4173107147216797 452
1726233668475 1.4233342409133911 453
1726233668522 1.4302897453308105 454
1726233668567 1.4205167293548584 455
1726233668615 1.411937952041626 456
1726233668662 1.4115960597991943 457
1726233668710 1.4112505912780762 458
1726233668761 1.419229507446289 459
1726233668819 1.4262596368789673 460
1726233668877 1.4305925369262695 461
1726233668942 1.4162592887878418 462
1726233668997 1.4090867042541504 463
1726233669046 1.4199084043502808 464
1726233669101 1.4449058771133423 465
1726233669156 1.4426689147949219 466
1726233669208 1.4208452701568604 467
1726233669259 1.4451180696487427 468
1726233669314 1.4270856380462646 469
1726233669378 1.4335579872131348 470
1726233669436 1.4515297412872314 471
1726233669484 1.4370222091674805 472
1726233669534 1.4102494716644287 473
1726233669583 1.38103187084198 474
1726233669632 1.422417402267456 475
1726233669681 1.4093403816223145 476
1726233669733 1.3916125297546387 477
1726233669784 1.3871185779571533 478
1726233669833 1.4060659408569336 479
1726233669878 1.4031671285629272 480
1726233669921 1.3857852220535278 481
1726233669964 1.3997046947479248 482
1726233670005 1.4288303852081299 483
1726233670047 1.443634271621704 484
1726233670087 1.4380083084106445 485
1726233670127 1.4431389570236206 486
1726233670168 1.4303414821624756 487
1726233670208 1.4498913288116455 488
1726233670247 1.4453892707824707 489
1726233670285 1.4392101764678955 490
1726233670326 1.4380007982254028 491
1726233670370 1.4333560466766357 492
1726233670410 1.4345487356185913 493
1726233670450 1.4374797344207764 494
1726233670490 1.4370125532150269 495
1726233670529 1.426446795463562 496
1726233670568 1.448914885520935 497
1726233670606 1.4397268295288086 498
1726233670645 1.4431378841400146 499
1726233670685 1.4440348148345947 500
1726233670723 1.4382026195526123 501
1726233670761 1.4365878105163574 502
1726233670799 1.426854133605957 503
1726233670837 1.4199535846710205 504
1726233670875 1.4172924757003784 505
1726233670913 1.428619623184204 506
1726233670951 1.4356986284255981 507
1726233670989 1.4191713333129883 508
1726233671027 1.4074676036834717 509
1726233671064 1.4034852981567383 510
1726233671102 1.4170514345169067 511
1726233671144 1.4272685050964355 512
1726233671185 1.4326550960540771 513
1726233671223 1.4370267391204834 514
1726233671261 1.433610200881958 515
1726233671299 1.4273459911346436 516
1726233671337 1.4419833421707153 517
1726233671374 1.427741289138794 518
1726233671413 1.4224343299865723 519
1726233671451 1.4177746772766113 520
1726233671489 1.4280543327331543 521
1726233671527 1.4351222515106201 522
1726233671566 1.4496699571609497 523
1726233671603 1.4414176940917969 524
1726233671640 1.4397600889205933 525
1726233671678 1.4376716613769531 526
1726233671718 1.4328017234802246 527
1726233671756 1.4149353504180908 528
1726233671794 1.4217002391815186 529
1726233671831 1.4303953647613525 530
1726233671869 1.4245089292526245 531
1726233671907 1.4280446767807007 532
1726233671945 1.4250962734222412 533
1726233671983 1.4061787128448486 534
1726233672021 1.3741291761398315 535
1726233672059 1.4176230430603027 536
1726233672097 1.4147922992706299 537
1726233672134 1.4025895595550537 538
1726233672172 1.4055529832839966 539
1726233672210 1.403481125831604 540
1726233672248 1.4023422002792358 541
1726233672285 1.4090497493743896 542
1726233672323 1.404225468635559 543
1726233672361 1.4028899669647217 544
1726233672398 1.428576111793518 545
1726233672435 1.4363294839859009 546
1726233672474 1.446437954902649 547
1726233672512 1.4438941478729248 548
1726233672550 1.428274154663086 549
1726233672587 1.4426357746124268 550
1726233672625 1.4363349676132202 551
1726233672663 1.4461588859558105 552
1726233672702 1.4482914209365845 553
1726233672740 1.4449851512908936 554
1726233672778 1.4400336742401123 555
1726233672815 1.4340721368789673 556
1726233672852 1.4188041687011719 557
1726233672890 1.4324846267700195 558
1726233672928 1.4349182844161987 559
1726233672967 1.4248958826065063 560
1726233673004 1.3991996049880981 561
1726233673041 1.4102716445922852 562
1726233673079 1.410455584526062 563
1726233673117 1.3811075687408447 564
1726233673154 1.3810830116271973 565
1726233673192 1.3810579776763916 566
1726233673230 1.3810323476791382 567
1726233673268 1.3810063600540161 568
1726233673305 1.3817999362945557 569
1726233673342 1.393852710723877 570
1726233673380 1.3902781009674072 571
1726233673418 1.39285147190094 572
1726233673456 1.3990715742111206 573
1726233673494 1.3966238498687744 574
1726233673530 1.4115452766418457 575
1726233673568 1.4079684019088745 576
1726233673606 1.4033138751983643 577
1726233673643 1.38332998752594 578
1726233673681 1.4057670831680298 579
1726233673719 1.3914549350738525 580
1726233673759 1.4075407981872559 581
1726233673818 1.4065701961517334 582
1726233673861 1.383573055267334 583
1726233673903 1.4090749025344849 584
1726233673942 1.4172931909561157 585
1726233673980 1.4101368188858032 586
1726233674018 1.4103217124938965 587
1726233674056 1.4096219539642334 588
1726233674094 1.4089040756225586 589
1726233674132 1.4081664085388184 590
1726233674169 1.4190915822982788 591
1726233674208 1.4203875064849854 592
1726233674245 1.4065139293670654 593
1726233674283 1.4057807922363281 594
1726233674320 1.4151921272277832 595
1726233674358 1.4231503009796143 596
1726233674395 1.4157028198242188 597
1726233674432 1.421753168106079 598
1726233674470 1.436112642288208 599
1726233674508 1.4273301362991333 600
1726233674546 1.4390474557876587 601
1726233674582 1.4416477680206299 602
1726233674619 1.4266327619552612 603
1726233674658 1.4239729642868042 604
1726233674696 1.4220222234725952 605
1726233674737 1.4279017448425293 606
1726233674777 1.4438419342041016 607
1726233674818 1.4415028095245361 608
1726233674861 1.4430510997772217 609
1726233674898 1.4303898811340332 610
1726233674938 1.419870138168335 611
1726233674975 1.4224011898040771 612
1726233675011 1.401257038116455 613
1726233675048 1.423641324043274 614
1726233675086 1.4230271577835083 615
1726233675123 1.4224079847335815 616
1726233675160 1.421783208847046 617
1726233675198 1.4278078079223633 618
1726233675235 1.403436541557312 619
1726233675273 1.4182499647140503 620
1726233675311 1.41602623462677 621
1726233675348 1.4111467599868774 622
1726233675385 1.4116114377975464 623
1726233675423 1.4015517234802246 624
1726233675462 1.3997478485107422 625
1726233675499 1.4044564962387085 626
1726233675537 1.3968610763549805 627
1726233675575 1.3901538848876953 628
1726233675612 1.3917933702468872 629
1726233675649 1.4006962776184082 630
1726233675686 1.4166799783706665 631
1726233675725 1.413092017173767 632
1726233675762 1.4043855667114258 633
1726233675799 1.4035465717315674 634
1726233675837 1.4026684761047363 635
1726233675875 1.4017457962036133 636
1726233675913 1.4007713794708252 637
1726233675950 1.4103926420211792 638
1726233675988 1.4036445617675781 639
1726233676026 1.4059734344482422 640
1726233676063 1.4248124361038208 641
1726233676100 1.4278093576431274 642
1726233676137 1.4342143535614014 643
1726233676176 1.4170831441879272 644
1726233676214 1.3806992769241333 645
1726233676253 1.3915996551513672 646
1726233676297 1.3997435569763184 647
1726233676339 1.393131971359253 648
1726233676382 1.3844908475875854 649
1726233676431 1.402449131011963 650
1726233676475 1.4217548370361328 651
1726233676513 1.4137110710144043 652
1726233676550 1.4350870847702026 653
1726233676586 1.4287045001983643 654
1726233676623 1.4325029850006104 655
1726233676660 1.4276431798934937 656
1726233676698 1.425452470779419 657
1726233676736 1.4299061298370361 658
1726233676774 1.4119881391525269 659
1726233676811 1.407434344291687 660
1726233676849 1.4045641422271729 661
1726233676886 1.4016709327697754 662
1726233676925 1.3996094465255737 663
1726233676963 1.4191091060638428 664
1726233677000 1.430027723312378 665
1726233677038 1.4324252605438232 666
1726233677075 1.4418442249298096 667
1726233677112 1.434470295906067 668
1726233677150 1.4371888637542725 669
1726233677188 1.4379289150238037 670
1726233677225 1.437286615371704 671
1726233677263 1.4344496726989746 672
1726233677301 1.4306832551956177 673
1726233677338 1.431697130203247 674
1726233677376 1.4306647777557373 675
1726233677414 1.4294476509094238 676
1726233677452 1.4284443855285645 677
1726233677490 1.4235010147094727 678
1726233677527 1.434938669204712 679
1726233677565 1.434525966644287 680
1726233677602 1.4269202947616577 681
1726233677640 1.4263763427734375 682
1726233677677 1.4258277416229248 683
1726233677715 1.42527437210083 684
1726233677753 1.4247167110443115 685
1726233677791 1.4157606363296509 686
1726233677828 1.4176504611968994 687
1726233677866 1.414247989654541 688
1726233677903 1.4164798259735107 689
1726233677941 1.4185724258422852 690
1726233677980 1.4153870344161987 691
1726233678017 1.4104230403900146 692
1726233678054 1.4038646221160889 693
1726233678092 1.403140902519226 694
1726233678130 1.4023892879486084 695
1726233678168 1.4016056060791016 696
1726233678206 1.400784969329834 697
1726233678244 1.395819902420044 698
1726233678282 1.394980549812317 699
1726233678320 1.3940696716308594 700
1726233678357 1.3761968612670898 701
1726233678395 1.376147985458374 702
1726233678433 1.3760981559753418 703
1726233678472 1.3760476112365723 704
1726233678511 1.3759963512420654 705
1726233678549 1.3759443759918213 706
1726233678587 1.3758913278579712 707
1726233678625 1.3758375644683838 708
1726233678662 1.3781425952911377 709
1726233678700 1.3780248165130615 710
1726233678738 1.3779034614562988 711
1726233678776 1.3777787685394287 712
1726233678814 1.377650499343872 713
1726233678852 1.3775184154510498 714
1726233678890 1.377382516860962 715
1726233678928 1.3772425651550293 716
1726233678966 1.382441759109497 717
1726233679004 1.3824316263198853 718
1726233679042 1.3824211359024048 719
1726233679080 1.4047424793243408 720
1726233679117 1.3997384309768677 721
1726233679155 1.3974788188934326 722
1726233679192 1.39474356174469 723
1726233679231 1.3911995887756348 724
1726233679269 1.3970115184783936 725
1726233679306 1.4008800983428955 726
1726233679344 1.3928450345993042 727
1726233679382 1.390074372291565 728
1726233679419 1.4124913215637207 729
1726233679457 1.4115955829620361 730
1726233679495 1.4106659889221191 731
1726233679533 1.4096980094909668 732
1726233679570 1.403235912322998 733
1726233679607 1.3979973793029785 734
1726233679644 1.3979432582855225 735
1726233679681 1.3929691314697266 736
1726233679720 1.3904778957366943 737
1726233679758 1.3872803449630737 738
1726233679796 1.382277488708496 739
1726233679834 1.381164312362671 740
1726233679872 1.3802716732025146 741
1726233679909 1.372473955154419 742
1726233679947 1.3680956363677979 743
1726233679986 1.3673758506774902 744
1726233680024 1.3665411472320557 745
1726233680062 1.3655468225479126 746
1726233680100 1.3643107414245605 747
1726233680138 1.3626474142074585 748
1726233680175 1.35982346534729 749
1726233680214 1.358924388885498 750
1726233680251 1.3586878776550293 751
1726233680290 1.362377405166626 752
1726233680328 1.3617836236953735 753
1726233680365 1.3611152172088623 754
1726233680402 1.3603503704071045 755
1726233680441 1.3594560623168945 756
1726233680480 1.3583769798278809 757
1726233680518 1.357008934020996 758
1726233680555 1.3551006317138672 759
1726233680593 1.3517467975616455 760
1726233680631 1.3517467975616455 761
