1727302069838 2.321556329727173 0
1727302069877 1.9413621425628662 1
1727302069915 2.2108123302459717 2
1727302069953 2.0669984817504883 3
1727302069990 2.0427913665771484 4
1727302070028 2.1995437145233154 5
1727302070065 2.2802376747131348 6
1727302070108 2.1001992225646973 7
1727302070147 1.8549017906188965 8
1727302070186 2.088833808898926 9
1727302070224 2.2367820739746094 10
1727302070261 2.05757474899292 11
1727302070301 2.163501262664795 12
1727302070341 2.1542491912841797 13
1727302070382 2.1715846061706543 14
1727302070421 2.1001105308532715 15
1727302070461 2.112339496612549 16
1727302070499 2.015619993209839 17
1727302070536 2.0491204261779785 18
1727302070575 1.913191318511963 19
1727302070614 2.100789785385132 20
1727302070654 2.09244441986084 21
1727302070693 2.054218053817749 22
1727302070734 2.0045292377471924 23
1727302070773 2.0346105098724365 24
1727302070812 2.1702942848205566 25
1727302070848 1.936468243598938 26
1727302070889 2.093449354171753 27
1727302070928 2.1822872161865234 28
1727302070971 2.0766565799713135 29
1727302071018 2.18135666847229 30
1727302071057 2.062317371368408 31
1727302071098 2.0718870162963867 32
1727302071139 1.9959702491760254 33
1727302071179 2.1241729259490967 34
1727302071219 1.8809239864349365 35
1727302071259 2.12812876701355 36
1727302071299 2.036252498626709 37
1727302071340 2.1645350456237793 38
1727302071382 2.0171990394592285 39
1727302071419 2.0940918922424316 40
1727302071457 1.6078027486801147 41
1727302071496 1.9272572994232178 42
1727302071537 2.248080015182495 43
1727302071577 2.192164897918701 44
1727302071616 2.1761105060577393 45
1727302071654 2.1490049362182617 46
1727302071690 2.1135425567626953 47
1727302071727 2.2029762268066406 48
1727302071766 2.195140838623047 49
1727302071806 1.9783148765563965 50
1727302071845 2.132030963897705 51
1727302071885 2.136509656906128 52
1727302071925 2.2136785984039307 53
1727302071965 2.1142797470092773 54
1727302072004 1.8857719898223877 55
1727302072042 1.941298246383667 56
1727302072083 2.2556567192077637 57
1727302072123 2.050213098526001 58
1727302072162 1.9896737337112427 59
1727302072199 2.122521162033081 60
1727302072241 1.8811845779418945 61
1727302072280 1.876847505569458 62
1727302072320 2.2858686447143555 63
1727302072360 2.1205620765686035 64
1727302072402 2.161360263824463 65
1727302072442 2.1225948333740234 66
1727302072486 2.139376163482666 67
1727302072532 2.0283679962158203 68
1727302072572 2.06479549407959 69
1727302072614 2.0777719020843506 70
1727302072656 2.008399248123169 71
1727302072700 1.8534297943115234 72
1727302072739 1.9524017572402954 73
1727302072781 2.0258448123931885 74
1727302072820 2.2121617794036865 75
1727302072860 2.1367099285125732 76
1727302072899 1.3735275268554688 77
1727302072939 1.9144518375396729 78
1727302072978 2.004671812057495 79
1727302073017 2.226579189300537 80
1727302073057 2.01094388961792 81
1727302073096 2.0241737365722656 82
1727302073136 2.070061445236206 83
1727302073172 1.9964900016784668 84
1727302073213 2.163081407546997 85
1727302073252 2.0920090675354004 86
1727302073291 2.1034953594207764 87
1727302073330 2.1519675254821777 88
1727302073374 1.8503434658050537 89
1727302073416 2.1537530422210693 90
1727302073457 1.9628345966339111 91
1727302073498 2.112781524658203 92
1727302073539 2.041532516479492 93
1727302073578 2.0814104080200195 94
1727302073618 2.036463737487793 95
1727302073658 2.138084650039673 96
1727302073698 2.214054822921753 97
1727302073739 2.2005491256713867 98
1727302073779 1.9494341611862183 99
1727302073820 1.9351904392242432 100
1727302073860 2.154966354370117 101
1727302073901 2.1318793296813965 102
1727302073941 2.2135982513427734 103
1727302073979 2.1726016998291016 104
1727302074018 2.0814104080200195 105
1727302074057 2.1005589962005615 106
1727302074096 2.261730909347534 107
1727302074135 2.2251102924346924 108
1727302074177 2.2150604724884033 109
1727302074219 2.060819149017334 110
1727302074260 2.2331032752990723 111
1727302074302 1.9886176586151123 112
1727302074343 2.171856641769409 113
1727302074385 2.1344592571258545 114
1727302074426 2.1282737255096436 115
1727302074466 2.067162275314331 116
1727302074505 2.1616649627685547 117
1727302074543 2.116265296936035 118
1727302074582 2.1517035961151123 119
1727302074623 2.0452888011932373 120
1727302074663 2.230604648590088 121
1727302074704 2.068859577178955 122
1727302074743 2.0704262256622314 123
1727302074785 2.1438369750976562 124
1727302074824 2.1395466327667236 125
1727302074862 2.0513978004455566 126
1727302074902 2.0169615745544434 127
1727302074941 2.0904765129089355 128
1727302074978 2.1741628646850586 129
1727302075014 1.9362404346466064 130
1727302075051 1.9864130020141602 131
1727302075090 2.155118227005005 132
1727302075129 2.063555955886841 133
1727302075166 2.231405258178711 134
1727302075202 2.1749229431152344 135
1727302075238 2.219092845916748 136
1727302075275 1.718798041343689 137
1727302075313 1.5320429801940918 138
1727302075351 1.8742681741714478 139
1727302075390 2.2352468967437744 140
1727302075432 1.8659474849700928 141
1727302075472 2.2513487339019775 142
1727302075511 2.0102620124816895 143
1727302075547 2.146182060241699 144
1727302075585 2.006660223007202 145
1727302075622 1.2344979047775269 146
1727302075661 1.2344979047775269 147
