1727298185072 0.26039671897888184 0
1727298185113 0.2629721164703369 1
1727298185155 0.2619309425354004 2
1727298185202 0.17535805702209473 3
1727298185246 0.20854401588439941 4
1727298185289 0.03034043312072754 5
1727298185328 0.22313737869262695 6
1727298185364 0.006678104400634766 7
1727298185403 0.17249393463134766 8
1727298185449 0.23226356506347656 9
1727298185486 0.18953299522399902 10
1727298185523 0.07522320747375488 11
1727298185559 0.21585559844970703 12
1727298185596 0.1608717441558838 13
1727298185632 0.23443293571472168 14
1727298185672 0.05146312713623047 15
1727298185710 0.23436474800109863 16
1727298185748 0.19127416610717773 17
1727298185785 0.17595982551574707 18
1727298185821 0.07895612716674805 19
1727298185857 0.16370677947998047 20
1727298185896 0.17345666885375977 21
1727298185939 0.2332620620727539 22
1727298185975 0.18045759201049805 23
1727298186013 0.09368157386779785 24
1727298186050 0.0617976188659668 25
1727298186086 0.10188594460487366 26
1727298186123 0.1643364429473877 27
1727298186160 0.20628046989440918 28
1727298186202 0.16849899291992188 29
1727298186240 0.25702643394470215 30
1727298186279 0.18195223808288574 31
1727298186315 0.07791280746459961 32
1727298186354 0.2782888412475586 33
1727298186396 0.1546494960784912 34
1727298186432 0.2042677402496338 35
1727298186469 0.09767794609069824 36
1727298186505 0.15070652961730957 37
1727298186542 0.23586058616638184 38
1727298186579 0.2372274398803711 39
1727298186618 0.20442938804626465 40
1727298186660 0.15020442008972168 41
1727298186701 0.06306314468383789 42
1727298186738 0.10975582152605057 43
1727298186777 0.19070982933044434 44
1727298186817 0.056316375732421875 45
1727298186862 0.1779494285583496 46
1727298186907 -0.07080268859863281 47
1727298186951 -0.05037558078765869 48
1727298186993 0.19621634483337402 49
1727298187038 0.15101313591003418 50
1727298187083 0.3415137529373169 51
1727298187129 0.1277170181274414 52
1727298187175 0.013957738876342773 53
1727298187217 0.22666645050048828 54
1727298187254 0.011059999465942383 55
1727298187290 0.2422466278076172 56
1727298187327 0.07320094108581543 57
1727298187363 0.23218727111816406 58
1727298187401 0.18213486671447754 59
1727298187439 0.2207961082458496 60
1727298187475 0.0040171146392822266 61
1727298187524 -0.16584062576293945 62
1727298187562 -0.24422740936279297 63
1727298187599 0.1772747039794922 64
1727298187638 0.14829444885253906 65
1727298187675 0.10804939270019531 66
1727298187713 0.15330052375793457 67
1727298187749 0.12461733818054199 68
1727298187787 0.29401659965515137 69
1727298187824 0.28302526473999023 70
1727298187861 0.1969614028930664 71
1727298187897 0.0670626163482666 72
1727298187935 0.15796113014221191 73
1727298187971 0.19635701179504395 74
1727298188007 0.11071538925170898 75
1727298188042 0.1516435146331787 76
1727298188088 0.496782124042511 77
1727298188123 0.19647669792175293 78
1727298188159 0.16144394874572754 79
1727298188198 0.029306888580322266 80
1727298188233 0.12648820877075195 81
1727298188268 0.21468877792358398 82
1727298188306 0.2611823081970215 83
1727298188344 0.26710057258605957 84
1727298188381 0.22140026092529297 85
1727298188418 0.10687875747680664 86
1727298188456 0.16860342025756836 87
1727298188492 0.18745183944702148 88
1727298188528 0.2347269058227539 89
1727298188564 0.2375497817993164 90
1727298188599 0.09364080429077148 91
1727298188637 0.20794272422790527 92
1727298188674 0.19245696067810059 93
1727298188712 0.20403146743774414 94
1727298188751 0.2349250316619873 95
1727298188787 0.17416930198669434 96
1727298188824 0.08841180801391602 97
1727298188861 0.20175623893737793 98
1727298188898 0.1160581111907959 99
1727298188937 0.15026116371154785 100
1727298188973 0.127852201461792 101
1727298189010 0.0769507884979248 102
1727298189047 0.22028613090515137 103
1727298189084 0.20598340034484863 104
1727298189120 0.10432839393615723 105
1727298189157 -0.009778738021850586 106
1727298189195 0.227003812789917 107
1727298189231 0.21708273887634277 108
1727298189268 0.1549985408782959 109
1727298189314 0.14925456047058105 110
1727298189359 0.12112903594970703 111
1727298189404 0.12329411506652832 112
1727298189447 0.22916603088378906 113
1727298189491 0.23658990859985352 114
1727298189535 0.18912911415100098 115
1727298189580 0.29508280754089355 116
1727298189624 0.1770002841949463 117
1727298189668 0.4594355821609497 118
1727298189712 0.22119498252868652 119
1727298189755 0.22297000885009766 120
1727298189799 0.1560056209564209 121
1727298189844 0.2052922248840332 122
1727298189885 0.18252015113830566 123
1727298189928 0.21739625930786133 124
1727298189974 0.07767772674560547 125
1727298190018 0.20803403854370117 126
1727298190061 0.27070164680480957 127
1727298190105 0.0378420352935791 128
1727298190150 0.2748138904571533 129
1727298190198 0.2584507465362549 130
1727298190241 0.17154431343078613 131
1727298190277 0.12674760818481445 132
1727298190313 0.19453740119934082 133
1727298190349 0.20755553245544434 134
1727298190385 0.1892077922821045 135
1727298190420 0.19205379486083984 136
1727298190459 0.1137990951538086 137
1727298190498 0.08221721649169922 138
1727298190543 0.0739750862121582 139
1727298190587 0.03125715255737305 140
1727298190624 0.16363096237182617 141
1727298190663 0.2813167870044708 142
1727298190701 0.13928866386413574 143
1727298190738 0.22601890563964844 144
1727298190775 0.19559741020202637 145
1727298190812 0.22638940811157227 146
1727298190848 0.21496152877807617 147
1727298190885 0.15702271461486816 148
1727298190922 0.1976468563079834 149
1727298190961 0.15792512893676758 150
1727298190998 0.19351840019226074 151
1727298191036 0.13748908042907715 152
1727298191073 0.28263401985168457 153
1727298191110 0.27250194549560547 154
1727298191147 0.23055100440979004 155
1727298191185 0.23864269256591797 156
1727298191224 0.13185596466064453 157
1727298191260 0.234694242477417 158
1727298191296 0.0978085994720459 159
1727298191332 0.09987425804138184 160
1727298191370 -0.0811469554901123 161
1727298191406 0.01921820640563965 162
1727298191445 0.05811142921447754 163
1727298191482 0.029628992080688477 164
1727298191519 0.17172980308532715 165
1727298191556 0.20000839233398438 166
1727298191593 0.22312092781066895 167
1727298191629 0.19556021690368652 168
1727298191666 0.2451634407043457 169
1727298191708 0.0910641998052597 170
1727298191745 0.1449880599975586 171
1727298191783 0.12036681175231934 172
1727298191820 -0.18486714363098145 173
1727298191856 0.15326523780822754 174
1727298191894 0.15985703468322754 175
1727298191939 0.030019521713256836 176
1727298191984 0.12247133255004883 177
1727298192028 0.002194643020629883 178
1727298192070 0.19403839111328125 179
1727298192113 0.16611075401306152 180
1727298192160 0.08237361907958984 181
1727298192204 0.08163738250732422 182
1727298192249 0.19897913932800293 183
1727298192285 0.031228065490722656 184
1727298192321 0.2136836051940918 185
1727298192358 0.14225316047668457 186
1727298192398 0.14145278930664062 187
1727298192441 0.1764507293701172 188
1727298192479 0.03186917304992676 189
1727298192515 0.15796518325805664 190
1727298192551 0.04258561134338379 191
1727298192587 0.278017520904541 192
1727298192626 0.1202998161315918 193
1727298192664 0.20310068130493164 194
1727298192702 0.11650967597961426 195
1727298192745 0.2657151222229004 196
1727298192783 0.10889720916748047 197
1727298192822 0.04703783988952637 198
1727298192859 0.0789804458618164 199
1727298192895 0.0662543773651123 200
1727298192933 0.08048677444458008 201
1727298192971 0.14888978004455566 202
1727298193008 0.21848225593566895 203
1727298193043 0.23007583618164062 204
1727298193088 0.08585286140441895 205
1727298193123 0.17997050285339355 206
1727298193159 0.09186625480651855 207
1727298193206 0.1834702491760254 208
1727298193245 0.23037958145141602 209
1727298193282 0.09731936454772949 210
1727298193318 0.19538354873657227 211
1727298193355 0.23501992225646973 212
1727298193393 0.08356642723083496 213
1727298193430 0.2071375846862793 214
1727298193468 0.154740571975708 215
1727298193505 0.15227913856506348 216
1727298193542 0.3113710880279541 217
1727298193585 0.24603939056396484 218
1727298193632 0.25266170501708984 219
1727298193677 0.19622302055358887 220
1727298193721 0.05783963203430176 221
1727298193765 0.2434535026550293 222
1727298193813 0.12518525123596191 223
1727298193850 0.06920719146728516 224
1727298193885 0.21883201599121094 225
1727298193922 0.1239631175994873 226
1727298193966 0.08399748802185059 227
1727298194002 0.16647839546203613 228
1727298194044 0.026488304138183594 229
1727298194088 -0.0931175947189331 230
1727298194133 0.09777569770812988 231
1727298194178 0.1394941806793213 232
1727298194224 0.2377936840057373 233
1727298194268 0.1113734245300293 234
1727298194311 0.25868964195251465 235
1727298194356 0.1103365421295166 236
1727298194400 0.25104236602783203 237
1727298194439 0.11154294013977051 238
1727298194478 -0.05416238307952881 239
1727298194513 0.21182680130004883 240
1727298194548 0.1051177978515625 241
1727298194585 0.20486664772033691 242
1727298194625 0.056633710861206055 243
1727298194665 -0.062277913093566895 244
1727298194705 0.09131169319152832 245
1727298194746 0.13830208778381348 246
1727298194782 0.17603373527526855 247
1727298194826 0.2155468463897705 248
1727298194868 0.17009878158569336 249
1727298194905 0.22735810279846191 250
1727298194950 0.08399081230163574 251
1727298194988 0.23284697532653809 252
1727298195026 0.25965189933776855 253
1727298195062 0.10327720642089844 254
1727298195106 0.09433484077453613 255
1727298195153 0.14863896369934082 256
1727298195198 0.13704657554626465 257
1727298195243 0.1923964023590088 258
1727298195288 0.06431150436401367 259
1727298195333 0.07810044288635254 260
1727298195381 0.1798257827758789 261
1727298195424 0.21563568711280823 262
1727298195481 0.22189927101135254 263
1727298195526 0.16845273971557617 264
1727298195570 0.13375568389892578 265
1727298195621 0.2471616268157959 266
1727298195665 0.05007290840148926 267
1727298195703 0.04771733283996582 268
1727298195747 0.14148831367492676 269
1727298195797 0.2143111228942871 270
1727298195842 0.11127185821533203 271
1727298195879 0.1642317771911621 272
1727298195917 0.13211321830749512 273
1727298195957 0.20971298217773438 274
1727298195994 0.22143816947937012 275
1727298196033 0.10417032241821289 276
1727298196071 0.30706486105918884 277
1727298196106 0.12620878219604492 278
1727298196142 0.20565581321716309 279
1727298196177 0.25976133346557617 280
1727298196214 0.2339189052581787 281
1727298196252 0.144913911819458 282
1727298196289 0.09084486961364746 283
1727298196327 0.09682774543762207 284
1727298196363 0.205275297164917 285
1727298196400 0.2282564640045166 286
1727298196437 0.14962458610534668 287
1727298196476 0.0639805793762207 288
1727298196514 -0.037175774574279785 289
1727298196550 -0.11201941967010498 290
1727298196587 -0.24114465713500977 291
1727298196625 -0.42700719833374023 292
1727298196674 -0.518824577331543 293
1727298196730 -0.5634524822235107 294
1727298196786 -0.6002120971679688 295
1727298196834 -0.613274335861206 296
1727298196880 -0.6169384717941284 297
1727298196929 0.2385883331298828 298
1727298196978 0.16077876091003418 299
1727298197035 0.11876678466796875 300
1727298197094 0.18015217781066895 301
1727298197159 0.16010785102844238 302
1727298197218 0.03841233253479004 303
1727298197266 0.2278435230255127 304
1727298197317 0.1810441017150879 305
1727298197370 0.14743828773498535 306
1727298197419 0.26944708824157715 307
1727298197470 0.17226934432983398 308
1727298197531 0.19109320640563965 309
1727298197581 0.1978762149810791 310
1727298197634 0.23273968696594238 311
1727298197698 0.06943178176879883 312
1727298197754 0.13458013534545898 313
1727298197809 0.23345494270324707 314
1727298197863 0.13573098182678223 315
1727298197912 0.1229403018951416 316
1727298197971 0.19884252548217773 317
1727298198025 0.13930034637451172 318
1727298198075 0.09415698051452637 319
1727298198124 0.22791361808776855 320
1727298198181 0.196641206741333 321
1727298198244 0.207350492477417 322
1727298198302 0.22561907768249512 323
1727298198358 0.22876954078674316 324
1727298198405 0.1170957088470459 325
1727298198447 0.2632710933685303 326
1727298198485 0.16130518913269043 327
1727298198533 0.14622163772583008 328
1727298198585 0.16813278198242188 329
1727298198629 0.30907920002937317 330
1727298198672 0.18922758102416992 331
1727298198727 0.1802656650543213 332
1727298198778 0.26801490783691406 333
1727298198823 0.04675889015197754 334
1727298198865 0.19588017463684082 335
1727298198907 0.12902188301086426 336
1727298198955 0.13071250915527344 337
1727298198997 0.12029218673706055 338
1727298199040 0.09559178352355957 339
1727298199081 0.15792059898376465 340
1727298199125 0.1313786506652832 341
1727298199166 -0.01605665683746338 342
1727298199204 -0.27390599250793457 343
1727298199246 -0.3617943525314331 344
1727298199292 -0.4040900468826294 345
1727298199329 -0.43416428565979004 346
1727298199376 -0.47187018394470215 347
1727298199414 -0.5196676254272461 348
1727298199450 -0.5819758176803589 349
1727298199487 -0.585363507270813 350
1727298199527 -0.5888276100158691 351
1727298199572 -0.592384934425354 352
1727298199615 -0.5960566997528076 353
1727298199665 -0.5998703241348267 354
1727298199710 -0.6038625240325928 355
1727298199753 -0.6080822944641113 356
1727298199790 -0.612598180770874 357
1727298199828 -0.6175079345703125 358
1727298199864 -0.02013993263244629 359
1727298199902 -0.1171424388885498 360
1727298199940 -0.2038731575012207 361
1727298199979 -0.29540884494781494 362
1727298200015 -0.3698298931121826 363
1727298200051 -0.4213055372238159 364
1727298200087 -0.5180345773696899 365
1727298200124 -0.5652258396148682 366
1727298200167 -0.5688717365264893 367
1727298200213 -0.5726909637451172 368
1727298200257 -0.5767008066177368 369
1727298200296 0.11700868606567383 370
1727298200332 0.1948385238647461 371
1727298200369 0.2152085304260254 372
1727298200406 0.252042293548584 373
1727298200443 0.2929191589355469 374
1727298200480 0.1389014720916748 375
1727298200516 0.052770137786865234 376
1727298200552 0.03163886070251465 377
1727298200588 0.27207040786743164 378
1727298200625 0.2024829387664795 379
1727298200667 0.14960551261901855 380
1727298200704 0.02187371253967285 381
1727298200745 -0.03213214874267578 382
1727298200782 -0.10806679725646973 383
1727298200819 -0.1006091833114624 384
1727298200859 -0.21939313411712646 385
1727298200897 -0.3159666061401367 386
1727298200934 -0.39664626121520996 387
1727298200974 -0.4902498722076416 388
1727298201020 -0.5347092151641846 389
1727298201064 -0.025986313819885254 390
1727298201107 0.19508099555969238 391
1727298201146 0.15007662773132324 392
1727298201184 0.07062268257141113 393
1727298201220 0.08951115608215332 394
1727298201260 0.2126615047454834 395
1727298201303 0.05076241493225098 396
1727298201346 0.06200146675109863 397
1727298201386 0.02097320556640625 398
1727298201421 0.1507580280303955 399
1727298201457 0.09264278411865234 400
1727298201496 0.042505502700805664 401
1727298201532 -0.031121492385864258 402
1727298201569 -0.13752079010009766 403
1727298201605 0.13791918754577637 404
1727298201643 0.1670360565185547 405
1727298201678 0.10335540771484375 406
1727298201715 0.17630934715270996 407
1727298201754 0.15340876579284668 408
1727298201790 0.1406996250152588 409
1727298201826 0.07163310050964355 410
1727298201863 0.13986444473266602 411
1727298201899 -0.024921774864196777 412
1727298201937 -0.1103050708770752 413
1727298201973 -0.2082664966583252 414
1727298202011 -0.26355648040771484 415
1727298202047 -0.337405800819397 416
1727298202083 -0.400923490524292 417
1727298202128 -0.4464782476425171 418
1727298202172 -0.4986569881439209 419
1727298202215 -0.5096938610076904 420
1727298202255 -0.5187605619430542 421
1727298202292 -0.5288873910903931 422
1727298202329 -0.5404183864593506 423
1727298202366 -0.5537564754486084 424
1727298202403 -0.5695197582244873 425
1727298202439 -0.5888090133666992 426
1727298202476 -0.6043310165405273 427
1727298202515 -0.6171151399612427 428
1727298202553 -0.628716230392456 429
1727298202589 -0.6429283618927002 430
1727298202627 -0.6572062969207764 431
1727298202663 -0.6741430759429932 432
1727298202700 -0.6789231300354004 433
1727298202742 -0.6789231300354004 434
