1726234767412 2e-05 0
1726234767453 0.5687409043312073 1
1726234767492 0.6260858774185181 2
1726234767532 0.6380130648612976 3
1726234767571 0.7916616797447205 4
1726234767610 0.6443421244621277 5
1726234767651 0.9118364453315735 6
1726234767689 0.6098890900611877 7
1726234767729 0.5397316813468933 8
1726234767769 0.8383365869522095 9
1726234767807 0.6909748911857605 10
1726234767848 0.5985795259475708 11
1726234767888 0.6848561763763428 12
1726234767928 0.759543776512146 13
1726234767972 0.5324315428733826 14
1726234768020 0.2048778235912323 15
1726234768068 0.7946121692657471 16
1726234768109 0.7865861058235168 17
1726234768149 0.6581459641456604 18
1726234768190 0.43168768286705017 19
1726234768229 0.7279982566833496 20
1726234768268 0.7232425808906555 21
1726234768308 0.7430203557014465 22
1726234768351 0.23469741642475128 23
1726234768393 0.7810627818107605 24
1726234768435 0.6587281823158264 25
1726234768480 0.6882907748222351 26
1726234768535 0.674991250038147 27
1726234768584 0.48048070073127747 28
1726234768634 0.6117371916770935 29
1726234768680 0.4865128695964813 30
1726234768721 0.7166340947151184 31
1726234768763 0.6841965317726135 32
1726234768804 0.8162985444068909 33
1726234768846 0.7800104022026062 34
1726234768887 0.6164721846580505 35
1726234768929 0.8144350051879883 36
1726234768971 0.4000925123691559 37
1726234769012 0.6914177536964417 38
1726234769052 0.25294989347457886 39
1726234769092 0.6266274452209473 40
1726234769133 0.9056482315063477 41
1726234769175 0.7701171040534973 42
1726234769217 0.806807816028595 43
1726234769259 0.7417369484901428 44
1726234769301 0.7516049146652222 45
1726234769342 0.914821445941925 46
1726234769384 0.6458697319030762 47
1726234769424 0.5517860054969788 48
1726234769470 0.6246176362037659 49
1726234769512 0.6149985790252686 50
1726234769555 0.6809045076370239 51
1726234769597 0.4203896224498749 52
1726234769637 0.5757282972335815 53
1726234769679 0.7853218913078308 54
1726234769722 0.5097984671592712 55
1726234769764 0.6910668015480042 56
1726234769806 0.5150493383407593 57
1726234769849 0.31276196241378784 58
1726234769892 0.73348069190979 59
1726234769933 0.8169080018997192 60
1726234769974 0.6698249578475952 61
1726234770015 0.5864709615707397 62
1726234770056 0.5112402439117432 63
1726234770096 0.7031034231185913 64
1726234770136 0.5859396457672119 65
1726234770204 0.5355989933013916 66
1726234770244 0.8322528600692749 67
1726234770286 0.5756815075874329 68
1726234770326 0.6076958775520325 69
1726234770366 0.9065325260162354 70
1726234770404 0.8193701505661011 71
1726234770444 0.7472141981124878 72
1726234770483 0.6276944279670715 73
1726234770521 0.6047154068946838 74
1726234770560 0.7547872066497803 75
1726234770600 0.6547513604164124 76
1726234770642 0.5338988900184631 77
1726234770681 0.6000612378120422 78
1726234770720 0.31609371304512024 79
1726234770762 0.3948221504688263 80
1726234770803 0.3222084939479828 81
1726234770842 0.17878474295139313 82
1726234770883 0.7537621259689331 83
1726234770923 0.6812787652015686 84
1726234770964 0.6998404860496521 85
1726234771006 0.8103559613227844 86
1726234771046 0.7117793560028076 87
1726234771085 0.8452190160751343 88
1726234771126 0.7360777854919434 89
1726234771168 0.7974388599395752 90
1726234771209 0.8624282479286194 91
1726234771250 0.7473515272140503 92
1726234771291 0.7360478639602661 93
1726234771330 0.7389446496963501 94
1726234771372 0.5797486305236816 95
1726234771411 0.7565876245498657 96
1726234771450 0.9058198928833008 97
1726234771489 0.45092537999153137 98
1726234771530 0.3431852161884308 99
1726234771570 0.7203642725944519 100
1726234771612 0.8402435183525085 101
1726234771652 0.6999606490135193 102
1726234771692 0.7298651933670044 103
1726234771734 0.4215483069419861 104
1726234771774 0.6933157444000244 105
1726234771814 0.7653523683547974 106
1726234771855 0.8387258052825928 107
1726234771897 0.3992425799369812 108
1726234771938 0.6512542366981506 109
1726234771980 0.7441641092300415 110
1726234772021 0.6829567551612854 111
1726234772062 0.6792122721672058 112
1726234772104 0.7863654494285583 113
1726234772145 0.8013268709182739 114
1726234772185 0.5989910364151001 115
1726234772226 0.677810788154602 116
1726234772265 0.5636148452758789 117
1726234772304 0.7164577841758728 118
1726234772345 0.8007256388664246 119
1726234772384 0.4100002646446228 120
1726234772424 0.7394658923149109 121
1726234772465 0.6692414879798889 122
1726234772504 0.7310042381286621 123
1726234772544 0.6620612740516663 124
1726234772584 0.6211996078491211 125
1726234772625 0.7405974268913269 126
1726234772665 0.6605517268180847 127
1726234772705 0.7638543248176575 128
1726234772745 0.4966157078742981 129
1726234772785 0.49015751481056213 130
1726234772826 0.6828769445419312 131
1726234772867 0.7809721827507019 132
1726234772906 0.7483821511268616 133
1726234772948 0.5190539360046387 134
1726234772989 0.5353116989135742 135
1726234773029 0.6210494637489319 136
1726234773068 0.35052913427352905 137
1726234773107 0.6333447694778442 138
1726234773147 0.5275208353996277 139
1726234773186 0.5881341099739075 140
1726234773226 0.7241408228874207 141
1726234773266 0.7803936004638672 142
1726234773305 0.5926703810691833 143
1726234773346 0.6651021838188171 144
1726234773386 0.46341589093208313 145
1726234773427 0.5985943078994751 146
1726234773468 0.27180102467536926 147
1726234773513 0.8422801494598389 148
1726234773563 0.7927324175834656 149
1726234773615 0.4957106113433838 150
1726234773657 0.5720088481903076 151
1726234773697 0.906425416469574 152
1726234773741 0.7862181663513184 153
1726234773784 0.651005744934082 154
1726234773824 0.17231710255146027 155
1726234773867 0.2632780373096466 156
1726234773908 0.5419466495513916 157
1726234773948 0.5145378112792969 158
1726234773989 0.6965802311897278 159
1726234774030 0.7566405534744263 160
1726234774069 0.5819525718688965 161
1726234774109 0.80793696641922 162
1726234774150 0.9003484845161438 163
1726234774192 0.7780606746673584 164
1726234774239 0.41500234603881836 165
1726234774280 0.47995027899742126 166
1726234774321 0.30350810289382935 167
1726234774361 0.28272512555122375 168
1726234774401 0.7129179835319519 169
1726234774442 0.6969610452651978 170
1726234774484 0.5784716010093689 171
1726234774525 0.5203374624252319 172
1726234774567 0.4384155869483948 173
1726234774608 0.5363101363182068 174
1726234774647 0.5830925703048706 175
1726234774689 0.7881549596786499 176
1726234774729 0.3794823884963989 177
1726234774769 0.608710765838623 178
1726234774810 0.4633435010910034 179
1726234774850 0.7868200540542603 180
1726234774890 0.7805267572402954 181
1726234774931 0.6423794031143188 182
1726234774972 0.5779368877410889 183
1726234775013 0.36295631527900696 184
1726234775055 0.6280470490455627 185
1726234775099 0.494716614484787 186
1726234775141 0.6997319459915161 187
1726234775183 0.7185451984405518 188
1726234775224 0.7424473166465759 189
1726234775265 0.3544131815433502 190
1726234775306 0.456227570772171 191
1726234775349 0.7555075883865356 192
1726234775391 0.7214926481246948 193
1726234775431 0.8242068886756897 194
1726234775470 0.7733755111694336 195
1726234775512 0.6821932196617126 196
1726234775557 0.6900894045829773 197
1726234775605 0.6444352269172668 198
1726234775647 0.7225345373153687 199
1726234775697 0.40809446573257446 200
1726234775746 0.3018594980239868 201
1726234775801 0.0445256382226944 202
1726234775838 0.6837270855903625 203
1726234775877 0.3494703471660614 204
1726234775915 0.5546961426734924 205
1726234775956 0.6818378567695618 206
1726234775994 0.6538676619529724 207
1726234776033 0.5858741998672485 208
1726234776071 0.8340374827384949 209
1726234776109 0.8553534150123596 210
1726234776148 0.7353668212890625 211
1726234776188 0.7052718997001648 212
1726234776229 0.8116461038589478 213
1726234776270 0.5662888288497925 214
1726234776309 0.8573946356773376 215
1726234776348 0.7029455304145813 216
1726234776388 0.837364137172699 217
1726234776427 0.6313689351081848 218
1726234776467 0.6317848563194275 219
1726234776508 0.7199051976203918 220
1726234776553 0.6548396348953247 221
1726234776598 0.344198614358902 222
1726234776639 0.8036684989929199 223
1726234776679 0.43290212750434875 224
1726234776721 0.7725412845611572 225
1726234776760 0.5953952670097351 226
1726234776799 0.5022686123847961 227
1726234776840 0.5264334082603455 228
1726234776882 0.5287594199180603 229
1726234776922 0.5348796248435974 230
1726234776962 0.5417358875274658 231
1726234777005 0.7528963088989258 232
1726234777048 0.7610432505607605 233
1726234777089 0.6079871654510498 234
1726234777137 0.7225270867347717 235
1726234777184 0.47002488374710083 236
1726234777222 0.8233510851860046 237
1726234777260 0.6667361259460449 238
1726234777300 0.700038731098175 239
1726234777347 0.8557568192481995 240
1726234777393 0.5431913137435913 241
1726234777450 0.5052907466888428 242
1726234777497 0.623979389667511 243
1726234777535 0.5394376516342163 244
1726234777574 0.6081416010856628 245
1726234777611 0.43369507789611816 246
1726234777650 0.4562535583972931 247
1726234777689 0.7449922561645508 248
1726234777728 0.7651512622833252 249
1726234777766 0.6872991323471069 250
1726234777807 0.41456517577171326 251
1726234777848 0.3912844657897949 252
1726234777888 0.45162978768348694 253
1726234777928 0.708399772644043 254
1726234777969 0.8891217708587646 255
1726234778009 0.8733170628547668 256
1726234778049 0.7149454951286316 257
1726234778089 0.4736637771129608 258
1726234778128 0.7273690700531006 259
1726234778168 0.7166418433189392 260
1726234778207 0.6805071234703064 261
1726234778248 0.5183062553405762 262
1726234778287 0.8428089022636414 263
1726234778327 0.7830609679222107 264
1726234778368 0.7135772109031677 265
1726234778411 0.4509008228778839 266
1726234778452 0.5130423903465271 267
1726234778492 0.7040698528289795 268
1726234778533 0.7939940690994263 269
1726234778573 0.581082820892334 270
1726234778614 0.6534859538078308 271
1726234778655 0.6214468479156494 272
1726234778696 0.43100565671920776 273
1726234778737 0.3705006539821625 274
1726234778778 0.6057742238044739 275
1726234778817 0.5027350783348083 276
1726234778864 0.441352903842926 277
1726234778913 0.62562096118927 278
1726234778959 0.20547102391719818 279
1726234779004 0.6406185030937195 280
1726234779047 0.41982343792915344 281
1726234779089 0.5563021898269653 282
1726234779130 0.3203863799571991 283
1726234779172 0.8155950307846069 284
1726234779215 0.4761265516281128 285
1726234779259 0.4647669792175293 286
1726234779307 0.7061936855316162 287
1726234779349 0.48065081238746643 288
1726234779389 0.5503202080726624 289
1726234779427 0.7238139510154724 290
1726234779469 0.40764135122299194 291
1726234779509 0.5891808271408081 292
1726234779547 0.6276235580444336 293
1726234779587 0.44213590025901794 294
1726234779626 0.669700026512146 295
1726234779665 0.5161395072937012 296
1726234779706 0.4165211617946625 297
1726234779745 0.7890451550483704 298
1726234779785 0.5067774057388306 299
1726234779824 0.7326208353042603 300
1726234779864 0.6552948951721191 301
1726234779906 0.4326614737510681 302
1726234779966 0.6699042320251465 303
1726234780008 0.7077578902244568 304
1726234780048 0.51246577501297 305
1726234780086 0.9136685132980347 306
1726234780126 0.6516112685203552 307
1726234780166 0.9048892259597778 308
1726234780205 0.6995390057563782 309
1726234780245 0.5308569073677063 310
1726234780285 0.4711318612098694 311
1726234780325 0.7627328038215637 312
1726234780366 0.7580820918083191 313
1726234780409 0.4937552809715271 314
1726234780450 0.501388669013977 315
1726234780492 0.6618691086769104 316
1726234780533 0.7890051007270813 317
1726234780573 0.4897143840789795 318
1726234780616 0.5251675248146057 319
1726234780659 0.5694236159324646 320
1726234780702 0.7614425420761108 321
1726234780742 0.7307494282722473 322
1726234780784 0.668352484703064 323
1726234780843 0.533234179019928 324
1726234780886 0.7711764574050903 325
1726234780924 0.5146206617355347 326
1726234780962 0.751107931137085 327
1726234781002 0.7173469662666321 328
1726234781041 0.40833547711372375 329
1726234781080 0.4476136565208435 330
1726234781134 0.5852022171020508 331
1726234781189 0.824776828289032 332
1726234781255 0.504836916923523 333
1726234781293 0.6776849627494812 334
1726234781330 0.587012767791748 335
1726234781368 0.6276176571846008 336
1726234781406 0.6207475662231445 337
1726234781445 0.3429589569568634 338
1726234781484 0.595708429813385 339
1726234781526 0.42390188574790955 340
1726234781566 0.3919627368450165 341
1726234781614 0.5250141024589539 342
1726234781655 0.6150815486907959 343
1726234781695 0.6268901228904724 344
1726234781733 0.4097757935523987 345
1726234781770 0.4271267354488373 346
1726234781809 0.6252605319023132 347
1726234781849 0.6556973457336426 348
1726234781888 0.7250915169715881 349
1726234781929 0.7712650299072266 350
1726234781970 0.7866154313087463 351
1726234782010 0.40473973751068115 352
1726234782053 0.36134690046310425 353
1726234782093 0.7964615821838379 354
1726234782130 0.720293402671814 355
1726234782171 0.584153413772583 356
1726234782210 0.5675253868103027 357
1726234782249 0.30622994899749756 358
1726234782288 0.5370335578918457 359
1726234782327 0.6591866612434387 360
1726234782367 0.554799497127533 361
1726234782407 0.5184787511825562 362
1726234782446 0.6068392395973206 363
1726234782484 0.6170099973678589 364
1726234782524 0.656076967716217 365
1726234782565 0.5409890413284302 366
1726234782605 0.04090993478894234 367
1726234782645 0.5448612570762634 368
1726234782691 0.7540745139122009 369
1726234782733 0.7116526365280151 370
1726234782773 0.4156469404697418 371
1726234782815 0.7081093192100525 372
1726234782855 0.5902517437934875 373
1726234782896 0.722585141658783 374
1726234782937 0.7425282597541809 375
1726234782985 0.4257550835609436 376
1726234783028 0.45756450295448303 377
1726234783069 0.5442851185798645 378
1726234783110 0.6786145567893982 379
1726234783154 0.6304570436477661 380
1726234783197 0.6308848857879639 381
1726234783238 0.9071945548057556 382
1726234783278 0.8070641160011292 383
1726234783320 0.04445653781294823 384
1726234783361 0.8150157928466797 385
1726234783401 0.9208405613899231 386
1726234783443 0.8600704073905945 387
1726234783484 0.7741163969039917 388
1726234783523 0.8918596506118774 389
1726234783566 0.03324343264102936 390
1726234783609 0.5983827710151672 391
1726234783649 0.8862990736961365 392
1726234783691 0.5975088477134705 393
1726234783732 0.5745745301246643 394
1726234783774 0.6652936339378357 395
1726234783815 0.6956710815429688 396
1726234783857 0.6386573314666748 397
1726234783904 0.8363301157951355 398
1726234783946 0.767219066619873 399
1726234783997 0.6760755181312561 400
1726234784040 0.45560359954833984 401
1726234784086 0.5563924312591553 402
1726234784130 0.7034664154052734 403
1726234784187 0.688761293888092 404
1726234784228 0.7613667249679565 405
1726234784270 0.555219292640686 406
1726234784309 0.3931286931037903 407
1726234784350 0.5944445729255676 408
1726234784389 0.4427472651004791 409
1726234784431 0.509643018245697 410
1726234784473 0.5932339429855347 411
1726234784514 0.5874237418174744 412
1726234784553 0.35469430685043335 413
1726234784594 0.7133524417877197 414
1726234784634 0.5498306155204773 415
1726234784673 0.6978814601898193 416
1726234784714 0.5807991623878479 417
1726234784759 0.685405969619751 418
1726234784803 0.5943963527679443 419
1726234784852 0.8385263681411743 420
1726234784894 0.5460388660430908 421
1726234784941 0.45957228541374207 422
1726234784979 0.599178671836853 423
1726234785020 0.5371078252792358 424
1726234785059 0.5018016695976257 425
1726234785100 0.7666458487510681 426
1726234785140 0.7794701457023621 427
1726234785180 0.8029018640518188 428
1726234785218 0.8292657732963562 429
1726234785258 0.6745887398719788 430
1726234785298 0.7560627460479736 431
1726234785338 0.7130513787269592 432
1726234785377 0.22454571723937988 433
1726234785417 0.5014074444770813 434
1726234785457 0.2914541959762573 435
1726234785496 0.701646625995636 436
1726234785536 0.6156582236289978 437
1726234785575 0.8852721452713013 438
1726234785616 0.4481206238269806 439
1726234785657 0.6902430653572083 440
1726234785698 0.7880087494850159 441
1726234785737 0.7009181976318359 442
1726234785778 0.581326961517334 443
1726234785820 0.6908805966377258 444
1726234785861 0.46044981479644775 445
1726234785902 0.6543559432029724 446
1726234785944 0.5550597906112671 447
1726234785985 0.433341920375824 448
1726234786025 0.41570577025413513 449
1726234786066 0.7106524109840393 450
1726234786106 0.510098397731781 451
1726234786148 0.255554735660553 452
1726234786190 0.8161175847053528 453
1726234786233 0.6567911505699158 454
1726234786274 0.6563078761100769 455
1726234786314 0.7573826313018799 456
1726234786355 0.6732960939407349 457
1726234786396 0.6520093083381653 458
1726234786437 0.6727940440177917 459
1726234786478 0.4687632918357849 460
1726234786518 0.4253687560558319 461
1726234786557 0.32036301493644714 462
1726234786597 0.4403230547904968 463
1726234786638 0.9514164328575134 464
1726234786678 0.697935938835144 465
1726234786718 0.3013574481010437 466
1726234786758 0.1742967814207077 467
1726234786798 0.6581511497497559 468
1726234786838 0.3602142333984375 469
1726234786880 0.5362632274627686 470
1726234786920 0.033299822360277176 471
1726234786960 0.03482440114021301 472
1726234787001 0.4531412422657013 473
1726234787042 0.8691576719284058 474
1726234787082 0.7089822292327881 475
1726234787123 0.5022174119949341 476
1726234787163 0.5904533267021179 477
1726234787203 0.37047669291496277 478
1726234787246 0.6844444870948792 479
1726234787287 0.9128249287605286 480
1726234787327 0.6598852872848511 481
1726234787368 0.7454408407211304 482
1726234787411 0.01509996596723795 483
1726234787456 0.3910734951496124 484
1726234787501 0.6349409818649292 485
1726234787543 0.5999343395233154 486
1726234787583 0.7097271084785461 487
1726234787623 0.8484602570533752 488
1726234787662 0.9391838312149048 489
1726234787703 0.3744603395462036 490
1726234787746 0.541076123714447 491
1726234787801 0.6929786205291748 492
1726234787857 0.599801242351532 493
1726234787908 0.5142907500267029 494
1726234787947 0.3987884819507599 495
1726234787984 0.6571145057678223 496
1726234788023 0.7788323163986206 497
1726234788061 0.45225152373313904 498
1726234788101 0.8098189830780029 499
1726234788143 0.9150347113609314 500
1726234788183 0.5787041783332825 501
1726234788222 0.5249549150466919 502
1726234788261 0.02786639705300331 503
1726234788301 0.3793174922466278 504
1726234788342 0.6323763132095337 505
1726234788381 0.7504700422286987 506
1726234788422 0.37697041034698486 507
1726234788462 0.6704489588737488 508
1726234788502 0.7401911616325378 509
1726234788542 0.8214475512504578 510
1726234788582 0.49642860889434814 511
1726234788622 0.5176173448562622 512
1726234788663 0.8136979937553406 513
1726234788704 0.5677317380905151 514
1726234788744 0.6900845766067505 515
1726234788785 0.7055367827415466 516
1726234788825 0.6515920758247375 517
1726234788864 0.6717877984046936 518
1726234788906 0.8034278750419617 519
1726234788947 0.47287166118621826 520
1726234788987 0.04136739298701286 521
1726234789028 0.7273488640785217 522
1726234789079 0.6413701176643372 523
1726234789119 0.7160503268241882 524
1726234789159 0.554981529712677 525
1726234789200 0.5779768228530884 526
1726234789242 0.7079484462738037 527
1726234789284 0.5942823886871338 528
1726234789323 0.6236037015914917 529
1726234789367 0.44335460662841797 530
1726234789423 0.5972959399223328 531
1726234789472 0.35946276783943176 532
1726234789520 0.6841493844985962 533
1726234789582 0.5479783415794373 534
1726234789637 0.5625917315483093 535
1726234789701 0.5726217031478882 536
1726234789764 0.7206987142562866 537
1726234789826 0.9607632160186768 538
1726234789887 0.6337745785713196 539
1726234789947 0.7507606744766235 540
1726234790008 0.9256816506385803 541
1726234790068 0.6763509511947632 542
1726234790128 0.7972014546394348 543
1726234790190 0.6122941970825195 544
1726234790257 0.33316004276275635 545
1726234790323 0.05687470734119415 546
1726234790381 0.040094926953315735 547
1726234790429 0.028296006843447685 548
1726234790486 0.30852246284484863 549
1726234790552 0.5320004224777222 550
1726234790600 0.7197038531303406 551
1726234790648 0.7552549839019775 552
1726234790705 0.03990630805492401 553
1726234790773 0.6172078847885132 554
1726234790821 0.438682496547699 555
1726234790865 0.6254956722259521 556
1726234790910 0.014049548655748367 557
1726234790953 0.6043887138366699 558
1726234790999 0.025602957233786583 559
1726234791052 0.4868025779724121 560
1726234791098 0.02685539238154888 561
1726234791142 0.8733633756637573 562
1726234791185 0.4214501976966858 563
1726234791227 0.8983443379402161 564
1726234791269 0.4169730246067047 565
1726234791311 0.018539199605584145 566
1726234791356 0.4508419632911682 567
1726234791414 0.4272114634513855 568
1726234791460 0.9379410147666931 569
1726234791514 0.7085517644882202 570
1726234791569 0.8471518158912659 571
1726234791626 0.5969862341880798 572
1726234791686 0.6086854338645935 573
1726234791728 0.6279550194740295 574
1726234791779 0.3811342418193817 575
1726234791829 0.45633479952812195 576
1726234791877 0.7807400226593018 577
1726234791925 0.7625805139541626 578
1726234791966 0.8245736956596375 579
1726234792011 0.02340926229953766 580
1726234792051 0.7352872490882874 581
1726234792095 0.6902117729187012 582
1726234792136 0.42403000593185425 583
1726234792180 0.03596925735473633 584
1726234792225 0.6376180052757263 585
1726234792273 0.6173920035362244 586
1726234792325 0.04178810119628906 587
1726234792368 0.6190100908279419 588
1726234792408 0.031401410698890686 589
1726234792447 0.8320586681365967 590
1726234792489 0.019555820152163506 591
1726234792528 0.4508873224258423 592
1726234792565 0.6097978353500366 593
1726234792603 0.8289207816123962 594
1726234792640 0.3899943232536316 595
1726234792677 0.8008409738540649 596
1726234792715 0.6946427226066589 597
1726234792753 0.7468336224555969 598
1726234792789 0.01855938322842121 599
1726234792827 0.5670095086097717 600
1726234792865 0.029749630019068718 601
1726234792905 0.03458382934331894 602
1726234792945 0.6431535482406616 603
1726234792983 0.5734243392944336 604
1726234793021 0.8576516509056091 605
1726234793061 0.7983803153038025 606
1726234793100 0.7391487956047058 607
1726234793137 0.4764118492603302 608
1726234793176 0.5917726755142212 609
1726234793216 0.5667408108711243 610
1726234793257 0.8053196668624878 611
1726234793295 0.5802700519561768 612
1726234793334 0.7551297545433044 613
1726234793372 0.7939230799674988 614
1726234793411 0.017353782430291176 615
1726234793451 0.014299829490482807 616
1726234793489 0.800049364566803 617
1726234793529 0.923773467540741 618
1726234793568 0.6445719599723816 619
1726234793608 0.49759674072265625 620
1726234793647 0.8325387835502625 621
1726234793687 0.45812901854515076 622
1726234793726 0.6393420100212097 623
1726234793769 0.043997690081596375 624
1726234793812 0.5457169413566589 625
1726234793868 0.04545680433511734 626
1726234793918 0.03691452741622925 627
1726234793960 0.69195157289505 628
1726234794005 0.048418495804071426 629
1726234794052 0.004515995271503925 630
1726234794128 0.4474300742149353 631
1726234794181 0.03172459080815315 632
1726234794228 0.8422287702560425 633
1726234794268 0.6238372921943665 634
1726234794312 0.6175884008407593 635
1726234794351 0.7033413052558899 636
1726234794392 0.9016578197479248 637
1726234794432 0.8153625726699829 638
1726234794472 0.6148122549057007 639
1726234794511 0.908044695854187 640
1726234794552 0.35493573546409607 641
1726234794592 0.513408362865448 642
1726234794631 0.7443453073501587 643
1726234794671 0.08983941376209259 644
1726234794712 0.695647656917572 645
1726234794751 0.018392978236079216 646
1726234794791 0.018804796040058136 647
1726234794830 0.019351886585354805 648
1726234794870 0.016373757272958755 649
1726234794912 0.01600276678800583 650
1726234794952 0.33051273226737976 651
1726234794994 0.007181902881711721 652
1726234795034 0.4677812159061432 653
1726234795073 0.0018052073428407311 654
1726234795113 0.3365948796272278 655
1726234795152 0.04639454558491707 656
1726234795193 0.054454125463962555 657
1726234795233 0.004922643303871155 658
1726234795272 0.50766921043396 659
1726234795313 0.05036667734384537 660
1726234795354 0.059407588094472885 661
1726234795395 0.49174222350120544 662
1726234795437 0.03366674855351448 663
1726234795484 0.46786126494407654 664
1726234795524 0.03794259950518608 665
1726234795563 0.7568786144256592 666
1726234795605 0.05043892189860344 667
1726234795644 0.04178929701447487 668
1726234795685 0.04640030488371849 669
1726234795728 0.05387044697999954 670
1726234795773 0.02750433050096035 671
1726234795823 1.4901161193847656e-08 672
