1726501525686 0.948662519454956 0
1726501525742 0.9475585222244263 1
1726501525794 0.9463017582893372 2
1726501525844 0.9449096322059631 3
1726501525907 0.9433854222297668 4
1726501525965 0.9417271018028259 5
1726501526021 0.9399292469024658 6
1726501526068 0.9379844665527344 7
1726501526117 0.9358839988708496 8
1726501526165 0.9336171746253967 9
1726501526213 0.9311724305152893 10
1726501526262 0.9285363554954529 11
1726501526313 0.9256942272186279 12
1726501526364 0.9226298928260803 13
1726501526413 0.919325053691864 14
1726501526464 0.915759801864624 15
1726501526512 0.9119119644165039 16
1726501526562 0.9077569842338562 17
1726501526613 0.9032674431800842 18
1726501526662 0.8984129428863525 19
1726501526713 0.8931592702865601 20
1726501526762 0.8874683380126953 21
1726501526811 0.88129723072052 22
1726501526862 0.8745970726013184 23
1726501526911 0.8673123121261597 24
1726501526961 0.8593800067901611 25
1726501527011 0.8507269024848938 26
1726501527060 0.8412684798240662 27
1726501527111 0.8309059143066406 28
1726501527160 0.8195222020149231 29
1726501527211 0.8069784641265869 30
1726501527259 0.7931073904037476 31
1726501527309 0.7777056694030762 32
1726501527362 0.7605267763137817 33
1726501527412 0.7412778735160828 34
1726501527461 0.7196549773216248 35
1726501527510 0.697038471698761 36
1726501527563 0.6877506375312805 37
1726501527614 0.6564467549324036 38
1726501527664 0.6293715834617615 39
1726501527715 0.6078949570655823 40
1726501527764 0.5635978579521179 41
1726501527814 0.5093797445297241 42
1726501527866 0.4988253116607666 43
1726501527916 0.496080607175827 44
1726501527966 0.49330878257751465 45
1726501528017 0.4905092418193817 46
1726501528067 0.48768141865730286 47
1726501528122 0.48482486605644226 48
1726501528176 0.48193925619125366 49
1726501528225 0.4790234863758087 50
1726501528274 0.4760775566101074 51
1726501528324 0.4731003940105438 52
1726501528375 0.4700918197631836 53
1726501528424 0.46705108880996704 54
1726501528473 0.46397748589515686 55
1726501528523 0.4608705937862396 56
1726501528572 0.4577298164367676 57
1726501528622 0.45455437898635864 58
1726501528672 0.4513436257839203 59
1726501528721 0.44809702038764954 60
1726501528771 0.44481393694877625 61
1726501528820 0.44149380922317505 62
1726501528870 0.43813586235046387 63
1726501528919 0.4347396194934845 64
1726501528969 0.4313044846057892 65
1726501529018 0.42782971262931824 66
1726501529068 0.4243151545524597 67
1726501529118 0.42076000571250916 68
1726501529167 0.4171638488769531 69
1726501529217 0.4135262966156006 70
1726501529266 0.40984728932380676 71
1726501529316 0.40612635016441345 72
1726501529366 0.4023634195327759 73
1726501529417 0.39855870604515076 74
1726501529466 0.3947124779224396 75
1726501529516 0.39082494378089905 76
1726501529564 0.38689708709716797 77
1726501529615 0.38292980194091797 78
1726501529665 0.3789244592189789 79
1726501529716 0.37488284707069397 80
1726501529764 0.3708072304725647 81
1726501529814 0.36670026183128357 82
1726501529864 0.36256518959999084 83
1726501529915 0.3584049940109253 84
1726501529965 0.3542228639125824 85
1726501530015 0.35002103447914124 86
1726501530063 0.3457990288734436 87
1726501530118 0.34155309200286865 88
1726501530168 0.3372746407985687 89
1726501530221 0.33295145630836487 90
1726501530272 0.3285706639289856 91
1726501530322 0.3241211175918579 92
1726501530373 0.3195946216583252 93
1726501530423 0.31498515605926514 94
1726501530473 0.3102882206439972 95
1726501530524 0.30549919605255127 96
1726501530574 0.3006135821342468 97
1726501530624 0.29562684893608093 98
1726501530673 0.29053348302841187 99
1726501530722 0.28532809019088745 100
1726501530771 0.2800043821334839 101
1726501530820 0.2745558023452759 102
1726501530877 0.26897504925727844 103
1726501530936 0.263254314661026 104
1726501530996 0.2573848366737366 105
1726501531044 0.25135672092437744 106
1726501531091 0.24516001343727112 107
1726501531143 0.2387809455394745 108
1726501531193 0.23221179842948914 109
1726501531242 0.2254170924425125 110
1726501531292 0.21848152577877045 111
1726501531348 0.21111154556274414 112
1726501531402 0.20643769204616547 113
1726501531460 0.19666831195354462 114
1726501531518 0.1878192275762558 115
1726501531573 0.1820233017206192 116
1726501531634 0.1707458347082138 117
1726501531692 0.161282479763031 118
1726501531749 0.1538766324520111 119
1726501531808 0.14118948578834534 120
1726501531861 0.13224197924137115 121
1726501531924 0.11837141215801239 122
1726501531977 0.10718899220228195 123
1726501532029 0.09159288555383682 124
1726501532081 0.07677167654037476 125
1726501532134 0.05822422727942467 126
1726501532184 0.04207411780953407 127
1726501532233 0.028099510818719864 128
1726501532283 0.010310518555343151 129
1726501532333 5.84740917020099e-07 130
1726501532391 5.84740917020099e-07 131
