1726426271097 1.1333755254745483 0
1726426271146 -0.0 1
1726426271196 0.24991831183433533 2
1726426271254 -0.0 3
1726426271312 0.0959872379899025 4
1726426271361 -0.0 5
1726426271410 0.19103935360908508 6
1726426271477 -0.0 7
1726426271530 0.2357058823108673 8
1726426271580 0.4560149312019348 9
1726426271631 0.19452014565467834 10
1726426271681 0.24193033576011658 11
1726426271731 0.2853859066963196 12
1726426271779 -0.0 13
1726426271833 -0.0 14
1726426271883 0.27777671813964844 15
1726426271936 0.553680419921875 16
1726426271989 0.4793940782546997 17
1726426272038 0.3457915186882019 18
1726426272102 -0.0 19
1726426272152 0.23031094670295715 20
1726426272203 -0.0 21
1726426272252 0.16451600193977356 22
1726426272307 0.11797305941581726 23
1726426272361 0.05637918785214424 24
1726426272411 0.18451154232025146 25
1726426272461 0.025660062208771706 26
1726426272510 -0.0 27
1726426272558 0.09556899964809418 28
1726426272618 0.003984570968896151 29
1726426272667 0.36556297540664673 30
1726426272719 -0.0 31
1726426272772 0.08065147697925568 32
1726426272824 0.431192010641098 33
1726426272880 0.5300520062446594 34
1726426272931 0.3715084195137024 35
1726426272992 0.3182249367237091 36
1726426273045 0.07459510117769241 37
1726426273102 0.014905363321304321 38
1726426273150 -0.0 39
1726426273202 0.38383257389068604 40
1726426273251 -0.0 41
1726426273301 0.24142877757549286 42
1726426273348 0.22217832505702972 43
1726426273397 -0.0 44
1726426273448 -0.0 45
1726426273498 0.2403138428926468 46
1726426273546 0.44454848766326904 47
1726426273596 0.22046175599098206 48
1726426273646 -0.0 49
1726426273698 0.20201781392097473 50
1726426273747 0.3394840955734253 51
1726426273794 -0.0 52
1726426273842 0.3803407847881317 53
1726426273889 0.45348161458969116 54
1726426273938 -0.0 55
1726426273986 0.4996093809604645 56
1726426274038 0.5578160285949707 57
1726426274086 0.5903847813606262 58
1726426274133 0.37656593322753906 59
1726426274181 0.33225804567337036 60
1726426274234 0.2845384180545807 61
1726426274284 0.24191884696483612 62
1726426274334 0.23761434853076935 63
1726426274390 -0.0 64
1726426274450 0.24687474966049194 65
1726426274499 -0.0 66
1726426274555 0.4857359230518341 67
1726426274648 0.10788856446743011 68
1726426274729 -0.0 69
1726426274803 -0.0 70
1726426274855 0.07689012587070465 71
1726426274910 0.35945048928260803 72
1726426274961 -0.0 73
1726426275018 -0.0 74
1726426275072 -0.0 75
1726426275123 0.24992436170578003 76
1726426275177 -0.0 77
1726426275228 -0.0 78
1726426275282 0.22360476851463318 79
1726426275331 0.04279857128858566 80
1726426275380 -0.0 81
1726426275433 0.2759169638156891 82
1726426275485 0.26218581199645996 83
1726426275536 0.2615166902542114 84
1726426275589 0.057360414415597916 85
1726426275658 0.12260641157627106 86
1726426275727 -0.0 87
1726426275780 -0.0 88
1726426275825 -0.0 89
1726426275876 0.7378445267677307 90
1726426275925 0.09348951280117035 91
1726426275974 -0.0 92
1726426276023 -0.0 93
1726426276073 -0.0 94
1726426276119 0.2479264736175537 95
1726426276168 0.1464901864528656 96
1726426276215 -0.0 97
1726426276255 0.25563135743141174 98
1726426276297 -0.0 99
1726426276337 0.22241133451461792 100
1726426276385 0.11515572667121887 101
1726426276426 0.2194291055202484 102
1726426276468 0.18256106972694397 103
1726426276512 -0.0 104
1726426276555 0.0641779899597168 105
1726426276603 -0.0 106
1726426276643 0.1535845398902893 107
1726426276682 -0.0 108
1726426276724 0.18111741542816162 109
1726426276770 -0.0 110
1726426276809 0.31467026472091675 111
1726426276850 0.026573359966278076 112
1726426276895 -0.0 113
1726426276940 -0.0 114
1726426276982 0.44162702560424805 115
1726426277040 0.16717854142189026 116
1726426277085 0.305131196975708 117
1726426277130 0.11644453555345535 118
1726426277172 0.21842828392982483 119
1726426277211 0.31655940413475037 120
1726426277256 0.5831331014633179 121
1726426277295 0.48727303743362427 122
1726426277338 -0.0 123
1726426277381 0.28030145168304443 124
1726426277421 0.15288105607032776 125
1726426277463 -0.0 126
1726426277507 0.18858706951141357 127
1726426277552 0.19382917881011963 128
1726426277593 -0.0 129
1726426277639 0.11769898980855942 130
1726426277680 -0.0 131
1726426277725 0.11074897646903992 132
1726426277764 -0.0 133
1726426277806 0.3848987817764282 134
1726426277851 -0.0 135
1726426277905 -0.0 136
1726426277947 0.18132823705673218 137
1726426277991 -0.0 138
1726426278034 0.10714084655046463 139
1726426278072 0.2680530250072479 140
1726426278112 -0.0 141
1726426278152 0.1957184076309204 142
1726426278190 0.17829099297523499 143
1726426278229 0.026676420122385025 144
1726426278267 0.10782492905855179 145
1726426278305 0.48696601390838623 146
1726426278344 -0.0 147
1726426278382 0.24575695395469666 148
1726426278423 0.3729742169380188 149
1726426278467 0.3334595263004303 150
1726426278512 0.12379918992519379 151
1726426278555 0.046421147882938385 152
1726426278603 2.149783107086023e-08 153
1726426278647 0.10608884692192078 154
1726426278700 0.22592508792877197 155
1726426278751 0.02565457671880722 156
1726426278795 -0.0 157
1726426278852 0.24937596917152405 158
1726426278922 -0.0 159
1726426278980 -0.0 160
1726426279031 -0.0 161
1726426279081 0.5183125734329224 162
1726426279132 -0.0 163
1726426279191 0.10155370831489563 164
1726426279249 0.15233708918094635 165
1726426279298 -0.0 166
1726426279352 0.2499987781047821 167
1726426279404 0.1207212507724762 168
1726426279455 0.36695557832717896 169
1726426279510 0.3749387562274933 170
1726426279561 0.1854483038187027 171
1726426279612 0.34984344244003296 172
1726426279669 0.4967385530471802 173
1726426279727 -0.0 174
1726426279792 0.1697891354560852 175
1726426279860 -0.0 176
1726426279926 0.200010746717453 177
1726426279981 0.13212695717811584 178
1726426280031 0.24185797572135925 179
1726426280074 0.143439382314682 180
1726426280120 -0.0 181
1726426280165 -0.0 182
1726426280210 -0.0 183
1726426280261 0.09151677787303925 184
1726426280309 -0.0 185
1726426280362 0.35059309005737305 186
1726426280404 -0.0 187
1726426280449 0.20327016711235046 188
1726426280494 0.09185396134853363 189
1726426280547 0.3436688780784607 190
1726426280590 0.22331640124320984 191
1726426280638 -0.0 192
1726426280684 0.20374202728271484 193
1726426280736 0.20449891686439514 194
1726426280790 0.27249962091445923 195
1726426280828 0.34323185682296753 196
1726426280880 -0.0 197
1726426280927 0.16724035143852234 198
1726426280970 0.49012070894241333 199
1726426281014 0.2304230034351349 200
1726426281067 -0.0 201
1726426281106 -0.0 202
1726426281157 0.13242079317569733 203
1726426281195 0.24895986914634705 204
1726426281234 0.3398021459579468 205
1726426281277 0.12205986678600311 206
1726426281314 0.3744681477546692 207
1726426281354 0.12247739732265472 208
1726426281395 0.24081820249557495 209
1726426281433 0.23332233726978302 210
1726426281477 0.24970713257789612 211
1726426281517 -0.0 212
1726426281556 0.17201942205429077 213
1726426281601 -0.0 214
1726426281638 -0.0 215
1726426281675 0.28747618198394775 216
1726426281714 0.6684927940368652 217
1726426281752 0.2235548347234726 218
1726426281789 0.24707195162773132 219
1726426281829 0.3573678731918335 220
1726426281867 -0.0 221
1726426281905 -0.0 222
1726426281944 0.4987119436264038 223
1726426281982 0.4663788080215454 224
1726426282021 0.10711851716041565 225
1726426282059 0.12431357055902481 226
1726426282100 0.5854640603065491 227
1726426282139 -0.0 228
1726426282177 0.03917304053902626 229
1726426282216 -0.0 230
1726426282255 0.3142963647842407 231
1726426282296 0.22187206149101257 232
1726426282338 0.3583821654319763 233
1726426282376 -0.0 234
1726426282420 -0.0 235
1726426282460 0.24949797987937927 236
1726426282501 0.10910485684871674 237
1726426282539 -0.0 238
1726426282580 0.11601324379444122 239
1726426282623 0.01851721853017807 240
1726426282662 -0.0 241
1726426282701 0.22811183333396912 242
1726426282742 0.08896373957395554 243
1726426282780 0.08836894482374191 244
1726426282819 0.5142307281494141 245
1726426282858 0.022329723462462425 246
1726426282896 -0.0 247
1726426282934 -0.0 248
1726426282973 -0.0 249
1726426283011 -0.0 250
1726426283049 0.36837440729141235 251
1726426283091 0.341513454914093 252
1726426283130 0.398654580116272 253
1726426283168 0.12108103185892105 254
1726426283210 0.4791427254676819 255
1726426283271 0.12557876110076904 256
1726426283321 0.5393109321594238 257
1726426283377 0.3992893695831299 258
1726426283428 -0.0 259
1726426283478 0.013794488273561 260
1726426283519 0.3609345555305481 261
1726426283560 0.17956441640853882 262
1726426283603 0.20535826683044434 263
1726426283645 0.12489647418260574 264
1726426283693 0.4247215986251831 265
1726426283737 0.22749966382980347 266
1726426283778 0.432630717754364 267
1726426283817 0.24421051144599915 268
1726426283857 -0.0 269
1726426283897 3.2246745718111924e-08 270
1726426283937 0.24595719575881958 271
1726426283977 0.4408523440361023 272
1726426284019 -0.0 273
1726426284060 0.3725162148475647 274
1726426284101 0.13343718647956848 275
1726426284144 0.11495654284954071 276
1726426284192 0.5154640674591064 277
1726426284245 0.2351454794406891 278
1726426284316 0.2338058054447174 279
1726426284365 -0.0 280
1726426284416 0.20822232961654663 281
1726426284457 0.2480664700269699 282
1726426284501 -0.0 283
1726426284545 -0.0 284
1726426284594 0.1189475804567337 285
1726426284649 0.32898014783859253 286
1726426284696 -0.0 287
1726426284744 -0.0 288
1726426284793 0.1742662489414215 289
1726426284842 -0.0 290
1726426284892 0.24682793021202087 291
1726426284934 0.3777821660041809 292
1726426284976 0.16701267659664154 293
1726426285017 0.2554757297039032 294
1726426285061 0.2491598129272461 295
1726426285116 0.3315582275390625 296
1726426285156 0.12335759401321411 297
1726426285200 -0.0 298
1726426285241 0.22614407539367676 299
1726426285282 0.17749150097370148 300
1726426285322 0.298382431268692 301
1726426285363 0.09250909090042114 302
1726426285403 0.06833967566490173 303
1726426285443 -0.0 304
1726426285484 -0.0 305
1726426285524 0.14190703630447388 306
1726426285563 0.12093871086835861 307
1726426285605 0.23217171430587769 308
1726426285646 0.29557615518569946 309
1726426285688 0.14098715782165527 310
1726426285736 0.2857978940010071 311
1726426285780 0.11644376814365387 312
1726426285831 0.2455262392759323 313
1726426285878 -0.0 314
1726426285929 0.5149611234664917 315
1726426285982 -0.0 316
1726426286037 0.49954578280448914 317
1726426286116 -0.0 318
1726426286184 0.6928960680961609 319
1726426286244 -0.0 320
1726426286304 -0.0 321
1726426286363 -0.0 322
1726426286423 0.5235475301742554 323
1726426286483 0.35855746269226074 324
1726426286542 0.3473121225833893 325
1726426286597 0.5279755592346191 326
1726426286645 -0.0 327
1726426286692 0.0759417787194252 328
1726426286743 0.40695837140083313 329
1726426286791 0.27504321932792664 330
1726426286840 2.149783107086023e-08 331
1726426286888 0.22818589210510254 332
1726426286945 0.14327111840248108 333
1726426287015 0.2157568633556366 334
1726426287087 -0.0 335
1726426287152 -0.0 336
1726426287205 0.09145394712686539 337
1726426287256 -0.0 338
1726426287306 -0.0 339
1726426287356 -0.0 340
1726426287407 -0.0 341
1726426287457 -0.0 342
1726426287514 -0.0 343
1726426287575 0.3724841773509979 344
1726426287638 0.6016242504119873 345
1726426287696 0.10023081302642822 346
1726426287765 0.4297061860561371 347
1726426287813 0.24949422478675842 348
1726426287861 -0.0 349
1726426287908 0.17262141406536102 350
1726426287958 0.5761971473693848 351
1726426288007 0.38217291235923767 352
1726426288057 -0.0 353
1726426288106 -0.0 354
1726426288156 0.08773119747638702 355
1726426288216 0.15731985867023468 356
1726426288275 0.19084450602531433 357
1726426288324 0.35678914189338684 358
1726426288374 0.08983164280653 359
1726426288422 0.03104032576084137 360
1726426288472 0.37397271394729614 361
1726426288524 -0.0 362
1726426288579 0.12065760791301727 363
1726426288643 0.15386173129081726 364
1726426288704 0.1773691475391388 365
1726426288758 0.20521780848503113 366
1726426288814 -0.0 367
1726426288865 0.3718761205673218 368
1726426288920 0.5979771614074707 369
1726426288970 0.21928195655345917 370
1726426289022 0.23525865375995636 371
1726426289073 0.2386886477470398 372
1726426289124 0.11880965530872345 373
1726426289188 0.07887528091669083 374
1726426289238 0.355418860912323 375
1726426289290 0.3671886920928955 376
1726426289341 0.30286428332328796 377
1726426289391 0.3419543206691742 378
1726426289440 -0.0 379
1726426289490 -0.0 380
1726426289557 0.20729602873325348 381
1726426289606 0.2937465012073517 382
1726426289656 -0.0 383
1726426289708 -0.0 384
1726426289757 0.6277022361755371 385
1726426289808 0.2833555340766907 386
1726426289857 0.19734922051429749 387
1726426289907 0.3535856604576111 388
1726426289955 0.24331316351890564 389
1726426290006 0.14031648635864258 390
1726426290059 0.6102066040039062 391
1726426290126 0.36563408374786377 392
1726426290183 0.08889298886060715 393
1726426290254 -0.0 394
1726426290322 0.20653143525123596 395
1726426290396 0.33858948945999146 396
1726426290466 -0.0 397
1726426290535 -6.449349143622385e-08 398
1726426290597 0.6580343246459961 399
1726426290652 0.09822368621826172 400
1726426290702 0.35941457748413086 401
1726426290750 0.3040429353713989 402
1726426290801 -0.0 403
1726426290852 -0.0 404
1726426290899 0.25122779607772827 405
1726426290945 0.5036028027534485 406
1726426290991 -0.0 407
1726426291034 0.17590701580047607 408
1726426291081 -0.0 409
1726426291125 0.21532359719276428 410
1726426291171 0.3626842498779297 411
1726426291214 -0.0 412
1726426291257 0.16034047305583954 413
1726426291299 0.11260174214839935 414
1726426291341 0.42488589882850647 415
1726426291383 0.36180180311203003 416
1726426291424 0.31854504346847534 417
1726426291466 0.24978382885456085 418
1726426291506 -0.0 419
1726426291547 0.19490531086921692 420
1726426291590 0.16946928203105927 421
1726426291630 0.20971158146858215 422
1726426291670 0.38572853803634644 423
1726426291711 0.19033393263816833 424
1726426291751 -0.0 425
1726426291791 0.18762999773025513 426
1726426291835 -0.0 427
1726426291876 0.22144044935703278 428
1726426291915 0.060862552374601364 429
1726426291956 0.481550931930542 430
1726426291996 0.14369145035743713 431
1726426292036 0.2433921992778778 432
1726426292077 -0.0 433
1726426292117 -0.0 434
1726426292157 -0.0 435
1726426292196 0.5356872081756592 436
1726426292241 0.2823176383972168 437
1726426292289 0.12438738346099854 438
1726426292338 -0.0 439
1726426292380 -0.0 440
1726426292423 0.12284353375434875 441
1726426292466 0.48460060358047485 442
1726426292508 -0.0 443
1726426292549 0.24982750415802002 444
1726426292590 0.06106596067547798 445
1726426292630 0.027492545545101166 446
1726426292669 0.19311608374118805 447
1726426292708 0.12137536704540253 448
1726426292748 -0.0 449
1726426292788 0.545255720615387 450
1726426292828 -0.0 451
1726426292871 -0.0 452
1726426292910 0.04301086813211441 453
1726426292950 0.29413774609565735 454
1726426292990 0.3611075282096863 455
1726426293030 0.20917236804962158 456
1726426293069 0.1775992214679718 457
1726426293111 0.23488418757915497 458
1726426293151 0.09749385714530945 459
1726426293191 -0.0 460
1726426293232 0.374878466129303 461
1726426293273 0.11727027595043182 462
1726426293313 0.5144202709197998 463
1726426293356 0.09898445010185242 464
1726426293403 0.35242533683776855 465
1726426293452 -0.0 466
1726426293498 -0.0 467
1726426293546 0.1779092252254486 468
1726426293586 0.19446834921836853 469
1726426293627 0.07551798969507217 470
1726426293671 0.10010246932506561 471
1726426293726 -0.0 472
1726426293782 0.572839617729187 473
1726426293828 0.21468894183635712 474
1726426293873 0.29738321900367737 475
1726426293918 0.0706939548254013 476
1726426293961 -0.0 477
1726426294010 0.2379632592201233 478
1726426294063 0.04888013377785683 479
1726426294107 0.1908724457025528 480
1726426294162 -0.0 481
1726426294219 0.19418634474277496 482
1726426294261 0.4946264624595642 483
1726426294304 0.3027649521827698 484
1726426294351 0.032754652202129364 485
1726426294400 0.3566170334815979 486
1726426294459 0.5579949617385864 487
1726426294513 -0.0 488
1726426294569 -0.0 489
1726426294613 0.2248879373073578 490
1726426294655 0.24171538650989532 491
1726426294696 -0.0 492
1726426294738 0.21890756487846375 493
1726426294779 0.2311813235282898 494
1726426294820 0.26548072695732117 495
1726426294860 0.2903823256492615 496
1726426294900 0.23882107436656952 497
1726426294941 0.06880275905132294 498
1726426294981 -0.0 499
1726426295021 0.5388543009757996 500
1726426295061 0.10495766997337341 501
1726426295101 0.1901896744966507 502
1726426295140 0.3694670796394348 503
1726426295181 0.2839902937412262 504
1726426295221 0.554707407951355 505
1726426295261 0.5477675795555115 506
1726426295302 0.3571793735027313 507
1726426295341 -0.0 508
1726426295381 0.14081574976444244 509
1726426295421 0.6753995418548584 510
1726426295462 0.4336032271385193 511
1726426295501 0.2440500557422638 512
1726426295542 0.11418366432189941 513
1726426295582 0.20879796147346497 514
1726426295629 0.23797842860221863 515
1726426295678 -0.0 516
1726426295720 0.03670062497258186 517
1726426295762 0.24925337731838226 518
1726426295803 -0.0 519
1726426295843 0.13246344029903412 520
1726426295884 0.2618023753166199 521
1726426295924 -0.0 522
1726426295964 0.4705817699432373 523
1726426296003 -0.0 524
1726426296044 0.35617491602897644 525
1726426296083 0.4566221237182617 526
1726426296123 0.09659966826438904 527
1726426296163 0.17887882888317108 528
1726426296203 -0.0 529
1726426296243 0.3282409906387329 530
1726426296284 0.31136298179626465 531
1726426296327 0.20513412356376648 532
1726426296367 0.33890682458877563 533
1726426296407 -0.0 534
1726426296448 0.24179892241954803 535
1726426296488 0.3035132884979248 536
1726426296529 0.12593385577201843 537
1726426296569 -0.0 538
1726426296609 0.32212066650390625 539
1726426296649 -0.0 540
1726426296688 0.36858147382736206 541
1726426296730 0.24840110540390015 542
1726426296782 0.09171730279922485 543
1726426296828 0.20778557658195496 544
1726426296869 0.08902263641357422 545
1726426296911 0.21566498279571533 546
1726426296951 -0.0 547
1726426296992 0.09598003327846527 548
1726426297033 0.12288820743560791 549
1726426297073 -0.0 550
1726426297113 0.5686297416687012 551
1726426297154 -0.0 552
1726426297194 0.18549393117427826 553
1726426297233 0.25475358963012695 554
1726426297274 0.11558030545711517 555
1726426297316 0.42382439970970154 556
1726426297361 -0.0 557
1726426297407 -0.0 558
1726426297452 0.03648338466882706 559
1726426297497 0.09805019199848175 560
1726426297550 0.1743650585412979 561
1726426297595 0.41158241033554077 562
1726426297639 0.4986135959625244 563
1726426297684 -0.0 564
1726426297726 0.17314189672470093 565
1726426297769 0.5178620219230652 566
1726426297810 0.10938545316457748 567
1726426297852 0.20606815814971924 568
1726426297895 0.33635276556015015 569
1726426297935 0.22666066884994507 570
1726426297976 0.32433193922042847 571
1726426298019 0.3164382576942444 572
1726426298062 0.2813943326473236 573
1726426298106 0.4559059739112854 574
1726426298150 0.14099523425102234 575
1726426298195 -0.0 576
1726426298237 0.36855000257492065 577
1726426298282 0.28292208909988403 578
1726426298327 0.16174232959747314 579
1726426298369 0.37582284212112427 580
1726426298410 0.31571459770202637 581
1726426298450 0.09202094376087189 582
1726426298491 0.10139951854944229 583
1726426298532 0.5092579126358032 584
1726426298573 0.23334774374961853 585
1726426298613 -0.0 586
1726426298654 -0.0 587
1726426298694 0.2499988079071045 588
1726426298734 0.012800673954188824 589
1726426298776 -0.0 590
1726426298816 -0.0 591
1726426298867 0.6646367311477661 592
1726426298909 0.009802884422242641 593
1726426298949 -0.0 594
1726426298990 0.5113690495491028 595
1726426299034 0.10833156108856201 596
1726426299074 0.3433608114719391 597
1726426299114 0.10432317852973938 598
1726426299155 0.11939564347267151 599
1726426299198 0.16726073622703552 600
1726426299245 0.04171251133084297 601
1726426299287 0.3545409142971039 602
1726426299327 0.41449227929115295 603
1726426299371 0.11872505396604538 604
1726426299418 -0.0 605
1726426299466 -0.0 606
1726426299507 -0.0 607
1726426299548 0.35910168290138245 608
1726426299588 0.5699762105941772 609
1726426299628 0.3730710744857788 610
1726426299670 0.28578388690948486 611
1726426299710 0.09570929408073425 612
1726426299751 0.025810088962316513 613
1726426299793 0.5065280199050903 614
1726426299833 0.06447570025920868 615
1726426299873 0.08902113139629364 616
1726426299915 -0.0 617
1726426299955 -0.0 618
1726426300001 -0.0 619
