1727298453120 1.9558086395263672 0
1727298453187 1.839155912399292 1
1727298453245 1.7111848592758179 2
1727298453301 1.9098453521728516 3
1727298453358 1.922086238861084 4
1727298453408 1.9501190185546875 5
1727298453455 1.9160481691360474 6
1727298453498 1.7868685722351074 7
1727298453544 1.6977216005325317 8
1727298453597 1.9001331329345703 9
1727298453654 1.713384747505188 10
1727298453711 1.663021206855774 11
1727298453768 1.4197602272033691 12
1727298453824 1.9452474117279053 13
1727298453877 1.860292911529541 14
1727298453935 1.7997173070907593 15
1727298453987 1.9004716873168945 16
1727298454036 1.9067879915237427 17
1727298454093 1.8370208740234375 18
1727298454146 1.8513575792312622 19
1727298454200 1.9508612155914307 20
1727298454251 1.8866934776306152 21
1727298454301 1.957352876663208 22
1727298454344 1.9531266689300537 23
1727298454389 1.8225241899490356 24
1727298454434 1.9215046167373657 25
1727298454477 1.9001152515411377 26
1727298454519 1.737440586090088 27
1727298454561 1.9635039567947388 28
1727298454609 1.8454736471176147 29
1727298454648 1.867255449295044 30
1727298454685 1.9811511039733887 31
1727298454722 1.927051067352295 32
1727298454758 1.7098199129104614 33
1727298454795 1.989736795425415 34
1727298454833 1.9544296264648438 35
1727298454873 1.8463135957717896 36
1727298454918 1.8898361921310425 37
1727298454957 1.9314435720443726 38
1727298454994 1.8798118829727173 39
1727298455031 1.8267685174942017 40
1727298455069 1.9325025081634521 41
1727298455109 1.8085393905639648 42
1727298455144 1.8811631202697754 43
1727298455182 1.7876572608947754 44
1727298455220 1.8015720844268799 45
1727298455256 1.9729254245758057 46
1727298455294 1.9090111255645752 47
1727298455330 1.9399081468582153 48
1727298455368 1.8882646560668945 49
1727298455405 1.9340777397155762 50
1727298455442 1.969381332397461 51
1727298455478 1.9821386337280273 52
1727298455514 1.9533073902130127 53
1727298455550 1.9079108238220215 54
1727298455588 1.8714723587036133 55
1727298455626 1.7984983921051025 56
1727298455664 1.814534306526184 57
1727298455700 1.9672181606292725 58
1727298455739 1.9429491758346558 59
1727298455783 1.9159088134765625 60
1727298455821 1.8904333114624023 61
1727298455861 1.7612422704696655 62
1727298455897 1.762140154838562 63
1727298455934 1.9080547094345093 64
1727298455970 1.7803254127502441 65
1727298456008 1.9161102771759033 66
1727298456045 1.8267258405685425 67
1727298456081 1.7628555297851562 68
1727298456119 1.9638395309448242 69
1727298456155 1.9632477760314941 70
1727298456193 1.8553602695465088 71
1727298456231 1.8530657291412354 72
1727298456269 1.9334784746170044 73
1727298456306 1.9122953414916992 74
1727298456344 1.9376577138900757 75
1727298456382 1.9471293687820435 76
1727298456418 1.910207986831665 77
1727298456453 1.6460087299346924 78
1727298456489 1.5831060409545898 79
1727298456525 1.3604612350463867 80
1727298456562 1.5594336986541748 81
1727298456601 1.9709880352020264 82
1727298456638 1.789319634437561 83
1727298456674 1.911283016204834 84
1727298456710 1.7032854557037354 85
1727298456747 1.7702577114105225 86
1727298456785 1.9703024625778198 87
1727298456820 1.854009985923767 88
1727298456862 1.8865809440612793 89
1727298456899 1.9450223445892334 90
1727298456936 1.9474629163742065 91
1727298456972 1.8764467239379883 92
1727298457010 1.9134607315063477 93
1727298457047 1.9261647462844849 94
1727298457084 1.9488662481307983 95
1727298457121 1.9345951080322266 96
1727298457156 1.9784564971923828 97
1727298457192 1.9763745069503784 98
1727298457231 1.9883447885513306 99
1727298457268 1.5804227590560913 100
1727298457303 1.6398000717163086 101
1727298457338 1.3500789403915405 102
1727298457376 1.9078550338745117 103
1727298457414 1.6121712923049927 104
1727298457451 1.8002358675003052 105
1727298457488 1.9671998023986816 106
1727298457524 1.9171842336654663 107
1727298457561 1.8761309385299683 108
1727298457601 1.9012831449508667 109
1727298457650 1.8990893363952637 110
1727298457688 1.9621930122375488 111
1727298457725 1.8725918531417847 112
1727298457761 1.9583663940429688 113
1727298457797 1.9637130498886108 114
1727298457843 1.781535029411316 115
1727298457883 1.8466973304748535 116
1727298457921 1.7004978656768799 117
1727298457965 1.797705888748169 118
1727298458003 1.982731819152832 119
1727298458040 1.9542173147201538 120
1727298458077 1.91404128074646 121
1727298458117 1.990221619606018 122
1727298458155 1.696641445159912 123
1727298458192 1.6985325813293457 124
1727298458228 1.8388491868972778 125
1727298458264 1.760279655456543 126
1727298458301 1.9732422828674316 127
1727298458339 1.9667526483535767 128
1727298458378 1.9407942295074463 129
1727298458416 1.9718722105026245 130
1727298458452 1.811461329460144 131
1727298458495 1.8890175819396973 132
1727298458538 1.7643119096755981 133
1727298458575 1.8882348537445068 134
1727298458614 1.9283400774002075 135
1727298458653 1.970611572265625 136
1727298458689 1.7894752025604248 137
1727298458725 1.8578813076019287 138
1727298458763 1.8419668674468994 139
1727298458800 1.9561142921447754 140
1727298458838 1.799494981765747 141
1727298458876 1.649827003479004 142
1727298458913 1.9734877347946167 143
1727298458950 1.609572172164917 144
1727298458987 1.8394312858581543 145
1727298459024 1.8364250659942627 146
1727298459061 1.9384537935256958 147
1727298459098 1.879326343536377 148
1727298459135 1.7496380805969238 149
1727298459173 1.6136618852615356 150
1727298459210 1.9031894207000732 151
1727298459247 1.7406749725341797 152
1727298459285 1.9557549953460693 153
1727298459322 1.9883517026901245 154
1727298459362 1.9306831359863281 155
1727298459400 1.836107850074768 156
1727298459438 1.9562573432922363 157
1727298459477 1.9636114835739136 158
1727298459514 1.7472397089004517 159
1727298459551 1.7528440952301025 160
1727298459591 1.7953636646270752 161
1727298459636 1.907342791557312 162
1727298459682 1.9872844219207764 163
1727298459725 1.986128807067871 164
1727298459769 1.997085452079773 165
1727298459809 1.8125636577606201 166
1727298459856 1.8967924118041992 167
1727298459898 1.900255799293518 168
1727298459941 1.8217861652374268 169
1727298459979 1.9682295322418213 170
1727298460016 1.7612285614013672 171
1727298460052 1.9236465692520142 172
1727298460089 1.8544504642486572 173
1727298460127 1.8906939029693604 174
1727298460164 1.855271339416504 175
1727298460202 1.8534624576568604 176
1727298460240 1.889418363571167 177
1727298460275 1.8000752925872803 178
1727298460311 1.9972436428070068 179
1727298460346 1.9553660154342651 180
1727298460382 1.8421684503555298 181
1727298460419 1.908738613128662 182
1727298460465 1.8180724382400513 183
1727298460510 1.9840304851531982 184
1727298460551 1.9466155767440796 185
1727298460588 1.838310956954956 186
1727298460625 1.6319270133972168 187
1727298460661 1.8952001333236694 188
1727298460707 1.8099792003631592 189
1727298460742 1.8689476251602173 190
1727298460784 1.6721539497375488 191
1727298460823 1.6876800060272217 192
1727298460861 1.9135115146636963 193
1727298460917 1.759157419204712 194
1727298460969 1.7269377708435059 195
1727298461026 1.9582092761993408 196
1727298461083 1.8786885738372803 197
1727298461137 1.9123752117156982 198
1727298461190 1.7048771381378174 199
1727298461230 1.941584587097168 200
1727298461269 1.9125134944915771 201
1727298461307 1.9804067611694336 202
1727298461344 1.9650098085403442 203
1727298461381 1.9723361730575562 204
1727298461418 1.901216983795166 205
1727298461459 1.9743070602416992 206
1727298461496 1.6643551588058472 207
1727298461530 1.9050880670547485 208
1727298461566 1.9504061937332153 209
1727298461602 1.9397375583648682 210
1727298461646 1.8628284931182861 211
1727298461685 1.872976541519165 212
1727298461722 1.6651079654693604 213
1727298461762 1.7096664905548096 214
1727298461798 1.7573665380477905 215
1727298461834 1.8639161586761475 216
1727298461872 1.6287492513656616 217
1727298461909 1.8276302814483643 218
1727298461946 1.9955096244812012 219
1727298461983 1.9339513778686523 220
1727298462019 1.913538932800293 221
1727298462056 1.8973324298858643 222
1727298462092 1.8839311599731445 223
1727298462132 1.9791580438613892 224
1727298462172 1.976441502571106 225
1727298462207 1.9082907438278198 226
1727298462245 1.8993107080459595 227
1727298462283 1.8923670053482056 228
1727298462321 1.8256566524505615 229
1727298462358 1.7389945983886719 230
1727298462402 1.9296774864196777 231
1727298462440 1.8528560400009155 232
1727298462476 1.7617695331573486 233
1727298462511 1.9640979766845703 234
1727298462547 1.8785167932510376 235
1727298462583 1.9751431941986084 236
1727298462636 1.6701853275299072 237
1727298462680 1.710409164428711 238
1727298462725 1.8433935642242432 239
1727298462768 1.9018571376800537 240
1727298462815 1.959775447845459 241
1727298462860 1.8134485483169556 242
1727298462916 1.8583509922027588 243
1727298462962 1.964296817779541 244
1727298463001 1.9835960865020752 245
1727298463042 1.793076992034912 246
1727298463086 1.805720567703247 247
1727298463128 1.9188871383666992 248
1727298463171 1.8093464374542236 249
1727298463219 1.9284765720367432 250
1727298463262 1.8900084495544434 251
1727298463308 1.9983508586883545 252
1727298463350 1.9923731088638306 253
1727298463397 1.9539051055908203 254
1727298463438 1.9870522022247314 255
1727298463483 1.9806885719299316 256
1727298463526 1.794891357421875 257
1727298463570 1.9902477264404297 258
1727298463616 1.849416732788086 259
1727298463660 1.7338515520095825 260
1727298463705 1.6570062637329102 261
1727298463755 1.8755515813827515 262
1727298463798 1.8164782524108887 263
1727298463841 1.7428148984909058 264
1727298463884 1.890007734298706 265
1727298463930 1.8417824506759644 266
1727298463973 1.9079413414001465 267
1727298464019 1.5936031341552734 268
1727298464061 1.9351309537887573 269
1727298464105 1.7942917346954346 270
1727298464154 1.9437432289123535 271
1727298464202 1.9551910161972046 272
1727298464245 1.925018548965454 273
1727298464291 1.6516964435577393 274
1727298464334 1.8344714641571045 275
1727298464380 1.9437823295593262 276
1727298464423 1.767460823059082 277
1727298464469 1.8483448028564453 278
1727298464512 1.958496332168579 279
1727298464557 1.978830099105835 280
1727298464600 1.8531930446624756 281
1727298464642 1.6570935249328613 282
1727298464679 1.9612127542495728 283
1727298464716 1.8284800052642822 284
1727298464751 1.943960428237915 285
1727298464787 1.9134080410003662 286
1727298464824 1.9059275388717651 287
1727298464860 1.7532362937927246 288
1727298464898 1.628996729850769 289
1727298464935 1.902738094329834 290
1727298464972 1.8381149768829346 291
1727298465010 1.913445234298706 292
1727298465045 1.8525310754776 293
1727298465081 1.9950392246246338 294
1727298465120 1.747792363166809 295
1727298465157 1.7459235191345215 296
1727298465191 1.7156760692596436 297
1727298465226 1.831986665725708 298
1727298465266 1.6117461919784546 299
1727298465303 1.9271600246429443 300
1727298465341 1.6691734790802002 301
1727298465379 1.95670747756958 302
1727298465415 1.9877991676330566 303
1727298465451 1.9187524318695068 304
1727298465489 1.9033892154693604 305
1727298465525 1.8012750148773193 306
1727298465563 1.6870920658111572 307
1727298465599 1.9609038829803467 308
1727298465638 1.9210727214813232 309
1727298465675 1.9669411182403564 310
1727298465712 1.8666380643844604 311
1727298465747 1.726694941520691 312
1727298465783 1.6421232223510742 313
1727298465822 1.955471158027649 314
1727298465867 1.9642095565795898 315
1727298465912 1.9844682216644287 316
1727298465957 1.957668423652649 317
1727298466001 1.8220691680908203 318
1727298466062 1.8325438499450684 319
1727298466110 1.9348649978637695 320
1727298466157 1.9672456979751587 321
1727298466202 1.9395954608917236 322
1727298466244 1.9697566032409668 323
1727298466280 1.9702699184417725 324
1727298466316 1.9278883934020996 325
1727298466354 1.9706146717071533 326
1727298466392 1.809353232383728 327
1727298466427 1.9779773950576782 328
1727298466464 1.9062414169311523 329
1727298466500 1.6590564250946045 330
1727298466539 1.943603515625 331
1727298466576 1.7689039707183838 332
1727298466611 1.859076738357544 333
1727298466657 1.914339303970337 334
1727298466711 1.9431121349334717 335
1727298466760 1.8380122184753418 336
1727298466805 1.9361391067504883 337
1727298466856 1.8564772605895996 338
1727298466906 1.7493489980697632 339
1727298466960 1.7015503644943237 340
1727298467012 1.8262989521026611 341
1727298467066 1.9013363122940063 342
1727298467123 1.8723020553588867 343
1727298467175 1.859824538230896 344
1727298467231 1.8452095985412598 345
1727298467289 1.8338632583618164 346
1727298467339 1.9729779958724976 347
1727298467390 1.7015241384506226 348
1727298467434 1.6820958852767944 349
1727298467481 1.9705921411514282 350
1727298467533 1.656046986579895 351
1727298467591 1.6133086681365967 352
1727298467641 1.8301749229431152 353
1727298467686 1.7961630821228027 354
1727298467738 1.9190442562103271 355
1727298467788 1.8729634284973145 356
1727298467843 1.7099285125732422 357
1727298467898 1.8852720260620117 358
1727298467949 1.8376946449279785 359
1727298468004 1.9668035507202148 360
1727298468055 1.9222275018692017 361
1727298468101 1.9640345573425293 362
1727298468154 1.9376606941223145 363
1727298468199 1.8347415924072266 364
1727298468244 1.8075335025787354 365
1727298468281 1.8241560459136963 366
1727298468317 1.837924838066101 367
1727298468354 1.8411929607391357 368
1727298468393 1.8392128944396973 369
1727298468433 1.8339049816131592 370
1727298468471 1.827074408531189 371
1727298468509 1.820786476135254 372
1727298468546 1.8137428760528564 373
1727298468583 1.8049308061599731 374
1727298468622 1.7938709259033203 375
1727298468658 1.779662013053894 376
1727298468694 1.7620657682418823 377
1727298468730 1.7620657682418823 378
