1726485586942 2.1699492931365967 0
1726485586971 2.529585599899292 1
1726485586999 2.4668946266174316 2
1726485587027 2.185429334640503 3
1726485587054 2.180884599685669 4
1726485587081 1.9363658428192139 5
1726485587108 1.7308849096298218 6
1726485587138 1.9072381258010864 7
1726485587167 1.9039781093597412 8
1726485587198 1.999629259109497 9
1726485587230 1.7308849096298218 10
1726485587257 1.8233938217163086 11
1726485587284 1.635484218597412 12
1726485587311 1.8454617261886597 13
1726485587339 1.779134750366211 14
1726485587366 1.8017466068267822 15
1726485587394 2.1682891845703125 16
1726485587423 1.6734037399291992 17
1726485587451 2.295461654663086 18
1726485587478 2.3314390182495117 19
1726485587505 1.3517467975616455 20
1726485587532 2.0791821479797363 21
1726485587561 1.6306908130645752 22
1726485587588 1.7308849096298218 23
1726485587616 2.073603868484497 24
1726485587643 1.4684555530548096 25
1726485587670 2.295461654663086 26
1726485587696 1.9966378211975098 27
1726485587725 1.5940616130828857 28
1726485587755 1.8017466068267822 29
1726485587783 1.45781409740448 30
1726485587811 1.7308849096298218 31
1726485587840 1.863004446029663 32
1726485587869 2.1719110012054443 33
1726485587897 1.8168177604675293 34
1726485587926 2.328819990158081 35
1726485587956 2.06670880317688 36
1726485587984 2.295461654663086 37
1726485588013 2.266327142715454 38
1726485588041 1.5486515760421753 39
1726485588069 1.3517467975616455 40
1726485588096 1.867418885231018 41
1726485588125 2.0088958740234375 42
1726485588153 1.7308849096298218 43
1726485588180 2.0030887126922607 44
1726485588208 1.8650922775268555 45
1726485588236 1.8904824256896973 46
1726485588264 1.8454617261886597 47
1726485588292 2.295461654663086 48
1726485588320 1.9333504438400269 49
1726485588347 2.029423236846924 50
1726485588374 2.0122504234313965 51
1726485588403 1.7308847904205322 52
1726485588432 1.7308849096298218 53
1726485588461 1.863004446029663 54
1726485588489 2.0145177841186523 55
1726485588519 1.9706519842147827 56
1726485588548 2.529585599899292 57
1726485588575 1.9589093923568726 58
1726485588603 2.061842441558838 59
1726485588629 1.7534408569335938 60
1726485588656 2.105772018432617 61
1726485588684 1.71000337600708 62
1726485588713 1.4525065422058105 63
1726485588740 1.7308849096298218 64
1726485588767 1.3517467975616455 65
1726485588794 1.618883728981018 66
1726485588822 1.7231675386428833 67
1726485588850 1.8017466068267822 68
1726485588878 1.7308849096298218 69
1726485588907 2.1317458152770996 70
1726485588934 2.067335605621338 71
1726485588962 1.7597566843032837 72
1726485588990 1.8017466068267822 73
1726485589018 1.6482020616531372 74
1726485589047 2.0822572708129883 75
1726485589076 1.7813658714294434 76
1726485589104 2.3388559818267822 77
1726485589132 2.013472080230713 78
1726485589161 1.8454617261886597 79
1726485589189 2.0437545776367188 80
1726485589217 1.498391032218933 81
1726485589246 1.9840279817581177 82
1726485589274 1.6603342294692993 83
1726485589301 1.8191614151000977 84
1726485589329 1.3517467975616455 85
1726485589357 1.8017466068267822 86
1726485589385 1.7363717555999756 87
1726485589413 1.6152679920196533 88
1726485589441 1.9242358207702637 89
1726485589468 1.3517467975616455 90
1726485589497 1.5861784219741821 91
1726485589532 1.9000270366668701 92
1726485589567 1.9460176229476929 93
1726485589600 1.6518783569335938 94
1726485589635 1.8420836925506592 95
1726485589674 1.7308849096298218 96
1726485589712 1.9357173442840576 97
1726485589751 1.7308849096298218 98
1726485589789 1.7712515592575073 99
1726485589830 2.0337178707122803 100
1726485589870 1.7308849096298218 101
1726485589905 1.863004446029663 102
1726485589940 1.7308847904205322 103
1726485589974 1.766951560974121 104
1726485590008 1.939907431602478 105
1726485590043 1.833141565322876 106
1726485590077 1.8454617261886597 107
1726485590111 1.7308847904205322 108
1726485590146 1.7308847904205322 109
1726485590184 2.0601766109466553 110
1726485590225 1.72100830078125 111
1726485590264 1.8570377826690674 112
1726485590300 2.295461893081665 113
1726485590335 2.0625314712524414 114
1726485590369 1.8421199321746826 115
1726485590404 1.9236705303192139 116
1726485590446 2.349968194961548 117
1726485590484 2.0174548625946045 118
1726485590522 1.8435173034667969 119
1726485590564 2.529585599899292 120
1726485590601 2.3273746967315674 121
1726485590638 1.8623805046081543 122
1726485590676 1.3517467975616455 123
1726485590712 1.9684863090515137 124
1726485590749 1.835688829421997 125
1726485590786 1.3531513214111328 126
1726485590827 1.4088263511657715 127
1726485590865 1.8017466068267822 128
1726485590904 1.9173948764801025 129
1726485590939 1.3921622037887573 130
1726485590971 2.167206287384033 131
1726485591002 1.8439955711364746 132
1726485591034 2.085913896560669 133
1726485591065 1.9761148691177368 134
1726485591099 1.9326030015945435 135
1726485591130 2.1505424976348877 136
1726485591160 1.8734943866729736 137
1726485591190 1.7886658906936646 138
1726485591221 2.3640921115875244 139
1726485591250 1.9824875593185425 140
1726485591280 1.7308847904205322 141
1726485591309 1.8721094131469727 142
1726485591337 2.249189615249634 143
1726485591366 1.811354160308838 144
1726485591396 1.793746829032898 145
1726485591425 1.8606593608856201 146
1726485591454 1.8448916673660278 147
1726485591482 1.9094051122665405 148
1726485591510 1.7668167352676392 149
1726485591538 1.7308847904205322 150
1726485591566 1.9072380065917969 151
1726485591593 1.9039781093597412 152
1726485591620 1.8936927318572998 153
1726485591647 1.8017466068267822 154
1726485591677 1.9173948764801025 155
1726485591706 1.3921622037887573 156
1726485591734 1.789304256439209 157
1726485591763 1.7598199844360352 158
1726485591790 1.7308849096298218 159
1726485591819 1.9629524946212769 160
1726485591847 1.545395851135254 161
1726485591876 1.3517467975616455 162
1726485591903 2.1534595489501953 163
1726485591930 1.7308847904205322 164
1726485591958 1.8882684707641602 165
1726485591985 1.953912615776062 166
1726485592013 1.752083420753479 167
1726485592041 1.8938055038452148 168
1726485592067 1.717788577079773 169
1726485592094 2.529585599899292 170
1726485592121 1.8482210636138916 171
1726485592149 1.7787327766418457 172
1726485592177 1.3517467975616455 173
1726485592204 1.618883728981018 174
1726485592232 1.3517467975616455 175
