1727307094550 2.319898843765259 0
1727307094588 2.1205620765686035 1
1727307094626 2.1900126934051514 2
1727307094665 2.0157241821289062 3
1727307094705 2.138535499572754 4
1727307094744 2.109600782394409 5
1727307094783 2.052520275115967 6
1727307094819 2.141855001449585 7
1727307094857 2.1911346912384033 8
1727307094897 1.335769772529602 9
1727307094936 2.156862258911133 10
1727307094975 2.0090014934539795 11
1727307095013 2.1784939765930176 12
1727307095051 1.9644899368286133 13
1727307095086 2.0476016998291016 14
1727307095121 2.1962876319885254 15
1727307095157 2.1747262477874756 16
1727307095193 2.251116991043091 17
1727307095229 2.1284396648406982 18
1727307095267 2.0245206356048584 19
1727307095305 1.9015514850616455 20
1727307095343 2.118162155151367 21
1727307095382 2.1282734870910645 22
1727307095420 2.0964512825012207 23
1727307095456 1.9939454793930054 24
1727307095493 2.130544900894165 25
1727307095531 2.051689863204956 26
1727307095566 1.2344979047775269 27
1727307095602 2.156090021133423 28
1727307095638 2.0867795944213867 29
1727307095673 2.1279354095458984 30
1727307095708 2.0407142639160156 31
1727307095743 2.0602145195007324 32
1727307095779 2.1215009689331055 33
1727307095815 1.9635963439941406 34
1727307095853 2.1856839656829834 35
1727307095890 2.1916515827178955 36
1727307095927 1.2344979047775269 37
1727307095965 2.1234846115112305 38
1727307096012 1.9278459548950195 39
1727307096056 2.1512227058410645 40
1727307096102 2.1823625564575195 41
1727307096141 2.0728931427001953 42
1727307096182 2.178872585296631 43
1727307096221 2.0598881244659424 44
1727307096265 2.1712448596954346 45
1727307096304 2.079221248626709 46
1727307096344 2.0043792724609375 47
1727307096384 2.066960334777832 48
1727307096425 2.202299118041992 49
1727307096463 2.034064292907715 50
1727307096501 2.162956714630127 51
1727307096538 2.033864736557007 52
1727307096576 1.964428424835205 53
1727307096614 1.7709238529205322 54
1727307096651 2.0549325942993164 55
1727307096687 2.0965540409088135 56
1727307096723 2.114997386932373 57
1727307096760 2.1747264862060547 58
1727307096797 2.1092679500579834 59
1727307096832 2.062387466430664 60
1727307096874 1.9647846221923828 61
1727307096916 1.9019267559051514 62
1727307096954 2.1595005989074707 63
1727307096994 2.0405454635620117 64
1727307097031 2.132158041000366 65
1727307097069 2.09438157081604 66
1727307097108 2.050814628601074 67
1727307097144 2.0324878692626953 68
1727307097182 2.0224146842956543 69
1727307097223 2.1601710319519043 70
1727307097266 2.1726016998291016 71
1727307097304 2.096158981323242 72
1727307097343 1.9313104152679443 73
1727307097379 1.6251633167266846 74
1727307097415 2.0558180809020996 75
1727307097450 2.188465118408203 76
1727307097486 1.8771854639053345 77
1727307097528 2.1266961097717285 78
1727307097569 2.1020641326904297 79
1727307097608 2.1861462593078613 80
1727307097660 2.167846441268921 81
1727307097705 2.1322994232177734 82
1727307097740 1.793783187866211 83
1727307097777 1.954326868057251 84
1727307097815 2.165083646774292 85
1727307097854 1.9686870574951172 86
1727307097897 2.1728477478027344 87
1727307097935 1.748304843902588 88
1727307097975 2.0982816219329834 89
1727307098015 2.1324541568756104 90
1727307098056 1.9573290348052979 91
1727307098098 2.096756935119629 92
1727307098137 2.097712516784668 93
1727307098176 2.0970733165740967 94
1727307098214 2.047839641571045 95
1727307098253 2.002420425415039 96
1727307098291 2.161360263824463 97
1727307098329 2.1060423851013184 98
1727307098367 2.0795774459838867 99
1727307098404 2.087266206741333 100
1727307098440 2.007629156112671 101
1727307098476 2.0850839614868164 102
1727307098513 2.003000497817993 103
1727307098551 1.997513771057129 104
1727307098591 2.0464766025543213 105
1727307098632 1.9951292276382446 106
1727307098669 2.159604072570801 107
1727307098706 1.9576516151428223 108
1727307098744 2.2609567642211914 109
1727307098781 2.229365348815918 110
1727307098818 2.0458669662475586 111
1727307098857 2.019981622695923 112
1727307098893 2.2136785984039307 113
1727307098929 1.9986217021942139 114
1727307098966 2.038506269454956 115
1727307099003 1.947380542755127 116
1727307099039 2.0975992679595947 117
1727307099075 1.874987006187439 118
1727307099114 2.0422096252441406 119
1727307099150 2.0931055545806885 120
1727307099189 2.149073839187622 121
1727307099227 2.122521162033081 122
1727307099267 1.961766004562378 123
1727307099305 2.046121120452881 124
1727307099343 2.0270795822143555 125
1727307099380 2.0647637844085693 126
1727307099416 1.9311119318008423 127
1727307099451 2.1149325370788574 128
1727307099486 1.9799220561981201 129
1727307099523 2.0836946964263916 130
1727307099561 2.142958641052246 131
1727307099601 2.2076711654663086 132
1727307099643 2.0397791862487793 133
1727307099685 2.143862009048462 134
1727307099724 1.993293046951294 135
1727307099763 2.1144847869873047 136
1727307099800 1.9732911586761475 137
1727307099837 2.1697983741760254 138
1727307099872 2.142164707183838 139
1727307099909 2.1945676803588867 140
1727307099946 2.20054292678833 141
1727307099983 2.165083408355713 142
1727307100020 2.108630895614624 143
1727307100059 1.9003922939300537 144
1727307100095 2.036850690841675 145
1727307100131 1.9870140552520752 146
1727307100169 1.9485235214233398 147
1727307100206 2.15702486038208 148
1727307100246 1.9280325174331665 149
1727307100284 1.9609103202819824 150
1727307100321 2.07690691947937 151
1727307100360 2.1179137229919434 152
1727307100399 1.929592251777649 153
1727307100434 2.0077013969421387 154
1727307100472 2.182706594467163 155
1727307100510 2.049403429031372 156
1727307100551 2.1022861003875732 157
1727307100589 1.9734585285186768 158
1727307100629 1.335769772529602 159
1727307100669 2.1685380935668945 160
1727307100704 2.0476276874542236 161
1727307100739 1.335769772529602 162
1727307100774 2.0076985359191895 163
1727307100809 2.067615270614624 164
1727307100849 2.180452346801758 165
1727307100890 1.877112865447998 166
1727307100930 2.1352286338806152 167
1727307100966 2.1680922508239746 168
1727307101005 2.0001437664031982 169
1727307101040 2.156862497329712 170
1727307101076 2.1690385341644287 171
1727307101111 2.1008172035217285 172
1727307101148 2.125117301940918 173
1727307101188 2.182276964187622 174
1727307101229 1.9236044883728027 175
1727307101266 1.812721610069275 176
1727307101302 1.9687421321868896 177
1727307101339 2.037195920944214 178
1727307101376 1.521618366241455 179
1727307101411 2.100498676300049 180
1727307101446 2.1532814502716064 181
1727307101482 2.080498695373535 182
1727307101525 1.9612172842025757 183
1727307101566 2.0497212409973145 184
1727307101603 2.1195566654205322 185
1727307101641 2.053694486618042 186
1727307101677 2.0083320140838623 187
1727307101717 2.0538487434387207 188
1727307101755 1.6231086254119873 189
1727307101793 2.166409730911255 190
1727307101833 2.155958652496338 191
1727307101898 1.9464589357376099 192
1727307101934 2.1098861694335938 193
1727307101972 1.916654348373413 194
1727307102014 2.040050983428955 195
1727307102052 1.9063899517059326 196
1727307102089 2.150052070617676 197
1727307102124 1.8685270547866821 198
1727307102159 1.2344979047775269 199
1727307102195 1.2344979047775269 200
