1727307094545 2.014693021774292 0
1727307094584 2.014693021774292 1
1727307094622 2.014693021774292 2
1727307094661 2.014693021774292 3
1727307094701 2.014693021774292 4
1727307094740 2.014693021774292 5
1727307094779 2.014693021774292 6
1727307094816 2.014693021774292 7
1727307094852 2.014693021774292 8
1727307094893 2.014693021774292 9
1727307094931 2.014693021774292 10
1727307094971 2.014693021774292 11
1727307095008 2.014693021774292 12
1727307095047 2.014693021774292 13
1727307095082 2.014693021774292 14
1727307095117 2.014693021774292 15
1727307095154 2.014693021774292 16
1727307095189 2.014693021774292 17
1727307095225 2.014693021774292 18
1727307095264 2.014693021774292 19
1727307095301 2.014693021774292 20
1727307095340 2.014693021774292 21
1727307095378 2.014693021774292 22
1727307095416 2.014693021774292 23
1727307095452 2.014693021774292 24
1727307095489 2.014693021774292 25
1727307095527 2.014693021774292 26
1727307095563 2.014693021774292 27
1727307095598 2.014693021774292 28
1727307095634 2.014693021774292 29
1727307095670 2.014693021774292 30
1727307095704 2.014693021774292 31
1727307095740 2.014693021774292 32
1727307095775 2.014693021774292 33
1727307095811 2.014693021774292 34
1727307095849 2.014693021774292 35
1727307095885 2.014693021774292 36
1727307095923 2.014693021774292 37
1727307095960 2.014693021774292 38
1727307096005 2.014693021774292 39
1727307096052 2.014693021774292 40
1727307096098 2.014693021774292 41
1727307096137 2.014693021774292 42
1727307096177 2.014693021774292 43
1727307096216 2.014693021774292 44
1727307096260 2.014693021774292 45
1727307096300 2.014693021774292 46
1727307096340 2.014693021774292 47
1727307096380 2.014693021774292 48
1727307096421 2.014693021774292 49
1727307096459 2.014693021774292 50
1727307096497 2.014693021774292 51
1727307096534 2.014693021774292 52
1727307096571 2.014693021774292 53
1727307096610 2.014693021774292 54
1727307096648 2.014693021774292 55
1727307096683 2.014693021774292 56
1727307096719 2.014693021774292 57
1727307096755 2.014693021774292 58
1727307096793 2.014693021774292 59
1727307096829 2.014693021774292 60
1727307096869 2.014693021774292 61
1727307096911 2.014693021774292 62
1727307096950 2.014693021774292 63
1727307096990 2.014693021774292 64
1727307097027 2.014693021774292 65
1727307097065 2.014693021774292 66
1727307097104 2.014693021774292 67
1727307097140 2.014693021774292 68
1727307097177 2.014693021774292 69
1727307097218 2.014693021774292 70
1727307097261 2.014693021774292 71
1727307097300 2.014693021774292 72
1727307097339 2.014693021774292 73
1727307097376 2.014693021774292 74
1727307097412 2.014693021774292 75
1727307097447 2.014693021774292 76
1727307097482 2.014693021774292 77
1727307097523 2.014693021774292 78
1727307097564 2.014693021774292 79
1727307097603 2.014693021774292 80
1727307097654 2.014693021774292 81
1727307097701 2.014693021774292 82
1727307097737 2.014693021774292 83
1727307097773 2.014693021774292 84
1727307097811 2.014693021774292 85
1727307097850 2.014693021774292 86
1727307097893 2.014693021774292 87
1727307097930 2.014693021774292 88
1727307097971 2.014693021774292 89
1727307098011 2.014693021774292 90
1727307098051 2.014693021774292 91
1727307098094 2.014693021774292 92
1727307098133 2.014693021774292 93
1727307098172 2.014693021774292 94
1727307098210 2.014693021774292 95
1727307098249 2.014693021774292 96
1727307098287 2.014693021774292 97
1727307098325 2.014693021774292 98
1727307098364 2.014693021774292 99
1727307098400 2.014693021774292 100
1727307098437 2.014693021774292 101
1727307098472 2.014693021774292 102
1727307098509 2.014693021774292 103
1727307098547 2.014693021774292 104
1727307098587 2.014693021774292 105
1727307098628 2.014693021774292 106
1727307098666 2.014693021774292 107
1727307098702 2.014693021774292 108
1727307098740 2.014693021774292 109
1727307098777 2.014693021774292 110
1727307098814 2.014693021774292 111
1727307098853 2.014693021774292 112
1727307098890 2.014693021774292 113
1727307098925 2.014693021774292 114
1727307098961 2.014693021774292 115
1727307098999 2.014693021774292 116
1727307099035 2.014693021774292 117
1727307099071 2.014693021774292 118
1727307099109 2.014693021774292 119
1727307099146 2.014693021774292 120
1727307099184 2.014693021774292 121
1727307099223 2.014693021774292 122
1727307099263 2.014693021774292 123
1727307099301 2.014693021774292 124
1727307099338 2.014693021774292 125
1727307099376 2.014693021774292 126
1727307099412 2.014693021774292 127
1727307099447 2.014693021774292 128
1727307099483 2.014693021774292 129
1727307099518 2.014693021774292 130
1727307099557 2.014693021774292 131
1727307099597 2.014693021774292 132
1727307099638 2.014693021774292 133
1727307099681 2.014693021774292 134
1727307099720 2.014693021774292 135
1727307099759 2.014693021774292 136
1727307099796 2.014693021774292 137
1727307099833 2.014693021774292 138
1727307099869 2.014693021774292 139
1727307099905 2.014693021774292 140
1727307099942 2.014693021774292 141
1727307099980 2.014693021774292 142
1727307100016 2.014693021774292 143
1727307100055 2.014693021774292 144
1727307100091 2.014693021774292 145
1727307100127 2.014693021774292 146
1727307100165 2.014693021774292 147
1727307100202 2.014693021774292 148
1727307100242 2.014693021774292 149
1727307100280 2.014693021774292 150
1727307100317 2.014693021774292 151
1727307100355 2.014693021774292 152
1727307100395 2.014693021774292 153
1727307100431 2.014693021774292 154
1727307100467 2.014693021774292 155
1727307100506 2.014693021774292 156
1727307100547 2.014693021774292 157
1727307100585 2.014693021774292 158
1727307100624 2.014693021774292 159
1727307100666 2.014693021774292 160
1727307100700 2.014693021774292 161
1727307100735 2.014693021774292 162
1727307100770 2.014693021774292 163
1727307100806 2.014693021774292 164
1727307100844 2.014693021774292 165
1727307100886 2.014693021774292 166
1727307100926 2.014693021774292 167
1727307100962 2.014693021774292 168
1727307101001 2.014693021774292 169
1727307101037 2.014693021774292 170
1727307101072 2.014693021774292 171
1727307101107 2.014693021774292 172
1727307101144 2.014693021774292 173
1727307101184 2.014693021774292 174
1727307101225 2.014693021774292 175
1727307101263 2.014693021774292 176
1727307101298 2.014693021774292 177
1727307101334 2.014693021774292 178
1727307101371 2.014693021774292 179
1727307101407 2.014693021774292 180
1727307101442 2.014693021774292 181
1727307101478 2.014693021774292 182
1727307101519 2.014693021774292 183
1727307101562 2.014693021774292 184
1727307101599 2.014693021774292 185
1727307101637 2.014693021774292 186
1727307101673 2.014693021774292 187
1727307101713 2.014693021774292 188
1727307101751 2.014693021774292 189
1727307101789 2.014693021774292 190
1727307101829 2.014693021774292 191
1727307101894 2.014693021774292 192
1727307101930 2.014693021774292 193
1727307101968 2.014693021774292 194
1727307102009 2.014693021774292 195
1727307102048 2.014693021774292 196
1727307102085 2.014693021774292 197
1727307102121 2.014693021774292 198
1727307102156 2.014693021774292 199
1727307102191 2.014693021774292 200
