1726233816860 0.0 0
1726233816899 0.0 1
1726233816937 0.0 2
1726233816975 0.0 3
1726233817012 0.0 4
1726233817050 0.0 5
1726233817088 0.0 6
1726233817126 0.0 7
1726233817164 0.0 8
1726233817202 0.0 9
1726233817240 0.0 10
1726233817277 0.0 11
1726233817315 0.0 12
1726233817353 0.0 13
1726233817390 0.0 14
1726233817428 0.0 15
1726233817469 0.0 16
1726233817507 0.0 17
1726233817546 0.0 18
1726233817588 0.0 19
1726233817634 0.0 20
1726233817678 0.0 21
1726233817732 0.0 22
1726233817787 0.0 23
1726233817824 0.0 24
1726233817862 0.0 25
1726233817900 0.0 26
1726233817938 0.0 27
1726233817977 0.0 28
1726233818015 0.0 29
1726233818052 0.0 30
1726233818090 0.0 31
1726233818132 0.0 32
1726233818185 0.0 33
1726233818229 0.0 34
1726233818271 0.0 35
1726233818321 0.0 36
1726233818384 0.0 37
1726233818424 0.0 38
1726233818462 0.0 39
1726233818499 0.0 40
1726233818535 0.0 41
1726233818571 0.0 42
1726233818608 0.0 43
1726233818644 0.0 44
1726233818681 0.0 45
1726233818719 0.0 46
1726233818756 0.0 47
1726233818792 0.0 48
1726233818829 0.0 49
1726233818865 0.0 50
1726233818902 0.0 51
1726233818940 0.0 52
1726233818978 0.0 53
1726233819015 0.0 54
1726233819052 0.0 55
1726233819090 0.0 56
1726233819128 0.0 57
1726233819165 0.0 58
1726233819204 0.0 59
1726233819241 0.0 60
1726233819280 0.0 61
1726233819317 0.0 62
1726233819355 0.0 63
1726233819392 0.0 64
1726233819431 0.0 65
1726233819468 0.0 66
1726233819506 0.0 67
1726233819546 0.0 68
1726233819584 0.0 69
1726233819622 0.0 70
1726233819660 0.0 71
1726233819697 0.0 72
1726233819736 0.0 73
1726233819774 0.0 74
1726233819811 0.0 75
1726233819849 0.0 76
1726233819888 0.0 77
1726233819925 0.0 78
1726233819963 0.0 79
1726233820002 0.0 80
1726233820040 0.0 81
1726233820078 0.0 82
1726233820116 0.0 83
1726233820155 0.0 84
1726233820192 0.0 85
1726233820231 0.0 86
1726233820269 0.0 87
1726233820307 0.0 88
1726233820345 0.0 89
1726233820382 0.0 90
1726233820420 0.0 91
1726233820458 0.0 92
1726233820496 0.0 93
1726233820535 0.0 94
1726233820572 0.0 95
1726233820610 0.0 96
1726233820649 0.0 97
1726233820689 0.0 98
1726233820731 0.0 99
1726233820770 0.0 100
1726233820813 0.0 101
1726233820858 0.0 102
1726233820901 0.0 103
1726233820937 0.0 104
1726233820975 0.0 105
1726233821012 0.0 106
1726233821049 0.0 107
1726233821086 0.0 108
1726233821123 0.0 109
1726233821161 0.0 110
1726233821198 0.0 111
1726233821237 0.0 112
1726233821275 0.0 113
1726233821313 0.0 114
1726233821351 0.0 115
1726233821388 0.0 116
1726233821426 0.0 117
1726233821465 0.0 118
1726233821503 0.0 119
1726233821541 0.0 120
1726233821579 0.0 121
1726233821617 0.0 122
1726233821655 0.0 123
1726233821693 0.0 124
1726233821732 0.0 125
1726233821770 0.0 126
1726233821808 0.0 127
1726233821846 0.0 128
1726233821884 0.0 129
1726233821923 0.0 130
1726233821961 0.0 131
1726233821999 0.0 132
1726233822037 0.0 133
1726233822075 0.0 134
1726233822113 0.0 135
1726233822151 0.0 136
1726233822189 0.0 137
1726233822228 0.0 138
1726233822266 0.0 139
1726233822304 0.0 140
1726233822341 0.0 141
1726233822379 0.0 142
1726233822417 0.0 143
1726233822455 0.0 144
1726233822494 0.0 145
1726233822533 0.0 146
1726233822570 0.0 147
1726233822608 0.0 148
1726233822647 0.0 149
1726233822688 0.0 150
1726233822730 0.0 151
1726233822770 0.0 152
1726233822810 0.0 153
1726233822855 0.0 154
1726233822900 0.0 155
1726233822940 0.0 156
1726233822979 0.0 157
1726233823016 0.0 158
1726233823055 0.0 159
1726233823092 0.0 160
1726233823130 0.0 161
1726233823167 0.0 162
1726233823204 0.0 163
1726233823243 0.0 164
1726233823283 0.0 165
1726233823326 0.0 166
1726233823374 0.0 167
1726233823427 0.0 168
1726233823469 0.0 169
1726233823513 0.0 170
1726233823552 0.0 171
1726233823596 0.0 172
1726233823641 0.0 173
1726233823680 0.0 174
1726233823722 0.0 175
1726233823761 0.0 176
1726233823803 0.0 177
1726233823848 0.0 178
1726233823889 0.0 179
1726233823929 0.0 180
1726233823970 0.0 181
1726233824009 0.0 182
1726233824050 0.0 183
1726233824094 0.0 184
1726233824137 0.0 185
1726233824178 0.0 186
1726233824220 0.0 187
1726233824259 0.0 188
1726233824297 0.0 189
1726233824337 0.0 190
1726233824377 0.0 191
1726233824416 0.0 192
1726233824452 0.0 193
1726233824491 0.0 194
1726233824533 0.0 195
1726233824584 0.0 196
1726233824627 0.0 197
1726233824665 0.0 198
1726233824703 0.0 199
1726233824745 0.0 200
1726233824780 0.0 201
1726233824819 0.0 202
1726233824871 0.0 203
1726233824918 0.0 204
1726233824961 0.0 205
1726233825015 0.0 206
1726233825058 0.0 207
1726233825115 0.0 208
1726233825168 0.0 209
1726233825226 0.0 210
1726233825282 0.0 211
1726233825347 0.0 212
1726233825401 0.0 213
1726233825448 0.0 214
1726233825496 0.0 215
1726233825543 0.0 216
1726233825593 0.0 217
1726233825656 0.0 218
1726233825708 0.0 219
1726233825765 0.0 220
1726233825814 0.0 221
1726233825862 0.0 222
1726233825916 0.0 223
1726233825965 0.0 224
1726233826013 0.0 225
1726233826060 0.0 226
1726233826111 0.0 227
1726233826161 0.0 228
1726233826207 0.0 229
1726233826252 0.0 230
1726233826294 0.0 231
1726233826336 0.0 232
1726233826377 0.0 233
1726233826416 0.0 234
1726233826456 0.0 235
1726233826496 0.0 236
1726233826535 0.0 237
1726233826574 0.0 238
1726233826612 0.0 239
1726233826651 0.0 240
1726233826689 0.0 241
1726233826727 0.0 242
1726233826766 0.0 243
1726233826804 0.0 244
1726233826842 0.0 245
1726233826879 0.0 246
1726233826918 0.0 247
1726233826956 0.0 248
1726233826994 0.0 249
1726233827032 0.0 250
1726233827070 0.0 251
1726233827108 0.0 252
1726233827145 0.0 253
1726233827183 0.0 254
1726233827221 0.0 255
1726233827259 0.0 256
1726233827297 0.0 257
1726233827335 0.0 258
1726233827372 0.0 259
1726233827410 0.0 260
1726233827448 0.0 261
1726233827486 0.0 262
1726233827524 0.0 263
1726233827562 0.0 264
1726233827600 0.0 265
1726233827637 0.0 266
1726233827674 0.0 267
1726233827712 0.0 268
1726233827750 0.0 269
1726233827789 0.0 270
1726233827831 0.0 271
1726233827875 0.0 272
1726233827918 0.0 273
1726233827963 0.0 274
1726233828013 0.0 275
1726233828062 0.0 276
1726233828110 0.0 277
1726233828158 0.0 278
1726233828211 0.0 279
1726233828259 0.0 280
1726233828297 0.0 281
1726233828336 0.0 282
1726233828380 0.0 283
1726233828431 0.0 284
1726233828480 0.0 285
1726233828519 0.0 286
1726233828555 0.0 287
1726233828603 0.0 288
1726233828641 0.0 289
1726233828680 0.0 290
1726233828718 0.0 291
1726233828758 0.0 292
1726233828800 0.0 293
1726233828838 0.0 294
1726233828877 0.0 295
1726233828920 0.0 296
1726233828968 0.0 297
1726233829007 0.0 298
1726233829042 0.0 299
1726233829078 0.0 300
1726233829114 0.0 301
1726233829151 0.0 302
1726233829187 0.0 303
1726233829223 0.0 304
1726233829260 0.0 305
1726233829296 0.0 306
1726233829333 0.0 307
1726233829369 0.0 308
1726233829405 0.0 309
1726233829441 0.0 310
1726233829477 0.0 311
1726233829515 0.0 312
1726233829552 0.0 313
1726233829588 0.0 314
1726233829625 0.0 315
1726233829662 0.0 316
1726233829700 0.0 317
1726233829737 0.0 318
1726233829774 0.0 319
1726233829811 0.0 320
1726233829850 0.0 321
1726233829889 0.0 322
1726233829926 0.0 323
1726233829964 0.0 324
1726233830003 0.0 325
1726233830041 0.0 326
1726233830079 0.0 327
1726233830116 0.0 328
1726233830161 0.0 329
1726233830212 0.0 330
1726233830255 0.0 331
1726233830296 0.0 332
1726233830337 0.0 333
1726233830377 0.0 334
1726233830418 0.0 335
1726233830464 0.0 336
1726233830527 0.0 337
1726233830577 0.0 338
1726233830614 0.0 339
1726233830654 0.0 340
1726233830694 0.0 341
1726233830730 0.0 342
1726233830766 0.0 343
1726233830802 0.0 344
1726233830838 0.0 345
1726233830876 0.0 346
1726233830912 0.0 347
1726233830949 0.0 348
1726233830986 0.0 349
1726233831025 0.0 350
1726233831063 0.0 351
1726233831102 0.0 352
1726233831139 0.0 353
1726233831177 0.0 354
1726233831215 0.0 355
1726233831253 0.0 356
1726233831291 0.0 357
1726233831329 0.0 358
1726233831367 0.0 359
1726233831404 0.0 360
1726233831442 0.0 361
1726233831480 0.0 362
1726233831518 0.0 363
1726233831556 0.0 364
1726233831594 0.0 365
1726233831633 0.0 366
1726233831671 0.0 367
1726233831709 0.0 368
1726233831748 0.0 369
1726233831786 0.0 370
1726233831825 0.0 371
1726233831862 0.0 372
1726233831900 0.0 373
1726233831938 0.0 374
1726233831976 0.0 375
1726233832014 0.0 376
1726233832051 0.0 377
1726233832089 0.0 378
1726233832127 0.0 379
1726233832165 0.0 380
1726233832203 0.0 381
1726233832240 0.0 382
1726233832279 0.0 383
1726233832316 0.0 384
1726233832354 0.0 385
1726233832391 0.0 386
1726233832430 0.0 387
1726233832467 0.0 388
1726233832505 0.0 389
1726233832543 0.0 390
1726233832581 0.0 391
1726233832619 0.0 392
1726233832657 0.0 393
1726233832694 0.0 394
1726233832732 0.0 395
1726233832770 0.0 396
1726233832808 0.0 397
1726233832846 0.0 398
1726233832884 0.0 399
1726233832923 0.0 400
1726233832967 0.0 401
1726233833006 0.0 402
1726233833045 0.0 403
1726233833084 0.0 404
1726233833122 0.0 405
1726233833161 0.0 406
1726233833200 0.0 407
1726233833238 0.0 408
1726233833277 0.0 409
1726233833314 0.0 410
1726233833352 0.0 411
1726233833390 0.0 412
1726233833428 0.0 413
1726233833466 0.0 414
1726233833504 0.0 415
1726233833541 0.0 416
1726233833580 0.0 417
1726233833617 0.0 418
1726233833655 0.0 419
1726233833693 0.0 420
1726233833731 0.0 421
1726233833769 0.0 422
1726233833807 0.0 423
1726233833844 0.0 424
1726233833882 0.0 425
1726233833920 0.0 426
1726233833957 0.0 427
1726233833995 0.0 428
1726233834035 0.0 429
1726233834073 0.0 430
1726233834110 0.0 431
1726233834147 0.0 432
1726233834185 0.0 433
1726233834223 0.0 434
1726233834260 0.0 435
1726233834298 0.0 436
1726233834336 0.0 437
1726233834374 0.0 438
1726233834411 0.0 439
1726233834449 0.0 440
1726233834488 0.0 441
1726233834526 0.0 442
1726233834564 0.0 443
1726233834601 0.0 444
1726233834639 0.0 445
1726233834677 0.0 446
1726233834714 0.0 447
1726233834752 0.0 448
1726233834790 0.0 449
1726233834828 0.0 450
1726233834865 0.0 451
1726233834903 0.0 452
1726233834941 0.0 453
1726233834979 0.0 454
1726233835017 0.0 455
1726233835055 0.0 456
1726233835093 0.0 457
1726233835130 0.0 458
1726233835168 0.0 459
1726233835205 0.0 460
1726233835244 0.0 461
1726233835283 0.0 462
1726233835320 0.0 463
1726233835357 0.0 464
1726233835396 0.0 465
1726233835434 0.0 466
1726233835471 0.0 467
1726233835509 0.0 468
1726233835548 0.0 469
1726233835586 0.0 470
1726233835623 0.0 471
1726233835661 0.0 472
1726233835699 0.0 473
1726233835737 0.0 474
1726233835775 0.0 475
1726233835812 0.0 476
1726233835851 0.0 477
1726233835888 0.0 478
1726233835926 0.0 479
1726233835964 0.0 480
1726233836002 0.0 481
1726233836041 0.0 482
1726233836079 0.0 483
1726233836117 0.0 484
1726233836155 0.0 485
1726233836193 0.0 486
1726233836231 0.0 487
1726233836269 0.0 488
1726233836308 0.0 489
1726233836345 0.0 490
1726233836383 0.0 491
1726233836421 0.0 492
1726233836458 0.0 493
1726233836497 0.0 494
1726233836536 0.0 495
1726233836573 0.0 496
1726233836611 0.0 497
1726233836650 0.0 498
1726233836687 0.0 499
1726233836725 0.0 500
1726233836764 0.0 501
1726233836802 0.0 502
1726233836840 0.0 503
1726233836877 0.0 504
1726233836915 0.0 505
1726233836952 0.0 506
1726233836990 0.0 507
1726233837028 0.0 508
1726233837066 0.0 509
1726233837103 0.0 510
1726233837140 0.0 511
1726233837177 0.0 512
1726233837215 0.0 513
1726233837252 0.0 514
1726233837290 0.0 515
1726233837328 0.0 516
1726233837365 0.0 517
1726233837402 0.0 518
1726233837440 0.0 519
1726233837477 0.0 520
1726233837515 0.0 521
1726233837553 0.0 522
1726233837591 0.0 523
1726233837628 0.0 524
1726233837666 0.0 525
1726233837703 0.0 526
1726233837741 0.0 527
1726233837786 0.0 528
1726233837828 0.0 529
1726233837874 0.0 530
1726233837918 0.0 531
1726233837963 0.0 532
1726233838014 0.0 533
1726233838055 0.0 534
1726233838097 0.0 535
1726233838132 0.0 536
1726233838168 0.0 537
1726233838206 0.0 538
1726233838243 0.0 539
1726233838280 0.0 540
1726233838320 0.0 541
1726233838357 0.0 542
1726233838396 0.0 543
1726233838433 0.0 544
1726233838471 0.0 545
1726233838509 0.0 546
1726233838548 0.0 547
1726233838586 0.0 548
1726233838624 0.0 549
1726233838662 0.0 550
1726233838700 0.0 551
1726233838737 0.0 552
1726233838775 0.0 553
1726233838814 0.0 554
1726233838852 0.0 555
1726233838890 0.0 556
1726233838928 0.0 557
1726233838966 0.0 558
1726233839003 0.0 559
1726233839041 0.0 560
1726233839079 0.0 561
1726233839118 0.0 562
1726233839155 0.0 563
1726233839192 0.0 564
1726233839230 0.0 565
1726233839268 0.0 566
1726233839305 0.0 567
1726233839343 0.0 568
1726233839381 0.0 569
1726233839419 0.0 570
1726233839456 0.0 571
1726233839493 0.0 572
1726233839531 0.0 573
1726233839569 0.0 574
1726233839606 0.0 575
1726233839643 0.0 576
1726233839681 0.0 577
1726233839719 0.0 578
1726233839756 0.0 579
1726233839795 0.0 580
1726233839832 0.0 581
1726233839870 0.0 582
1726233839908 0.0 583
1726233839946 0.0 584
1726233839984 0.0 585
1726233840021 0.0 586
1726233840059 0.0 587
1726233840097 0.0 588
1726233840162 0.0 589
1726233840199 0.0 590
1726233840236 0.0 591
1726233840273 0.0 592
1726233840311 0.0 593
1726233840349 0.0 594
1726233840386 0.0 595
1726233840423 0.0 596
1726233840461 0.0 597
1726233840499 0.0 598
1726233840536 0.0 599
1726233840574 0.0 600
1726233840612 0.0 601
1726233840650 0.0 602
1726233840687 0.0 603
1726233840725 0.0 604
1726233840762 0.0 605
1726233840801 0.0 606
1726233840839 0.0 607
1726233840877 0.0 608
1726233840914 0.0 609
1726233840952 0.0 610
1726233840990 0.0 611
1726233841028 0.0 612
1726233841065 0.0 613
1726233841103 0.0 614
1726233841140 0.0 615
1726233841178 0.0 616
1726233841215 0.0 617
1726233841254 0.0 618
1726233841291 0.0 619
1726233841328 0.0 620
1726233841366 0.0 621
1726233841404 0.0 622
1726233841441 0.0 623
1726233841479 0.0 624
1726233841517 0.0 625
1726233841555 0.0 626
1726233841593 0.0 627
1726233841631 0.0 628
1726233841668 0.0 629
1726233841706 0.0 630
1726233841744 0.0 631
1726233841782 0.0 632
1726233841820 0.0 633
1726233841858 0.0 634
1726233841896 0.0 635
1726233841934 0.0 636
1726233841972 0.0 637
1726233842011 0.0 638
1726233842049 0.0 639
1726233842086 0.0 640
1726233842124 0.0 641
1726233842163 0.0 642
1726233842205 0.0 643
1726233842247 0.0 644
1726233842287 0.0 645
1726233842327 0.0 646
1726233842366 0.0 647
1726233842405 0.0 648
1726233842443 0.0 649
1726233842482 0.0 650
1726233842520 0.0 651
1726233842559 0.0 652
1726233842597 0.0 653
1726233842635 0.0 654
1726233842673 0.0 655
1726233842711 0.0 656
1726233842749 0.0 657
1726233842787 0.0 658
1726233842825 0.0 659
1726233842863 0.0 660
1726233842901 0.0 661
1726233842938 0.0 662
1726233842976 0.0 663
1726233843014 0.0 664
1726233843053 0.0 665
1726233843091 0.0 666
1726233843128 0.0 667
1726233843168 0.0 668
1726233843213 0.0 669
1726233843256 0.0 670
1726233843296 0.0 671
1726233843335 0.0 672
1726233843374 0.0 673
1726233843413 0.0 674
1726233843451 0.0 675
1726233843490 0.0 676
1726233843528 0.0 677
1726233843568 0.0 678
1726233843605 0.0 679
1726233843643 0.0 680
1726233843681 0.0 681
1726233843719 0.0 682
1726233843757 0.0 683
1726233843796 0.0 684
1726233843834 0.0 685
1726233843871 0.0 686
1726233843909 0.0 687
1726233843948 0.0 688
1726233843986 0.0 689
1726233844023 0.0 690
1726233844062 0.0 691
1726233844099 0.0 692
1726233844137 0.0 693
1726233844175 0.0 694
1726233844213 0.0 695
1726233844250 0.0 696
1726233844288 0.0 697
1726233844326 0.0 698
1726233844364 0.0 699
1726233844402 0.0 700
1726233844440 0.0 701
1726233844477 0.0 702
1726233844516 0.0 703
1726233844554 0.0 704
1726233844592 0.0 705
1726233844629 0.0 706
1726233844667 0.0 707
1726233844705 0.0 708
1726233844743 0.0 709
1726233844781 0.0 710
1726233844819 0.0 711
1726233844857 0.0 712
1726233844895 0.0 713
1726233844932 0.0 714
1726233844970 0.0 715
1726233845008 0.0 716
1726233845046 0.0 717
1726233845083 0.0 718
1726233845121 0.0 719
1726233845159 0.0 720
1726233845196 0.0 721
1726233845234 0.0 722
1726233845271 0.0 723
1726233845310 0.0 724
1726233845348 0.0 725
1726233845385 0.0 726
1726233845423 0.0 727
1726233845461 0.0 728
1726233845499 0.0 729
1726233845536 0.0 730
1726233845574 0.0 731
1726233845613 0.0 732
1726233845651 0.0 733
1726233845690 0.0 734
1726233845732 0.0 735
1726233845771 0.0 736
1726233845810 0.0 737
1726233845855 0.0 738
1726233845893 0.0 739
1726233845930 0.0 740
1726233845968 0.0 741
1726233846005 0.0 742
1726233846042 0.0 743
1726233846080 0.0 744
1726233846118 0.0 745
1726233846155 0.0 746
1726233846192 0.0 747
1726233846229 0.0 748
1726233846267 0.0 749
1726233846306 0.0 750
1726233846344 0.0 751
1726233846382 0.0 752
1726233846420 0.0 753
1726233846457 0.0 754
1726233846495 0.0 755
1726233846533 0.0 756
1726233846572 0.0 757
1726233846610 0.0 758
1726233846648 0.0 759
1726233846685 0.0 760
1726233846723 0.0 761
1726233846761 0.0 762
1726233846799 0.0 763
1726233846837 0.0 764
1726233846875 0.0 765
1726233846913 0.0 766
1726233846950 0.0 767
1726233846988 0.0 768
1726233847025 0.0 769
1726233847064 0.0 770
1726233847101 0.0 771
1726233847139 0.0 772
1726233847177 0.0 773
1726233847215 0.0 774
1726233847253 0.0 775
1726233847290 0.0 776
1726233847328 0.0 777
1726233847367 0.0 778
1726233847404 0.0 779
1726233847441 0.0 780
1726233847479 0.0 781
1726233847517 0.0 782
1726233847555 0.0 783
1726233847593 0.0 784
1726233847630 0.0 785
1726233847668 0.0 786
1726233847706 0.0 787
1726233847744 0.0 788
1726233847782 0.0 789
1726233847820 0.0 790
1726233847858 0.0 791
1726233847896 0.0 792
1726233847935 0.0 793
1726233847974 0.0 794
1726233848017 0.0 795
1726233848060 0.0 796
1726233848097 0.0 797
1726233848134 0.0 798
1726233848172 0.0 799
1726233848209 0.0 800
1726233848247 0.0 801
1726233848287 0.0 802
1726233848328 0.0 803
