1726237753614 0.0 0
1726237753654 0.0 1
1726237753694 0.0 2
1726237753734 0.0 3
1726237753773 0.0 4
1726237753813 0.0 5
1726237753854 0.0 6
1726237753904 0.0 7
1726237753946 0.0 8
1726237753993 0.0 9
1726237754039 0.0 10
1726237754080 0.0 11
1726237754120 0.0 12
1726237754160 0.0 13
1726237754200 0.0 14
1726237754241 0.0 15
1726237754281 0.0 16
1726237754324 0.0 17
1726237754364 0.0 18
1726237754407 0.0 19
1726237754449 0.0 20
1726237754490 0.0 21
1726237754529 0.0 22
1726237754571 0.0 23
1726237754611 0.0 24
1726237754650 0.0 25
1726237754691 0.0 26
1726237754731 0.0 27
1726237754770 0.0 28
1726237754815 0.0 29
1726237754859 0.0 30
1726237754902 0.0 31
1726237754946 0.0 32
1726237754994 0.0 33
1726237755042 0.0 34
1726237755089 0.0 35
1726237755130 0.0 36
1726237755171 0.0 37
1726237755211 0.0 38
1726237755251 0.0 39
1726237755302 0.0 40
1726237755344 0.0 41
1726237755392 0.0 42
1726237755432 0.0 43
1726237755475 0.0 44
1726237755523 0.0 45
1726237755564 0.0 46
1726237755610 0.0 47
1726237755650 0.0 48
1726237755691 0.0 49
1726237755732 0.0 50
1726237755773 0.0 51
1726237755814 0.0 52
1726237755855 0.0 53
1726237755895 0.0 54
1726237755936 0.0 55
1726237755976 0.0 56
1726237756020 0.0 57
1726237756064 0.0 58
1726237756107 0.0 59
1726237756149 0.0 60
1726237756201 0.0 61
1726237756251 0.0 62
1726237756291 0.0 63
1726237756332 0.0 64
1726237756371 0.0 65
1726237756410 0.0 66
1726237756449 0.0 67
1726237756490 0.0 68
1726237756533 0.0 69
1726237756574 0.0 70
1726237756622 0.0 71
1726237756669 0.0 72
1726237756720 0.0 73
1726237756767 0.0 74
1726237756813 0.0 75
1726237756852 0.0 76
1726237756892 0.0 77
1726237756933 0.0 78
1726237756973 0.0 79
1726237757012 0.0 80
1726237757054 0.0 81
1726237757094 0.0 82
1726237757133 0.0 83
1726237757174 0.0 84
1726237757215 0.0 85
1726237757256 0.0 86
1726237757304 0.0 87
1726237757355 0.0 88
1726237757401 0.0 89
1726237757439 0.0 90
1726237757478 0.0 91
1726237757517 0.0 92
1726237757558 0.0 93
1726237757602 0.0 94
1726237757667 0.0 95
1726237757738 0.0 96
1726237757790 0.0 97
1726237757837 0.0 98
1726237757891 0.0 99
1726237757937 0.0 100
1726237757983 0.0 101
1726237758028 0.0 102
1726237758067 0.0 103
1726237758105 0.0 104
1726237758144 0.0 105
1726237758183 0.0 106
1726237758221 0.0 107
1726237758259 0.0 108
1726237758297 0.0 109
1726237758338 0.0 110
1726237758377 0.0 111
1726237758416 0.0 112
1726237758457 0.0 113
1726237758498 0.0 114
1726237758537 0.0 115
1726237758576 0.0 116
1726237758616 0.0 117
1726237758654 0.0 118
1726237758692 0.0 119
1726237758730 0.0 120
1726237758771 0.0 121
1726237758810 0.0 122
1726237758850 0.0 123
1726237758890 0.0 124
1726237758930 0.0 125
1726237758970 0.0 126
1726237759010 0.0 127
1726237759050 0.0 128
1726237759091 0.0 129
1726237759133 0.0 130
1726237759173 0.0 131
1726237759220 0.0 132
1726237759282 0.0 133
1726237759346 0.0 134
1726237759401 0.0 135
1726237759438 0.0 136
1726237759476 0.0 137
1726237759515 0.0 138
1726237759553 0.0 139
1726237759592 0.0 140
1726237759631 0.0 141
1726237759669 0.0 142
1726237759707 0.0 143
1726237759746 0.0 144
1726237759785 0.0 145
1726237759825 0.0 146
1726237759865 0.0 147
1726237759904 0.0 148
1726237759944 0.0 149
1726237759983 0.0 150
1726237760022 0.0 151
1726237760063 0.0 152
1726237760103 0.0 153
1726237760142 0.0 154
1726237760183 0.0 155
1726237760223 0.0 156
1726237760262 0.0 157
1726237760301 0.0 158
1726237760342 0.0 159
1726237760381 0.0 160
1726237760421 0.0 161
1726237760461 0.0 162
1726237760501 0.0 163
1726237760543 0.0 164
1726237760585 0.0 165
1726237760624 0.0 166
1726237760664 0.0 167
1726237760703 0.0 168
1726237760743 0.0 169
1726237760782 0.0 170
1726237760822 0.0 171
1726237760863 0.0 172
1726237760903 0.0 173
1726237760944 0.0 174
1726237760983 0.0 175
1726237761022 0.0 176
1726237761063 0.0 177
1726237761105 0.0 178
1726237761150 0.0 179
1726237761190 0.0 180
1726237761230 0.0 181
1726237761269 0.0 182
1726237761310 0.0 183
1726237761351 0.0 184
1726237761392 0.0 185
1726237761443 0.0 186
1726237761486 0.0 187
1726237761529 0.0 188
1726237761573 0.0 189
1726237761615 0.0 190
1726237761656 0.0 191
1726237761697 0.0 192
1726237761738 0.0 193
1726237761779 0.0 194
1726237761821 0.0 195
1726237761862 0.0 196
1726237761903 0.0 197
1726237761943 0.0 198
1726237761984 0.0 199
1726237762024 0.0 200
1726237762066 0.0 201
