1727306943054 2.014693021774292 0
1727306943096 2.014693021774292 1
1727306943135 2.014693021774292 2
1727306943178 2.014693021774292 3
1727306943216 2.014693021774292 4
1727306943253 2.014693021774292 5
1727306943290 2.014693021774292 6
1727306943327 2.014693021774292 7
1727306943364 2.014693021774292 8
1727306943401 2.014693021774292 9
1727306943438 2.014693021774292 10
1727306943475 2.014693021774292 11
1727306943511 2.014693021774292 12
1727306943547 2.014693021774292 13
1727306943584 2.014693021774292 14
1727306943619 2.014693021774292 15
1727306943655 2.014693021774292 16
1727306943691 2.014693021774292 17
1727306943728 2.014693021774292 18
1727306943764 2.014693021774292 19
1727306943799 2.014693021774292 20
1727306943834 2.014693021774292 21
1727306943871 2.014693021774292 22
1727306943908 2.014693021774292 23
1727306943946 2.014693021774292 24
1727306943982 2.014693021774292 25
1727306944017 2.014693021774292 26
1727306944053 2.014693021774292 27
1727306944089 2.014693021774292 28
1727306944125 2.014693021774292 29
1727306944161 2.014693021774292 30
1727306944197 2.014693021774292 31
1727306944233 2.014693021774292 32
1727306944270 2.014693021774292 33
1727306944308 2.014693021774292 34
1727306944345 2.014693021774292 35
1727306944382 2.014693021774292 36
1727306944418 2.014693021774292 37
1727306944455 2.014693021774292 38
1727306944492 2.014693021774292 39
1727306944529 2.014693021774292 40
1727306944566 2.014693021774292 41
1727306944602 2.014693021774292 42
1727306944639 2.014693021774292 43
1727306944675 2.014693021774292 44
1727306944712 2.014693021774292 45
1727306944748 2.014693021774292 46
1727306944785 2.014693021774292 47
1727306944826 2.014693021774292 48
1727306944863 2.014693021774292 49
1727306944900 2.014693021774292 50
1727306944937 2.014693021774292 51
1727306944974 2.014693021774292 52
1727306945010 2.014693021774292 53
1727306945046 2.014693021774292 54
1727306945083 2.014693021774292 55
1727306945119 2.014693021774292 56
1727306945160 2.014693021774292 57
1727306945198 2.014693021774292 58
1727306945239 2.014693021774292 59
1727306945275 2.014693021774292 60
1727306945313 2.014693021774292 61
1727306945350 2.014693021774292 62
1727306945388 2.014693021774292 63
1727306945426 2.014693021774292 64
1727306945464 2.014693021774292 65
1727306945502 2.014693021774292 66
1727306945539 2.014693021774292 67
1727306945576 2.014693021774292 68
1727306945613 2.014693021774292 69
1727306945649 2.014693021774292 70
1727306945686 2.014693021774292 71
1727306945723 2.014693021774292 72
1727306945760 2.014693021774292 73
1727306945797 2.014693021774292 74
1727306945834 2.014693021774292 75
1727306945871 2.014693021774292 76
1727306945907 2.014693021774292 77
1727306945944 2.014693021774292 78
1727306945980 2.014693021774292 79
1727306946016 2.014693021774292 80
1727306946052 2.014693021774292 81
1727306946089 2.014693021774292 82
1727306946125 2.014693021774292 83
1727306946162 2.014693021774292 84
1727306946199 2.014693021774292 85
1727306946238 2.014693021774292 86
1727306946276 2.014693021774292 87
1727306946313 2.014693021774292 88
1727306946351 2.014693021774292 89
1727306946387 2.014693021774292 90
1727306946424 2.014693021774292 91
1727306946461 2.014693021774292 92
1727306946498 2.014693021774292 93
1727306946535 2.014693021774292 94
1727306946572 2.014693021774292 95
1727306946608 2.014693021774292 96
1727306946647 2.014693021774292 97
1727306946684 2.014693021774292 98
1727306946720 2.014693021774292 99
1727306946757 2.014693021774292 100
1727306946794 2.014693021774292 101
1727306946831 2.014693021774292 102
1727306946867 2.014693021774292 103
1727306946904 2.014693021774292 104
1727306946942 2.014693021774292 105
1727306946978 2.014693021774292 106
1727306947016 2.014693021774292 107
1727306947052 2.014693021774292 108
1727306947088 2.014693021774292 109
1727306947125 2.014693021774292 110
1727306947161 2.014693021774292 111
1727306947199 2.014693021774292 112
1727306947237 2.014693021774292 113
1727306947277 2.014693021774292 114
1727306947313 2.014693021774292 115
1727306947350 2.014693021774292 116
1727306947387 2.014693021774292 117
1727306947425 2.014693021774292 118
1727306947461 2.014693021774292 119
1727306947497 2.014693021774292 120
1727306947534 2.014693021774292 121
1727306947570 2.014693021774292 122
1727306947606 2.014693021774292 123
1727306947643 2.014693021774292 124
1727306947679 2.014693021774292 125
1727306947715 2.014693021774292 126
1727306947751 2.014693021774292 127
1727306947789 2.014693021774292 128
1727306947825 2.014693021774292 129
1727306947861 2.014693021774292 130
1727306947898 2.014693021774292 131
1727306947935 2.014693021774292 132
1727306947972 2.014693021774292 133
1727306948009 2.014693021774292 134
1727306948044 2.014693021774292 135
1727306948080 2.014693021774292 136
1727306948115 2.014693021774292 137
1727306948152 2.014693021774292 138
1727306948188 2.014693021774292 139
1727306948225 2.014693021774292 140
1727306948261 2.014693021774292 141
1727306948298 2.014693021774292 142
1727306948335 2.014693021774292 143
1727306948373 2.014693021774292 144
1727306948411 2.014693021774292 145
1727306948447 2.014693021774292 146
1727306948483 2.014693021774292 147
1727306948520 2.014693021774292 148
1727306948559 2.014693021774292 149
1727306948598 2.014693021774292 150
1727306948634 2.014693021774292 151
1727306948673 2.014693021774292 152
1727306948712 2.014693021774292 153
1727306948752 2.014693021774292 154
1727306948789 2.014693021774292 155
1727306948825 2.014693021774292 156
1727306948861 2.014693021774292 157
1727306948897 2.014693021774292 158
1727306948933 2.014693021774292 159
1727306948971 2.014693021774292 160
1727306949007 2.014693021774292 161
1727306949043 2.014693021774292 162
1727306949080 2.014693021774292 163
1727306949116 2.014693021774292 164
1727306949152 2.014693021774292 165
1727306949189 2.014693021774292 166
1727306949226 2.014693021774292 167
1727306949263 2.014693021774292 168
1727306949301 2.014693021774292 169
1727306949337 2.014693021774292 170
1727306949375 2.014693021774292 171
1727306949411 2.014693021774292 172
1727306949449 2.014693021774292 173
1727306949485 2.014693021774292 174
1727306949521 2.014693021774292 175
1727306949557 2.014693021774292 176
1727306949594 2.014693021774292 177
1727306949630 2.014693021774292 178
1727306949665 2.014693021774292 179
1727306949701 2.014693021774292 180
1727306949737 2.014693021774292 181
1727306949772 2.014693021774292 182
1727306949809 2.014693021774292 183
1727306949846 2.014693021774292 184
1727306949883 2.014693021774292 185
1727306949920 2.014693021774292 186
1727306949960 2.014693021774292 187
1727306950005 2.014693021774292 188
1727306950045 2.014693021774292 189
1727306950081 2.014693021774292 190
1727306950121 2.014693021774292 191
1727306950159 2.014693021774292 192
1727306950196 2.014693021774292 193
1727306950232 2.014693021774292 194
1727306950271 2.014693021774292 195
1727306950313 2.014693021774292 196
1727306950350 2.014693021774292 197
1727306950390 2.014693021774292 198
1727306950429 2.014693021774292 199
1727306950468 2.014693021774292 200
1727306950506 2.014693021774292 201
1727306950546 2.014693021774292 202
1727306950581 2.014693021774292 203
1727306950616 2.014693021774292 204
1727306950650 2.014693021774292 205
1727306950685 2.014693021774292 206
1727306950720 2.014693021774292 207
1727306950757 2.014693021774292 208
1727306950794 2.014693021774292 209
1727306950831 2.014693021774292 210
1727306950867 2.014693021774292 211
1727306950902 2.014693021774292 212
1727306950938 2.014693021774292 213
1727306950975 2.014693021774292 214
1727306951011 2.014693021774292 215
1727306951047 2.014693021774292 216
1727306951084 2.014693021774292 217
1727306951119 2.014693021774292 218
1727306951155 2.014693021774292 219
1727306951191 2.014693021774292 220
1727306951228 2.014693021774292 221
1727306951265 2.014693021774292 222
1727306951302 2.014693021774292 223
1727306951339 2.014693021774292 224
1727306951377 2.014693021774292 225
1727306951415 2.014693021774292 226
1727306951454 2.014693021774292 227
1727306951492 2.014693021774292 228
1727306951531 2.014693021774292 229
1727306951568 2.014693021774292 230
1727306951605 2.014693021774292 231
1727306951641 2.014693021774292 232
1727306951677 2.014693021774292 233
1727306951715 2.014693021774292 234
1727306951753 2.014693021774292 235
1727306951791 2.014693021774292 236
1727306951827 2.014693021774292 237
1727306951864 2.014693021774292 238
1727306951901 2.014693021774292 239
1727306951939 2.014693021774292 240
1727306951976 2.014693021774292 241
1727306952013 2.014693021774292 242
1727306952049 2.014693021774292 243
1727306952085 2.014693021774292 244
1727306952122 2.014693021774292 245
1727306952159 2.014693021774292 246
1727306952196 2.014693021774292 247
1727306952232 2.014693021774292 248
1727306952270 2.014693021774292 249
1727306952309 2.014693021774292 250
1727306952346 2.014693021774292 251
1727306952382 2.014693021774292 252
1727306952420 2.014693021774292 253
1727306952457 2.014693021774292 254
1727306952493 2.014693021774292 255
1727306952530 2.014693021774292 256
1727306952567 2.014693021774292 257
1727306952606 2.014693021774292 258
1727306952644 2.014693021774292 259
1727306952683 2.014693021774292 260
1727306952719 2.014693021774292 261
1727306952756 2.014693021774292 262
1727306952793 2.014693021774292 263
1727306952831 2.014693021774292 264
1727306952868 2.014693021774292 265
1727306952904 2.014693021774292 266
1727306952941 2.014693021774292 267
1727306952977 2.014693021774292 268
1727306953014 2.014693021774292 269
1727306953050 2.014693021774292 270
1727306953087 2.014693021774292 271
1727306953124 2.014693021774292 272
1727306953161 2.014693021774292 273
1727306953198 2.014693021774292 274
1727306953235 2.014693021774292 275
1727306953271 2.014693021774292 276
1727306953308 2.014693021774292 277
1727306953344 2.014693021774292 278
1727306953380 2.014693021774292 279
1727306953416 2.014693021774292 280
1727306953451 2.014693021774292 281
1727306953487 2.014693021774292 282
1727306953524 2.014693021774292 283
1727306953561 2.014693021774292 284
1727306953599 2.014693021774292 285
1727306953634 2.014693021774292 286
