1726432428593 2e-05 0
1726432428635 0.5524043440818787 1
1726432428676 0.7134705781936646 2
1726432428717 0.5836343169212341 3
1726432428758 0.6886440515518188 4
1726432428800 0.5515040755271912 5
1726432428842 0.7059430480003357 6
1726432428884 0.6775479316711426 7
1726432428927 0.5832995772361755 8
1726432428967 0.7029048800468445 9
1726432429012 0.2586119472980499 10
1726432429059 0.5099543333053589 11
1726432429103 0.5201057195663452 12
1726432429146 0.6526918411254883 13
1726432429188 0.7935279607772827 14
1726432429230 0.5147331953048706 15
1726432429271 0.502730131149292 16
1726432429313 0.633478581905365 17
1726432429358 0.5594952702522278 18
1726432429400 0.6745615601539612 19
1726432429441 0.6603291630744934 20
1726432429482 0.8733911514282227 21
1726432429524 0.31766727566719055 22
1726432429570 0.6093021035194397 23
1726432429613 0.5515041351318359 24
1726432429656 0.6472132802009583 25
1726432429698 0.60015469789505 26
1726432429746 0.7568087577819824 27
1726432429810 0.5806460976600647 28
1726432429876 0.6523692607879639 29
1726432429924 0.8667376637458801 30
1726432429970 0.6588479280471802 31
1726432430018 0.5063211917877197 32
1726432430069 0.8510032892227173 33
1726432430120 0.6475420594215393 34
1726432430171 0.5066241025924683 35
1726432430223 0.8162922859191895 36
1726432430272 0.7352096438407898 37
1726432430324 0.7150278687477112 38
1726432430377 0.5910006165504456 39
1726432430432 0.7075660824775696 40
1726432430488 0.3440468907356262 41
1726432430539 0.5408076047897339 42
1726432430593 0.6714792251586914 43
1726432430645 0.4438646733760834 44
1726432430697 0.43128708004951477 45
1726432430749 0.9280231595039368 46
1726432430800 0.519097626209259 47
1726432430854 0.7509286403656006 48
1726432430907 0.571549654006958 49
1726432430958 0.8687424063682556 50
1726432431010 0.6916477680206299 51
1726432431063 0.8549513816833496 52
1726432431114 0.656619131565094 53
1726432431167 0.40932774543762207 54
1726432431218 0.6679794192314148 55
1726432431274 0.8138596415519714 56
1726432431328 0.6693821549415588 57
1726432431380 0.6823374629020691 58
1726432431433 0.6372069120407104 59
1726432431484 0.5473047494888306 60
1726432431536 0.9628134369850159 61
1726432431588 0.41692018508911133 62
1726432431640 0.3700794577598572 63
1726432431691 0.6664358973503113 64
1726432431743 0.8827862739562988 65
1726432431795 0.618930459022522 66
1726432431848 0.6054490804672241 67
1726432431899 0.7715804576873779 68
1726432431953 0.8385624289512634 69
1726432432006 0.7466484308242798 70
1726432432056 0.5536352396011353 71
1726432432110 0.4290795624256134 72
1726432432163 0.6921154856681824 73
1726432432215 0.6380779147148132 74
1726432432268 0.4645465612411499 75
1726432432322 0.6351644396781921 76
1726432432377 0.5900150537490845 77
1726432432429 0.785372257232666 78
1726432432481 0.4457586407661438 79
1726432432532 0.817230224609375 80
1726432432584 0.4084213078022003 81
1726432432636 0.7532894015312195 82
1726432432688 0.6084210872650146 83
1726432432740 0.6507118940353394 84
1726432432791 0.7153823971748352 85
1726432432843 0.7729341387748718 86
1726432432895 0.46953117847442627 87
1726432432947 0.5225403904914856 88
1726432432997 0.7872190475463867 89
1726432433050 0.6787792444229126 90
1726432433101 0.5566676259040833 91
1726432433154 0.442489355802536 92
1726432433204 0.47734174132347107 93
1726432433255 0.38858702778816223 94
1726432433306 0.5592349171638489 95
1726432433358 0.28709062933921814 96
1726432433410 0.7015456557273865 97
1726432433461 0.7567448616027832 98
1726432433512 0.8937792181968689 99
1726432433565 0.46380096673965454 100
1726432433617 0.7515419125556946 101
1726432433672 0.45021557807922363 102
1726432433726 0.766189694404602 103
1726432433777 0.5122421383857727 104
1726432433829 0.7172232270240784 105
1726432433880 0.5368625521659851 106
1726432433931 0.775136411190033 107
1726432433982 0.7423784136772156 108
1726432434033 0.46805939078330994 109
1726432434084 0.7720242142677307 110
1726432434140 0.751907229423523 111
1726432434190 0.6630061268806458 112
1726432434237 0.6406234502792358 113
1726432434286 0.5923786163330078 114
1726432434332 0.726021945476532 115
1726432434379 0.49567803740501404 116
1726432434423 0.20361781120300293 117
1726432434469 0.2690896689891815 118
1726432434514 0.4169858694076538 119
1726432434565 0.6391133069992065 120
1726432434616 0.627403974533081 121
1726432434672 0.49287232756614685 122
1726432434714 0.5471155047416687 123
1726432434756 0.49202263355255127 124
1726432434796 0.42741256952285767 125
1726432434838 0.3934939205646515 126
1726432434881 0.8210389018058777 127
1726432434922 0.4282394051551819 128
1726432434963 0.6233049035072327 129
1726432435005 0.3863864541053772 130
1726432435046 0.5124747157096863 131
1726432435093 0.8682231307029724 132
1726432435140 0.4297952353954315 133
1726432435185 0.6204833984375 134
1726432435231 0.1580146998167038 135
1726432435272 0.24302040040493011 136
1726432435313 0.5774888396263123 137
1726432435355 0.6186290383338928 138
1726432435396 0.7788614630699158 139
1726432435437 0.28197798132896423 140
1726432435477 0.6742498278617859 141
1726432435519 0.616389274597168 142
1726432435561 0.4711035490036011 143
1726432435603 0.6770609021186829 144
1726432435645 0.5943000316619873 145
1726432435686 0.4984532594680786 146
1726432435727 0.6208897829055786 147
1726432435768 0.7770698666572571 148
1726432435810 0.5834657549858093 149
1726432435851 0.810565173625946 150
1726432435893 0.5939554572105408 151
1726432435935 0.6027300953865051 152
1726432435975 0.8290996551513672 153
1726432436017 0.6653367280960083 154
1726432436060 0.8488696813583374 155
1726432436103 0.44422823190689087 156
1726432436145 0.546739399433136 157
1726432436187 0.7294481992721558 158
1726432436229 0.4585447907447815 159
1726432436270 0.7410017251968384 160
1726432436312 0.8848891258239746 161
1726432436355 0.6068629026412964 162
1726432436397 0.7824836373329163 163
1726432436438 0.8611401319503784 164
1726432436480 0.5578534603118896 165
1726432436522 0.8014674186706543 166
1726432436564 0.5279677510261536 167
1726432436607 0.5210954546928406 168
1726432436649 0.6243900656700134 169
1726432436691 0.24410729110240936 170
1726432436733 0.5573982000350952 171
1726432436775 0.6497264504432678 172
1726432436817 0.8513655662536621 173
1726432436860 0.7441104650497437 174
1726432436904 0.7814347147941589 175
1726432436945 0.4227258563041687 176
1726432436987 0.8573510646820068 177
1726432437028 0.723133385181427 178
1726432437070 0.47864022850990295 179
1726432437113 0.5243633389472961 180
1726432437154 0.5726866722106934 181
1726432437197 0.4951830804347992 182
1726432437241 0.6461963057518005 183
1726432437284 0.3631618022918701 184
1726432437325 0.8547475934028625 185
1726432437368 0.5888127088546753 186
1726432437411 0.7188287973403931 187
1726432437451 0.3714228868484497 188
1726432437492 0.30877578258514404 189
1726432437535 0.5009130835533142 190
1726432437575 0.48681139945983887 191
1726432437617 0.6802703738212585 192
1726432437661 0.5985681414604187 193
1726432437703 0.7913586497306824 194
1726432437745 0.7041013240814209 195
1726432437787 0.33530452847480774 196
1726432437829 0.8732482194900513 197
1726432437872 0.507373571395874 198
1726432437913 0.6237295866012573 199
1726432437955 0.8159264922142029 200
1726432437997 0.8568089604377747 201
1726432438041 0.6792474985122681 202
1726432438084 0.7212246060371399 203
1726432438129 0.8444726467132568 204
1726432438176 0.6087521314620972 205
1726432438220 0.7871876955032349 206
1726432438264 0.4523732364177704 207
1726432438308 0.8743044137954712 208
1726432438357 0.7707237601280212 209
1726432438400 0.9144792556762695 210
1726432438441 0.8132579922676086 211
1726432438483 0.7461405396461487 212
1726432438525 0.5047255754470825 213
1726432438566 0.9775962829589844 214
1726432438610 0.7220543622970581 215
1726432438651 0.4831230342388153 216
1726432438692 0.7649157047271729 217
1726432438735 0.5724599957466125 218
1726432438775 0.5535035729408264 219
1726432438817 0.8233195543289185 220
1726432438860 0.8840014934539795 221
1726432438902 0.7740537524223328 222
1726432438944 0.5531887412071228 223
1726432438987 0.46124327182769775 224
1726432439030 0.8350639343261719 225
1726432439073 0.6090407371520996 226
1726432439115 0.6962698698043823 227
1726432439157 0.5920687317848206 228
1726432439198 0.626079261302948 229
1726432439239 0.6377550363540649 230
1726432439284 0.5366015434265137 231
1726432439340 0.7667873501777649 232
1726432439393 0.21284526586532593 233
1726432439450 0.7832345366477966 234
1726432439500 0.7027766704559326 235
1726432439552 0.8044531941413879 236
1726432439608 0.6810899376869202 237
1726432439661 0.6118945479393005 238
1726432439713 0.41637834906578064 239
1726432439765 0.6270552277565002 240
1726432439822 0.40950071811676025 241
1726432439878 0.7223389744758606 242
1726432439933 0.6354674696922302 243
1726432439985 0.7878257036209106 244
1726432440043 0.7530941963195801 245
1726432440104 0.7855240106582642 246
1726432440162 0.7214404940605164 247
1726432440219 0.49309706687927246 248
1726432440274 0.3596133589744568 249
1726432440328 0.6536909341812134 250
1726432440384 0.6683644652366638 251
1726432440440 0.32780322432518005 252
1726432440493 0.6262270212173462 253
1726432440549 0.5697258710861206 254
1726432440607 0.37969014048576355 255
1726432440664 0.5151108503341675 256
1726432440721 0.9301948547363281 257
1726432440774 0.8209823369979858 258
1726432440834 0.6007628440856934 259
1726432440886 0.4856146275997162 260
1726432440934 0.6096189618110657 261
1726432440984 0.5820151567459106 262
1726432441033 0.6935703158378601 263
1726432441073 0.7889996767044067 264
1726432441120 0.79449063539505 265
1726432441164 0.6939839124679565 266
1726432441209 0.7264694571495056 267
1726432441257 0.6285607218742371 268
1726432441302 0.5238597989082336 269
1726432441350 0.738024890422821 270
1726432441394 0.9323410987854004 271
1726432441435 0.5321748852729797 272
1726432441474 0.46037590503692627 273
1726432441515 0.565091609954834 274
1726432441557 0.6866678595542908 275
1726432441598 0.3594146966934204 276
1726432441641 0.5571492910385132 277
1726432441682 0.30411216616630554 278
1726432441724 0.5114582777023315 279
1726432441765 0.21164794266223907 280
1726432441806 0.815474808216095 281
1726432441848 0.6920144557952881 282
1726432441893 0.7661570906639099 283
1726432441938 0.3636108338832855 284
1726432441982 0.6711565256118774 285
1726432442028 0.4431725740432739 286
1726432442075 0.6931719183921814 287
1726432442118 0.6861099600791931 288
1726432442160 0.7181915640830994 289
1726432442202 0.7675329446792603 290
1726432442242 0.7559520602226257 291
1726432442284 0.6916458010673523 292
1726432442327 0.31098949909210205 293
1726432442369 0.007060703355818987 294
1726432442410 0.7140047550201416 295
1726432442452 0.5876685976982117 296
1726432442493 0.8145740628242493 297
1726432442535 0.444431871175766 298
1726432442579 0.8003568053245544 299
1726432442620 0.8298002481460571 300
1726432442663 0.763831615447998 301
1726432442706 0.5394738912582397 302
1726432442749 0.2897489368915558 303
1726432442792 0.5700141191482544 304
1726432442835 0.545370876789093 305
1726432442879 0.7477337718009949 306
1726432442920 0.31703099608421326 307
1726432442962 0.6812607049942017 308
1726432443005 0.5384146571159363 309
1726432443046 0.6201440095901489 310
1726432443087 0.7192330360412598 311
1726432443132 0.799403190612793 312
1726432443174 0.4895158112049103 313
1726432443216 0.6306122541427612 314
1726432443258 0.4658445715904236 315
1726432443300 0.511391282081604 316
1726432443343 0.7262572050094604 317
1726432443387 0.4590744078159332 318
1726432443430 0.6021866202354431 319
1726432443472 0.7107488512992859 320
1726432443513 0.6957529187202454 321
1726432443556 0.4180866777896881 322
1726432443597 0.3463728129863739 323
1726432443641 0.583465039730072 324
1726432443683 0.6533688902854919 325
1726432443725 0.6259880065917969 326
1726432443768 0.5193718075752258 327
1726432443809 0.6062365174293518 328
1726432443851 0.6601102352142334 329
1726432443896 0.5169509053230286 330
1726432443939 0.6792294979095459 331
1726432443981 0.5874217748641968 332
1726432444023 0.9210427403450012 333
1726432444065 0.7542680501937866 334
1726432444108 0.6645377278327942 335
1726432444150 0.8641061186790466 336
1726432444191 0.49043795466423035 337
1726432444234 0.8035724759101868 338
1726432444275 0.7428388595581055 339
1726432444317 0.6039296388626099 340
1726432444361 0.6432132124900818 341
1726432444405 0.7178328633308411 342
1726432444448 0.04967116564512253 343
1726432444489 0.8335882425308228 344
1726432444531 0.3736940920352936 345
1726432444575 0.0318300686776638 346
1726432444639 0.763727068901062 347
1726432444684 0.49011483788490295 348
1726432444728 0.5842785239219666 349
1726432444786 0.5237972140312195 350
1726432444831 0.4420241117477417 351
1726432444879 0.7971966862678528 352
1726432444930 0.5978966355323792 353
1726432444982 0.4964318871498108 354
1726432445032 0.652414858341217 355
1726432445083 0.4292822778224945 356
1726432445135 0.8204196095466614 357
1726432445188 0.6412338018417358 358
1726432445238 0.6053230166435242 359
1726432445293 0.8484783172607422 360
1726432445343 0.038113292306661606 361
1726432445395 0.041428595781326294 362
1726432445447 0.7554842829704285 363
1726432445498 0.5451055765151978 364
1726432445552 0.693278431892395 365
1726432445603 0.7194353938102722 366
1726432445655 0.7823615074157715 367
1726432445709 0.45471900701522827 368
1726432445760 0.4896898865699768 369
1726432445812 0.4378510117530823 370
1726432445864 0.5241072177886963 371
1726432445915 0.46047142148017883 372
1726432445970 0.6323711276054382 373
1726432446022 0.3581964075565338 374
1726432446072 0.8804886341094971 375
1726432446127 0.48531609773635864 376
1726432446182 0.7067543864250183 377
1726432446233 0.7083633542060852 378
1726432446283 0.6023603677749634 379
1726432446336 0.5814935564994812 380
1726432446388 0.3953518867492676 381
1726432446440 0.595881998538971 382
1726432446492 0.7186329364776611 383
1726432446542 0.5934770107269287 384
1726432446596 0.6036380529403687 385
1726432446647 0.4148998558521271 386
1726432446699 0.4934523403644562 387
1726432446752 0.7060689926147461 388
1726432446803 0.6624101996421814 389
1726432446855 0.5110324025154114 390
1726432446908 0.8486056923866272 391
1726432446959 0.5764366388320923 392
1726432447015 0.6479737162590027 393
1726432447073 0.5074938535690308 394
1726432447122 0.6929693222045898 395
1726432447176 0.0614791139960289 396
1726432447229 0.5147610902786255 397
1726432447280 0.04591173306107521 398
1726432447332 0.5079392194747925 399
1726432447384 0.5034193992614746 400
1726432447439 0.5907334089279175 401
1726432447490 0.7346372008323669 402
1726432447541 0.40672919154167175 403
1726432447594 0.5034913420677185 404
1726432447646 0.9068031907081604 405
1726432447698 0.5976629257202148 406
1726432447749 0.6669837832450867 407
1726432447802 0.7832030653953552 408
1726432447854 0.0322689563035965 409
1726432447907 0.6763873100280762 410
1726432447959 0.6123918294906616 411
1726432448010 0.6818333864212036 412
1726432448064 0.32930248975753784 413
1726432448117 0.8700470924377441 414
1726432448170 0.35316723585128784 415
1726432448222 0.5094440579414368 416
1726432448274 0.22722266614437103 417
1726432448329 0.3547665774822235 418
1726432448385 0.7523341178894043 419
1726432448437 0.8379806280136108 420
1726432448488 0.6034273505210876 421
1726432448540 0.6949500441551208 422
1726432448591 0.7298566102981567 423
1726432448642 0.7430888414382935 424
1726432448694 0.7215607762336731 425
1726432448745 0.22645670175552368 426
1726432448795 0.8170580863952637 427
1726432448846 0.06855078786611557 428
1726432448899 0.04233011603355408 429
1726432448950 0.7318809032440186 430
1726432449002 0.4495421051979065 431
1726432449055 0.03791528567671776 432
1726432449106 0.04218825697898865 433
1726432449159 0.594296932220459 434
1726432449209 0.48670369386672974 435
1726432449256 0.6339513659477234 436
1726432449301 0.5383191704750061 437
1726432449346 0.7217553853988647 438
1726432449391 0.48970696330070496 439
1726432449435 0.6492709517478943 440
1726432449479 0.4175097942352295 441
1726432449523 0.8637812733650208 442
1726432449566 0.7764528393745422 443
1726432449608 0.5719791650772095 444
1726432449651 0.47401729226112366 445
1726432449693 0.657046914100647 446
1726432449736 0.7232493758201599 447
1726432449779 0.6254333257675171 448
1726432449820 0.3356286287307739 449
1726432449862 0.33852019906044006 450
1726432449904 0.6100796461105347 451
1726432449947 0.41447052359580994 452
1726432449989 0.7479346990585327 453
1726432450032 0.20179900527000427 454
1726432450077 0.825201153755188 455
1726432450121 0.6056274771690369 456
1726432450165 0.7699061632156372 457
1726432450208 0.6327349543571472 458
1726432450252 0.5076048970222473 459
1726432450294 0.7701653242111206 460
1726432450337 0.4744722843170166 461
1726432450379 0.6338282227516174 462
1726432450422 0.6756985187530518 463
1726432450466 0.2904050350189209 464
1726432450508 0.0496964231133461 465
1726432450551 0.7232316136360168 466
1726432450593 0.5770209431648254 467
1726432450635 0.4283396601676941 468
1726432450679 0.7391657829284668 469
1726432450723 0.3766573965549469 470
1726432450773 0.597190797328949 471
1726432450832 0.49006330966949463 472
1726432450874 0.7318048477172852 473
1726432450915 0.42864173650741577 474
1726432450957 0.48768559098243713 475
1726432450997 0.016210829839110374 476
1726432451037 0.6882559061050415 477
1726432451078 0.37499168515205383 478
1726432451119 0.5281871557235718 479
1726432451161 0.6124687194824219 480
1726432451204 0.05937485024333 481
1726432451246 0.8480553030967712 482
1726432451288 0.38938966393470764 483
1726432451330 0.03292340040206909 484
1726432451372 0.03526309132575989 485
1726432451415 0.03816770389676094 486
1726432451456 0.5718017816543579 487
1726432451497 0.6197157502174377 488
1726432451540 0.6839101314544678 489
1726432451580 0.617342472076416 490
1726432451622 0.6528145670890808 491
1726432451666 0.7332189083099365 492
1726432451708 0.5358052253723145 493
1726432451750 0.5697332620620728 494
1726432451791 0.8158358335494995 495
1726432451833 0.7491764426231384 496
1726432451876 0.5445570349693298 497
1726432451919 0.4122005105018616 498
1726432451961 0.5979861617088318 499
1726432452002 0.40445324778556824 500
1726432452044 0.6416019797325134 501
1726432452088 0.7250511646270752 502
1726432452130 0.4599449038505554 503
1726432452173 0.6921536326408386 504
1726432452216 0.6432793140411377 505
1726432452258 0.028920693323016167 506
1726432452300 0.031867917627096176 507
1726432452342 0.5283922553062439 508
1726432452383 0.5364287495613098 509
1726432452427 0.7191100120544434 510
1726432452488 0.980715811252594 511
1726432452528 0.9055910110473633 512
1726432452568 0.7683952450752258 513
1726432452610 0.8729052543640137 514
1726432452651 0.5387617349624634 515
1726432452693 0.4363826513290405 516
1726432452734 0.05434440076351166 517
1726432452776 0.2123337984085083 518
1726432452818 0.04854865372180939 519
1726432452862 0.30965882539749146 520
1726432452904 0.35562366247177124 521
1726432452947 0.018060902133584023 522
1726432452988 0.6422946453094482 523
1726432453030 0.04555191472172737 524
1726432453073 0.045798495411872864 525
1726432453113 0.6257325410842896 526
1726432453156 0.017998604103922844 527
1726432453199 0.4672812223434448 528
1726432453242 0.7813810110092163 529
1726432453284 0.5066521167755127 530
1726432453326 0.7846511006355286 531
1726432453368 0.4230377972126007 532
1726432453411 0.3992895185947418 533
1726432453454 0.8652781248092651 534
1726432453495 0.8363019227981567 535
1726432453538 0.044320523738861084 536
1726432453583 0.0508524551987648 537
1726432453626 0.4238242506980896 538
1726432453669 0.4163661301136017 539
1726432453713 0.5413795709609985 540
1726432453756 0.03642178699374199 541
1726432453799 0.038316577672958374 542
1726432453841 0.04066621884703636 543
1726432453883 0.04378415271639824 544
1726432453927 0.883971631526947 545
1726432453969 0.874363362789154 546
1726432454010 0.4194048047065735 547
1726432454053 0.552897036075592 548
1726432454095 0.7994049787521362 549
1726432454137 0.893271803855896 550
1726432454180 0.05363386869430542 551
1726432454222 0.03523208573460579 552
1726432454265 0.4319719970226288 553
1726432454307 0.04798299819231033 554
1726432454350 0.5145546793937683 555
1726432454392 0.04715908318758011 556
1726432454437 0.05262041836977005 557
1726432454481 0.049206580966711044 558
1726432454522 0.04899196699261665 559
1726432454564 0.007225308567285538 560
1726432454607 0.4907788932323456 561
1726432454649 0.7550755143165588 562
1726432454693 0.010743465274572372 563
1726432454734 0.010943928733468056 564
1726432454776 0.011150410398840904 565
1726432454817 0.011363299563527107 566
1726432454861 0.011582942679524422 567
1726432454903 0.011809813790023327 568
1726432454947 0.012044362723827362 569
1726432454989 0.01228717528283596 570
1726432455031 0.012538748793303967 571
1726432455072 0.2835906445980072 572
1726432455114 0.783128023147583 573
1726432455160 0.6948185563087463 574
1726432455203 0.5588200092315674 575
1726432455247 0.044225215911865234 576
1726432455289 0.051227133721113205 577
1726432455332 0.05479096621274948 578
1726432455374 0.03814716637134552 579
1726432455417 0.6891574263572693 580
1726432455460 0.0459274984896183 581
1726432455501 0.4794254004955292 582
1726432455543 0.023255877196788788 583
1726432455586 0.02400387078523636 584
1726432455628 0.39769265055656433 585
1726432455671 0.6247482895851135 586
1726432455714 0.5725335478782654 587
1726432455756 0.02518313005566597 588
1726432455802 0.023420101031661034 589
1726432455844 0.744960606098175 590
1726432455886 0.4408589005470276 591
1726432455930 0.03592093288898468 592
1726432455972 0.03927949070930481 593
1726432456015 0.5726446509361267 594
1726432456058 0.039946429431438446 595
1726432456101 0.04525359347462654 596
1726432456144 0.0547858290374279 597
1726432456187 0.2615616023540497 598
1726432456229 0.7298147082328796 599
1726432456271 0.03184445947408676 600
1726432456313 0.03367308899760246 601
1726432456355 0.47381606698036194 602
1726432456397 0.03222748264670372 603
1726432456440 0.007669185288250446 604
1726432456482 0.5671846270561218 605
1726432456524 0.5150360465049744 606
1726432456567 0.7223893404006958 607
1726432456609 0.3109881281852722 608
1726432456652 0.33320891857147217 609
1726432456695 0.025405243039131165 610
1726432456737 0.02653425559401512 611
1726432456780 0.027868816629052162 612
1726432456821 0.029474813491106033 613
1726432456863 0.031454045325517654 614
1726432456907 0.03397569805383682 615
1726432456949 0.03735018149018288 616
1726432456992 0.030976036563515663 617
1726432457034 0.03357858210802078 618
1726432457076 0.037527840584516525 619
1726432457119 0.2594713270664215 620
1726432457165 0.30155637860298157 621
1726432457220 0.33010920882225037 622
1726432457263 0.7113480567932129 623
1726432457304 0.05635854974389076 624
1726432457345 0.04978548735380173 625
1726432457386 0.5047393441200256 626
1726432457429 0.7234743237495422 627
1726432457471 0.07472822815179825 628
1726432457514 0.5296785831451416 629
1726432457557 0.00239863945171237 630
1726432457600 0.002415137365460396 631
1726432457642 0.0024318869691342115 632
1726432457685 0.002448969054967165 633
1726432457728 0.002466340782120824 634
1726432457771 0.002484013792127371 635
1726432457812 0.0025020509492605925 636
1726432457855 0.33012720942497253 637
1726432457898 0.9012687802314758 638
1726432457941 0.40479862689971924 639
1726432457984 0.05063599720597267 640
1726432458025 0.0316351018846035 641
1726432458066 0.5189249515533447 642
1726432458109 0.6207964420318604 643
1726432458150 0.044027216732501984 644
1726432458193 0.052422478795051575 645
1726432458238 0.02696249447762966 646
1726432458280 0.6151949167251587 647
1726432458325 0.41628751158714294 648
1726432458370 0.04400908946990967 649
1726432458412 0.73015958070755 650
1726432458458 0.029443815350532532 651
1726432458501 0.4083898365497589 652
1726432458544 0.046633727848529816 653
1726432458585 0.05514233186841011 654
1726432458627 0.015568217262625694 655
1726432458670 0.006447752937674522 656
1726432458713 0.0019582572858780622 657
1726432458756 0.0017634613905102015 658
1726432458799 0.0017654047114774585 659
1726432458841 0.001767295878380537 660
1726432458883 0.5024310946464539 661
1726432458926 0.0012776132207363844 662
1726432458968 0.001294730813242495 663
1726432459012 0.700691819190979 664
1726432459054 0.023948894813656807 665
1726432459096 0.024815671145915985 666
1726432459138 0.025782259181141853 667
1726432459181 0.026871493086218834 668
1726432459224 0.02811419777572155 669
1726432459265 0.029554424807429314 670
1726432459307 0.03125649318099022 671
1726432459351 0.03332062065601349 672
1726432459393 0.035914745181798935 673
1726432459435 0.03935055434703827 674
1726432459478 0.04430941864848137 675
1726432459520 0.05279632657766342 676
1726432459562 0.6931838393211365 677
1726432459603 0.0026796776801347733 678
1726432459647 0.002722808625549078 679
1726432459693 0.0027665726374834776 680
1726432459746 0.0028112034779042006 681
1726432459799 0.002856583334505558 682
1726432459855 0.0029027489945292473 683
1726432459915 0.0029497966170310974 684
1726432459973 0.002997671253979206 685
1726432460022 0.0030463733710348606 686
1726432460071 0.003096020547673106 687
1726432460123 0.003146523144096136 688
1726432460177 0.003197986865416169 689
1726432460244 0.7255722284317017 690
1726432460310 0.006836661137640476 691
1726432460369 0.006943435408174992 692
1726432460422 0.007052027154713869 693
1726432460473 0.0035416921600699425 694
1726432460526 0.0034695544745773077 695
1726432460584 0.003507966175675392 696
1726432460637 0.0035470332950353622 697
1726432460690 0.0035869122948497534 698
1726432460744 0.0036274464800953865 699
1726432460798 0.0036688062828034163 700
1726432460849 0.0037108322139829397 701
1726432460902 0.0037536954041570425 702
1726432460955 0.0037973576691001654 703
1726432461008 0.003841839963570237 704
1726432461063 0.003887175815179944 705
1726432461115 0.00393332913517952 706
1726432461167 0.003980365581810474 707
1726432461240 0.004028309602290392 708
1726432461312 0.004077206365764141 709
1726432461383 0.004126997198909521 710
1726432461440 0.004177730996161699 711
1726432461489 0.31492850184440613 712
1726432461538 0.02312922477722168 713
1726432461588 0.001654768013395369 714
1726432461647 0.0016566948033869267 715
1726432461710 0.001658707158640027 716
1726432461770 0.0016607166035100818 717
1726432461823 0.4534793496131897 718
1726432461886 0.0032508510630577803 719
1726432461937 0.003298963885754347 720
1726432461987 0.003347767749801278 721
1726432462038 0.0033972859382629395 722
1726432462092 0.0034475757274776697 723
1726432462144 0.00349857984110713 724
1726432462195 0.00355039001442492 725
1726432462256 0.003602978540584445 726
1726432462319 0.003656362183392048 727
1726432462369 0.003710544668138027 728
1726432462420 0.003765523200854659 729
1726432462473 0.0038213736843317747 730
1726432462525 0.0038780542090535164 731
1726432462576 0.7496185898780823 732
1726432462630 0.007461927831172943 733
1726432462684 0.007567624561488628 734
1726432462738 0.007675508037209511 735
1726432462790 0.007785687688738108 736
1726432462841 0.007769300602376461 737
1726432462893 0.007243810221552849 738
1726432462948 0.007334575057029724 739
1726432462999 0.00742691196501255 740
1726432463050 0.007520891726016998 741
1726432463099 0.007616423536092043 742
1726432463151 0.007713768631219864 743
1726432463203 0.007812867872416973 744
1726432463256 0.007913750596344471 745
1726432463306 0.00801645964384079 746
1726432463357 0.008121194317936897 747
1726432463408 0.008227851241827011 748
1726432463460 0.7040963768959045 749
1726432463511 0.02670268528163433 750
1726432463562 0.02873651124536991 751
1726432463614 0.03148932009935379 752
1726432463665 0.035559386014938354 753
1726432463718 0.49810150265693665 754
1726432463772 0.2762700617313385 755
1726432463827 0.00397038459777832 756
1726432463880 0.0040285298600792885 757
1726432463930 0.004087580367922783 758
1726432463983 0.43019726872444153 759
1726432464035 0.0001695655519142747 760
1726432464086 0.00017164371092803776 761
1726432464137 0.3404146134853363 762
1726432464187 0.001653996529057622 763
1726432464236 0.001675518462434411 764
1726432464282 0.0016973457532003522 765
1726432464328 0.51739501953125 766
1726432464372 0.005946882534772158 767
1726432464417 0.006041080225259066 768
1726432464462 0.006136924494057894 769
1726432464506 0.006234420463442802 770
1726432464550 0.006333666853606701 771
1726432464593 0.006434652488678694 772
1726432464636 0.006537449546158314 773
1726432464678 0.006642080843448639 774
1726432464721 0.006748585030436516 775
1726432464764 0.006857005413621664 776
1726432464806 0.006967389490455389 777
1726432464849 0.007079776376485825 778
1726432464891 0.007194285746663809 779
1726432464935 0.007310857065021992 780
1726432464978 0.007429663557559252 781
1726432465020 0.007550675421953201 782
1726432465063 0.007673956919461489 783
1726432465104 0.007799654267728329 784
1726432465145 0.007927671074867249 785
1726432465189 0.008058187551796436 786
1726432465231 0.00819129403680563 787
1726432465272 0.008327079005539417 788
1726432465314 0.2822674512863159 789
1726432465356 0.00691468408331275 790
1726432465400 0.007020952180027962 791
1726432465448 0.005356968380510807 792
1726432465492 0.003927046898752451 793
1726432465536 0.00397139135748148 794
1726432465578 0.004016478080302477 795
1726432465621 0.004062335938215256 796
1726432465664 0.004108954221010208 797
1726432465709 0.004156432580202818 798
1726432465760 0.004204663913697004 799
1726432465815 0.5391169786453247 800
1726432465867 0.04880503565073013 801
1726432465931 0.03460441902279854 802
1726432465978 0.010584701783955097 803
1726432466022 0.010743283666670322 804
1726432466076 0.010905593633651733 805
1726432466121 0.011071717366576195 806
1726432466164 0.011241799220442772 807
1726432466208 0.011415989138185978 808
1726432466252 0.006226377561688423 809
1726432466294 0.006246352568268776 810
1726432466334 0.2696647644042969 811
1726432466377 0.00445911567658186 812
1726432466422 0.29101404547691345 813
1726432466467 0.013088949955999851 814
1726432466509 0.013350517489016056 815
1726432466551 0.011353512294590473 816
1726432466596 0.006712370552122593 817
1726432466640 0.006779847666621208 818
1726432466690 0.006849179044365883 819
1726432466755 0.006920386105775833 820
1726432466808 0.006993637420237064 821
1726432466863 0.007068869657814503 822
1726432466912 0.007146293297410011 823
1726432466963 0.007226034998893738 824
1726432467005 0.14513970911502838 825
1726432467049 0.4473876953125 826
1726432467102 0.011330110020935535 827
1726432467148 0.011560846120119095 828
1726432467196 0.011800624430179596 829
1726432467247 0.012050350196659565 830
1726432467287 0.012310639023780823 831
1726432467329 0.012582465074956417 832
1726432467368 0.012866825796663761 833
1726432467407 0.4051406681537628 834
1726432467447 0.13104891777038574 835
1726432467489 0.04736924543976784 836
1726432467534 0.0 837
