1726502574357 0.6818749904632568 0
1726502574412 0.7027257680892944 1
1726502574467 0.7210644483566284 2
1726502574520 0.7374276518821716 3
1726502574579 0.7521785497665405 4
1726502574635 0.7655794024467468 5
1726502574688 0.7778279185295105 6
1726502574740 0.7890785932540894 7
1726502574798 0.7994546890258789 8
1726502574851 0.809057354927063 9
1726502574922 0.8179702758789062 10
1726502574991 0.8262642025947571 11
1726502575049 0.8339993357658386 12
1726502575102 0.8412274122238159 13
1726502575153 0.8479935526847839 14
1726502575215 0.8543370962142944 15
1726502575280 0.8602927923202515 16
1726502575341 0.8658915758132935 17
1726502575404 0.8711608052253723 18
1726502575466 0.8761252760887146 19
1726502575529 0.8808068037033081 20
1726502575596 0.8852255344390869 21
1726502575666 0.8893996477127075 22
1726502575754 0.8933457136154175 23
1726502575837 0.8970785737037659 24
1726502575905 0.9006121158599854 25
1726502575967 0.9039589166641235 26
1726502576038 0.9071306586265564 27
1726502576111 0.9101380705833435 28
1726502576175 0.9129910469055176 29
1726502576250 0.9156986474990845 30
1726502576317 0.9182693958282471 31
1726502576396 0.920711100101471 32
1726502576467 0.923031210899353 33
1726502576531 0.9252364635467529 34
1726502576596 0.9273332953453064 35
1726502576659 0.9293276071548462 36
1726502576722 0.9312250018119812 37
1726502576786 0.9330305457115173 38
1726502576851 0.9347492456436157 39
1726502576917 0.9363856911659241 40
1726502576975 0.9379440546035767 41
1726502577031 0.9394285082817078 42
1726502577088 0.9408427476882935 43
1726502577143 0.9421903491020203 44
1726502577196 0.9434747695922852 45
1726502577252 0.9446991682052612 46
1726502577307 0.9458664655685425 47
1726502577364 0.9469796419143677 48
1726502577420 0.9480410814285278 49
1726502577475 0.9490536451339722 50
1726502577540 0.9500195384025574 51
1726502577597 0.9509410262107849 52
1726502577660 0.9518203139305115 53
1726502577733 0.9526593685150146 54
1726502577796 0.953460156917572 55
1726502577850 0.9542245268821716 56
1726502577900 0.9549541473388672 57
1726502577957 0.9556507468223572 58
1726502578016 0.9563156366348267 59
1726502578068 0.9569506645202637 60
1726502578123 0.9575569033622742 61
1726502578178 0.9581359624862671 62
1726502578232 0.9586889147758484 63
1726502578282 0.9592170715332031 64
1726502578336 0.9597215056419373 65
1726502578385 0.9602032899856567 66
1726502578438 0.9606636762619019 67
1726502578493 0.9611033797264099 68
1726502578545 0.9615234732627869 69
1726502578596 0.9619247913360596 70
1726502578648 0.9623083472251892 71
1726502578701 0.9626747369766235 72
1726502578758 0.9630249738693237 73
1726502578825 0.963359534740448 74
1726502578889 0.963679313659668 75
1726502578944 0.9639848470687866 76
1726502578996 0.964276909828186 77
1726502579051 0.9645559787750244 78
1726502579109 0.9648227691650391 79
1726502579171 0.9650777578353882 80
1726502579234 0.96532142162323 81
1726502579301 0.965554416179657 82
1726502579379 0.9657770395278931 83
1726502579446 0.965989887714386 84
1726502579538 0.9661933183670044 85
1726502579626 0.9663878679275513 86
1726502579711 0.9665738940238953 87
1726502579807 0.9667515754699707 88
1726502579905 0.9669215679168701 89
1726502580002 0.9670841097831726 90
1726502580075 0.9672394394874573 91
1726502580143 0.9673879742622375 92
1726502580213 0.9675300121307373 93
1726502580305 0.9676657915115356 94
1726502580377 0.9677956104278564 95
1726502580442 0.9679197072982788 96
1726502580510 0.9680383801460266 97
1726502580583 0.9681519269943237 98
1726502580661 0.9682604670524597 99
1726502580734 0.9683642983436584 100
1726502580798 0.9684634804725647 101
1726502580863 0.9685584306716919 102
1726502580924 0.96864914894104 103
1726502580981 0.968735933303833 104
1726502581038 0.9688189029693604 105
1726502581094 0.9688982963562012 106
1726502581154 0.9689742922782898 107
1726502581228 0.9690468311309814 108
1726502581305 0.9691163301467896 109
1726502581381 0.9691827297210693 110
1726502581487 0.9692462682723999 111
1726502581558 0.969307005405426 112
1726502581628 0.969365119934082 113
1726502581709 0.9694206714630127 114
1726502581795 0.9694738984107971 115
1726502581888 0.9695247411727905 116
1726502581983 0.9695733189582825 117
1726502582060 0.969619870185852 118
1726502582135 0.969664454460144 119
1726502582222 0.9697070121765137 120
1726502582299 0.96974778175354 121
1726502582380 0.9697867035865784 122
1726502582446 0.969823956489563 123
1726502582507 0.9698596000671387 124
1726502582568 0.9698936939239502 125
1726502582633 0.9699263572692871 126
1726502582699 0.9699575901031494 127
1726502582762 0.9699874520301819 128
1726502582819 0.9700160026550293 129
1726502582877 0.9700433611869812 130
1726502582933 0.9700695276260376 131
1726502582989 0.9700945019721985 132
1726502583045 0.9701184034347534 133
1726502583107 0.9701414108276367 134
1726502583163 0.9701632857322693 135
1726502583216 0.9701842665672302 136
1726502583274 0.9702043533325195 137
1726502583328 0.9702235460281372 138
1726502583383 0.970241904258728 139
1726502583436 0.9702595472335815 140
1726502583491 0.9702763557434082 141
1726502583545 0.9702925086021423 142
1726502583601 0.9703078866004944 143
1726502583654 0.9703226089477539 144
1726502583711 0.9703367352485657 145
1726502583774 0.9703502655029297 146
1726502583850 0.9703632593154907 147
1726502583908 0.9703755974769592 148
1726502583964 0.9703873991966248 149
1726502584020 0.9703988432884216 150
1726502584075 0.9704096913337708 151
1726502584130 0.9704200029373169 152
1726502584190 0.9704299569129944 153
1726502584243 0.9704394340515137 154
1726502584307 0.9704484939575195 155
1726502584389 0.9704573750495911 156
1726502584443 0.9704656004905701 157
1726502584496 0.9704736471176147 158
1726502584552 0.9704813361167908 159
1726502584620 0.9704886674880981 160
1726502584676 0.9704957008361816 161
1726502584725 0.9705023765563965 162
1726502584787 0.9705088138580322 163
1726502584839 0.9705149531364441 164
1726502584893 0.9705208539962769 165
1726502584948 0.9705264568328857 166
1726502585008 0.9705320000648499 167
1726502585059 0.9705370664596558 168
1726502585120 0.9705420136451721 169
1726502585171 0.9705468416213989 170
1726502585234 0.9705513715744019 171
1726502585305 0.9705556631088257 172
1726502585362 0.97055983543396 173
1726502585452 0.9705638885498047 174
1726502585519 0.9705676436424255 175
1726502585589 0.9705712795257568 176
1726502585674 0.9705747961997986 177
1726502585758 0.9705782532691956 178
1726502585832 0.9705814123153687 179
1726502585905 0.9705844521522522 180
1726502585969 0.970587432384491 181
1726502586034 0.9705902338027954 182
1726502586095 0.9705930352210999 183
1726502586160 0.9705955982208252 184
1726502586216 0.970598042011261 185
1726502586276 0.9706004858016968 186
1726502586331 0.9706027507781982 187
1726502586387 0.9706048965454102 188
1726502586444 0.9706070423126221 189
1726502586498 0.9706089496612549 190
1726502586550 0.9706109166145325 191
1726502586604 0.9706128239631653 192
1726502586659 0.9706145524978638 193
1726502586713 0.9706162214279175 194
1726502586765 0.9706178307533264 195
1726502586818 0.9706193804740906 196
1726502586871 0.97062087059021 197
1726502586925 0.9706223011016846 198
1726502586976 0.9706237316131592 199
1726502587027 0.9706250429153442 200
1726502587077 0.9706262350082397 201
1726502587134 0.9706274271011353 202
1726502587186 0.9706286191940308 203
1726502587240 0.9706296920776367 204
1726502587295 0.9706308245658875 205
1726502587349 0.9706318378448486 206
1726502587402 0.970632791519165 207
1726502587458 0.9706337451934814 208
1726502587514 0.9706345796585083 209
1726502587566 0.9706354141235352 210
1726502587623 0.9706363081932068 211
1726502587676 0.9706370234489441 212
1726502587728 0.9706377983093262 213
1726502587785 0.9706385731697083 214
1726502587837 0.9706392884254456 215
1726502587892 0.9706400036811829 216
1726502587946 0.9706405401229858 217
1726502588002 0.9706411361694336 218
1726502588053 0.9706417322158813 219
1726502588106 0.9706423282623291 220
1726502588158 0.9706428647041321 221
1726502588215 0.9706433415412903 222
1726502588272 0.9706438779830933 223
1726502588331 0.9706443548202515 224
1726502588387 0.9706448316574097 225
1726502588446 0.9706452488899231 226
1726502588500 0.9706456661224365 227
1726502588558 0.97064608335495 228
1726502588611 0.9706464409828186 229
1726502588668 0.9706467390060425 230
1726502588720 0.9706471562385559 231
1726502588778 0.9706475138664246 232
1726502588831 0.9706478118896484 233
1726502588887 0.9706481695175171 234
1726502588938 0.970648467540741 235
1726502588998 0.9706487059593201 236
1726502589057 0.9706490635871887 237
1726502589114 0.9706493020057678 238
1726502589172 0.9706496000289917 239
1726502589229 0.9706498384475708 240
1726502589287 0.9706500172615051 241
1726502589357 0.970650315284729 242
1726502589419 0.9706504940986633 243
1726502589478 0.9706506729125977 244
1726502589538 0.9706509113311768 245
1726502589592 0.9706510305404663 246
1726502589651 0.9706512689590454 247
1726502589725 0.9706514477729797 248
1726502589794 0.9706516265869141 249
1726502589869 0.9706518054008484 250
1726502589930 0.9706519842147827 251
1726502589985 0.9706521034240723 252
1726502590037 0.9706522226333618 253
1726502590094 0.9706524014472961 254
1726502590146 0.9706525206565857 255
1726502590199 0.97065269947052 256
1726502590257 0.97065269947052 257
1726502590308 0.9706528782844543 258
1726502590363 0.9706529974937439 259
1726502590414 0.9706531167030334 260
1726502590473 0.9706531763076782 261
1726502590527 0.9706532955169678 262
1726502590583 0.9706534147262573 263
1726502590643 0.9706534743309021 264
1726502590699 0.9706535935401917 265
1726502590756 0.9706536531448364 266
1726502590809 0.970653772354126 267
1726502590868 0.9706537127494812 268
1726502590922 0.9706539511680603 269
1726502590984 0.9706539511680603 270
1726502591047 0.9706540703773499 271
1726502591111 0.9706541299819946 272
1726502591168 0.9706541299819946 273
1726502591222 0.9706542491912842 274
1726502591288 0.970654308795929 275
1726502591343 0.9706543684005737 276
1726502591394 0.9706544280052185 277
1726502591449 0.9706544876098633 278
1726502591504 0.9706545472145081 279
1726502591558 0.9706546068191528 280
1726502591610 0.9706546068191528 281
1726502591667 0.9706546664237976 282
1726502591717 0.9706546664237976 283
1726502591774 0.9706547260284424 284
1726502591829 0.9706548452377319 285
1726502591883 0.9706548452377319 286
1726502591942 0.9706549048423767 287
1726502591995 0.9706548452377319 288
1726502592053 0.9706549048423767 289
1726502592113 0.9706549644470215 290
1726502592171 0.9706549644470215 291
1726502592258 0.9706549644470215 292
1726502592321 0.9706549644470215 293
1726502592386 0.970655083656311 294
1726502592439 0.9706551432609558 295
1726502592488 0.9706551432609558 296
1726502592540 0.9706551432609558 297
1726502592591 0.9706551432609558 298
1726502592646 0.9706552028656006 299
1726502592695 0.9706552028656006 300
1726502592749 0.9706552028656006 301
1726502592802 0.9706552624702454 302
1726502592852 0.9706552624702454 303
1726502592908 0.9706552624702454 304
1726502592963 0.9706552028656006 305
1726502593014 0.9706553220748901 306
1726502593073 0.9706552624702454 307
1726502593126 0.9706553220748901 308
1726502593183 0.9706553220748901 309
1726502593234 0.9706553220748901 310
1726502593293 0.9706553220748901 311
1726502593349 0.9706553816795349 312
1726502593409 0.9706553220748901 313
1726502593463 0.9706553816795349 314
1726502593521 0.9706553220748901 315
1726502593577 0.9706553816795349 316
1726502593631 0.9706553816795349 317
1726502593682 0.9706554412841797 318
1726502593737 0.9706555008888245 319
1726502593790 0.9706555008888245 320
1726502593846 0.9706554412841797 321
1726502593906 0.9706554412841797 322
1726502593971 0.9706555604934692 323
1726502594040 0.9706555604934692 324
1726502594093 0.9706555008888245 325
1726502594147 0.9706555008888245 326
1726502594200 0.9706555604934692 327
1726502594255 0.9706555604934692 328
1726502594306 0.9706555604934692 329
1726502594361 0.9706555604934692 330
1726502594413 0.9706555604934692 331
1726502594469 0.9706555008888245 332
1726502594524 0.9706555604934692 333
1726502594575 0.9706555604934692 334
1726502594633 0.970655620098114 335
1726502594690 0.9706555604934692 336
1726502594750 0.9706555604934692 337
1726502594829 0.970655620098114 338
1726502594885 0.970655620098114 339
1726502594945 0.970655620098114 340
1726502594998 0.970655620098114 341
1726502595048 0.970655620098114 342
1726502595102 0.970655620098114 343
1726502595154 0.970655620098114 344
1726502595208 0.970655620098114 345
1726502595264 0.9706556797027588 346
1726502595314 0.9706556797027588 347
1726502595366 0.970655620098114 348
1726502595417 0.9706556797027588 349
