1727307632102 1.5515292882919312 0
1727307632154 -0.0 1
1727307632203 -0.0 2
1727307632256 -0.0 3
1727307632308 -0.0 4
1727307632362 -0.0 5
1727307632417 -0.0 6
1727307632471 -0.0 7
1727307632520 -0.0 8
1727307632572 -0.0 9
1727307632626 -0.0 10
1727307632679 -0.0 11
1727307632727 -0.0 12
1727307632773 -0.0 13
1727307632826 -0.0 14
1727307632876 -0.0 15
1727307632925 -0.0 16
1727307632971 -0.0 17
1727307633014 -0.0 18
1727307633056 -0.0 19
1727307633097 -0.0 20
1727307633138 -0.0 21
1727307633180 -0.0 22
1727307633220 -0.0 23
1727307633259 -0.0 24
1727307633299 -0.0 25
1727307633344 -0.0 26
1727307633383 -0.0 27
1727307633422 -0.0 28
1727307633463 -0.0 29
1727307633500 -0.0 30
1727307633537 -0.0 31
1727307633577 -0.0 32
1727307633614 -0.0 33
1727307633651 -0.0 34
1727307633687 -0.0 35
1727307633724 -0.0 36
1727307633762 -0.0 37
1727307633800 -0.0 38
1727307633841 -0.0 39
1727307633881 -0.0 40
1727307633920 -0.0 41
1727307633959 -0.0 42
1727307633996 -0.0 43
1727307634032 -0.0 44
1727307634069 -0.0 45
1727307634109 -0.0 46
1727307634146 -0.0 47
1727307634185 -0.0 48
1727307634225 -0.0 49
1727307634266 -0.0 50
1727307634304 -0.0 51
1727307634342 -0.0 52
1727307634381 -0.0 53
1727307634418 -0.0 54
1727307634457 -0.0 55
1727307634495 -0.0 56
1727307634534 -0.0 57
1727307634571 -0.0 58
1727307634607 -0.0 59
1727307634643 -0.0 60
1727307634681 -0.0 61
1727307634718 -0.0 62
1727307634754 -0.0 63
1727307634792 -0.0 64
1727307634829 -0.0 65
1727307634869 -0.0 66
1727307634910 -0.0 67
1727307634950 -0.0 68
1727307634989 -0.0 69
1727307635027 -0.0 70
1727307635066 -0.0 71
1727307635106 -0.0 72
1727307635148 -0.0 73
1727307635186 -0.0 74
1727307635226 -0.0 75
1727307635263 -0.0 76
1727307635304 -0.0 77
1727307635338 -0.0 78
1727307635374 -0.0 79
1727307635409 -0.0 80
1727307635444 -0.0 81
1727307635481 -0.0 82
1727307635518 -0.0 83
1727307635554 -0.0 84
1727307635590 -0.0 85
1727307635626 -0.0 86
1727307635664 -0.0 87
1727307635700 -0.0 88
1727307635737 -0.0 89
1727307635774 -0.0 90
1727307635811 -0.0 91
1727307635849 -0.0 92
1727307635885 -0.0 93
1727307635921 -0.0 94
1727307635957 -0.0 95
1727307635993 -0.0 96
1727307636030 -0.0 97
1727307636066 -0.0 98
1727307636102 -0.0 99
1727307636140 -0.0 100
1727307636176 -0.0 101
1727307636212 -0.0 102
1727307636250 -0.0 103
1727307636287 -0.0 104
1727307636323 -0.0 105
1727307636360 -0.0 106
1727307636396 -0.0 107
1727307636434 -0.0 108
1727307636471 -0.0 109
1727307636515 -0.0 110
1727307636552 -0.0 111
1727307636589 -0.0 112
1727307636626 -0.0 113
1727307636664 -0.0 114
1727307636702 -0.0 115
1727307636740 -0.0 116
1727307636778 -0.0 117
1727307636816 -0.0 118
1727307636852 -0.0 119
1727307636888 -0.0 120
1727307636925 -0.0 121
1727307636963 -0.0 122
1727307637000 -0.0 123
1727307637042 -0.0 124
1727307637080 -0.0 125
1727307637117 -0.0 126
1727307637155 -0.0 127
1727307637191 -0.0 128
1727307637230 -0.0 129
1727307637271 -0.0 130
1727307637310 -0.0 131
1727307637348 -0.0 132
1727307637383 -0.0 133
1727307637419 -0.0 134
1727307637456 -0.0 135
1727307637494 -0.0 136
1727307637530 -0.0 137
1727307637567 -0.0 138
1727307637604 -0.0 139
1727307637642 -0.0 140
1727307637679 -0.0 141
1727307637715 -0.0 142
1727307637751 -0.0 143
1727307637789 -0.0 144
1727307637827 -0.0 145
1727307637863 -0.0 146
1727307637899 -0.0 147
1727307637936 -0.0 148
1727307637973 -0.0 149
1727307638010 -0.0 150
1727307638047 -0.0 151
1727307638083 -0.0 152
1727307638119 -0.0 153
1727307638157 -0.0 154
1727307638193 -0.0 155
1727307638232 -0.0 156
1727307638269 -0.0 157
1727307638306 -0.0 158
1727307638344 -0.0 159
1727307638381 -0.0 160
1727307638418 -0.0 161
1727307638456 -0.0 162
1727307638502 -0.0 163
1727307638542 -0.0 164
1727307638580 -0.0 165
1727307638617 -0.0 166
1727307638655 -0.0 167
1727307638696 -0.0 168
1727307638736 -0.0 169
1727307638775 -0.0 170
1727307638816 -0.0 171
1727307638852 -0.0 172
1727307638888 -0.0 173
1727307638927 -0.0 174
1727307638964 -0.0 175
1727307639003 -0.0 176
1727307639039 -0.0 177
1727307639075 -0.0 178
1727307639113 -0.0 179
1727307639152 -0.0 180
1727307639190 -0.0 181
1727307639230 -0.0 182
1727307639267 -0.0 183
1727307639304 -0.0 184
1727307639343 -0.0 185
1727307639379 -0.0 186
1727307639415 -0.0 187
