1726236182746 0.0 0
1726236182787 0.0 1
1726236182829 0.0 2
1726236182875 0.0 3
1726236182920 0.0 4
1726236182960 0.0 5
1726236183007 0.0 6
1726236183057 0.0 7
1726236183096 0.0 8
1726236183141 0.0 9
1726236183181 0.0 10
1726236183217 0.0 11
1726236183254 0.0 12
1726236183291 0.0 13
1726236183328 0.0 14
1726236183365 0.0 15
1726236183402 0.0 16
1726236183440 0.0 17
1726236183478 0.0 18
1726236183515 0.0 19
1726236183551 0.0 20
1726236183588 0.0 21
1726236183626 0.0 22
1726236183663 0.0 23
1726236183700 0.0 24
1726236183738 0.0 25
1726236183776 0.0 26
1726236183814 0.0 27
1726236183856 0.0 28
1726236183895 0.0 29
1726236183935 0.0 30
1726236183974 0.0 31
1726236184013 0.0 32
1726236184051 0.0 33
1726236184089 0.0 34
1726236184127 0.0 35
1726236184167 0.0 36
1726236184206 0.0 37
1726236184245 0.0 38
1726236184284 0.0 39
1726236184323 0.0 40
1726236184362 0.0 41
1726236184400 0.0 42
1726236184439 0.0 43
1726236184479 0.0 44
1726236184517 0.0 45
1726236184555 0.0 46
1726236184594 0.0 47
1726236184633 0.0 48
1726236184671 0.0 49
1726236184711 0.0 50
1726236184749 0.0 51
1726236184787 0.0 52
1726236184825 0.0 53
1726236184864 0.0 54
1726236184903 0.0 55
1726236184942 0.0 56
1726236184980 0.0 57
1726236185019 0.0 58
1726236185057 0.0 59
1726236185095 0.0 60
1726236185133 0.0 61
1726236185173 0.0 62
1726236185211 0.0 63
1726236185249 0.0 64
1726236185287 0.0 65
1726236185326 0.0 66
1726236185365 0.0 67
1726236185403 0.0 68
1726236185441 0.0 69
1726236185480 0.0 70
1726236185518 0.0 71
1726236185556 0.0 72
1726236185594 0.0 73
1726236185633 0.0 74
1726236185671 0.0 75
1726236185710 0.0 76
1726236185749 0.0 77
1726236185787 0.0 78
1726236185825 0.0 79
1726236185864 0.0 80
1726236185902 0.0 81
1726236185941 0.0 82
1726236185980 0.0 83
1726236186019 0.0 84
1726236186057 0.0 85
1726236186096 0.0 86
1726236186135 0.0 87
1726236186173 0.0 88
1726236186212 0.0 89
1726236186251 0.0 90
1726236186289 0.0 91
1726236186328 0.0 92
1726236186367 0.0 93
1726236186406 0.0 94
1726236186445 0.0 95
1726236186484 0.0 96
1726236186523 0.0 97
1726236186562 0.0 98
1726236186603 0.0 99
1726236186648 0.0 100
1726236186691 0.0 101
1726236186736 0.0 102
1726236186779 0.0 103
1726236186824 0.0 104
1726236186871 0.0 105
1726236186911 0.0 106
1726236186953 0.0 107
1726236186991 0.0 108
1726236187030 0.0 109
1726236187067 0.0 110
1726236187105 0.0 111
1726236187142 0.0 112
1726236187182 0.0 113
1726236187220 0.0 114
1726236187259 0.0 115
1726236187296 0.0 116
1726236187335 0.0 117
1726236187374 0.0 118
1726236187412 0.0 119
1726236187451 0.0 120
1726236187489 0.0 121
1726236187527 0.0 122
1726236187566 0.0 123
1726236187604 0.0 124
1726236187642 0.0 125
1726236187680 0.0 126
1726236187719 0.0 127
1726236187757 0.0 128
1726236187796 0.0 129
1726236187834 0.0 130
1726236187872 0.0 131
1726236187910 0.0 132
1726236187949 0.0 133
1726236187987 0.0 134
1726236188025 0.0 135
1726236188063 0.0 136
1726236188101 0.0 137
1726236188140 0.0 138
1726236188187 0.0 139
1726236188257 0.0 140
1726236188336 0.0 141
1726236188397 0.0 142
1726236188443 0.0 143
1726236188505 0.0 144
1726236188563 0.0 145
1726236188600 0.0 146
1726236188636 0.0 147
1726236188673 0.0 148
1726236188710 0.0 149
1726236188747 0.0 150
1726236188784 0.0 151
1726236188825 0.0 152
1726236188865 0.0 153
1726236188902 0.0 154
1726236188939 0.0 155
1726236188977 0.0 156
1726236189013 0.0 157
1726236189050 0.0 158
1726236189086 0.0 159
1726236189122 0.0 160
1726236189159 0.0 161
1726236189197 0.0 162
1726236189234 0.0 163
1726236189270 0.0 164
1726236189307 0.0 165
1726236189344 0.0 166
1726236189381 0.0 167
1726236189418 0.0 168
1726236189455 0.0 169
1726236189492 0.0 170
1726236189529 0.0 171
1726236189567 0.0 172
1726236189604 0.0 173
1726236189641 0.0 174
1726236189682 0.0 175
1726236189722 0.0 176
1726236189760 0.0 177
1726236189798 0.0 178
1726236189838 0.0 179
1726236189876 0.0 180
1726236189914 0.0 181
1726236189953 0.0 182
1726236189991 0.0 183
1726236190029 0.0 184
1726236190068 0.0 185
1726236190106 0.0 186
1726236190144 0.0 187
1726236190183 0.0 188
1726236190221 0.0 189
1726236190259 0.0 190
1726236190297 0.0 191
1726236190335 0.0 192
1726236190373 0.0 193
1726236190411 0.0 194
1726236190449 0.0 195
1726236190487 0.0 196
1726236190525 0.0 197
1726236190563 0.0 198
1726236190601 0.0 199
1726236190639 0.0 200
1726236190676 0.0 201
1726236190714 0.0 202
1726236190752 0.0 203
1726236190791 0.0 204
1726236190828 0.0 205
1726236190866 0.0 206
1726236190904 0.0 207
1726236190942 0.0 208
1726236190980 0.0 209
1726236191019 0.0 210
1726236191057 0.0 211
1726236191094 0.0 212
1726236191133 0.0 213
1726236191171 0.0 214
1726236191210 0.0 215
1726236191248 0.0 216
1726236191286 0.0 217
1726236191324 0.0 218
1726236191362 0.0 219
1726236191400 0.0 220
1726236191438 0.0 221
1726236191478 0.0 222
1726236191516 0.0 223
1726236191554 0.0 224
1726236191591 0.0 225
1726236191629 0.0 226
1726236191667 0.0 227
1726236191707 0.0 228
1726236191754 0.0 229
1726236191794 0.0 230
1726236191834 0.0 231
1726236191878 0.0 232
1726236191922 0.0 233
1726236191967 0.0 234
1726236192008 0.0 235
1726236192049 0.0 236
1726236192089 0.0 237
1726236192129 0.0 238
1726236192169 0.0 239
1726236192209 0.0 240
1726236192247 0.0 241
1726236192286 0.0 242
1726236192325 0.0 243
1726236192364 0.0 244
1726236192402 0.0 245
1726236192441 0.0 246
1726236192481 0.0 247
1726236192520 0.0 248
1726236192558 0.0 249
1726236192599 0.0 250
1726236192640 0.0 251
1726236192678 0.0 252
1726236192716 0.0 253
1726236192753 0.0 254
1726236192792 0.0 255
1726236192829 0.0 256
1726236192867 0.0 257
1726236192905 0.0 258
1726236192944 0.0 259
1726236192982 0.0 260
1726236193019 0.0 261
1726236193058 0.0 262
1726236193095 0.0 263
1726236193132 0.0 264
1726236193170 0.0 265
1726236193208 0.0 266
1726236193247 0.0 267
1726236193285 0.0 268
1726236193323 0.0 269
1726236193361 0.0 270
1726236193399 0.0 271
1726236193438 0.0 272
1726236193475 0.0 273
1726236193513 0.0 274
1726236193551 0.0 275
1726236193589 0.0 276
1726236193627 0.0 277
1726236193665 0.0 278
1726236193703 0.0 279
1726236193740 0.0 280
1726236193778 0.0 281
1726236193817 0.0 282
1726236193854 0.0 283
1726236193892 0.0 284
1726236193931 0.0 285
1726236193972 0.0 286
1726236194016 0.0 287
1726236194057 0.0 288
1726236194102 0.0 289
1726236194148 0.0 290
1726236194191 0.0 291
1726236194235 0.0 292
1726236194276 0.0 293
1726236194316 0.0 294
1726236194356 0.0 295
1726236194401 0.0 296
1726236194440 0.0 297
1726236194481 0.0 298
1726236194523 0.0 299
1726236194562 0.0 300
1726236194599 0.0 301
1726236194635 0.0 302
1726236194672 0.0 303
1726236194711 0.0 304
1726236194748 0.0 305
1726236194785 0.0 306
1726236194823 0.0 307
1726236194861 0.0 308
1726236194899 0.0 309
1726236194937 0.0 310
1726236194976 0.0 311
1726236195014 0.0 312
1726236195052 0.0 313
1726236195090 0.0 314
1726236195128 0.0 315
1726236195166 0.0 316
1726236195204 0.0 317
1726236195242 0.0 318
1726236195280 0.0 319
1726236195318 0.0 320
1726236195356 0.0 321
1726236195395 0.0 322
1726236195432 0.0 323
1726236195471 0.0 324
1726236195509 0.0 325
1726236195547 0.0 326
1726236195585 0.0 327
1726236195622 0.0 328
1726236195661 0.0 329
1726236195699 0.0 330
1726236195737 0.0 331
1726236195777 0.0 332
1726236195830 0.0 333
1726236195894 0.0 334
1726236195961 0.0 335
1726236196019 0.0 336
1726236196080 0.0 337
1726236196132 0.0 338
1726236196190 0.0 339
1726236196242 0.0 340
1726236196288 0.0 341
1726236196328 0.0 342
1726236196370 0.0 343
1726236196407 0.0 344
1726236196449 0.0 345
1726236196497 0.0 346
1726236196545 0.0 347
1726236196589 0.0 348
1726236196648 0.0 349
1726236196715 0.0 350
1726236196756 0.0 351
1726236196799 0.0 352
1726236196839 0.0 353
1726236196882 0.0 354
1726236196932 0.0 355
1726236196984 0.0 356
1726236197032 0.0 357
1726236197071 0.0 358
1726236197116 0.0 359
1726236197155 0.0 360
1726236197192 0.0 361
1726236197228 0.0 362
1726236197265 0.0 363
1726236197302 0.0 364
1726236197339 0.0 365
1726236197376 0.0 366
1726236197413 0.0 367
1726236197449 0.0 368
1726236197487 0.0 369
1726236197524 0.0 370
1726236197561 0.0 371
1726236197598 0.0 372
1726236197635 0.0 373
1726236197673 0.0 374
1726236197710 0.0 375
1726236197747 0.0 376
1726236197784 0.0 377
1726236197821 0.0 378
1726236197867 0.0 379
1726236197917 0.0 380
1726236197958 0.0 381
1726236198000 0.0 382
1726236198042 0.0 383
1726236198085 0.0 384
1726236198130 0.0 385
1726236198185 0.0 386
1726236198232 0.0 387
1726236198276 0.0 388
1726236198320 0.0 389
1726236198365 0.0 390
1726236198409 0.0 391
1726236198454 0.0 392
1726236198498 0.0 393
1726236198546 0.0 394
1726236198592 0.0 395
1726236198641 0.0 396
1726236198688 0.0 397
1726236198739 0.0 398
1726236198791 0.0 399
1726236198841 0.0 400
1726236198898 0.0 401
1726236198962 0.0 402
1726236199016 0.0 403
1726236199062 0.0 404
1726236199108 0.0 405
1726236199149 0.0 406
1726236199190 0.0 407
1726236199237 0.0 408
1726236199280 0.0 409
1726236199321 0.0 410
1726236199360 0.0 411
1726236199400 0.0 412
1726236199439 0.0 413
1726236199479 0.0 414
1726236199518 0.0 415
1726236199564 0.0 416
1726236199607 0.0 417
1726236199647 0.0 418
1726236199687 0.0 419
1726236199727 0.0 420
1726236199766 0.0 421
1726236199805 0.0 422
1726236199844 0.0 423
1726236199884 0.0 424
1726236199922 0.0 425
1726236199962 0.0 426
1726236200003 0.0 427
1726236200044 0.0 428
1726236200086 0.0 429
1726236200137 0.0 430
1726236200178 0.0 431
1726236200218 0.0 432
1726236200262 0.0 433
1726236200311 0.0 434
1726236200351 0.0 435
1726236200390 0.0 436
1726236200432 0.0 437
1726236200473 0.0 438
1726236200509 0.0 439
1726236200546 0.0 440
1726236200582 0.0 441
1726236200618 0.0 442
1726236200655 0.0 443
1726236200694 0.0 444
1726236200740 0.0 445
1726236200789 0.0 446
1726236200845 0.0 447
1726236200906 0.0 448
1726236200970 0.0 449
1726236201031 0.0 450
1726236201085 0.0 451
1726236201125 0.0 452
1726236201168 0.0 453
1726236201216 0.0 454
1726236201257 0.0 455
1726236201294 0.0 456
1726236201330 0.0 457
1726236201367 0.0 458
1726236201403 0.0 459
1726236201441 0.0 460
1726236201478 0.0 461
1726236201514 0.0 462
1726236201551 0.0 463
1726236201588 0.0 464
1726236201625 0.0 465
1726236201661 0.0 466
1726236201697 0.0 467
1726236201735 0.0 468
1726236201772 0.0 469
1726236201811 0.0 470
1726236201848 0.0 471
1726236201885 0.0 472
1726236201922 0.0 473
1726236201966 0.0 474
1726236202009 0.0 475
1726236202049 0.0 476
1726236202092 0.0 477
1726236202131 0.0 478
1726236202169 0.0 479
1726236202208 0.0 480
1726236202247 0.0 481
1726236202284 0.0 482
1726236202321 0.0 483
1726236202359 0.0 484
1726236202396 0.0 485
1726236202434 0.0 486
1726236202472 0.0 487
1726236202510 0.0 488
1726236202548 0.0 489
1726236202585 0.0 490
1726236202623 0.0 491
1726236202664 0.0 492
1726236202702 0.0 493
1726236202741 0.0 494
1726236202780 0.0 495
1726236202818 0.0 496
1726236202856 0.0 497
1726236202894 0.0 498
1726236202933 0.0 499
1726236202972 0.0 500
1726236203010 0.0 501
1726236203048 0.0 502
1726236203086 0.0 503
1726236203125 0.0 504
1726236203163 0.0 505
1726236203202 0.0 506
1726236203241 0.0 507
1726236203279 0.0 508
1726236203317 0.0 509
1726236203355 0.0 510
1726236203394 0.0 511
1726236203432 0.0 512
1726236203470 0.0 513
1726236203509 0.0 514
1726236203547 0.0 515
1726236203585 0.0 516
1726236203622 0.0 517
1726236203660 0.0 518
1726236203698 0.0 519
1726236203736 0.0 520
1726236203775 0.0 521
1726236203813 0.0 522
1726236203852 0.0 523
1726236203890 0.0 524
1726236203927 0.0 525
1726236203966 0.0 526
1726236204006 0.0 527
1726236204049 0.0 528
1726236204096 0.0 529
1726236204137 0.0 530
1726236204177 0.0 531
1726236204217 0.0 532
1726236204257 0.0 533
1726236204295 0.0 534
1726236204335 0.0 535
1726236204374 0.0 536
1726236204413 0.0 537
1726236204452 0.0 538
1726236204491 0.0 539
1726236204530 0.0 540
1726236204568 0.0 541
1726236204606 0.0 542
1726236204645 0.0 543
1726236204683 0.0 544
1726236204721 0.0 545
1726236204760 0.0 546
1726236204798 0.0 547
1726236204837 0.0 548
1726236204875 0.0 549
1726236204913 0.0 550
1726236204951 0.0 551
1726236204990 0.0 552
1726236205029 0.0 553
1726236205067 0.0 554
1726236205105 0.0 555
1726236205143 0.0 556
1726236205181 0.0 557
1726236205219 0.0 558
1726236205258 0.0 559
1726236205297 0.0 560
1726236205335 0.0 561
1726236205373 0.0 562
1726236205412 0.0 563
1726236205452 0.0 564
1726236205491 0.0 565
1726236205530 0.0 566
1726236205569 0.0 567
1726236205607 0.0 568
1726236205646 0.0 569
1726236205685 0.0 570
1726236205723 0.0 571
1726236205761 0.0 572
1726236205800 0.0 573
1726236205839 0.0 574
1726236205878 0.0 575
1726236205916 0.0 576
1726236205954 0.0 577
1726236205993 0.0 578
1726236206031 0.0 579
1726236206069 0.0 580
1726236206107 0.0 581
1726236206145 0.0 582
1726236206184 0.0 583
1726236206222 0.0 584
1726236206260 0.0 585
1726236206299 0.0 586
1726236206338 0.0 587
1726236206375 0.0 588
1726236206413 0.0 589
1726236206452 0.0 590
1726236206491 0.0 591
1726236206529 0.0 592
1726236206567 0.0 593
1726236206604 0.0 594
1726236206643 0.0 595
1726236206681 0.0 596
1726236206718 0.0 597
1726236206757 0.0 598
1726236206796 0.0 599
1726236206834 0.0 600
1726236206872 0.0 601
1726236206910 0.0 602
1726236206949 0.0 603
1726236206987 0.0 604
1726236207026 0.0 605
1726236207065 0.0 606
1726236207105 0.0 607
1726236207144 0.0 608
1726236207183 0.0 609
1726236207221 0.0 610
1726236207259 0.0 611
1726236207297 0.0 612
1726236207336 0.0 613
1726236207375 0.0 614
1726236207414 0.0 615
1726236207452 0.0 616
1726236207491 0.0 617
1726236207530 0.0 618
1726236207568 0.0 619
1726236207606 0.0 620
1726236207644 0.0 621
1726236207683 0.0 622
1726236207721 0.0 623
1726236207760 0.0 624
1726236207800 0.0 625
1726236207838 0.0 626
1726236207876 0.0 627
1726236207914 0.0 628
1726236207953 0.0 629
1726236207992 0.0 630
1726236208031 0.0 631
1726236208069 0.0 632
1726236208113 0.0 633
1726236208152 0.0 634
1726236208190 0.0 635
1726236208229 0.0 636
1726236208269 0.0 637
1726236208308 0.0 638
1726236208346 0.0 639
1726236208385 0.0 640
1726236208424 0.0 641
1726236208463 0.0 642
1726236208503 0.0 643
1726236208541 0.0 644
1726236208580 0.0 645
1726236208619 0.0 646
1726236208657 0.0 647
1726236208696 0.0 648
1726236208733 0.0 649
1726236208772 0.0 650
1726236208811 0.0 651
1726236208849 0.0 652
1726236208889 0.0 653
1726236208928 0.0 654
1726236208967 0.0 655
1726236209005 0.0 656
1726236209043 0.0 657
1726236209082 0.0 658
1726236209120 0.0 659
1726236209158 0.0 660
1726236209196 0.0 661
1726236209234 0.0 662
1726236209273 0.0 663
1726236209310 0.0 664
1726236209349 0.0 665
1726236209387 0.0 666
1726236209426 0.0 667
1726236209464 0.0 668
1726236209504 0.0 669
1726236209543 0.0 670
1726236209581 0.0 671
1726236209619 0.0 672
1726236209657 0.0 673
1726236209696 0.0 674
1726236209735 0.0 675
1726236209774 0.0 676
1726236209812 0.0 677
1726236209851 0.0 678
1726236209888 0.0 679
1726236209927 0.0 680
1726236209966 0.0 681
1726236210005 0.0 682
1726236210043 0.0 683
1726236210083 0.0 684
1726236210121 0.0 685
1726236210161 0.0 686
1726236210200 0.0 687
1726236210239 0.0 688
1726236210278 0.0 689
1726236210316 0.0 690
1726236210354 0.0 691
1726236210393 0.0 692
1726236210432 0.0 693
1726236210471 0.0 694
1726236210510 0.0 695
1726236210549 0.0 696
1726236210587 0.0 697
1726236210626 0.0 698
1726236210665 0.0 699
1726236210703 0.0 700
1726236210741 0.0 701
