1727271714669 2e-05 0
1727271714800 0.3006751537322998 1
1727271714922 0.18691450357437134 2
1727271715041 -0.2018396258354187 3
1727271715169 -0.08327144384384155 4
1727271715294 0.0978626012802124 5
1727271715402 0.07525449991226196 6
1727271715503 0.04597294330596924 7
1727271715598 0.03267401456832886 8
1727271715693 0.025109708309173584 9
1727271715788 0.16434568166732788 10
1727271715883 -0.33588963747024536 11
1727271715975 0.19628238677978516 12
1727271716067 -0.04974335432052612 13
1727271716157 0.033388733863830566 14
1727271716248 -0.14647072553634644 15
1727271716338 -0.06930994987487793 16
1727271716432 0.12820041179656982 17
1727271716529 0.07822585105895996 18
1727271716617 -0.05239957571029663 19
1727271716709 0.09853821992874146 20
1727271716798 -0.3686087727546692 21
1727271716888 0.38100701570510864 22
1727271716978 -0.09106701612472534 23
1727271717068 0.10889863967895508 24
1727271717160 -0.18998819589614868 25
1727271717257 0.03767949342727661 26
1727271717351 0.15338438749313354 27
1727271717444 -0.1878499984741211 28
1727271717539 0.15962696075439453 29
1727271717637 0.04123795032501221 30
1727271717729 -0.1380842924118042 31
1727271717832 -0.11287420988082886 32
1727271717938 0.2628345489501953 33
1727271718038 0.02740919589996338 34
1727271718138 -0.19066059589385986 35
1727271718234 0.05137777328491211 36
1727271718327 -0.1779230237007141 37
1727271718419 0.04873692989349365 38
1727271718518 0.13310277462005615 39
1727271718615 -0.08137708902359009 40
1727271718710 0.11238992214202881 41
1727271718806 -0.030465245246887207 42
1727271718906 0.3212320804595947 43
1727271719003 -0.3214840292930603 44
1727271719098 0.06921130418777466 45
1727271719197 -0.10996812582015991 46
1727271719299 0.17189186811447144 47
1727271719395 -0.12015467882156372 48
1727271719489 0.02996671199798584 49
1727271719587 -0.10845828056335449 50
1727271719685 0.13208085298538208 51
1727271719785 -0.12308436632156372 52
1727271719891 0.06007397174835205 53
1727271719993 -0.15213775634765625 54
1727271720093 0.2666744589805603 55
1727271720190 -0.13132160902023315 56
1727271720285 -0.03437304496765137 57
1727271720385 0.08255952596664429 58
1727271720479 -0.06415390968322754 59
1727271720572 0.07418733835220337 60
1727271720664 0.00487750768661499 61
1727271720757 0.011837959289550781 62
1727271720858 -0.019760847091674805 63
1727271720964 -0.07132714986801147 64
1727271721091 -0.06411808729171753 65
1727271721192 0.23219192028045654 66
1727271721294 -0.23316800594329834 67
1727271721394 0.07401329278945923 68
1727271721487 -0.028213202953338623 69
1727271721588 0.035595834255218506 70
1727271721691 -0.015299439430236816 71
1727271721796 -0.027059435844421387 72
1727271721894 0.040535807609558105 73
1727271721987 -0.07207423448562622 74
1727271722080 0.08921277523040771 75
1727271722173 0.015576541423797607 76
1727271722265 -0.05015909671783447 77
1727271722386 0.13194739818572998 78
1727271722486 -0.2205706238746643 79
1727271722587 0.17879599332809448 80
1727271722685 -0.0750429630279541 81
1727271722781 -0.039392709732055664 82
1727271722875 0.051552414894104004 83
1727271722969 0.05710190534591675 84
1727271723064 -0.042110323905944824 85
1727271723161 0.15745127201080322 86
1727271723255 -0.10939663648605347 87
1727271723348 -0.045886099338531494 88
1727271723439 0.05035454034805298 89
1727271723531 0.06770318746566772 90
1727271723626 -0.0985342264175415 91
1727271723736 -0.15413802862167358 92
1727271723840 0.07190018892288208 93
1727271723950 0.08287805318832397 94
1727271724050 -0.06125885248184204 95
1727271724144 -0.06533747911453247 96
1727271724236 0.041322410106658936 97
1727271724331 -0.02412247657775879 98
1727271724423 -0.024161219596862793 99
1727271724518 0.09836220741271973 100
1727271724622 -0.061067044734954834 101
1727271724728 0.09800988435745239 102
1727271724838 -0.147632896900177 103
1727271724960 0.03869974613189697 104
1727271725067 -0.02644515037536621 105
1727271725170 -0.0966026782989502 106
1727271725298 0.07901257276535034 107
1727271725407 0.18946433067321777 108
1727271725506 -0.12690675258636475 109
1727271725603 0.15583157539367676 110
1727271725704 -0.1964021921157837 111
1727271725798 0.1422855257987976 112
1727271725907 -0.14005374908447266 113
1727271726003 0.11904340982437134 114
1727271726097 0.022486090660095215 115
1727271726188 0.015017092227935791 116
1727271726280 0.038758695125579834 117
1727271726374 -0.2128888964653015 118
1727271726469 0.17297512292861938 119
1727271726563 0.046918630599975586 120
1727271726655 -0.10375767946243286 121
1727271726747 -0.09563523530960083 122
1727271726845 0.031688392162323 123
1727271726943 0.1010923981666565 124
1727271727035 -0.04460179805755615 125
1727271727130 0.08957898616790771 126
1727271727225 -0.04338967800140381 127
1727271727318 -0.22935932874679565 128
1727271727413 0.27537107467651367 129
1727271727506 -0.08457416296005249 130
1727271727599 -0.22395610809326172 131
1727271727691 0.26813775300979614 132
1727271727784 0.0014715194702148438 133
1727271727880 0.023375213146209717 134
1727271727980 -0.06253296136856079 135
1727271728078 -0.010360538959503174 136
1727271728174 0.0870254635810852 137
1727271728270 -0.1573696732521057 138
1727271728369 0.019076287746429443 139
1727271728465 0.056697309017181396 140
1727271728565 0.12139773368835449 141
1727271728665 -0.009061336517333984 142
1727271728766 -0.2025180459022522 143
1727271728865 -0.0033761262893676758 144
1727271728961 -0.05070352554321289 145
1727271729060 0.19854390621185303 146
1727271729158 -0.08809471130371094 147
1727271729255 0.05817514657974243 148
1727271729351 -0.3959907293319702 149
1727271729443 0.47505712509155273 150
1727271729535 -0.0427129864692688 151
1727271729627 -0.08018791675567627 152
1727271729720 -0.07134628295898438 153
1727271729813 0.06692910194396973 154
1727271729903 0.14408892393112183 155
1727271729995 -0.22234195470809937 156
1727271730088 0.035294175148010254 157
1727271730182 -0.015429973602294922 158
1727271730274 0.04714769124984741 159
1727271730365 -0.062329888343811035 160
1727271730455 -0.10130882263183594 161
1727271730546 0.13836801052093506 162
1727271730639 -0.02089536190032959 163
1727271730732 -0.12060356140136719 164
1727271730823 0.07362014055252075 165
1727271730916 0.14159303903579712 166
1727271731017 -0.015877366065979004 167
1727271731111 -0.03825145959854126 168
1727271731204 -0.008595108985900879 169
1727271731302 -0.061694204807281494 170
1727271731396 0.07921093702316284 171
1727271731487 0.05810147523880005 172
1727271731580 -0.16575610637664795 173
1727271731672 0.03381216526031494 174
1727271731763 -0.09321260452270508 175
1727271731856 0.10723006725311279 176
1727271731946 0.03963315486907959 177
1727271732038 -0.2784925699234009 178
1727271732129 0.4418278932571411 179
1727271732225 -0.2507983446121216 180
1727271732322 0.03737562894821167 181
1727271732421 0.03492939472198486 182
1727271732520 0.17512136697769165 183
1727271732612 -0.00552678108215332 184
1727271732705 -0.14583420753479004 185
1727271732797 -0.00491642951965332 186
1727271732891 0.010591268539428711 187
1727271732981 -0.053399622440338135 188
1727271733073 0.021483421325683594 189
1727271733164 0.13372516632080078 190
1727271733256 -0.11849355697631836 191
1727271733349 0.005143880844116211 192
1727271733445 0.18695122003555298 193
1727271733539 -0.10216069221496582 194
1727271733640 -0.07501041889190674 195
1727271733757 0.09259623289108276 196
1727271733852 0.025707900524139404 197
1727271733945 -0.06919419765472412 198
1727271734037 -0.11755049228668213 199
1727271734129 0.017245948314666748 200
1727271734221 0.21430093050003052 201
1727271734311 -0.037561118602752686 202
1727271734403 -0.12489181756973267 203
1727271734493 -0.4003778100013733 204
1727271734584 0.2673865556716919 205
1727271734676 0.20860671997070312 206
1727271734770 -0.041866958141326904 207
1727271734870 0.014622926712036133 208
1727271734964 -0.12637293338775635 209
1727271735059 0.2374730110168457 210
1727271735151 -0.22709399461746216 211
1727271735255 0.019964396953582764 212
1727271735348 -0.008730530738830566 213
1727271735440 0.06567782163619995 214
1727271735540 0.08108711242675781 215
1727271735634 0.008418381214141846 216
1727271735724 -0.20250201225280762 217
1727271735816 0.18668311834335327 218
1727271735906 0.06558912992477417 219
1727271735999 -0.010395407676696777 220
1727271736091 -0.16264867782592773 221
1727271736188 -0.14130359888076782 222
1727271736294 0.3302280306816101 223
1727271736389 -0.015354633331298828 224
1727271736481 -0.08432191610336304 225
1727271736576 -0.08339810371398926 226
1727271736673 0.07836997509002686 227
1727271736767 -0.45412057638168335 228
1727271736864 0.311465859413147 229
1727271736955 0.014666318893432617 230
1727271737047 -0.08276396989822388 231
1727271737142 0.0710676908493042 232
1727271737237 0.25375932455062866 233
1727271737329 -0.07851392030715942 234
1727271737421 -0.0703163743019104 235
1727271737513 -0.004598021507263184 236
1727271737605 -0.008150160312652588 237
1727271737697 -0.228421151638031 238
1727271737789 0.1613866090774536 239
1727271737883 0.17111247777938843 240
1727271737977 0.0106201171875 241
1727271738072 -0.06072711944580078 242
1727271738167 -0.018928229808807373 243
1727271738262 0.06194359064102173 244
1727271738358 -0.013251543045043945 245
1727271738452 -0.1338767409324646 246
1727271738548 -0.06086087226867676 247
1727271738643 -0.03761011362075806 248
1727271738733 0.07488393783569336 249
1727271738830 0.03564250469207764 250
1727271738926 0.06737715005874634 251
1727271739025 -0.06449151039123535 252
1727271739118 0.16178810596466064 253
1727271739209 0.06573688983917236 254
1727271739306 -0.21676045656204224 255
1727271739402 0.0590706467628479 256
1727271739507 -0.015273511409759521 257
1727271739606 -0.028035223484039307 258
1727271739708 -0.08531135320663452 259
1727271739803 0.17721426486968994 260
1727271739904 -0.1076473593711853 261
1727271739999 0.07149690389633179 262
1727271740101 -0.051101505756378174 263
1727271740208 0.0844985842704773 264
1727271740312 -0.09049218893051147 265
1727271740413 -0.0769352912902832 266
1727271740512 -0.07910525798797607 267
1727271740610 0.09883630275726318 268
1727271740704 0.1485007405281067 269
1727271740797 0.011790871620178223 270
1727271740896 -0.12708795070648193 271
1727271740990 0.04755276441574097 272
1727271741080 -0.05104243755340576 273
1727271741177 0.04312020540237427 274
1727271741274 -0.0560307502746582 275
1727271741372 -0.04644817113876343 276
1727271741473 -0.40775251388549805 277
1727271741582 0.27642184495925903 278
1727271741690 -0.25859007239341736 279
1727271741788 0.24313876032829285 280
1727271741893 0.31636738777160645 281
1727271742019 -0.09879738092422485 282
1727271742120 0.07136493921279907 283
1727271742217 0.10256260633468628 284
1727271742316 -0.21707600355148315 285
1727271742418 0.09999549388885498 286
1727271742524 0.10058468580245972 287
1727271742631 -0.04659593105316162 288
1727271742763 -0.2851495146751404 289
1727271742871 0.3308262228965759 290
1727271743013 -0.23188209533691406 291
1727271743126 0.10311418771743774 292
1727271743239 0.0063204169273376465 293
1727271743360 -0.09370255470275879 294
1727271743480 0.025653839111328125 295
1727271743595 0.003405153751373291 296
1727271743729 0.0007120370864868164 297
1727271743859 -0.023089230060577393 298
1727271743998 -0.09764856100082397 299
1727271744104 -0.13789576292037964 300
1727271744217 0.4333720803260803 301
1727271744328 -0.21559518575668335 302
1727271744462 -0.2845023572444916 303
1727271744586 0.24192914366722107 304
1727271744699 -0.29140663146972656 305
1727271744812 0.51595538854599 306
1727271744925 -0.05503946542739868 307
1727271745045 -0.3515734076499939 308
1727271745165 0.3599436283111572 309
1727271745293 -0.0033493638038635254 310
1727271745415 -0.13188040256500244 311
1727271745534 0.06513172388076782 312
1727271745663 -0.0015615224838256836 313
1727271745773 0.041251301765441895 314
1727271745885 0.005813896656036377 315
1727271745996 -0.05475330352783203 316
1727271746122 0.02401256561279297 317
1727271746255 0.10796898603439331 318
1727271746367 -0.12613004446029663 319
1727271746477 0.0007256269454956055 320
1727271746593 -0.027419626712799072 321
1727271746705 0.156482994556427 322
1727271746817 -0.07122635841369629 323
1727271746928 -0.18075203895568848 324
1727271747066 0.13354980945587158 325
1727271747175 -0.05909329652786255 326
1727271747287 -0.14583182334899902 327
1727271747416 0.3916417956352234 328
1727271747523 0.14602971076965332 329
1727271747624 -0.3517555594444275 330
1727271747719 0.06467437744140625 331
1727271747813 -0.15836936235427856 332
1727271747908 0.2068798542022705 333
1727271747999 -0.2245570421218872 334
1727271748090 0.03670644760131836 335
1727271748181 0.07319450378417969 336
1727271748271 0.037139713764190674 337
1727271748363 0.05746692419052124 338
1727271748454 -0.052593886852264404 339
1727271748544 -0.031406939029693604 340
1727271748642 -0.03041774034500122 341
1727271748746 0.0984727144241333 342
1727271748849 -0.007685542106628418 343
1727271748944 -0.006572306156158447 344
1727271749038 0.12111949920654297 345
1727271749133 -0.0600053071975708 346
1727271749225 -0.13017773628234863 347
1727271749317 0.023728668689727783 348
1727271749409 0.18137675523757935 349
1727271749502 -0.1548445224761963 350
1727271749596 -0.05852776765823364 351
1727271749690 0.018653929233551025 352
1727271749780 -0.0854613184928894 353
1727271749875 -0.09175562858581543 354
1727271749968 0.04595881700515747 355
1727271750078 0.4079561233520508 356
1727271750185 -0.24916470050811768 357
1727271750294 -0.18238496780395508 358
1727271750397 -0.06391912698745728 359
1727271750494 0.10945558547973633 360
1727271750589 -0.05122828483581543 361
1727271750684 0.2513667345046997 362
1727271750776 -0.220470130443573 363
1727271750871 0.02519899606704712 364
1727271750968 -0.04999387264251709 365
1727271751064 -0.07588011026382446 366
1727271751160 0.27014386653900146 367
1727271751260 -0.010419905185699463 368
1727271751357 -0.26752984523773193 369
1727271751450 0.16645443439483643 370
1727271751552 0.1759033203125 371
1727271751671 -0.047096192836761475 372
1727271751772 0.13904941082000732 373
1727271751869 -0.16073143482208252 374
1727271751970 0.043968141078948975 375
1727271752062 -0.10197317600250244 376
1727271752157 0.2302221655845642 377
1727271752248 -0.1236792802810669 378
1727271752338 -0.08153748512268066 379
1727271752435 0.0019879937171936035 380
1727271752531 0.09020727872848511 381
1727271752625 -0.0710039734840393 382
1727271752715 -0.012214183807373047 383
1727271752813 -0.09095478057861328 384
1727271752906 0.10484927892684937 385
1727271752998 0.10203331708908081 386
1727271753089 -0.06073111295700073 387
1727271753181 0.03743785619735718 388
1727271753275 -0.06403088569641113 389
1727271753369 0.05381584167480469 390
1727271753465 -0.1605393886566162 391
1727271753563 0.05089670419692993 392
1727271753659 0.019690871238708496 393
1727271753752 -0.1512998342514038 394
1727271753846 -0.001438438892364502 395
1727271753939 0.2505750060081482 396
1727271754033 -0.12888723611831665 397
1727271754128 0.00969630479812622 398
1727271754223 -0.030761420726776123 399
1727271754314 -0.13311153650283813 400
1727271754408 0.005820035934448242 401
1727271754521 0.004664778709411621 402
1727271754628 0.1028854250907898 403
1727271754728 0.21464091539382935 404
1727271754824 -0.16401386260986328 405
1727271754920 0.14065676927566528 406
1727271755013 -0.27270376682281494 407
1727271755109 0.08837276697158813 408
1727271755204 -0.14998167753219604 409
1727271755297 0.028340518474578857 410
1727271755396 0.025494933128356934 411
1727271755495 0.11551350355148315 412
1727271755591 -0.19521653652191162 413
1727271755691 -0.06072777509689331 414
1727271755785 0.09232908487319946 415
1727271755878 -0.07657301425933838 416
1727271755981 0.1101037859916687 417
1727271756084 -0.09414875507354736 418
1727271756180 0.08039569854736328 419
1727271756275 0.2123398780822754 420
1727271756369 -0.1697942018508911 421
1727271756461 0.07709527015686035 422
1727271756552 -0.12058877944946289 423
1727271756642 0.1770966649055481 424
1727271756732 -0.14082187414169312 425
1727271756827 -0.07805466651916504 426
1727271756920 0.0648917555809021 427
1727271757010 0.26731836795806885 428
1727271757099 0.004130005836486816 429
1727271757190 -0.25516992807388306 430
1727271757280 0.008586108684539795 431
1727271757370 -0.008546113967895508 432
1727271757461 -0.021519184112548828 433
1727271757551 -0.010662853717803955 434
1727271757649 -0.0015749931335449219 435
1727271757751 0.018969237804412842 436
1727271757857 -0.0035135746002197266 437
1727271757958 0.018799126148223877 438
1727271758054 -0.009096324443817139 439
1727271758147 -0.010675907135009766 440
1727271758244 0.16532796621322632 441
1727271758336 -0.3137003779411316 442
1727271758431 0.2631053328514099 443
1727271758531 -0.2904854416847229 444
1727271758621 0.17958486080169678 445
1727271758715 -0.20964691042900085 446
1727271758806 0.17011651396751404 447
1727271758899 -0.18237590789794922 448
1727271758993 0.17772245407104492 449
1727271759095 0.184401273727417 450
1727271759188 -0.24584048986434937 451
1727271759278 0.16042488813400269 452
1727271759370 0.08541381359100342 453
1727271759461 -0.056716203689575195 454
1727271759555 -0.21676498651504517 455
1727271759645 0.2942708730697632 456
1727271759737 -0.021727025508880615 457
1727271759828 -0.26331138610839844 458
1727271759918 0.28820526599884033 459
1727271760009 0.05415511131286621 460
1727271760097 0.09312397241592407 461
1727271760188 -0.19890069961547852 462
1727271760281 -0.10137909650802612 463
1727271760374 -0.024095654487609863 464
1727271760467 0.03385823965072632 465
1727271760559 -0.052910029888153076 466
1727271760651 0.05340689420700073 467
1727271760756 -0.053735554218292236 468
1727271760852 0.051650404930114746 469
1727271760951 -0.04655730724334717 470
1727271761042 0.03868544101715088 471
1727271761140 -0.04122275114059448 472
1727271761249 0.054792940616607666 473
1727271761349 -0.05240356922149658 474
1727271761453 0.05011928081512451 475
1727271761559 -0.0479738712310791 476
1727271761666 0.04328197240829468 477
1727271761776 -0.0566331148147583 478
1727271761892 0.1230776309967041 479
1727271762005 -0.05535537004470825 480
1727271762116 -0.08126640319824219 481
1727271762226 0.056565701961517334 482
1727271762336 -0.03947341442108154 483
1727271762456 0.07495659589767456 484
1727271762569 0.05593001842498779 485
1727271762679 -0.20245176553726196 486
1727271762792 0.08801984786987305 487
1727271762901 -0.14359349012374878 488
1727271763015 0.17562484741210938 489
1727271763122 -0.15478622913360596 490
1727271763230 0.21691769361495972 491
1727271763336 -0.19161176681518555 492
1727271763450 0.07537537813186646 493
1727271763561 -0.09692913293838501 494
1727271763695 0.12094110250473022 495
1727271763799 -0.13828396797180176 496
1727271763896 0.08885270357131958 497
1727271763992 0.2419152855873108 498
1727271764086 -0.3108668923377991 499
1727271764180 0.23388826847076416 500
1727271764273 -0.24794793128967285 501
1727271764361 0.2085133194923401 502
1727271764452 -0.2202586531639099 503
1727271764552 0.22133535146713257 504
1727271764668 -0.22773295640945435 505
1727271764780 0.22757184505462646 506
1727271764883 0.18462300300598145 507
1727271765012 -0.160042405128479 508
1727271765115 0.004106462001800537 509
1727271765219 0.1039552092552185 510
1727271765316 -0.3212761878967285 511
1727271765410 0.4017322063446045 512
1727271765501 -0.19570064544677734 513
1727271765592 -0.03666245937347412 514
1727271765690 -0.03296482563018799 515
1727271765808 0.0024194717407226562 516
1727271765925 0.16780120134353638 517
1727271766023 -0.12118697166442871 518
1727271766117 0.030799150466918945 519
1727271766213 -0.03402751684188843 520
1727271766310 -0.2077382206916809 521
1727271766401 0.215684175491333 522
1727271766491 -0.19231092929840088 523
1727271766580 0.19930654764175415 524
1727271766671 0.07426458597183228 525
1727271766761 -0.07328557968139648 526
1727271766864 -0.22208720445632935 527
1727271766952 0.3989264965057373 528
1727271767046 -0.0380476713180542 529
1727271767144 0.034073829650878906 530
1727271767266 -0.13716167211532593 531
1727271767372 0.002719700336456299 532
1727271767477 -0.22919493913650513 533
1727271767591 0.32580387592315674 534
1727271767688 -0.12087613344192505 535
1727271767782 -0.009826719760894775 536
1727271767874 -0.16620618104934692 537
1727271767964 0.13845765590667725 538
1727271768054 -0.03776407241821289 539
1727271768143 -0.03467690944671631 540
1727271768231 0.06629276275634766 541
1727271768319 0.01466822624206543 542
1727271768408 -0.012112200260162354 543
1727271768512 -0.08465677499771118 544
1727271768622 0.0588570237159729 545
1727271768718 -0.08301717042922974 546
1727271768814 0.06433457136154175 547
1727271768917 -0.08096927404403687 548
1727271769017 0.07801729440689087 549
1727271769110 -0.08649426698684692 550
1727271769203 0.08598780632019043 551
1727271769296 -0.09093838930130005 552
1727271769392 0.09079408645629883 553
1727271769488 -0.09432190656661987 554
1727271769577 0.09363770484924316 555
1727271769664 -0.09712851047515869 556
1727271769752 0.09513461589813232 557
1727271769842 -0.10007232427597046 558
1727271769932 0.10682004690170288 559
1727271770020 0.028100788593292236 560
1727271770107 -0.06951892375946045 561
1727271770196 0.044041335582733154 562
1727271770283 -0.04311710596084595 563
1727271770374 0.04405808448791504 564
1727271770464 -0.06300985813140869 565
1727271770552 0.05696231126785278 566
1727271770640 -0.05940932035446167 567
1727271770728 0.05698138475418091 568
1727271770824 -0.059409916400909424 569
1727271770922 0.05630981922149658 570
1727271771012 -0.059728145599365234 571
1727271771103 0.06544721126556396 572
1727271771192 -0.053035616874694824 573
1727271771283 0.06030774116516113 574
1727271771373 -0.06225883960723877 575
1727271771463 0.05728590488433838 576
1727271771555 -0.06040501594543457 577
1727271771647 0.05775994062423706 578
1727271771739 -0.05986076593399048 579
1727271771833 0.05745881795883179 580
1727271771926 -0.059721410274505615 581
1727271772017 0.056559085845947266 582
1727271772108 -0.06024569272994995 583
1727271772203 0.06671327352523804 584
1727271772296 -0.0555800199508667 585
1727271772390 0.052154481410980225 586
1727271772485 -0.05757427215576172 587
1727271772582 0.051731884479522705 588
1727271772673 -0.04663330316543579 589
1727271772766 0.062331199645996094 590
1727271772862 -0.06446444988250732 591
1727271772957 0.0586581826210022 592
1727271773054 -0.062292635440826416 593
1727271773155 0.05892360210418701 594
1727271773245 -0.06286007165908813 595
1727271773339 0.05799055099487305 596
1727271773431 -0.04808419942855835 597
1727271773527 0.05670726299285889 598
1727271773620 -0.05873054265975952 599
1727271773715 0.056984543800354004 600
1727271773807 -0.05848193168640137 601
1727271773900 0.05699437856674194 602
1727271773996 -0.03137892484664917 603
1727271774088 0.0248451828956604 604
1727271774180 -0.010004878044128418 605
1727271774277 0.04894113540649414 606
1727271774369 -0.08142417669296265 607
1727271774463 0.06404072046279907 608
1727271774554 -0.11997747421264648 609
1727271774647 0.05767488479614258 610
1727271774742 -0.03234952688217163 611
1727271774839 0.05960714817047119 612
1727271774931 -0.07464343309402466 613
1727271775029 0.05841726064682007 614
1727271775119 -0.056557536125183105 615
1727271775211 0.05553793907165527 616
1727271775304 -0.05843698978424072 617
1727271775402 0.06543850898742676 618
1727271775494 -0.060919106006622314 619
1727271775587 0.057300448417663574 620
1727271775679 -0.060294270515441895 621
1727271775770 0.05471146106719971 622
1727271775866 -0.05959975719451904 623
1727271775969 0.06968790292739868 624
1727271776071 -0.05463486909866333 625
1727271776165 0.056341350078582764 626
1727271776257 -0.05851989984512329 627
1727271776348 0.05978924036026001 628
1727271776440 -0.06358873844146729 629
1727271776529 0.05864971876144409 630
1727271776618 -0.058810651302337646 631
1727271776706 0.05758023262023926 632
1727271776794 -0.05805736780166626 633
1727271776882 0.0569114089012146 634
1727271776973 -0.05779564380645752 635
1727271777062 0.05555850267410278 636
1727271777158 -0.05669206380844116 637
1727271777257 0.05368226766586304 638
1727271777357 -0.05583769083023071 639
1727271777452 0.06421387195587158 640
1727271777548 -0.05508720874786377 641
1727271777640 0.05422943830490112 642
1727271777731 -0.055730581283569336 643
1727271777819 0.05633950233459473 644
1727271777909 -0.059570372104644775 645
1727271777999 0.05540037155151367 646
1727271778086 -0.05649840831756592 647
1727271778174 0.05417358875274658 648
1727271778263 -0.05616718530654907 649
1727271778351 0.053012192249298096 650
1727271778439 -0.01775181293487549 651
1727271778528 0.07679444551467896 652
1727271778615 0.06530696153640747 653
1727271778703 -0.0238836407661438 654
1727271778791 0.009966254234313965 655
1727271778886 -0.10616356134414673 656
1727271778982 0.028118550777435303 657
1727271779078 -0.009539961814880371 658
1727271779177 0.0030695199966430664 659
1727271779272 -0.0027318596839904785 660
1727271779361 -0.012374937534332275 661
1727271779455 -0.007042109966278076 662
1727271779546 -0.00902944803237915 663
1727271779635 -0.0033139586448669434 664
1727271779724 0.009309232234954834 665
1727271779813 -0.00584644079208374 666
1727271779904 -0.0046430230140686035 667
1727271779996 -0.00028002262115478516 668
1727271780087 -0.00521010160446167 669
1727271780197 -0.0001894235610961914 670
1727271780293 0.013841807842254639 671
1727271780384 -0.0006734728813171387 672
1727271780473 -0.014421939849853516 673
1727271780562 -0.003046572208404541 674
1727271780651 -0.00794219970703125 675
1727271780739 -0.0023269057273864746 676
1727271780828 -0.003112614154815674 677
1727271780920 -0.002011597156524658 678
1727271781010 -0.0014042854309082031 679
1727271781099 -0.002880096435546875 680
1727271781187 -0.0006404519081115723 681
1727271781277 -0.004275858402252197 682
1727271781367 0.008693099021911621 683
1727271781455 0.0021204352378845215 684
1727271781544 0.0011840462684631348 685
1727271781633 0.009017467498779297 686
1727271781726 -0.005080163478851318 687
1727271781816 -0.003961801528930664 688
1727271781915 0.0004608035087585449 689
1727271782009 -0.004119396209716797 690
1727271782100 0.001368701457977295 691
1727271782190 -0.005320131778717041 692
1727271782281 0.001597285270690918 693
1727271782373 0.0048490166664123535 694
1727271782479 0.010351836681365967 695
1727271782586 -0.00706636905670166 696
1727271782692 -0.0005748867988586426 697
1727271782811 -0.004263758659362793 698
1727271782915 0.0004864335060119629 699
1727271783026 -0.004228115081787109 700
1727271783121 -0.00010180473327636719 701
1727271783215 -0.005517125129699707 702
1727271783307 -0.0005280375480651855 703
1727271783404 0.004851877689361572 704
1727271783499 0.014885008335113525 705
1727271783590 -0.00042450428009033203 706
1727271783681 0.00034868717193603516 707
1727271783775 -0.001255333423614502 708
1727271783863 -0.0001308917999267578 709
1727271783952 -0.0029864907264709473 710
1727271784040 0.0009642839431762695 711
1727271784128 -0.0029262900352478027 712
1727271784217 0.0014497041702270508 713
1727271784310 -0.003276228904724121 714
1727271784407 0.0017928481101989746 715
1727271784507 -0.004080832004547119 716
1727271784595 0.0021039247512817383 717
1727271784684 0.004529237747192383 718
1727271784772 -0.0016130805015563965 719
1727271784861 -0.0022433996200561523 720
1727271784954 0.0008743405342102051 721
1727271785052 -0.0024375319480895996 722
1727271785149 0.001037001609802246 723
1727271785241 -0.0029311776161193848 724
1727271785331 0.0011249780654907227 725
1727271785420 -0.003832697868347168 726
1727271785514 0.0009824633598327637 727
1727271785603 -0.005604207515716553 728
1727271785697 0.011437714099884033 729
1727271785788 0.008357644081115723 730
1727271785877 -0.0013440847396850586 731
1727271785969 -0.004408895969390869 732
1727271786059 -0.00034058094024658203 733
1727271786152 -0.007770955562591553 734
1727271786244 0.012379646301269531 735
1727271786334 0.001375436782836914 736
1727271786427 -0.004645168781280518 737
1727271786517 -0.0014094114303588867 738
1727271786605 -0.0027762651443481445 739
1727271786692 -0.0005733966827392578 740
1727271786781 -0.0038715600967407227 741
1727271786869 -0.000647127628326416 742
1727271786964 0.009145081043243408 743
1727271787066 -0.00042313337326049805 744
1727271787171 -0.002382993698120117 745
1727271787274 -0.0003688931465148926 746
1727271787386 -0.0016933083534240723 747
1727271787495 -0.0012223124504089355 748
1727271787597 -0.0019603967666625977 749
1727271787693 -0.0026642680168151855 750
1727271787789 0.011352002620697021 751
1727271787908 -0.004787921905517578 752
1727271788000 0.002413809299468994 753
1727271788090 -0.006103992462158203 754
1727271788179 0.0025079846382141113 755
1727271788269 -0.007709801197052002 756
1727271788357 0.013120651245117188 757
1727271788445 0.0008262395858764648 758
1727271788534 -0.004037082195281982 759
1727271788623 -0.0006732940673828125 760
1727271788711 -0.004218876361846924 761
1727271788800 -2.6285648345947266e-05 762
1727271788889 0.007902145385742188 763
1727271788978 -0.0006192922592163086 764
1727271789067 -0.0035763978958129883 765
1727271789155 -0.0004031062126159668 766
1727271789244 -0.003031015396118164 767
1727271789332 -0.00036901235580444336 768
1727271789420 0.008488953113555908 769
1727271789508 -0.0023769736289978027 770
1727271789596 -0.001271069049835205 771
1727271789685 -0.0003947019577026367 772
1727271789772 -0.0013216137886047363 773
1727271789860 -2.5928020477294922e-05 774
1727271789949 -0.0017322301864624023 775
1727271790038 8.040666580200195e-05 776
1727271790125 -0.002316892147064209 777
1727271790213 -1.8298625946044922e-05 778
1727271790302 -0.0032143592834472656 779
1727271790394 -0.00015413761138916016 780
1727271790484 0.006315946578979492 781
1727271790574 0.003210723400115967 782
1727271790662 -0.0013123750686645508 783
1727271790751 -0.0021265149116516113 784
1727271790839 -0.0014009475708007812 785
1727271790927 -0.0024222135543823242 786
1727271791016 -0.0025934576988220215 787
1727271791104 0.011399984359741211 788
1727271791192 -0.0036205649375915527 789
1727271791283 0.002481698989868164 790
1727271791372 0.0018249154090881348 791
1727271791463 -0.003039836883544922 792
1727271791554 -0.00023621320724487305 793
1727271791645 -0.0035573244094848633 794
1727271791739 0.00039833784103393555 795
1727271791829 -0.005818665027618408 796
1727271791920 0.011298179626464844 797
1727271792010 0.0021347999572753906 798
1727271792100 0.008811712265014648 799
1727271792189 -0.007360279560089111 800
1727271792279 -0.0005118846893310547 801
1727271792368 -0.004112362861633301 802
1727271792460 0.000834345817565918 803
1727271792549 -0.004004001617431641 804
1727271792638 0.0015009641647338867 805
1727271792729 -0.004963338375091553 806
1727271792819 0.0018973946571350098 807
1727271792910 0.004927456378936768 808
1727271792999 0.010437309741973877 809
1727271793089 -0.007200300693511963 810
1727271793178 0.0002956986427307129 811
1727271793267 -0.003912985324859619 812
1727271793355 0.0008643269538879395 813
1727271793443 -0.0036485791206359863 814
1727271793532 0.0008110404014587402 815
1727271793623 -0.004810810089111328 816
1727271793715 0.0005475282669067383 817
1727271793806 0.00852900743484497 818
1727271793896 -0.004215836524963379 819
1727271793989 -0.00044149160385131836 820
1727271794079 0.006839632987976074 821
1727271794168 0.0026218295097351074 822
1727271794258 -0.002987086772918701 823
1727271794347 -0.00022917985916137695 824
1727271794437 -0.001676797866821289 825
1727271794526 -0.00017464160919189453 826
1727271794614 -0.0010350346565246582 827
1727271794702 -0.0003571510314941406 828
1727271794791 -0.0006161928176879883 829
1727271794879 -0.000605165958404541 830
1727271794966 -0.0003286004066467285 831
1727271795054 -0.0008945465087890625 832
1727271795142 -0.00013583898544311523 833
1727271795230 -0.0012306571006774902 834
1727271795318 -4.291534423828125e-05 835
1727271795406 -0.0016536712646484375 836
1727271795493 -0.00013250112533569336 837
1727271795581 -0.0023123621940612793 838
1727271795668 -0.0007188320159912109 839
1727271795756 -0.0030899643898010254 840
1727271795844 0.012833237648010254 841
1727271795932 -0.006194710731506348 842
1727271796021 0.004813432693481445 843
1727271796108 -0.0007410645484924316 844
1727271796196 0.00010406970977783203 845
1727271796283 -0.004075229167938232 846
1727271796371 0.0012111663818359375 847
1727271796458 -0.004461467266082764 848
1727271796547 0.0012093186378479004 849
1727271796634 -0.006035208702087402 850
1727271796722 0.011985242366790771 851
1727271796810 -0.0032975077629089355 852
1727271796898 0.0018780231475830078 853
1727271796986 -0.003125131130218506 854
1727271797074 -0.0016193389892578125 855
1727271797162 -0.0015980005264282227 856
1727271797250 -0.0019626617431640625 857
1727271797338 -0.001976191997528076 858
1727271797425 0.007168948650360107 859
1727271797513 0.007236480712890625 860
1727271797601 -0.002492666244506836 861
1727271797689 0.0026574134826660156 862
1727271797779 -0.006764233112335205 863
1727271797874 0.009279310703277588 864
1727271797964 -0.0016281604766845703 865
1727271798054 -0.003136157989501953 866
1727271798143 -0.0022974014282226562 867
1727271798231 -0.0023655295372009277 868
1727271798320 0.007868289947509766 869
1727271798409 0.0002873539924621582 870
1727271798496 -0.0014781355857849121 871
1727271798585 -0.002843201160430908 872
1727271798673 1.0132789611816406e-05 873
1727271798761 -0.0031447410583496094 874
1727271798850 0.0007368922233581543 875
1727271798938 -0.004237353801727295 876
1727271799027 0.0010034441947937012 877
1727271799115 -0.006416499614715576 878
1727271799203 0.01108330488204956 879
1727271799291 0.0008464455604553223 880
1727271799380 0.01129072904586792 881
1727271799467 -0.008966267108917236 882
1727271799587 -7.510185241699219e-06 883
1727271799681 -0.003920137882232666 884
1727271799775 0.0004767775535583496 885
1727271799866 -0.0038121938705444336 886
1727271799955 0.0002988576889038086 887
1727271800044 -0.0051604509353637695 888
1727271800135 0.00028645992279052734 889
1727271800232 0.00795435905456543 890
1727271800329 0.010155677795410156 891
1727271800423 0.0019832849502563477 892
1727271800512 -0.0002790093421936035 893
1727271800599 -0.003960907459259033 894
1727271800684 -0.001404881477355957 895
1727271800770 -0.0020083189010620117 896
1727271800858 -0.0004398226737976074 897
1727271800948 -0.0013880729675292969 898
1727271801041 -0.00011068582534790039 899
1727271801128 -0.001179516315460205 900
1727271801228 -9.059906005859375e-06 901
1727271801328 -0.0011597871780395508 902
1727271801416 -2.568960189819336e-05 903
1727271801502 -0.001258552074432373 904
1727271801588 -0.00015294551849365234 905
1727271801674 -0.0014777183532714844 906
1727271801759 -0.0004711151123046875 907
1727271801845 -0.0018808245658874512 908
1727271801931 -0.0010457038879394531 909
1727271802015 -0.002150893211364746 910
1727271802109 0.00866621732711792 911
1727271802212 0.0020480751991271973 912
1727271802320 0.00516200065612793 913
1727271802430 -0.0006443262100219727 914
1727271802525 -0.0028905272483825684 915
1727271802616 -0.002663850784301758 916
1727271802708 -0.0015785694122314453 917
1727271802813 -0.001755833625793457 918
1727271802913 -0.0017836689949035645 919
1727271803011 -0.0016828179359436035 920
1727271803110 -0.002838134765625 921
1727271803219 -0.0010526180267333984 922
1727271803326 0.011234283447265625 923
1727271803416 0.004402458667755127 924
1727271803501 -0.002485990524291992 925
1727271803589 0.0026800036430358887 926
1727271803674 -0.003523409366607666 927
1727271803765 -0.0021737217903137207 928
1727271803872 -0.002098560333251953 929
1727271803975 -0.0017657876014709473 930
1727271804075 0.007839381694793701 931
1727271804172 0.0021039247512817383 932
1727271804272 -0.002373337745666504 933
1727271804364 -0.0023882389068603516 934
1727271804452 0.00011992454528808594 935
1727271804538 -0.002764284610748291 936
1727271804625 0.000934898853302002 937
1727271804714 -0.0037648677825927734 938
1727271804820 0.0015375018119812012 939
1727271804912 0.004567384719848633 940
1727271805003 0.0009755492210388184 941
1727271805097 -0.002336263656616211 942
1727271805189 -0.002088606357574463 943
1727271805282 -0.001164257526397705 944
1727271805376 -0.0023514628410339355 945
1727271805477 -0.0011944174766540527 946
1727271805572 -0.0019708871841430664 947
1727271805669 0.010235130786895752 948
1727271805766 0.005928635597229004 949
1727271805865 -0.007098257541656494 950
1727271805959 0.000268399715423584 951
1727271806064 -0.003839552402496338 952
1727271806162 0.0011628270149230957 953
1727271806247 -0.005001068115234375 954
1727271806334 0.0013459324836730957 955
1727271806420 0.0037689805030822754 956
1727271806505 0.011550486087799072 957
1727271806590 -0.004304111003875732 958
1727271806676 -0.0007458925247192383 959
1727271806761 -0.004249930381774902 960
1727271806847 0.0005064010620117188 961
1727271806934 -0.0038518905639648438 962
1727271807019 0.0005151033401489258 963
1727271807120 -0.004757404327392578 964
1727271807206 -9.268522262573242e-05 965
1727271807292 0.006040394306182861 966
1727271807386 0.013307273387908936 967
1727271807470 -0.004143178462982178 968
1727271807558 -0.001454174518585205 969
1727271807646 -0.004148244857788086 970
1727271807732 0.00017952919006347656 971
1727271807820 -0.003961324691772461 972
1727271807908 0.001024007797241211 973
1727271807999 -0.005682051181793213 974
1727271808086 0.0012373924255371094 975
1727271808172 0.007092177867889404 976
1727271808261 -0.001935422420501709 977
1727271808351 -0.002955496311187744 978
1727271808439 0.008039593696594238 979
1727271808527 0.0014405250549316406 980
1727271808614 -0.0011667609214782715 981
1727271808699 -0.0022226572036743164 982
1727271808783 -0.000253140926361084 983
1727271808872 -0.0014004707336425781 984
1727271808959 -0.00027877092361450195 985
1727271809048 -0.0010335445404052734 986
1727271809135 -0.000364840030670166 987
1727271809221 -0.0009188055992126465 988
1727271809309 -0.00048547983169555664 989
1727271809398 -0.0009723901748657227 990
1727271809485 -0.0007100105285644531 991
1727271809573 -0.0012068748474121094 992
1727271809660 -0.0012539029121398926 993
1727271809747 -0.0017712712287902832 994
1727271809837 0.00880444049835205 995
1727271809929 -0.00022023916244506836 996
1727271810013 -0.0015462636947631836 997
1727271810104 -0.0040871500968933105 998
1727271810190 -3.337860107421875e-06 999
