1727307585161 2e-05 0
1727307585203 3.9814817905426025 1
1727307585245 5.099019527435303 2
1727307585288 4.898979663848877 3
1727307585333 5.099019527435303 4
1727307585376 4.690415859222412 5
1727307585417 4.690415859222412 6
1727307585461 4.898979663848877 7
1727307585503 4.898979663848877 8
1727307585547 5.099019527435303 9
1727307585587 4.690415859222412 10
1727307585628 5.099019527435303 11
1727307585675 4.690415859222412 12
1727307585731 4.898979663848877 13
1727307585781 4.690415859222412 14
1727307585841 4.4721360206604 15
1727307585900 4.690415859222412 16
1727307585949 3.464101552963257 17
1727307586014 4.4721360206604 18
1727307586073 5.291502475738525 19
1727307586124 4.4721360206604 20
1727307586180 4.0 21
1727307586239 4.898979663848877 22
1727307586291 4.898979663848877 23
1727307586351 5.291502475738525 24
1727307586416 4.898979663848877 25
1727307586472 3.7416574954986572 26
1727307586525 4.898979663848877 27
1727307586575 4.690415859222412 28
1727307586626 4.690415859222412 29
1727307586685 4.898979663848877 30
1727307586743 4.898979663848877 31
1727307586804 4.690415859222412 32
1727307586868 4.4721360206604 33
1727307586926 5.099019527435303 34
1727307586983 4.898979663848877 35
1727307587056 4.690415859222412 36
1727307587128 4.898979663848877 37
1727307587197 4.898979663848877 38
1727307587257 5.099019527435303 39
1727307587317 4.898979663848877 40
1727307587370 5.099019527435303 41
1727307587427 4.0 42
1727307587493 5.291502475738525 43
1727307587547 4.242640495300293 44
1727307587602 4.242640495300293 45
1727307587659 4.898979663848877 46
1727307587711 5.099019527435303 47
1727307587770 5.291502475738525 48
1727307587837 4.690415859222412 49
1727307587900 5.099019527435303 50
1727307587965 4.690415859222412 51
1727307588026 4.898979663848877 52
1727307588083 5.099019527435303 53
1727307588133 5.099019527435303 54
1727307588183 5.099019527435303 55
1727307588234 4.690415859222412 56
1727307588281 4.898979663848877 57
1727307588328 4.242640495300293 58
1727307588375 5.099019527435303 59
1727307588420 5.099019527435303 60
1727307588463 4.690415859222412 61
1727307588505 5.099019527435303 62
1727307588549 4.898979663848877 63
1727307588590 4.4721360206604 64
1727307588632 5.291502475738525 65
1727307588674 3.7416574954986572 66
1727307588716 4.690415859222412 67
1727307588758 4.242640495300293 68
1727307588801 4.898979663848877 69
1727307588843 4.898979663848877 70
1727307588897 5.4772257804870605 71
1727307588941 4.4721360206604 72
1727307588982 4.4721360206604 73
1727307589026 4.242640495300293 74
1727307589067 5.099019527435303 75
1727307589107 4.690415859222412 76
1727307589149 4.690415859222412 77
1727307589192 5.291502475738525 78
1727307589237 5.099019527435303 79
1727307589283 4.898979663848877 80
1727307589325 4.4721360206604 81
1727307589366 4.4721360206604 82
1727307589406 4.4721360206604 83
1727307589449 4.690415859222412 84
1727307589492 5.291502475738525 85
1727307589534 5.099019527435303 86
1727307589577 4.4721360206604 87
1727307589620 5.099019527435303 88
1727307589660 4.898979663848877 89
1727307589704 4.690415859222412 90
1727307589747 4.4721360206604 91
1727307589788 5.099019527435303 92
1727307589830 4.898979663848877 93
1727307589872 4.242640495300293 94
1727307589912 5.099019527435303 95
1727307589953 3.2989108562469482 96
1727307589995 4.47300910949707 97
1727307590037 5.099019527435303 98
1727307590079 5.099019527435303 99
1727307590119 4.4721360206604 100
1727307590161 5.291502475738525 101
1727307590203 4.898979663848877 102
1727307590244 4.4721360206604 103
1727307590286 5.099019527435303 104
1727307590329 4.898979663848877 105
1727307590370 5.099019527435303 106
1727307590414 3.7416574954986572 107
1727307590462 4.4721360206604 108
1727307590504 4.898979663848877 109
1727307590549 4.690415859222412 110
1727307590591 4.898979663848877 111
1727307590634 5.291502475738525 112
1727307590676 4.690415859222412 113
1727307590718 4.898979663848877 114
1727307590767 4.690415859222412 115
1727307590809 4.898979663848877 116
1727307590851 3.7416574954986572 117
1727307590892 5.291502475738525 118
1727307590933 4.898979663848877 119
1727307590975 5.099019527435303 120
1727307591017 5.291502475738525 121
1727307591058 5.291502475738525 122
1727307591099 4.4721360206604 123
1727307591141 4.690415859222412 124
1727307591189 4.242640495300293 125
1727307591231 5.099019527435303 126
1727307591272 4.690415859222412 127
1727307591315 4.898979663848877 128
1727307591357 4.242640495300293 129
1727307591399 5.099019527435303 130
1727307591441 4.898979663848877 131
1727307591483 5.099019527435303 132
1727307591523 4.690415859222412 133
1727307591566 4.690415859222412 134
1727307591610 4.242640495300293 135
1727307591649 4.898979663848877 136
1727307591688 5.099019527435303 137
1727307591727 4.4721360206604 138
1727307591767 4.4721360206604 139
1727307591817 4.898979663848877 140
1727307591874 4.4721360206604 141
1727307591922 4.898979663848877 142
1727307591972 4.242640495300293 143
1727307592017 0.0 144
