1727308120337 1.9807887077331543 0
1727308120379 1.1524169445037842 1
1727308120414 1.874964952468872 2
1727308120451 1.6108766794204712 3
1727308120486 1.757166862487793 4
1727308120523 1.8944759368896484 5
1727308120561 1.8183953762054443 6
1727308120597 1.8296120166778564 7
1727308120633 1.8950309753417969 8
1727308120669 1.8331615924835205 9
1727308120707 1.9853870868682861 10
1727308120744 1.8629696369171143 11
1727308120780 1.8539628982543945 12
1727308120816 1.6834217309951782 13
1727308120853 1.9845467805862427 14
1727308120890 1.5599262714385986 15
1727308120928 1.9326262474060059 16
1727308120968 1.972868800163269 17
1727308121006 1.7234376668930054 18
1727308121044 1.9271938800811768 19
1727308121081 1.9371492862701416 20
1727308121118 1.8870265483856201 21
1727308121155 1.6450960636138916 22
1727308121194 1.5005208253860474 23
1727308121233 1.9289448261260986 24
1727308121272 1.925429344177246 25
1727308121314 1.4838416576385498 26
1727308121353 1.7510631084442139 27
1727308121393 1.6068546772003174 28
1727308121434 1.6811513900756836 29
1727308121474 1.9323430061340332 30
1727308121513 1.726540446281433 31
1727308121552 1.8640544414520264 32
1727308121592 1.9123859405517578 33
1727308121630 1.7410311698913574 34
1727308121667 1.7255470752716064 35
1727308121706 1.3425817489624023 36
1727308121744 1.8508214950561523 37
1727308121782 1.9075968265533447 38
1727308121822 1.8165525197982788 39
1727308121862 1.758204698562622 40
1727308121899 1.6465427875518799 41
1727308121936 1.4493179321289062 42
1727308121972 1.9573719501495361 43
1727308122008 1.67570161819458 44
1727308122044 1.6585640907287598 45
1727308122082 1.9622211456298828 46
1727308122119 1.2893861532211304 47
1727308122157 1.9828050136566162 48
1727308122199 1.7465085983276367 49
1727308122236 1.6895830631256104 50
1727308122273 1.924565076828003 51
1727308122309 1.8127970695495605 52
1727308122346 1.8111833333969116 53
1727308122383 1.9241969585418701 54
1727308122423 1.7718114852905273 55
1727308122460 1.8984999656677246 56
1727308122497 1.698369026184082 57
1727308122536 1.860464334487915 58
1727308122574 1.5464458465576172 59
1727308122611 1.9827194213867188 60
1727308122649 1.6881641149520874 61
1727308122688 1.7412123680114746 62
1727308122728 1.9503477811813354 63
1727308122767 1.6459896564483643 64
1727308122805 1.4922783374786377 65
1727308122842 1.8191314935684204 66
1727308122880 1.8601757287979126 67
1727308122918 1.534341812133789 68
1727308122956 1.8987984657287598 69
1727308122992 1.7151679992675781 70
1727308123030 1.8171756267547607 71
1727308123068 1.9181022644042969 72
1727308123106 1.8038228750228882 73
1727308123142 1.707901954650879 74
1727308123179 1.985034704208374 75
1727308123218 1.781967043876648 76
1727308123258 1.9750601053237915 77
1727308123295 1.7684524059295654 78
1727308123333 1.6267852783203125 79
1727308123370 1.7816978693008423 80
1727308123407 1.9522967338562012 81
1727308123444 1.882568359375 82
1727308123481 1.8543763160705566 83
1727308123518 1.7826967239379883 84
1727308123557 1.9443941116333008 85
1727308123594 1.7077529430389404 86
1727308123631 1.9474605321884155 87
1727308123668 1.8697844743728638 88
1727308123707 1.8812333345413208 89
1727308123744 1.5774288177490234 90
1727308123781 1.9647505283355713 91
1727308123820 1.8551490306854248 92
1727308123858 1.4529482126235962 93
1727308123897 1.7589919567108154 94
1727308123933 1.71741783618927 95
1727308123970 1.6176282167434692 96
1727308124007 1.930641770362854 97
1727308124044 1.9471662044525146 98
1727308124081 1.876643180847168 99
1727308124118 1.7474638223648071 100
1727308124156 1.9817910194396973 101
1727308124197 1.7830538749694824 102
1727308124237 1.5401442050933838 103
1727308124274 1.9016499519348145 104
1727308124312 1.8369394540786743 105
1727308124351 0.5264701247215271 106
1727308124389 1.8743308782577515 107
1727308124426 1.7860090732574463 108
1727308124465 1.8078458309173584 109
1727308124504 1.8661994934082031 110
1727308124542 1.9326558113098145 111
1727308124580 1.9666800498962402 112
1727308124617 1.5771645307540894 113
1727308124654 1.8658318519592285 114
1727308124691 1.8055262565612793 115
1727308124729 1.432581901550293 116
1727308124766 1.964712381362915 117
1727308124803 1.4100933074951172 118
1727308124841 1.6278929710388184 119
1727308124878 1.9045898914337158 120
1727308124917 1.432581901550293 121
1727308124954 1.9289928674697876 122
1727308124991 1.5448923110961914 123
1727308125028 1.9235199689865112 124
1727308125065 1.6349308490753174 125
1727308125102 1.6294232606887817 126
1727308125140 1.8331372737884521 127
1727308125178 1.8131873607635498 128
1727308125216 1.6580082178115845 129
1727308125255 1.7449922561645508 130
1727308125293 1.9267470836639404 131
1727308125330 1.8610072135925293 132
1727308125367 1.6199040412902832 133
1727308125404 1.5553736686706543 134
1727308125441 1.3811227083206177 135
1727308125480 1.8147778511047363 136
1727308125517 1.8132445812225342 137
1727308125553 1.7379391193389893 138
1727308125591 1.8993854522705078 139
1727308125628 1.8049671649932861 140
1727308125664 1.958052396774292 141
1727308125701 1.858527421951294 142
1727308125738 1.9472757577896118 143
1727308125774 1.7006205320358276 144
1727308125812 1.9438729286193848 145
1727308125849 1.9707084894180298 146
1727308125886 1.7695116996765137 147
1727308125923 1.3425817489624023 148
1727308125961 1.9035940170288086 149
1727308126007 1.771327018737793 150
1727308126056 1.958786964416504 151
1727308126098 1.9746307134628296 152
1727308126144 1.6327004432678223 153
1727308126186 1.6186919212341309 154
1727308126226 1.576946496963501 155
1727308126266 1.7894563674926758 156
1727308126308 1.674354076385498 157
1727308126345 1.7151461839675903 158
1727308126381 1.9810926914215088 159
1727308126417 1.7065093517303467 160
1727308126452 1.7197825908660889 161
1727308126488 0.5264701247215271 162
1727308126525 1.9582864046096802 163
1727308126561 1.749002456665039 164
1727308126598 1.9000625610351562 165
1727308126635 1.740143895149231 166
1727308126676 1.9627169370651245 167
1727308126716 1.9119455814361572 168
1727308126763 1.8583709001541138 169
1727308126812 1.876889944076538 170
1727308126854 1.7680516242980957 171
1727308126905 1.5635792016983032 172
1727308126953 1.8099777698516846 173
1727308127000 1.6027268171310425 174
1727308127049 1.8752312660217285 175
1727308127095 1.8084781169891357 176
1727308127141 1.698465347290039 177
1727308127188 1.937509536743164 178
1727308127236 1.9533823728561401 179
1727308127283 1.8038902282714844 180
1727308127337 1.9096044301986694 181
1727308127391 1.9171686172485352 182
1727308127441 1.8820276260375977 183
1727308127496 1.9124703407287598 184
1727308127549 1.8567819595336914 185
1727308127597 1.7655330896377563 186
1727308127647 1.8815337419509888 187
1727308127703 1.8988633155822754 188
1727308127758 1.9510841369628906 189
1727308127807 1.9355117082595825 190
1727308127854 1.921543836593628 191
1727308127901 1.3425817489624023 192
1727308127953 4.2995654325750365e-07 193
1727308128006 1.9541581869125366 194
1727308128051 1.8696362972259521 195
1727308128093 1.8507726192474365 196
1727308128135 1.8831820487976074 197
1727308128176 1.8274167776107788 198
1727308128215 1.6538180112838745 199
1727308128255 1.8223916292190552 200
1727308128294 1.96708083152771 201
1727308128334 1.736979603767395 202
1727308128373 1.964404582977295 203
1727308128412 1.7196695804595947 204
1727308128449 1.501443862915039 205
1727308128488 1.9453473091125488 206
1727308128525 1.741553783416748 207
1727308128561 1.8944926261901855 208
1727308128598 1.987199306488037 209
1727308128636 1.6428616046905518 210
1727308128673 1.5102280378341675 211
1727308128710 1.7522897720336914 212
1727308128748 1.6180312633514404 213
1727308128784 1.7387067079544067 214
1727308128821 1.685828685760498 215
1727308128857 1.812959909439087 216
1727308128893 1.7658681869506836 217
1727308128930 1.7381123304367065 218
1727308128966 1.8162555694580078 219
1727308129006 1.8748323917388916 220
1727308129044 1.8507806062698364 221
1727308129081 1.8127920627593994 222
1727308129117 1.7362987995147705 223
1727308129155 1.3425817489624023 224
1727308129196 1.9465609788894653 225
1727308129235 1.849425196647644 226
1727308129273 1.6610709428787231 227
1727308129312 1.9111908674240112 228
1727308129352 1.6926326751708984 229
1727308129392 1.900147557258606 230
1727308129432 1.8545793294906616 231
1727308129470 1.9180333614349365 232
1727308129509 1.9339041709899902 233
1727308129549 0.5264701247215271 234
1727308129589 1.7199081182479858 235
1727308129625 1.3425817489624023 236
1727308129661 1.9587665796279907 237
1727308129697 1.8908445835113525 238
1727308129734 1.8633489608764648 239
1727308129769 1.7533085346221924 240
1727308129806 1.9520796537399292 241
1727308129842 1.9175758361816406 242
1727308129878 1.6557598114013672 243
1727308129914 1.7468148469924927 244
1727308129951 1.497760534286499 245
1727308129987 1.8514002561569214 246
1727308130024 1.763340711593628 247
1727308130059 1.766291856765747 248
1727308130096 1.8855245113372803 249
1727308130134 1.9669828414916992 250
1727308130176 1.432581901550293 251
1727308130213 1.685572624206543 252
1727308130252 1.6227807998657227 253
1727308130290 1.8360646963119507 254
1727308130333 1.9674568176269531 255
1727308130373 1.9143402576446533 256
1727308130410 1.9628782272338867 257
1727308130452 1.6984472274780273 258
1727308130493 1.432581901550293 259
1727308130535 1.6738932132720947 260
1727308130570 1.9572701454162598 261
1727308130606 1.8897700309753418 262
1727308130641 1.9669735431671143 263
1727308130676 1.7569561004638672 264
1727308130713 1.696573257446289 265
1727308130753 1.8842953443527222 266
1727308130793 1.8462839126586914 267
1727308130830 1.9507931470870972 268
1727308130865 1.7326492071151733 269
1727308130903 1.432581901550293 270
1727308130940 1.432581901550293 271
