1727277458696 2.275357961654663 0
1727277458792 2.0737709999084473 1
1727277458887 2.243478298187256 2
1727277458983 1.9677846431732178 3
1727277459083 2.180460214614868 4
1727277459183 2.0379865169525146 5
1727277459281 1.6748802661895752 6
1727277459376 1.7620705366134644 7
1727277459474 1.9822957515716553 8
1727277459573 2.079190254211426 9
1727277459667 2.175429105758667 10
1727277459767 1.9742765426635742 11
1727277459860 2.169837474822998 12
1727277459955 2.172337055206299 13
1727277460049 2.0120387077331543 14
1727277460141 2.083540678024292 15
1727277460231 2.1537842750549316 16
1727277460324 1.8160862922668457 17
1727277460418 1.335769772529602 18
1727277460513 2.0315628051757812 19
1727277460606 2.0893800258636475 20
1727277460704 2.0601205825805664 21
1727277460796 2.183332681655884 22
1727277460889 2.088916778564453 23
1727277460979 1.2344979047775269 24
1727277461069 1.8427485227584839 25
1727277461160 2.0799098014831543 26
1727277461251 2.1865289211273193 27
1727277461341 2.221160650253296 28
1727277461434 2.0689783096313477 29
1727277461538 2.1061484813690186 30
1727277461635 2.0747523307800293 31
1727277461727 2.175619125366211 32
1727277461819 2.0591835975646973 33
1727277461917 2.137267827987671 34
1727277462020 2.1454436779022217 35
1727277462127 2.0345423221588135 36
1727277462241 2.0560436248779297 37
1727277462356 2.166409969329834 38
1727277462471 2.056248188018799 39
1727277462603 2.1689021587371826 40
1727277462731 2.089428424835205 41
1727277462849 1.9637399911880493 42
1727277462966 2.1136653423309326 43
1727277463085 1.940250277519226 44
1727277463204 2.1747262477874756 45
1727277463346 2.240262985229492 46
1727277463478 2.2108120918273926 47
1727277463613 2.1602132320404053 48
1727277463744 1.8786289691925049 49
1727277463869 2.1133246421813965 50
1727277464000 2.0479040145874023 51
1727277464117 2.210143566131592 52
1727277464287 2.193898916244507 53
1727277464432 1.926536202430725 54
1727277464567 2.0207552909851074 55
1727277464685 2.101964235305786 56
1727277464810 2.091325521469116 57
1727277464932 2.1399953365325928 58
1727277465059 2.171584367752075 59
1727277465189 2.03181791305542 60
1727277465319 2.1135425567626953 61
1727277465443 2.247237205505371 62
1727277465568 2.1271238327026367 63
1727277465681 2.0827651023864746 64
1727277465786 2.141497850418091 65
1727277465884 1.9664573669433594 66
1727277465978 2.046029806137085 67
1727277466071 1.335769772529602 68
1727277466161 2.031193256378174 69
1727277466252 2.142164707183838 70
1727277466342 1.6228902339935303 71
1727277466431 1.8951154947280884 72
1727277466520 1.8239037990570068 73
1727277466610 2.06876540184021 74
1727277466699 1.983208417892456 75
1727277466789 2.081299304962158 76
1727277466879 2.1466729640960693 77
1727277466969 1.9125614166259766 78
1727277467059 2.1020588874816895 79
1727277467149 2.027771234512329 80
1727277467241 2.0896236896514893 81
1727277467333 2.219670057296753 82
1727277467421 2.1450064182281494 83
1727277467510 2.1900126934051514 84
1727277467599 2.0975353717803955 85
1727277467689 2.090212821960449 86
1727277467777 2.05082631111145 87
1727277467868 2.1020798683166504 88
1727277467957 2.2121365070343018 89
1727277468045 2.067162275314331 90
1727277468136 2.2093756198883057 91
1727277468224 2.035168170928955 92
1727277468314 2.092216968536377 93
1727277468404 2.0219357013702393 94
1727277468493 2.031435012817383 95
1727277468583 2.048602342605591 96
1727277468672 2.055107593536377 97
1727277468761 2.164482593536377 98
1727277468852 2.2074270248413086 99
1727277468943 2.263742685317993 100
1727277469034 2.1382293701171875 101
1727277469125 2.156862258911133 102
1727277469214 2.1612982749938965 103
1727277469304 2.124631404876709 104
1727277469395 1.9808015823364258 105
1727277469486 2.0188372135162354 106
1727277469577 1.3357720375061035 107
1727277469667 1.3357679843902588 108
1727277469757 1.3357702493667603 109
1727277469846 1.3357714414596558 110
1727277469937 2.2119596004486084 111
1727277470029 2.1867291927337646 112
1727277470119 2.0735034942626953 113
1727277470213 2.141299247741699 114
1727277470305 2.0740151405334473 115
1727277470396 1.915772557258606 116
1727277470486 2.2507896423339844 117
1727277470576 2.1658987998962402 118
1727277470666 2.154984951019287 119
1727277470755 2.0955708026885986 120
1727277470846 2.1924896240234375 121
1727277470936 2.027240514755249 122
1727277471026 2.146528482437134 123
1727277471118 2.1938037872314453 124
1727277471216 2.1938037872314453 125
1727277471314 1.9011576175689697 126
1727277471405 1.939026951789856 127
1727277471497 2.1136653423309326 128
1727277471589 1.8523402214050293 129
1727277471681 2.0241405963897705 130
1727277471775 2.0904765129089355 131
1727277471870 2.122055768966675 132
1727277471969 2.1470589637756348 133
1727277472065 2.141855001449585 134
1727277472158 2.0619962215423584 135
1727277472248 2.173182487487793 136
1727277472340 2.1616647243499756 137
1727277472430 2.1331591606140137 138
1727277472521 1.9726678133010864 139
1727277472613 2.2033820152282715 140
1727277472706 2.1749229431152344 141
1727277472799 2.1327033042907715 142
1727277472893 2.0218265056610107 143
1727277472990 1.996062159538269 144
1727277473086 2.045488119125366 145
1727277473181 2.166409969329834 146
1727277473273 2.223437786102295 147
1727277473365 1.6916651725769043 148
1727277473457 2.0529518127441406 149
1727277473553 1.9977543354034424 150
1727277473649 1.9820547103881836 151
1727277473747 2.1408376693725586 152
1727277473841 2.0943984985351562 153
1727277473933 2.187744617462158 154
1727277474027 2.0269384384155273 155
1727277474121 2.2979190349578857 156
1727277474213 2.0933382511138916 157
1727277474306 1.9744209051132202 158
1727277474398 2.1129958629608154 159
1727277474491 2.1500518321990967 160
1727277474585 2.15277099609375 161
1727277474679 2.135773181915283 162
1727277474774 1.9382883310317993 163
1727277474869 2.130749464035034 164
1727277474964 2.032904863357544 165
1727277475062 2.0262012481689453 166
1727277475160 1.9850842952728271 167
1727277475254 2.1346230506896973 168
1727277475353 2.03336238861084 169
1727277475447 1.9682347774505615 170
1727277475545 2.195448637008667 171
1727277475638 2.1858644485473633 172
1727277475732 2.083151340484619 173
1727277475826 1.9921225309371948 174
1727277475926 2.1255671977996826 175
1727277476019 2.132218360900879 176
1727277476132 2.085646867752075 177
1727277476223 2.1689023971557617 178
1727277476316 2.219118595123291 179
1727277476411 2.230604648590088 180
1727277476505 1.6133503913879395 181
1727277476609 2.1195566654205322 182
1727277476701 2.0113613605499268 183
1727277476794 1.9626904726028442 184
1727277476912 2.2323758602142334 185
1727277477027 2.005723476409912 186
1727277477134 2.0116217136383057 187
1727277477242 2.125030994415283 188
1727277477355 2.1350796222686768 189
1727277477470 2.218000888824463 190
1727277477586 2.1251955032348633 191
1727277477703 2.00636887550354 192
1727277477828 2.0534911155700684 193
1727277477949 2.156545877456665 194
1727277478070 2.1466732025146484 195
1727277478194 2.1215009689331055 196
1727277478318 1.9342255592346191 197
1727277478438 2.1607022285461426 198
1727277478554 2.065852165222168 199
1727277478659 2.08113694190979 200
1727277478761 2.2050600051879883 201
1727277478864 1.9917958974838257 202
1727277478963 1.2344979047775269 203
1727277479061 1.2344979047775269 204
