1727302217583 2.014693021774292 0
1727302217621 2.014693021774292 1
1727302217658 2.014693021774292 2
1727302217694 2.014693021774292 3
1727302217730 2.014693021774292 4
1727302217766 2.014693021774292 5
1727302217801 2.014693021774292 6
1727302217838 2.014693021774292 7
1727302217876 2.014693021774292 8
1727302217912 2.014693021774292 9
1727302217951 2.014693021774292 10
1727302217992 2.014693021774292 11
1727302218030 2.014693021774292 12
1727302218067 2.014693021774292 13
1727302218104 2.014693021774292 14
1727302218142 2.014693021774292 15
1727302218179 2.014693021774292 16
1727302218216 2.014693021774292 17
1727302218251 2.014693021774292 18
1727302218288 2.014693021774292 19
1727302218325 2.014693021774292 20
1727302218362 2.014693021774292 21
1727302218399 2.014693021774292 22
1727302218435 2.014693021774292 23
1727302218472 2.014693021774292 24
1727302218508 2.014693021774292 25
1727302218543 2.014693021774292 26
1727302218579 2.014693021774292 27
1727302218612 2.014693021774292 28
1727302218646 2.014693021774292 29
1727302218681 2.014693021774292 30
1727302218714 2.014693021774292 31
1727302218748 2.014693021774292 32
1727302218782 2.014693021774292 33
1727302218817 2.014693021774292 34
1727302218852 2.014693021774292 35
1727302218887 2.014693021774292 36
1727302218923 2.014693021774292 37
1727302218959 2.014693021774292 38
1727302218993 2.014693021774292 39
1727302219027 2.014693021774292 40
1727302219061 2.014693021774292 41
1727302219095 2.014693021774292 42
1727302219131 2.014693021774292 43
1727302219176 2.014693021774292 44
1727302219210 2.014693021774292 45
1727302219245 2.014693021774292 46
1727302219280 2.014693021774292 47
1727302219316 2.014693021774292 48
1727302219351 2.014693021774292 49
1727302219386 2.014693021774292 50
1727302219423 2.014693021774292 51
1727302219458 2.014693021774292 52
1727302219492 2.014693021774292 53
1727302219526 2.014693021774292 54
1727302219561 2.014693021774292 55
1727302219596 2.014693021774292 56
1727302219631 2.014693021774292 57
1727302219665 2.014693021774292 58
1727302219701 2.014693021774292 59
1727302219735 2.014693021774292 60
1727302219770 2.014693021774292 61
1727302219806 2.014693021774292 62
1727302219841 2.014693021774292 63
1727302219876 2.014693021774292 64
1727302219911 2.014693021774292 65
1727302219946 2.014693021774292 66
1727302219981 2.014693021774292 67
1727302220014 2.014693021774292 68
1727302220048 2.014693021774292 69
1727302220082 2.014693021774292 70
1727302220118 2.014693021774292 71
1727302220155 2.014693021774292 72
1727302220195 2.014693021774292 73
1727302220231 2.014693021774292 74
1727302220269 2.014693021774292 75
1727302220307 2.014693021774292 76
1727302220345 2.014693021774292 77
1727302220383 2.014693021774292 78
1727302220421 2.014693021774292 79
1727302220456 2.014693021774292 80
1727302220493 2.014693021774292 81
1727302220531 2.014693021774292 82
1727302220567 2.014693021774292 83
1727302220602 2.014693021774292 84
1727302220637 2.014693021774292 85
1727302220675 2.014693021774292 86
1727302220713 2.014693021774292 87
