1727298985978 0.29697275161743164 0
1727298986016 0.1472775936126709 1
1727298986050 0.2204432487487793 2
1727298986085 0.21311259269714355 3
1727298986121 0.15277814865112305 4
1727298986155 0.16191744804382324 5
1727298986188 0.1894228458404541 6
1727298986221 0.12364935874938965 7
1727298986256 0.1900937557220459 8
1727298986290 0.23658370971679688 9
1727298986325 0.10948348045349121 10
1727298986362 0.24914121627807617 11
1727298986396 0.28348875045776367 12
1727298986435 0.07754278182983398 13
1727298986469 0.2426164150238037 14
1727298986509 0.21625471115112305 15
1727298986545 0.14869379997253418 16
1727298986583 0.08377242088317871 17
1727298986618 0.30757570266723633 18
1727298986652 0.16591334342956543 19
1727298986685 0.15226340293884277 20
1727298986719 0.11567044258117676 21
1727298986755 0.2189342975616455 22
1727298986808 0.40661394596099854 23
1727298986851 0.2312636375427246 24
1727298986902 0.1901993751525879 25
1727298986952 0.16389083862304688 26
1727298987001 0.2716825008392334 27
1727298987047 0.011080503463745117 28
1727298987091 0.2378706932067871 29
1727298987138 0.1695718765258789 30
1727298987173 0.18561768531799316 31
1727298987220 0.1656334400177002 32
1727298987269 0.36476966738700867 33
1727298987323 0.18352770805358887 34
1727298987380 0.2249290943145752 35
1727298987433 0.09934210777282715 36
1727298987485 0.09353184700012207 37
1727298987542 0.12347555160522461 38
1727298987580 0.19623780250549316 39
1727298987627 0.12273955345153809 40
1727298987661 0.14115500450134277 41
1727298987696 0.028494596481323242 42
1727298987730 0.06529545783996582 43
1727298987765 0.12979528307914734 44
1727298987805 0.15363168716430664 45
1727298987862 0.18106842041015625 46
1727298987905 0.6592302322387695 47
1727298987943 0.24134230613708496 48
1727298987977 0.17174649238586426 49
1727298988010 0.15371179580688477 50
1727298988045 0.20452475547790527 51
1727298988079 0.25442028045654297 52
1727298988116 0.0074460506439208984 53
1727298988150 0.22606372833251953 54
1727298988196 0.20639777183532715 55
1727298988233 0.23796319961547852 56
1727298988268 0.18551898002624512 57
1727298988304 0.15326380729675293 58
1727298988341 0.19968676567077637 59
1727298988378 0.2167348861694336 60
1727298988412 0.23738527297973633 61
1727298988465 0.21255135536193848 62
1727298988525 0.2521073818206787 63
1727298988580 0.20421242713928223 64
1727298988626 0.2340555191040039 65
1727298988661 0.25597119331359863 66
1727298988695 0.2447497844696045 67
1727298988731 0.07437968254089355 68
1727298988765 0.1506354808807373 69
1727298988798 -0.026406168937683105 70
1727298988832 0.17933440208435059 71
1727298988869 0.20584654808044434 72
1727298988910 0.058380126953125 73
1727298988951 0.09168553352355957 74
1727298988992 0.0699920654296875 75
1727298989025 0.12413573265075684 76
1727298989058 0.08767509460449219 77
1727298989093 0.033638715744018555 78
1727298989128 0.22078609466552734 79
1727298989169 0.14107131958007812 80
1727298989213 0.26276564598083496 81
1727298989254 0.20632576942443848 82
1727298989289 0.28255388140678406 83
1727298989324 0.25536108016967773 84
1727298989362 0.1611919403076172 85
1727298989396 0.5499712824821472 86
1727298989430 0.17183876037597656 87
1727298989464 0.10686707496643066 88
1727298989498 0.2818882465362549 89
1727298989532 0.2162168025970459 90
1727298989567 0.18334221839904785 91
1727298989605 0.13234567642211914 92
1727298989639 0.16219353675842285 93
1727298989673 0.12826895713806152 94
1727298989707 0.1350395679473877 95
1727298989741 0.1361556053161621 96
1727298989775 0.14945411682128906 97
1727298989818 0.2824976444244385 98
1727298989856 0.20083457231521606 99
1727298989892 0.1663804054260254 100
1727298989931 0.17001986503601074 101
1727298989965 0.2306208610534668 102
1727298989999 0.17724204063415527 103
1727298990033 0.2434093952178955 104
1727298990067 0.07641482353210449 105
1727298990103 0.20508360862731934 106
1727298990137 0.06133389472961426 107
1727298990172 0.20042085647583008 108
1727298990207 0.25132322311401367 109
1727298990240 0.18537020683288574 110
1727298990275 0.21755385398864746 111
1727298990311 0.19737505912780762 112
1727298990349 0.1640636920928955 113
1727298990386 0.16480374336242676 114
1727298990426 0.23709845542907715 115
1727298990470 0.19946813583374023 116
1727298990514 0.1981220245361328 117
1727298990557 0.009284734725952148 118
1727298990601 0.2743966579437256 119
1727298990645 0.24642729759216309 120
1727298990687 0.1685926914215088 121
1727298990730 0.16965484619140625 122
1727298990774 0.16395902633666992 123
1727298990828 0.1447148323059082 124
1727298990873 0.07804703712463379 125
1727298990906 0.054114341735839844 126
1727298990948 0.12729883193969727 127
1727298990990 0.17666053771972656 128
1727298991035 0.10949325561523438 129
1727298991078 0.156355619430542 130
1727298991120 0.22312140464782715 131
1727298991153 0.12079811096191406 132
1727298991188 0.06648397445678711 133
1727298991225 0.28322064876556396 134
1727298991261 0.23872137069702148 135
1727298991295 0.1530703604221344 136
1727298991329 0.210862398147583 137
1727298991365 0.15855193138122559 138
1727298991400 0.09434151649475098 139
1727298991439 0.22640609741210938 140
1727298991475 0.13719582557678223 141
1727298991513 0.22956323623657227 142
1727298991550 0.10221076011657715 143
1727298991588 0.06153559684753418 144
1727298991628 0.018658876419067383 145
1727298991679 -0.012573957443237305 146
1727298991735 0.1940443515777588 147
1727298991788 0.2735025882720947 148
1727298991839 0.18193292617797852 149
1727298991893 0.1908550262451172 150
1727298991944 0.033806562423706055 151
1727298991997 0.17504644393920898 152
1727298992046 0.17405080795288086 153
1727298992096 0.16759753227233887 154
1727298992144 0.25008392333984375 155
1727298992195 0.13391327857971191 156
1727298992246 0.2133045196533203 157
1727298992300 -0.028426289558410645 158
1727298992354 0.15446782112121582 159
1727298992405 0.07734847068786621 160
1727298992451 0.1256554126739502 161
1727298992505 0.08507919311523438 162
1727298992562 0.026251554489135742 163
1727298992618 0.1941697597503662 164
1727298992669 0.11620688438415527 165
1727298992719 0.26891517639160156 166
1727298992763 0.16540169715881348 167
1727298992812 0.06884479522705078 168
1727298992857 -0.2307147979736328 169
1727298992903 0.03786778450012207 170
1727298992953 0.2058091163635254 171
1727298993001 0.13854289054870605 172
1727298993052 0.0865945816040039 173
1727298993105 0.1402416229248047 174
1727298993159 0.23329663276672363 175
1727298993211 0.08425068855285645 176
1727298993246 0.08144378662109375 177
1727298993279 -0.05402040481567383 178
1727298993313 0.12456178665161133 179
1727298993348 0.22753071784973145 180
1727298993388 0.19376254081726074 181
1727298993425 0.15559172630310059 182
1727298993459 0.23000574111938477 183
1727298993493 0.26895976066589355 184
1727298993527 0.2609715461730957 185
1727298993563 0.08920502662658691 186
1727298993598 0.12009096145629883 187
1727298993636 0.17215847969055176 188
1727298993671 0.08031511306762695 189
1727298993707 0.28156614303588867 190
1727298993739 0.2904815673828125 191
1727298993781 0.23010802268981934 192
1727298993827 0.1686398983001709 193
1727298993888 0.26921606063842773 194
1727298993941 0.14662766456604004 195
1727298993991 0.23894095420837402 196
1727298994028 0.2936439514160156 197
1727298994083 0.1365516185760498 198
1727298994135 0.21528363227844238 199
1727298994190 0.19789505004882812 200
1727298994242 0.14371132850646973 201
1727298994297 0.09875369071960449 202
1727298994358 0.15906834602355957 203
1727298994407 0.08362340927124023 204
1727298994450 0.20543193817138672 205
1727298994497 0.13703346252441406 206
1727298994544 0.22473597526550293 207
1727298994589 0.2216346263885498 208
1727298994635 0.16312265396118164 209
1727298994678 0.0671699047088623 210
1727298994732 0.18490076065063477 211
1727298994786 0.06076407432556152 212
1727298994844 0.3317563533782959 213
1727298994900 0.06935906410217285 214
1727298994954 0.13795232772827148 215
1727298995006 0.25873446464538574 216
1727298995046 0.19498252868652344 217
1727298995090 0.1281430721282959 218
1727298995140 0.27115488052368164 219
1727298995176 0.1508324146270752 220
1727298995221 0.16536331176757812 221
1727298995276 0.13829731941223145 222
1727298995326 0.22215938568115234 223
1727298995372 0.12113833427429199 224
1727298995407 0.23338770866394043 225
1727298995447 0.14968347549438477 226
1727298995485 0.17401552200317383 227
1727298995520 0.1283566951751709 228
1727298995568 0.19227385520935059 229
1727298995619 0.17439031600952148 230
1727298995676 0.08135128021240234 231
1727298995729 0.2714822292327881 232
1727298995774 0.18012595176696777 233
1727298995840 0.2476053237915039 234
1727298995900 0.19725298881530762 235
1727298995961 0.18790245056152344 236
1727298996007 0.2086796760559082 237
1727298996066 0.21868634223937988 238
1727298996120 0.20038866996765137 239
1727298996175 0.2504396438598633 240
1727298996234 0.205855131149292 241
1727298996285 0.021773576736450195 242
1727298996320 0.15761852264404297 243
1727298996366 0.15846872329711914 244
1727298996416 0.12224459648132324 245
1727298996454 0.032141685485839844 246
1727298996488 0.07335972785949707 247
1727298996527 0.12943601608276367 248
1727298996562 0.20271944999694824 249
1727298996597 0.20637106895446777 250
1727298996642 0.1506671905517578 251
1727298996678 0.11260700225830078 252
1727298996721 0.2702784538269043 253
1727298996765 0.10912632942199707 254
1727298996802 0.23327374458312988 255
1727298996841 0.25405192375183105 256
1727298996885 0.15231537818908691 257
1727298996919 0.2139124870300293 258
1727298996959 0.1553635597229004 259
1727298997011 0.07695150375366211 260
1727298997063 0.11341738700866699 261
1727298997125 0.16238808631896973 262
1727298997190 0.1455821990966797 263
1727298997267 0.16228866577148438 264
1727298997334 0.23742079734802246 265
1727298997394 0.11882281303405762 266
1727298997458 0.13448739051818848 267
1727298997513 0.2897629737854004 268
1727298997565 0.1897125244140625 269
1727298997601 0.17312026023864746 270
1727298997638 0.1650083065032959 271
1727298997672 0.09435153007507324 272
1727298997708 0.16358232498168945 273
1727298997743 0.24312615394592285 274
1727298997779 0.19719910621643066 275
1727298997815 0.10832548141479492 276
1727298997850 0.08662796020507812 277
1727298997898 0.14343643188476562 278
1727298997956 0.209228515625 279
1727298998028 0.13477587699890137 280
1727298998096 0.2267138957977295 281
1727298998158 0.20880818367004395 282
1727298998213 0.15053343772888184 283
1727298998258 0.17323684692382812 284
1727298998307 0.24191832542419434 285
1727298998361 0.20006656646728516 286
1727298998410 0.24146795272827148 287
1727298998455 0.2118055820465088 288
1727298998501 0.12022805213928223 289
1727298998563 0.19042038917541504 290
1727298998623 0.24252915382385254 291
1727298998672 0.1422710418701172 292
1727298998732 0.2641945481300354 293
1727298998787 0.10572648048400879 294
1727298998848 0.29149937629699707 295
1727298998903 0.12374567985534668 296
1727298998971 0.0559999942779541 297
1727298999040 0.08252453804016113 298
1727298999095 0.012501716613769531 299
1727298999155 0.38113462924957275 300
1727298999222 0.2214810848236084 301
1727298999282 0.24972939491271973 302
1727298999347 0.176896333694458 303
1727298999422 0.058251142501831055 304
1727298999472 0.2347111701965332 305
1727298999508 0.15229272842407227 306
1727298999542 0.03767251968383789 307
1727298999577 0.07265448570251465 308
1727298999612 -0.06991314888000488 309
1727298999653 0.23033814132213593 310
1727298999704 0.09041343629360199 311
1727298999762 0.2545595169067383 312
1727298999821 0.23241806030273438 313
1727298999881 0.17625927925109863 314
1727298999925 0.16761326789855957 315
1727298999968 0.20153474807739258 316
1727299000010 0.21039867401123047 317
1727299000053 0.09309911727905273 318
1727299000095 0.07254409790039062 319
1727299000141 0.21979498863220215 320
1727299000177 0.26419997215270996 321
1727299000213 0.15355420112609863 322
1727299000250 0.1134946346282959 323
1727299000297 0.03580904006958008 324
1727299000351 -0.11037814617156982 325
1727299000392 -0.24123680591583252 326
1727299000427 0.24102258682250977 327
1727299000468 0.2728254795074463 328
1727299000510 0.1869821548461914 329
1727299000552 0.2072136402130127 330
1727299000595 0.22402620315551758 331
1727299000641 0.08981609344482422 332
1727299000684 0.20778298377990723 333
1727299000728 0.13937115669250488 334
1727299000771 0.14125657081604004 335
1727299000815 0.27156662940979004 336
1727299000855 0.15871381759643555 337
1727299000900 0.2277209758758545 338
1727299000939 0.1642158031463623 339
1727299000983 0.09804630279541016 340
1727299001022 0.03793168067932129 341
1727299001056 0.15744614601135254 342
1727299001091 0.18372440338134766 343
1727299001147 0.09586501121520996 344
1727299001190 0.12870097160339355 345
1727299001233 -0.011747598648071289 346
1727299001283 0.3570489287376404 347
1727299001326 0.18401098251342773 348
1727299001361 0.0530092716217041 349
1727299001398 0.10053753852844238 350
1727299001439 0.17334318161010742 351
1727299001473 0.05869650840759277 352
1727299001508 0.00458073616027832 353
1727299001543 0.15929532051086426 354
1727299001579 0.1414039134979248 355
1727299001645 0.08933854103088379 356
1727299001702 -0.04044699668884277 357
1727299001761 0.24773907661437988 358
1727299001842 0.15948843955993652 359
1727299001913 0.1837482452392578 360
1727299001987 0.05547451972961426 361
1727299002068 0.1750166416168213 362
1727299002127 0.1753983497619629 363
1727299002189 0.21869158744812012 364
1727299002254 0.15528488159179688 365
1727299002315 0.20684480667114258 366
1727299002373 0.21837162971496582 367
1727299002414 0.24838757514953613 368
1727299002458 0.13384461402893066 369
1727299002501 0.11188769340515137 370
1727299002542 0.0930323600769043 371
1727299002580 0.0702967643737793 372
1727299002619 0.14528632164001465 373
1727299002682 0.25916290283203125 374
1727299002751 0.17457342147827148 375
1727299002815 -0.0265958309173584 376
1727299002872 -0.08618998527526855 377
1727299002934 -0.1524672508239746 378
1727299003008 -0.25671863555908203 379
1727299003076 -0.40215253829956055 380
1727299003132 -0.45713579654693604 381
1727299003197 -0.46286821365356445 382
1727299003250 -0.4693336486816406 383
1727299003311 -0.47673308849334717 384
1727299003346 -0.4853447675704956 385
1727299003383 -0.4948498010635376 386
1727299003424 -0.5049755573272705 387
1727299003478 -0.5153428316116333 388
1727299003542 -0.5266213417053223 389
1727299003602 -0.538245677947998 390
1727299003657 -0.5521296262741089 391
1727299003714 -0.5692957639694214 392
1727299003757 -0.5918265581130981 393
1727299003799 -0.6165133714675903 394
1727299003841 -0.6465262174606323 395
1727299003891 -0.6647038459777832 396
1727299003938 -0.6789231300354004 397
1727299003982 -0.6789231300354004 398
