1726236642783 0.0 0
1726236642822 0.0 1
1726236642860 0.0 2
1726236642899 0.0 3
1726236642937 0.0 4
1726236642975 0.0 5
1726236643012 0.0 6
1726236643049 0.0 7
1726236643087 0.0 8
1726236643124 0.0 9
1726236643161 0.0 10
1726236643198 0.0 11
1726236643238 0.0 12
1726236643276 0.0 13
1726236643314 0.0 14
1726236643352 0.0 15
1726236643391 0.0 16
1726236643429 0.0 17
1726236643467 0.0 18
1726236643505 0.0 19
1726236643544 0.0 20
1726236643584 0.0 21
1726236643622 0.0 22
1726236643661 0.0 23
1726236643699 0.0 24
1726236643738 0.0 25
1726236643776 0.0 26
1726236643815 0.0 27
1726236643854 0.0 28
1726236643893 0.0 29
1726236643932 0.0 30
1726236643971 0.0 31
1726236644009 0.0 32
1726236644047 0.0 33
1726236644088 0.0 34
1726236644127 0.0 35
1726236644167 0.0 36
1726236644206 0.0 37
1726236644244 0.0 38
1726236644283 0.0 39
1726236644323 0.0 40
1726236644363 0.0 41
1726236644401 0.0 42
1726236644439 0.0 43
1726236644478 0.0 44
1726236644517 0.0 45
1726236644555 0.0 46
1726236644597 0.0 47
1726236644639 0.0 48
1726236644687 0.0 49
1726236644739 0.0 50
1726236644777 0.0 51
1726236644822 0.0 52
1726236644865 0.0 53
1726236644905 0.0 54
1726236644945 0.0 55
1726236644985 0.0 56
1726236645027 0.0 57
1726236645068 0.0 58
1726236645107 0.0 59
1726236645146 0.0 60
1726236645187 0.0 61
1726236645229 0.0 62
1726236645273 0.0 63
1726236645318 0.0 64
1726236645359 0.0 65
1726236645396 0.0 66
1726236645434 0.0 67
1726236645471 0.0 68
1726236645508 0.0 69
1726236645546 0.0 70
1726236645585 0.0 71
1726236645623 0.0 72
1726236645661 0.0 73
1726236645699 0.0 74
1726236645737 0.0 75
1726236645775 0.0 76
1726236645814 0.0 77
1726236645853 0.0 78
1726236645892 0.0 79
1726236645931 0.0 80
1726236645970 0.0 81
1726236646009 0.0 82
1726236646047 0.0 83
1726236646085 0.0 84
1726236646124 0.0 85
1726236646163 0.0 86
1726236646201 0.0 87
1726236646240 0.0 88
1726236646279 0.0 89
1726236646319 0.0 90
1726236646360 0.0 91
1726236646402 0.0 92
1726236646446 0.0 93
1726236646489 0.0 94
1726236646528 0.0 95
1726236646570 0.0 96
1726236646610 0.0 97
1726236646649 0.0 98
1726236646694 0.0 99
1726236646747 0.0 100
1726236646794 0.0 101
1726236646850 0.0 102
1726236646898 0.0 103
1726236646941 0.0 104
1726236646981 0.0 105
1726236647020 0.0 106
1726236647058 0.0 107
1726236647101 0.0 108
1726236647140 0.0 109
1726236647182 0.0 110
1726236647223 0.0 111
1726236647263 0.0 112
1726236647305 0.0 113
1726236647347 0.0 114
1726236647386 0.0 115
1726236647430 0.0 116
1726236647478 0.0 117
1726236647514 0.0 118
1726236647550 0.0 119
1726236647588 0.0 120
1726236647625 0.0 121
1726236647663 0.0 122
1726236647700 0.0 123
1726236647738 0.0 124
1726236647776 0.0 125
1726236647814 0.0 126
1726236647852 0.0 127
1726236647889 0.0 128
1726236647927 0.0 129
1726236647964 0.0 130
1726236648002 0.0 131
1726236648039 0.0 132
1726236648078 0.0 133
1726236648116 0.0 134
1726236648153 0.0 135
1726236648190 0.0 136
1726236648228 0.0 137
1726236648266 0.0 138
1726236648303 0.0 139
1726236648341 0.0 140
1726236648379 0.0 141
1726236648418 0.0 142
1726236648455 0.0 143
1726236648493 0.0 144
1726236648530 0.0 145
1726236648569 0.0 146
1726236648607 0.0 147
1726236648644 0.0 148
1726236648683 0.0 149
1726236648721 0.0 150
1726236648759 0.0 151
1726236648797 0.0 152
1726236648836 0.0 153
1726236648875 0.0 154
1726236648940 0.0 155
1726236648979 0.0 156
1726236649021 0.0 157
1726236649059 0.0 158
1726236649098 0.0 159
1726236649136 0.0 160
1726236649173 0.0 161
1726236649211 0.0 162
1726236649250 0.0 163
1726236649289 0.0 164
1726236649328 0.0 165
1726236649366 0.0 166
1726236649404 0.0 167
1726236649442 0.0 168
1726236649481 0.0 169
1726236649519 0.0 170
1726236649558 0.0 171
1726236649598 0.0 172
1726236649636 0.0 173
1726236649674 0.0 174
1726236649712 0.0 175
1726236649750 0.0 176
1726236649789 0.0 177
1726236649827 0.0 178
1726236649866 0.0 179
1726236649906 0.0 180
1726236649943 0.0 181
1726236649982 0.0 182
1726236650020 0.0 183
1726236650059 0.0 184
1726236650097 0.0 185
1726236650136 0.0 186
1726236650174 0.0 187
1726236650212 0.0 188
1726236650250 0.0 189
1726236650289 0.0 190
1726236650327 0.0 191
1726236650367 0.0 192
1726236650405 0.0 193
1726236650445 0.0 194
1726236650486 0.0 195
1726236650526 0.0 196
1726236650566 0.0 197
1726236650605 0.0 198
1726236650644 0.0 199
1726236650682 0.0 200
1726236650721 0.0 201
1726236650760 0.0 202
1726236650798 0.0 203
1726236650837 0.0 204
1726236650876 0.0 205
1726236650914 0.0 206
1726236650953 0.0 207
1726236650991 0.0 208
1726236651029 0.0 209
1726236651068 0.0 210
1726236651107 0.0 211
1726236651145 0.0 212
1726236651183 0.0 213
1726236651222 0.0 214
1726236651260 0.0 215
1726236651299 0.0 216
1726236651337 0.0 217
1726236651376 0.0 218
1726236651414 0.0 219
1726236651453 0.0 220
1726236651492 0.0 221
1726236651531 0.0 222
1726236651569 0.0 223
1726236651608 0.0 224
1726236651646 0.0 225
1726236651685 0.0 226
1726236651724 0.0 227
1726236651765 0.0 228
1726236651803 0.0 229
1726236651846 0.0 230
1726236651887 0.0 231
1726236651926 0.0 232
1726236651966 0.0 233
1726236652005 0.0 234
1726236652043 0.0 235
1726236652083 0.0 236
1726236652122 0.0 237
1726236652160 0.0 238
1726236652198 0.0 239
1726236652237 0.0 240
1726236652276 0.0 241
1726236652314 0.0 242
1726236652352 0.0 243
1726236652391 0.0 244
1726236652430 0.0 245
1726236652468 0.0 246
1726236652506 0.0 247
1726236652544 0.0 248
1726236652583 0.0 249
1726236652621 0.0 250
1726236652660 0.0 251
1726236652699 0.0 252
1726236652737 0.0 253
1726236652775 0.0 254
1726236652814 0.0 255
1726236652853 0.0 256
1726236652891 0.0 257
1726236652930 0.0 258
1726236652968 0.0 259
1726236653006 0.0 260
1726236653045 0.0 261
1726236653083 0.0 262
1726236653123 0.0 263
1726236653161 0.0 264
1726236653199 0.0 265
1726236653237 0.0 266
1726236653276 0.0 267
1726236653315 0.0 268
1726236653353 0.0 269
1726236653391 0.0 270
1726236653430 0.0 271
1726236653469 0.0 272
1726236653508 0.0 273
1726236653546 0.0 274
1726236653584 0.0 275
1726236653623 0.0 276
1726236653661 0.0 277
1726236653699 0.0 278
1726236653737 0.0 279
1726236653776 0.0 280
1726236653814 0.0 281
1726236653853 0.0 282
1726236653891 0.0 283
1726236653931 0.0 284
1726236653971 0.0 285
1726236654031 0.0 286
1726236654074 0.0 287
1726236654112 0.0 288
1726236654148 0.0 289
1726236654185 0.0 290
1726236654222 0.0 291
1726236654260 0.0 292
1726236654297 0.0 293
1726236654334 0.0 294
1726236654372 0.0 295
1726236654410 0.0 296
1726236654450 0.0 297
1726236654494 0.0 298
1726236654548 0.0 299
1726236654609 0.0 300
1726236654663 0.0 301
1726236654706 0.0 302
1726236654750 0.0 303
1726236654798 0.0 304
1726236654837 0.0 305
1726236654879 0.0 306
1726236654927 0.0 307
1726236654968 0.0 308
1726236655007 0.0 309
1726236655046 0.0 310
1726236655085 0.0 311
1726236655124 0.0 312
1726236655169 0.0 313
1726236655211 0.0 314
1726236655267 0.0 315
1726236655314 0.0 316
1726236655361 0.0 317
1726236655401 0.0 318
1726236655446 0.0 319
1726236655500 0.0 320
1726236655552 0.0 321
1726236655594 0.0 322
1726236655635 0.0 323
1726236655674 0.0 324
1726236655715 0.0 325
1726236655769 0.0 326
1726236655821 0.0 327
1726236655876 0.0 328
1726236655926 0.0 329
1726236655968 0.0 330
1726236656012 0.0 331
1726236656048 0.0 332
1726236656084 0.0 333
1726236656121 0.0 334
1726236656159 0.0 335
1726236656195 0.0 336
1726236656232 0.0 337
1726236656268 0.0 338
1726236656305 0.0 339
1726236656342 0.0 340
1726236656380 0.0 341
1726236656417 0.0 342
1726236656453 0.0 343
1726236656491 0.0 344
1726236656528 0.0 345
1726236656565 0.0 346
1726236656602 0.0 347
1726236656639 0.0 348
1726236656675 0.0 349
1726236656713 0.0 350
1726236656750 0.0 351
1726236656787 0.0 352
1726236656824 0.0 353
1726236656861 0.0 354
1726236656899 0.0 355
1726236656936 0.0 356
1726236656972 0.0 357
1726236657009 0.0 358
1726236657046 0.0 359
1726236657083 0.0 360
1726236657120 0.0 361
1726236657157 0.0 362
1726236657193 0.0 363
1726236657231 0.0 364
1726236657268 0.0 365
1726236657305 0.0 366
1726236657342 0.0 367
1726236657379 0.0 368
1726236657417 0.0 369
1726236657454 0.0 370
1726236657491 0.0 371
1726236657528 0.0 372
1726236657564 0.0 373
1726236657602 0.0 374
1726236657639 0.0 375
1726236657677 0.0 376
1726236657714 0.0 377
1726236657753 0.0 378
1726236657791 0.0 379
1726236657830 0.0 380
1726236657868 0.0 381
1726236657907 0.0 382
1726236657946 0.0 383
1726236657984 0.0 384
1726236658023 0.0 385
1726236658061 0.0 386
1726236658100 0.0 387
1726236658139 0.0 388
1726236658177 0.0 389
1726236658216 0.0 390
1726236658254 0.0 391
1726236658292 0.0 392
1726236658331 0.0 393
1726236658369 0.0 394
1726236658408 0.0 395
1726236658446 0.0 396
1726236658484 0.0 397
1726236658522 0.0 398
1726236658561 0.0 399
1726236658599 0.0 400
1726236658638 0.0 401
1726236658676 0.0 402
1726236658713 0.0 403
1726236658752 0.0 404
1726236658791 0.0 405
1726236658830 0.0 406
1726236658869 0.0 407
1726236658907 0.0 408
1726236658946 0.0 409
1726236658984 0.0 410
1726236659022 0.0 411
1726236659060 0.0 412
1726236659099 0.0 413
1726236659138 0.0 414
1726236659176 0.0 415
1726236659215 0.0 416
1726236659254 0.0 417
1726236659292 0.0 418
1726236659331 0.0 419
1726236659369 0.0 420
1726236659409 0.0 421
1726236659447 0.0 422
1726236659486 0.0 423
1726236659524 0.0 424
1726236659563 0.0 425
1726236659601 0.0 426
1726236659667 0.0 427
1726236659705 0.0 428
1726236659742 0.0 429
1726236659780 0.0 430
1726236659818 0.0 431
1726236659856 0.0 432
1726236659895 0.0 433
1726236659934 0.0 434
1726236659973 0.0 435
1726236660013 0.0 436
1726236660052 0.0 437
1726236660091 0.0 438
1726236660130 0.0 439
1726236660168 0.0 440
1726236660208 0.0 441
1726236660254 0.0 442
1726236660302 0.0 443
1726236660344 0.0 444
1726236660388 0.0 445
1726236660433 0.0 446
1726236660476 0.0 447
1726236660520 0.0 448
1726236660567 0.0 449
1726236660607 0.0 450
1726236660650 0.0 451
1726236660695 0.0 452
1726236660742 0.0 453
1726236660791 0.0 454
1726236660843 0.0 455
1726236660893 0.0 456
1726236660942 0.0 457
1726236660991 0.0 458
1726236661040 0.0 459
1726236661089 0.0 460
1726236661139 0.0 461
1726236661190 0.0 462
1726236661239 0.0 463
1726236661288 0.0 464
1726236661337 0.0 465
1726236661387 0.0 466
1726236661444 0.0 467
1726236661496 0.0 468
1726236661548 0.0 469
1726236661598 0.0 470
1726236661662 0.0 471
1726236661718 0.0 472
1726236661771 0.0 473
1726236661819 0.0 474
1726236661869 0.0 475
1726236661914 0.0 476
1726236661958 0.0 477
1726236662001 0.0 478
1726236662043 0.0 479
1726236662084 0.0 480
1726236662125 0.0 481
1726236662166 0.0 482
1726236662206 0.0 483
1726236662245 0.0 484
1726236662284 0.0 485
1726236662324 0.0 486
1726236662362 0.0 487
1726236662402 0.0 488
1726236662442 0.0 489
1726236662484 0.0 490
1726236662528 0.0 491
1726236662573 0.0 492
1726236662628 0.0 493
1726236662678 0.0 494
1726236662727 0.0 495
1726236662770 0.0 496
1726236662813 0.0 497
1726236662854 0.0 498
1726236662892 0.0 499
1726236662929 0.0 500
1726236662965 0.0 501
1726236663003 0.0 502
1726236663040 0.0 503
1726236663077 0.0 504
1726236663114 0.0 505
1726236663153 0.0 506
1726236663191 0.0 507
1726236663228 0.0 508
1726236663266 0.0 509
1726236663304 0.0 510
1726236663341 0.0 511
1726236663379 0.0 512
1726236663416 0.0 513
1726236663454 0.0 514
1726236663496 0.0 515
1726236663543 0.0 516
1726236663585 0.0 517
1726236663628 0.0 518
1726236663666 0.0 519
1726236663703 0.0 520
1726236663740 0.0 521
1726236663777 0.0 522
1726236663815 0.0 523
1726236663852 0.0 524
1726236663890 0.0 525
1726236663928 0.0 526
1726236663966 0.0 527
1726236664004 0.0 528
1726236664042 0.0 529
1726236664080 0.0 530
1726236664117 0.0 531
1726236664157 0.0 532
1726236664195 0.0 533
1726236664233 0.0 534
1726236664272 0.0 535
1726236664310 0.0 536
1726236664348 0.0 537
1726236664386 0.0 538
1726236664425 0.0 539
1726236664465 0.0 540
1726236664503 0.0 541
1726236664542 0.0 542
1726236664580 0.0 543
1726236664619 0.0 544
1726236664658 0.0 545
1726236664696 0.0 546
1726236664735 0.0 547
1726236664773 0.0 548
1726236664812 0.0 549
1726236664850 0.0 550
1726236664889 0.0 551
1726236664930 0.0 552
1726236664968 0.0 553
1726236665006 0.0 554
1726236665044 0.0 555
1726236665083 0.0 556
1726236665121 0.0 557
1726236665159 0.0 558
1726236665198 0.0 559
1726236665242 0.0 560
1726236665280 0.0 561
1726236665319 0.0 562
1726236665358 0.0 563
1726236665396 0.0 564
1726236665435 0.0 565
1726236665474 0.0 566
1726236665512 0.0 567
1726236665552 0.0 568
1726236665591 0.0 569
1726236665629 0.0 570
1726236665668 0.0 571
1726236665706 0.0 572
1726236665744 0.0 573
1726236665787 0.0 574
1726236665845 0.0 575
1726236665904 0.0 576
1726236665952 0.0 577
1726236665998 0.0 578
1726236666039 0.0 579
1726236666078 0.0 580
1726236666118 0.0 581
1726236666157 0.0 582
1726236666197 0.0 583
1726236666240 0.0 584
1726236666292 0.0 585
1726236666353 0.0 586
1726236666401 0.0 587
1726236666441 0.0 588
1726236666478 0.0 589
1726236666520 0.0 590
1726236666562 0.0 591
1726236666607 0.0 592
1726236666652 0.0 593
1726236666690 0.0 594
1726236666733 0.0 595
1726236666778 0.0 596
1726236666820 0.0 597
1726236666860 0.0 598
1726236666899 0.0 599
1726236666942 0.0 600
1726236666983 0.0 601
1726236667020 0.0 602
1726236667061 0.0 603
1726236667099 0.0 604
1726236667138 0.0 605
1726236667176 0.0 606
1726236667214 0.0 607
1726236667251 0.0 608
1726236667289 0.0 609
1726236667326 0.0 610
1726236667363 0.0 611
1726236667402 0.0 612
1726236667440 0.0 613
1726236667480 0.0 614
1726236667518 0.0 615
1726236667556 0.0 616
1726236667593 0.0 617
1726236667631 0.0 618
1726236667670 0.0 619
1726236667708 0.0 620
1726236667746 0.0 621
1726236667783 0.0 622
1726236667823 0.0 623
1726236667861 0.0 624
1726236667899 0.0 625
1726236667939 0.0 626
1726236667977 0.0 627
1726236668015 0.0 628
1726236668053 0.0 629
1726236668091 0.0 630
1726236668130 0.0 631
1726236668168 0.0 632
1726236668207 0.0 633
1726236668246 0.0 634
1726236668284 0.0 635
1726236668322 0.0 636
1726236668361 0.0 637
1726236668403 0.0 638
1726236668444 0.0 639
1726236668485 0.0 640
1726236668534 0.0 641
1726236668591 0.0 642
1726236668650 0.0 643
1726236668689 0.0 644
1726236668732 0.0 645
1726236668783 0.0 646
1726236668836 0.0 647
1726236668883 0.0 648
1726236668922 0.0 649
1726236668965 0.0 650
1726236669009 0.0 651
1726236669053 0.0 652
1726236669091 0.0 653
1726236669134 0.0 654
1726236669177 0.0 655
1726236669221 0.0 656
1726236669265 0.0 657
1726236669304 0.0 658
1726236669342 0.0 659
1726236669378 0.0 660
1726236669417 0.0 661
1726236669454 0.0 662
1726236669490 0.0 663
1726236669528 0.0 664
1726236669565 0.0 665
1726236669607 0.0 666
1726236669644 0.0 667
1726236669682 0.0 668
1726236669719 0.0 669
1726236669757 0.0 670
1726236669794 0.0 671
1726236669832 0.0 672
1726236669870 0.0 673
1726236669908 0.0 674
1726236669945 0.0 675
1726236669983 0.0 676
1726236670021 0.0 677
1726236670058 0.0 678
1726236670096 0.0 679
1726236670136 0.0 680
1726236670180 0.0 681
1726236670233 0.0 682
1726236670290 0.0 683
1726236670345 0.0 684
1726236670386 0.0 685
1726236670427 0.0 686
1726236670468 0.0 687
1726236670516 0.0 688
1726236670563 0.0 689
1726236670606 0.0 690
1726236670656 0.0 691
1726236670704 0.0 692
1726236670748 0.0 693
1726236670799 0.0 694
1726236670848 0.0 695
1726236670892 0.0 696
1726236670943 0.0 697
1726236670986 0.0 698
1726236671025 0.0 699
1726236671065 0.0 700
1726236671110 0.0 701
1726236671158 0.0 702
1726236671213 0.0 703
1726236671267 0.0 704
1726236671313 0.0 705
1726236671362 0.0 706
1726236671402 0.0 707
1726236671443 0.0 708
1726236671483 0.0 709
1726236671520 0.0 710
1726236671557 0.0 711
1726236671594 0.0 712
1726236671631 0.0 713
1726236671668 0.0 714
1726236671705 0.0 715
1726236671744 0.0 716
1726236671782 0.0 717
1726236671819 0.0 718
1726236671856 0.0 719
1726236671893 0.0 720
1726236671931 0.0 721
1726236671969 0.0 722
1726236672006 0.0 723
1726236672044 0.0 724
1726236672082 0.0 725
1726236672120 0.0 726
1726236672157 0.0 727
1726236672195 0.0 728
1726236672233 0.0 729
1726236672270 0.0 730
1726236672307 0.0 731
1726236672344 0.0 732
1726236672382 0.0 733
1726236672419 0.0 734
1726236672456 0.0 735
1726236672494 0.0 736
1726236672531 0.0 737
1726236672568 0.0 738
1726236672606 0.0 739
1726236672643 0.0 740
1726236672681 0.0 741
1726236672718 0.0 742
1726236672756 0.0 743
1726236672793 0.0 744
1726236672830 0.0 745
1726236672867 0.0 746
1726236672907 0.0 747
1726236672947 0.0 748
1726236672986 0.0 749
1726236673025 0.0 750
1726236673072 0.0 751
1726236673114 0.0 752
1726236673151 0.0 753
1726236673188 0.0 754
1726236673225 0.0 755
1726236673263 0.0 756
1726236673303 0.0 757
1726236673340 0.0 758
1726236673377 0.0 759
1726236673414 0.0 760
1726236673452 0.0 761
1726236673490 0.0 762
1726236673528 0.0 763
1726236673565 0.0 764
1726236673603 0.0 765
1726236673640 0.0 766
1726236673678 0.0 767
1726236673715 0.0 768
1726236673753 0.0 769
1726236673795 0.0 770
1726236673846 0.0 771
1726236673887 0.0 772
1726236673926 0.0 773
1726236673964 0.0 774
1726236674002 0.0 775
1726236674042 0.0 776
1726236674083 0.0 777
1726236674121 0.0 778
1726236674160 0.0 779
1726236674210 0.0 780
1726236674257 0.0 781
1726236674302 0.0 782
1726236674358 0.0 783
1726236674409 0.0 784
1726236674448 0.0 785
1726236674490 0.0 786
1726236674529 0.0 787
1726236674568 0.0 788
1726236674637 0.0 789
1726236674685 0.0 790
1726236674732 0.0 791
1726236674781 0.0 792
1726236674825 0.0 793
1726236674873 0.0 794
1726236674909 0.0 795
1726236674946 0.0 796
1726236674983 0.0 797
1726236675021 0.0 798
1726236675058 0.0 799
1726236675095 0.0 800
1726236675132 0.0 801
1726236675171 0.0 802
1726236675208 0.0 803
1726236675246 0.0 804
1726236675283 0.0 805
1726236675321 0.0 806
1726236675358 0.0 807
1726236675395 0.0 808
1726236675433 0.0 809
1726236675471 0.0 810
1726236675508 0.0 811
1726236675545 0.0 812
1726236675582 0.0 813
1726236675620 0.0 814
1726236675657 0.0 815
1726236675696 0.0 816
1726236675733 0.0 817
1726236675771 0.0 818
1726236675809 0.0 819
1726236675846 0.0 820
1726236675884 0.0 821
