1726234082189 0.0 0
1726234082230 0.0 1
1726234082277 0.0 2
1726234082333 0.0 3
1726234082369 0.0 4
1726234082406 0.0 5
1726234082443 0.0 6
1726234082479 0.0 7
1726234082516 0.0 8
1726234082553 0.0 9
1726234082591 0.0 10
1726234082633 0.0 11
1726234082672 0.0 12
1726234082714 0.0 13
1726234082756 0.0 14
1726234082796 0.0 15
1726234082841 0.0 16
1726234082881 0.0 17
1726234082924 0.0 18
1726234082967 0.0 19
1726234083008 0.0 20
1726234083059 0.0 21
1726234083107 0.0 22
1726234083150 0.0 23
1726234083190 0.0 24
1726234083239 0.0 25
1726234083289 0.0 26
1726234083332 0.0 27
1726234083375 0.0 28
1726234083429 0.0 29
1726234083478 0.0 30
1726234083544 0.0 31
1726234083597 0.0 32
1726234083639 0.0 33
1726234083684 0.0 34
1726234083725 0.0 35
1726234083764 0.0 36
1726234083813 0.0 37
1726234083867 0.0 38
1726234083921 0.0 39
1726234083964 0.0 40
1726234084018 0.0 41
1726234084081 0.0 42
1726234084136 0.0 43
1726234084191 0.0 44
1726234084245 0.0 45
1726234084292 0.0 46
1726234084353 0.0 47
1726234084394 0.0 48
1726234084432 0.0 49
1726234084475 0.0 50
1726234084518 0.0 51
1726234084559 0.0 52
1726234084596 0.0 53
1726234084637 0.0 54
1726234084682 0.0 55
1726234084729 0.0 56
1726234084778 0.0 57
1726234084831 0.0 58
1726234084889 0.0 59
1726234084932 0.0 60
1726234084975 0.0 61
1726234085022 0.0 62
1726234085061 0.0 63
1726234085107 0.0 64
1726234085150 0.0 65
1726234085190 0.0 66
1726234085231 0.0 67
1726234085275 0.0 68
1726234085318 0.0 69
1726234085359 0.0 70
1726234085405 0.0 71
1726234085444 0.0 72
1726234085485 0.0 73
1726234085527 0.0 74
1726234085566 0.0 75
1726234085603 0.0 76
1726234085641 0.0 77
1726234085678 0.0 78
1726234085715 0.0 79
1726234085754 0.0 80
1726234085793 0.0 81
1726234085834 0.0 82
1726234085874 0.0 83
1726234085916 0.0 84
1726234085960 0.0 85
1726234086003 0.0 86
1726234086052 0.0 87
1726234086094 0.0 88
1726234086131 0.0 89
1726234086168 0.0 90
1726234086205 0.0 91
1726234086244 0.0 92
1726234086281 0.0 93
1726234086317 0.0 94
1726234086354 0.0 95
1726234086390 0.0 96
1726234086428 0.0 97
1726234086465 0.0 98
1726234086502 0.0 99
1726234086538 0.0 100
1726234086575 0.0 101
1726234086612 0.0 102
1726234086650 0.0 103
1726234086688 0.0 104
1726234086724 0.0 105
1726234086760 0.0 106
1726234086798 0.0 107
1726234086834 0.0 108
1726234086872 0.0 109
1726234086913 0.0 110
1726234086950 0.0 111
1726234086987 0.0 112
1726234087024 0.0 113
1726234087061 0.0 114
1726234087099 0.0 115
1726234087136 0.0 116
1726234087173 0.0 117
1726234087210 0.0 118
1726234087247 0.0 119
1726234087285 0.0 120
1726234087322 0.0 121
1726234087359 0.0 122
1726234087396 0.0 123
1726234087433 0.0 124
1726234087471 0.0 125
1726234087508 0.0 126
1726234087545 0.0 127
1726234087581 0.0 128
1726234087619 0.0 129
1726234087656 0.0 130
1726234087693 0.0 131
1726234087729 0.0 132
1726234087765 0.0 133
1726234087803 0.0 134
1726234087840 0.0 135
1726234087888 0.0 136
1726234087940 0.0 137
1726234087985 0.0 138
1726234088021 0.0 139
1726234088057 0.0 140
1726234088094 0.0 141
1726234088130 0.0 142
1726234088171 0.0 143
1726234088210 0.0 144
1726234088255 0.0 145
1726234088295 0.0 146
1726234088341 0.0 147
1726234088384 0.0 148
1726234088427 0.0 149
1726234088469 0.0 150
1726234088513 0.0 151
1726234088549 0.0 152
1726234088585 0.0 153
1726234088621 0.0 154
1726234088658 0.0 155
1726234088695 0.0 156
1726234088731 0.0 157
1726234088767 0.0 158
1726234088803 0.0 159
1726234088840 0.0 160
1726234088876 0.0 161
1726234088913 0.0 162
1726234088950 0.0 163
1726234088986 0.0 164
1726234089022 0.0 165
1726234089059 0.0 166
1726234089095 0.0 167
1726234089132 0.0 168
1726234089168 0.0 169
1726234089206 0.0 170
1726234089242 0.0 171
1726234089278 0.0 172
1726234089315 0.0 173
1726234089351 0.0 174
1726234089388 0.0 175
1726234089426 0.0 176
1726234089462 0.0 177
1726234089499 0.0 178
1726234089536 0.0 179
1726234089573 0.0 180
1726234089609 0.0 181
1726234089646 0.0 182
1726234089683 0.0 183
1726234089720 0.0 184
1726234089756 0.0 185
1726234089793 0.0 186
1726234089830 0.0 187
1726234089867 0.0 188
1726234089903 0.0 189
1726234089941 0.0 190
1726234089978 0.0 191
1726234090015 0.0 192
1726234090052 0.0 193
1726234090090 0.0 194
1726234090134 0.0 195
1726234090182 0.0 196
1726234090228 0.0 197
1726234090269 0.0 198
1726234090308 0.0 199
1726234090353 0.0 200
1726234090392 0.0 201
1726234090434 0.0 202
1726234090489 0.0 203
1726234090528 0.0 204
1726234090567 0.0 205
1726234090613 0.0 206
1726234090661 0.0 207
1726234090697 0.0 208
1726234090733 0.0 209
1726234090769 0.0 210
1726234090807 0.0 211
1726234090843 0.0 212
1726234090880 0.0 213
1726234090917 0.0 214
1726234090954 0.0 215
1726234090992 0.0 216
1726234091028 0.0 217
1726234091065 0.0 218
1726234091102 0.0 219
1726234091138 0.0 220
1726234091176 0.0 221
1726234091212 0.0 222
1726234091249 0.0 223
1726234091286 0.0 224
1726234091322 0.0 225
1726234091359 0.0 226
1726234091396 0.0 227
1726234091433 0.0 228
1726234091469 0.0 229
1726234091506 0.0 230
1726234091543 0.0 231
1726234091580 0.0 232
1726234091616 0.0 233
1726234091653 0.0 234
1726234091690 0.0 235
1726234091726 0.0 236
1726234091764 0.0 237
1726234091800 0.0 238
1726234091837 0.0 239
1726234091874 0.0 240
1726234091912 0.0 241
1726234091949 0.0 242
1726234091987 0.0 243
1726234092025 0.0 244
1726234092062 0.0 245
1726234092099 0.0 246
1726234092136 0.0 247
1726234092172 0.0 248
1726234092210 0.0 249
1726234092247 0.0 250
1726234092284 0.0 251
1726234092320 0.0 252
1726234092357 0.0 253
1726234092394 0.0 254
1726234092431 0.0 255
1726234092469 0.0 256
1726234092506 0.0 257
1726234092542 0.0 258
1726234092579 0.0 259
1726234092617 0.0 260
1726234092654 0.0 261
1726234092691 0.0 262
1726234092728 0.0 263
1726234092765 0.0 264
1726234092803 0.0 265
1726234092840 0.0 266
1726234092877 0.0 267
1726234092914 0.0 268
1726234092952 0.0 269
1726234092989 0.0 270
1726234093026 0.0 271
1726234093063 0.0 272
1726234093100 0.0 273
1726234093137 0.0 274
1726234093174 0.0 275
1726234093211 0.0 276
1726234093248 0.0 277
1726234093285 0.0 278
1726234093324 0.0 279
1726234093373 0.0 280
1726234093419 0.0 281
1726234093455 0.0 282
1726234093491 0.0 283
1726234093529 0.0 284
1726234093566 0.0 285
1726234093603 0.0 286
1726234093639 0.0 287
1726234093679 0.0 288
1726234093719 0.0 289
1726234093756 0.0 290
1726234093793 0.0 291
1726234093830 0.0 292
1726234093872 0.0 293
1726234093913 0.0 294
1726234093957 0.0 295
1726234094011 0.0 296
1726234094061 0.0 297
1726234094100 0.0 298
1726234094135 0.0 299
1726234094172 0.0 300
1726234094209 0.0 301
1726234094255 0.0 302
1726234094308 0.0 303
1726234094349 0.0 304
1726234094400 0.0 305
1726234094449 0.0 306
1726234094490 0.0 307
1726234094529 0.0 308
1726234094572 0.0 309
1726234094610 0.0 310
1726234094650 0.0 311
1726234094692 0.0 312
1726234094729 0.0 313
1726234094766 0.0 314
1726234094808 0.0 315
1726234094846 0.0 316
1726234094885 0.0 317
1726234094924 0.0 318
1726234094961 0.0 319
1726234094999 0.0 320
1726234095044 0.0 321
1726234095088 0.0 322
1726234095129 0.0 323
1726234095167 0.0 324
1726234095218 0.0 325
1726234095270 0.0 326
1726234095317 0.0 327
1726234095366 0.0 328
1726234095413 0.0 329
1726234095461 0.0 330
1726234095509 0.0 331
1726234095558 0.0 332
1726234095606 0.0 333
1726234095655 0.0 334
1726234095703 0.0 335
1726234095753 0.0 336
1726234095801 0.0 337
1726234095850 0.0 338
1726234095900 0.0 339
1726234095950 0.0 340
1726234096000 0.0 341
1726234096050 0.0 342
1726234096102 0.0 343
1726234096152 0.0 344
1726234096202 0.0 345
1726234096252 0.0 346
1726234096301 0.0 347
1726234096346 0.0 348
1726234096389 0.0 349
1726234096431 0.0 350
1726234096473 0.0 351
1726234096521 0.0 352
1726234096563 0.0 353
1726234096604 0.0 354
1726234096645 0.0 355
1726234096684 0.0 356
1726234096725 0.0 357
1726234096764 0.0 358
1726234096807 0.0 359
1726234096852 0.0 360
1726234096894 0.0 361
1726234096934 0.0 362
1726234096975 0.0 363
1726234097015 0.0 364
1726234097055 0.0 365
1726234097095 0.0 366
1726234097140 0.0 367
1726234097181 0.0 368
1726234097222 0.0 369
1726234097261 0.0 370
1726234097301 0.0 371
1726234097340 0.0 372
1726234097379 0.0 373
1726234097417 0.0 374
1726234097457 0.0 375
1726234097496 0.0 376
1726234097535 0.0 377
1726234097574 0.0 378
1726234097612 0.0 379
1726234097651 0.0 380
1726234097689 0.0 381
1726234097727 0.0 382
1726234097765 0.0 383
1726234097803 0.0 384
1726234097841 0.0 385
1726234097879 0.0 386
1726234097917 0.0 387
1726234097957 0.0 388
1726234097995 0.0 389
1726234098033 0.0 390
1726234098071 0.0 391
1726234098109 0.0 392
1726234098147 0.0 393
1726234098184 0.0 394
1726234098223 0.0 395
1726234098261 0.0 396
1726234098299 0.0 397
1726234098337 0.0 398
1726234098375 0.0 399
1726234098413 0.0 400
1726234098451 0.0 401
1726234098489 0.0 402
1726234098527 0.0 403
1726234098565 0.0 404
1726234098603 0.0 405
1726234098642 0.0 406
1726234098680 0.0 407
1726234098719 0.0 408
1726234098757 0.0 409
1726234098794 0.0 410
1726234098832 0.0 411
1726234098871 0.0 412
1726234098909 0.0 413
1726234098947 0.0 414
1726234098985 0.0 415
1726234099023 0.0 416
1726234099061 0.0 417
1726234099099 0.0 418
1726234099137 0.0 419
1726234099175 0.0 420
1726234099213 0.0 421
1726234099253 0.0 422
1726234099291 0.0 423
1726234099330 0.0 424
1726234099368 0.0 425
1726234099406 0.0 426
1726234099443 0.0 427
1726234099481 0.0 428
1726234099518 0.0 429
1726234099555 0.0 430
1726234099593 0.0 431
1726234099630 0.0 432
1726234099668 0.0 433
1726234099706 0.0 434
1726234099744 0.0 435
1726234099781 0.0 436
1726234099819 0.0 437
1726234099857 0.0 438
1726234099895 0.0 439
1726234099933 0.0 440
1726234099972 0.0 441
1726234100010 0.0 442
1726234100047 0.0 443
1726234100085 0.0 444
1726234100122 0.0 445
1726234100160 0.0 446
1726234100197 0.0 447
1726234100235 0.0 448
1726234100274 0.0 449
1726234100311 0.0 450
1726234100348 0.0 451
1726234100386 0.0 452
1726234100423 0.0 453
1726234100460 0.0 454
1726234100498 0.0 455
1726234100536 0.0 456
1726234100573 0.0 457
1726234100611 0.0 458
1726234100648 0.0 459
1726234100687 0.0 460
1726234100725 0.0 461
1726234100762 0.0 462
1726234100800 0.0 463
1726234100838 0.0 464
1726234100876 0.0 465
1726234100914 0.0 466
1726234100952 0.0 467
1726234100991 0.0 468
1726234101028 0.0 469
1726234101066 0.0 470
1726234101103 0.0 471
1726234101141 0.0 472
1726234101179 0.0 473
1726234101217 0.0 474
1726234101254 0.0 475
1726234101294 0.0 476
1726234101343 0.0 477
1726234101386 0.0 478
1726234101426 0.0 479
1726234101466 0.0 480
1726234101506 0.0 481
1726234101544 0.0 482
1726234101583 0.0 483
1726234101621 0.0 484
1726234101661 0.0 485
1726234101700 0.0 486
1726234101738 0.0 487
1726234101777 0.0 488
1726234101815 0.0 489
1726234101852 0.0 490
1726234101890 0.0 491
1726234101929 0.0 492
1726234101967 0.0 493
1726234102005 0.0 494
1726234102043 0.0 495
1726234102081 0.0 496
1726234102119 0.0 497
1726234102157 0.0 498
1726234102194 0.0 499
1726234102235 0.0 500
1726234102275 0.0 501
1726234102313 0.0 502
1726234102352 0.0 503
1726234102391 0.0 504
1726234102430 0.0 505
1726234102468 0.0 506
1726234102507 0.0 507
1726234102546 0.0 508
1726234102583 0.0 509
1726234102621 0.0 510
1726234102660 0.0 511
1726234102699 0.0 512
1726234102737 0.0 513
1726234102775 0.0 514
1726234102814 0.0 515
1726234102852 0.0 516
1726234102890 0.0 517
1726234102929 0.0 518
1726234102968 0.0 519
1726234103006 0.0 520
1726234103044 0.0 521
1726234103082 0.0 522
1726234103120 0.0 523
1726234103158 0.0 524
1726234103196 0.0 525
1726234103234 0.0 526
1726234103272 0.0 527
1726234103312 0.0 528
1726234103349 0.0 529
1726234103387 0.0 530
1726234103424 0.0 531
1726234103462 0.0 532
1726234103500 0.0 533
1726234103537 0.0 534
1726234103575 0.0 535
1726234103612 0.0 536
1726234103650 0.0 537
1726234103688 0.0 538
1726234103726 0.0 539
1726234103764 0.0 540
1726234103802 0.0 541
1726234103838 0.0 542
1726234103876 0.0 543
1726234103914 0.0 544
1726234103952 0.0 545
1726234103990 0.0 546
1726234104027 0.0 547
1726234104066 0.0 548
1726234104107 0.0 549
1726234104158 0.0 550
1726234104208 0.0 551
1726234104261 0.0 552
1726234104315 0.0 553
1726234104375 0.0 554
1726234104423 0.0 555
1726234104468 0.0 556
1726234104517 0.0 557
1726234104567 0.0 558
1726234104608 0.0 559
1726234104645 0.0 560
1726234104684 0.0 561
1726234104741 0.0 562
1726234104794 0.0 563
1726234104836 0.0 564
1726234104884 0.0 565
1726234104928 0.0 566
1726234104977 0.0 567
1726234105014 0.0 568
1726234105061 0.0 569
1726234105112 0.0 570
1726234105174 0.0 571
1726234105228 0.0 572
1726234105265 0.0 573
1726234105304 0.0 574
1726234105340 0.0 575
1726234105376 0.0 576
1726234105412 0.0 577
1726234105449 0.0 578
1726234105488 0.0 579
1726234105524 0.0 580
1726234105562 0.0 581
1726234105599 0.0 582
1726234105636 0.0 583
1726234105673 0.0 584
1726234105711 0.0 585
1726234105749 0.0 586
1726234105786 0.0 587
1726234105824 0.0 588
1726234105861 0.0 589
1726234105898 0.0 590
1726234105935 0.0 591
1726234105973 0.0 592
1726234106011 0.0 593
1726234106048 0.0 594
1726234106085 0.0 595
1726234106123 0.0 596
1726234106160 0.0 597
1726234106198 0.0 598
1726234106234 0.0 599
1726234106270 0.0 600
1726234106307 0.0 601
1726234106344 0.0 602
1726234106382 0.0 603
1726234106420 0.0 604
1726234106457 0.0 605
1726234106496 0.0 606
1726234106536 0.0 607
1726234106573 0.0 608
1726234106616 0.0 609
1726234106656 0.0 610
1726234106697 0.0 611
1726234106742 0.0 612
1726234106785 0.0 613
1726234106835 0.0 614
1726234106882 0.0 615
1726234106926 0.0 616
1726234106971 0.0 617
1726234107020 0.0 618
1726234107077 0.0 619
1726234107128 0.0 620
1726234107171 0.0 621
1726234107216 0.0 622
1726234107260 0.0 623
1726234107309 0.0 624
1726234107357 0.0 625
1726234107397 0.0 626
1726234107441 0.0 627
1726234107484 0.0 628
1726234107531 0.0 629
1726234107585 0.0 630
1726234107641 0.0 631
1726234107694 0.0 632
1726234107746 0.0 633
1726234107799 0.0 634
1726234107859 0.0 635
1726234107916 0.0 636
1726234107961 0.0 637
1726234108014 0.0 638
1726234108059 0.0 639
1726234108113 0.0 640
1726234108155 0.0 641
1726234108195 0.0 642
1726234108236 0.0 643
1726234108278 0.0 644
1726234108316 0.0 645
1726234108357 0.0 646
1726234108404 0.0 647
1726234108453 0.0 648
1726234108496 0.0 649
1726234108538 0.0 650
1726234108586 0.0 651
1726234108640 0.0 652
1726234108685 0.0 653
1726234108736 0.0 654
1726234108785 0.0 655
1726234108846 0.0 656
1726234108899 0.0 657
1726234108934 0.0 658
1726234108970 0.0 659
1726234109008 0.0 660
1726234109045 0.0 661
1726234109081 0.0 662
1726234109118 0.0 663
1726234109154 0.0 664
1726234109191 0.0 665
1726234109228 0.0 666
1726234109265 0.0 667
1726234109301 0.0 668
1726234109339 0.0 669
1726234109376 0.0 670
1726234109412 0.0 671
1726234109448 0.0 672
1726234109484 0.0 673
1726234109520 0.0 674
1726234109556 0.0 675
1726234109593 0.0 676
1726234109629 0.0 677
1726234109665 0.0 678
1726234109702 0.0 679
1726234109739 0.0 680
1726234109776 0.0 681
1726234109813 0.0 682
1726234109849 0.0 683
1726234109886 0.0 684
1726234109923 0.0 685
1726234109961 0.0 686
1726234109999 0.0 687
1726234110036 0.0 688
1726234110073 0.0 689
1726234110109 0.0 690
1726234110147 0.0 691
1726234110184 0.0 692
1726234110221 0.0 693
1726234110258 0.0 694
1726234110295 0.0 695
1726234110333 0.0 696
1726234110369 0.0 697
1726234110405 0.0 698
1726234110442 0.0 699
1726234110479 0.0 700
1726234110516 0.0 701
1726234110555 0.0 702
1726234110591 0.0 703
1726234110628 0.0 704
1726234110665 0.0 705
1726234110703 0.0 706
1726234110740 0.0 707
1726234110776 0.0 708
1726234110813 0.0 709
1726234110850 0.0 710
1726234110887 0.0 711
1726234110924 0.0 712
1726234110961 0.0 713
1726234110998 0.0 714
1726234111036 0.0 715
