1727300041229 0.2700479030609131 0
1727300041265 0.1715998649597168 1
1727300041301 0.6820286512374878 2
1727300041335 0.10892868041992188 3
1727300041370 0.23296761512756348 4
1727300041407 0.012030601501464844 5
1727300041442 0.25922608375549316 6
1727300041478 0.15663576126098633 7
1727300041512 0.014003515243530273 8
1727300041548 0.12067246437072754 9
1727300041582 0.08387231826782227 10
1727300041618 -0.2935134172439575 11
1727300041664 0.06895112991333008 12
1727300041712 4.804661750793457 13
1727300041758 -0.0012247562408447266 14
1727300041812 0.19308090209960938 15
1727300041863 0.2459886074066162 16
1727300041920 0.14605259895324707 17
1727300041969 0.08706259727478027 18
1727300042009 0.11702513694763184 19
1727300042049 0.11172127723693848 20
1727300042089 4.847278594970703 21
1727300042129 -0.025325655937194824 22
1727300042171 0.1375410556793213 23
1727300042212 0.22220325469970703 24
1727300042253 0.016341447830200195 25
1727300042294 0.47310152649879456 26
1727300042336 0.11745452880859375 27
1727300042378 0.04572153091430664 28
1727300042421 0.15827703475952148 29
1727300042460 0.08656525611877441 30
1727300042494 4.791258811950684 31
1727300042528 0.16264700889587402 32
1727300042563 0.09324479103088379 33
1727300042597 0.20009827613830566 34
1727300042632 0.061379432678222656 35
1727300042669 0.05851864814758301 36
1727300042704 0.22017431259155273 37
1727300042739 0.3998892307281494 38
1727300042775 0.21330952644348145 39
1727300042813 0.3827892243862152 40
1727300042856 0.11198663711547852 41
1727300042894 0.11201786994934082 42
1727300042934 0.1435253620147705 43
1727300042969 0.1630387306213379 44
1727300043003 0.11479640007019043 45
1727300043038 0.08739686012268066 46
1727300043072 0.07871150970458984 47
1727300043107 0.19404196739196777 48
1727300043141 4.746541976928711 49
1727300043180 -0.09927070140838623 50
1727300043214 0.03132772445678711 51
1727300043248 0.11845183372497559 52
1727300043284 0.09376811981201172 53
1727300043318 0.11377143859863281 54
1727300043354 -0.175040140748024 55
1727300043388 0.09978604316711426 56
1727300043425 0.07183504104614258 57
1727300043459 0.22016668319702148 58
1727300043494 -0.00960540771484375 59
1727300043529 0.01300191879272461 60
1727300043563 0.01728367805480957 61
1727300043605 0.1416337490081787 62
1727300043639 -0.08761727809906006 63
1727300043676 -0.022696375846862793 64
1727300043717 -0.1451432704925537 65
1727300043760 1.0436692237854004 66
1727300043803 -0.1118701696395874 67
1727300043846 0.10997915267944336 68
1727300043889 0.10680794715881348 69
1727300043935 0.13773012161254883 70
1727300043979 0.12970232963562012 71
1727300044022 -0.015923738479614258 72
1727300044067 0.1603240966796875 73
1727300044106 0.08469414710998535 74
1727300044140 -0.025097012519836426 75
1727300044181 0.15954947471618652 76
1727300044223 0.25300073623657227 77
1727300044267 -0.002408266067504883 78
1727300044313 4.7844953536987305 79
1727300044356 0.18116164207458496 80
1727300044394 0.07099127769470215 81
1727300044433 -0.053995609283447266 82
1727300044467 -0.11775708198547363 83
1727300044501 0.23281383514404297 84
1727300044536 -0.04144740104675293 85
1727300044570 0.11164593696594238 86
1727300044605 0.04195070266723633 87
1727300044640 0.17462491989135742 88
1727300044692 0.1725163459777832 89
1727300044737 0.10488319396972656 90
1727300044781 0.001972675323486328 91
1727300044829 0.03334975242614746 92
1727300044866 0.09215235710144043 93
1727300044912 0.10346603393554688 94
1727300044957 0.08647942543029785 95
1727300045001 -0.17757201194763184 96
1727300045044 0.2036752700805664 97
1727300045087 -0.07906341552734375 98
1727300045130 0.00010800361633300781 99
1727300045177 -0.02130305767059326 100
1727300045219 0.1662123203277588 101
1727300045262 0.21793246269226074 102
1727300045304 0.17776870727539062 103
1727300045347 -0.038182735443115234 104
1727300045387 0.13485145568847656 105
1727300045423 0.07270479202270508 106
1727300045458 0.15245890617370605 107
1727300045493 0.03994560241699219 108
1727300045531 0.14720892906188965 109
1727300045565 0.2333991527557373 110
1727300045601 0.13053131103515625 111
1727300045636 0.17069506645202637 112
1727300045673 0.2000892162322998 113
1727300045708 0.09906721115112305 114
1727300045743 0.11994433403015137 115
1727300045777 0.0749967098236084 116
1727300045813 0.10387754440307617 117
1727300045847 0.14916419982910156 118
1727300045882 0.19434523582458496 119
1727300045919 0.13262534141540527 120
1727300045954 0.07537579536437988 121
1727300045990 0.13438081741333008 122
1727300046024 0.09535098075866699 123
1727300046059 0.0272214412689209 124
1727300046093 -0.4967372417449951 125
1727300046128 0.24722599983215332 126
1727300046164 0.183366060256958 127
1727300046200 0.032547712326049805 128
1727300046233 0.05646872520446777 129
1727300046270 0.13849210739135742 130
1727300046306 0.07378029823303223 131
1727300046340 0.2048351764678955 132
1727300046376 0.16757702827453613 133
1727300046411 0.054015159606933594 134
1727300046450 0.06180286407470703 135
1727300046492 0.10287117958068848 136
1727300046533 0.19133257865905762 137
1727300046571 0.0663459300994873 138
1727300046606 0.0870506763458252 139
1727300046640 0.1380598545074463 140
1727300046677 0.22094537317752838 141
1727300046712 0.23421239852905273 142
1727300046746 0.04271101951599121 143
1727300046783 -0.043511390686035156 144
1727300046831 0.08724045753479004 145
1727300046874 0.09541869163513184 146
1727300046919 0.20813918113708496 147
1727300046957 0.009514093399047852 148
1727300046992 0.03680825233459473 149
1727300047027 0.2648165225982666 150
1727300047061 -0.017700910568237305 151
1727300047094 0.054160356521606445 152
1727300047129 0.005625247955322266 153
1727300047163 0.12273049354553223 154
1727300047200 0.22544914484024048 155
1727300047234 0.004769325256347656 156
1727300047268 0.07580852508544922 157
1727300047304 -0.05682635307312012 158
1727300047338 0.16022992134094238 159
1727300047372 0.15104365348815918 160
1727300047406 -0.16047048568725586 161
1727300047444 0.1610877513885498 162
1727300047478 0.16173362731933594 163
1727300047512 0.23127102851867676 164
1727300047547 -0.08744192123413086 165
1727300047582 -0.022913694381713867 166
1727300047616 0.09424901008605957 167
1727300047649 0.1261448860168457 168
1727300047686 0.14870381355285645 169
1727300047721 0.0966792106628418 170
1727300047754 0.06717038154602051 171
1727300047793 0.013443708419799805 172
1727300047827 0.11359858512878418 173
1727300047861 0.06807208061218262 174
1727300047896 -0.03347218036651611 175
1727300047934 0.04271101951599121 176
1727300047969 -0.09554362297058105 177
1727300048011 0.0930485725402832 178
1727300048055 0.12310481071472168 179
1727300048098 0.15071630477905273 180
1727300048142 0.19726109504699707 181
1727300048181 -0.08718621730804443 182
1727300048215 0.06572937965393066 183
1727300048250 0.07909750938415527 184
1727300048285 -0.11496162414550781 185
1727300048320 0.15532183647155762 186
1727300048355 0.23767590522766113 187
1727300048391 0.06613612174987793 188
1727300048427 0.09546446800231934 189
1727300048462 -0.011397600173950195 190
1727300048497 0.0849771499633789 191
1727300048531 -0.08521318435668945 192
1727300048564 0.23138833045959473 193
1727300048605 0.12283802032470703 194
1727300048648 -0.06480550765991211 195
1727300048685 -0.1027987003326416 196
1727300048719 0.06252336502075195 197
1727300048754 0.1649918556213379 198
1727300048789 0.12305498123168945 199
1727300048824 0.09720635414123535 200
1727300048857 0.15314555168151855 201
1727300048891 0.15886759757995605 202
1727300048928 0.16260147094726562 203
1727300048963 0.7569570541381836 204
1727300048998 0.11003899574279785 205
1727300049032 -0.26415538787841797 206
1727300049066 0.30713438987731934 207
1727300049100 0.1691279411315918 208
1727300049133 0.12289690971374512 209
1727300049169 -0.18048787117004395 210
1727300049207 -0.11052775382995605 211
1727300049241 -0.14633989334106445 212
1727300049278 -0.08871889114379883 213
1727300049314 0.00815582275390625 214
1727300049350 0.07820796966552734 215
1727300049384 -0.06364083290100098 216
1727300049419 0.18828320503234863 217
1727300049458 0.11799979209899902 218
1727300049493 0.1794576644897461 219
1727300049529 -0.02244257926940918 220
1727300049563 -0.010598182678222656 221
1727300049627 0.1284503936767578 222
1727300049662 0.04033946990966797 223
1727300049698 0.07599735260009766 224
1727300049732 0.15378975868225098 225
1727300049773 -0.08015298843383789 226
1727300049811 0.08357572555541992 227
1727300049845 0.1522519588470459 228
1727300049880 0.04515814781188965 229
1727300049916 0.037746429443359375 230
1727300049963 0.0836944580078125 231
1727300050008 0.10529160499572754 232
1727300050049 0.09107851982116699 233
1727300050091 0.12572455406188965 234
1727300050132 0.06622982025146484 235
1727300050176 0.1708087921142578 236
1727300050220 0.16480207443237305 237
1727300050261 0.12468290328979492 238
1727300050305 0.03019118309020996 239
1727300050347 -0.01627659797668457 240
1727300050390 0.22735929489135742 241
1727300050433 0.07752704620361328 242
1727300050480 -0.4923520088195801 243
1727300050523 -0.5259684324264526 244
1727300050567 0.06385016441345215 245
1727300050609 0.042571306228637695 246
1727300050652 -0.07042217254638672 247
1727300050699 0.1709909439086914 248
1727300050741 0.10960221290588379 249
1727300050784 0.03952908515930176 250
1727300050829 0.0982215404510498 251
1727300050872 -0.29348742961883545 252
1727300050916 0.05728483200073242 253
1727300050962 0.12984347343444824 254
1727300051006 -0.02074754238128662 255
1727300051048 0.11477065086364746 256
1727300051091 0.00860905647277832 257
1727300051133 0.047777652740478516 258
1727300051178 0.02367424964904785 259
1727300051224 -0.32457780838012695 260
1727300051267 -0.5809195041656494 261
1727300051310 -0.12831175327301025 262
1727300051354 0.16666436195373535 263
1727300051398 0.13242602348327637 264
1727300051442 0.18969035148620605 265
1727300051478 0.008686304092407227 266
1727300051511 -0.01783442497253418 267
1727300051545 0.02019643783569336 268
1727300051580 -0.027582287788391113 269
1727300051614 0.19390225410461426 270
1727300051648 0.060106515884399414 271
1727300051684 -0.2594233751296997 272
1727300051719 -0.03832519054412842 273
1727300051754 0.25956618785858154 274
1727300051789 4.227933406829834 275
1727300051824 0.002017974853515625 276
1727300051858 -0.541541337966919 277
1727300051892 0.01745462417602539 278
1727300051928 0.18718481063842773 279
1727300051965 0.20325255393981934 280
1727300052000 0.16048336029052734 281
1727300052035 0.1349167823791504 282
1727300052069 -0.01668071746826172 283
1727300052103 0.052809715270996094 284
1727300052139 0.17936444282531738 285
1727300052173 0.08511972427368164 286
1727300052228 -0.42713749408721924 287
1727300052272 -0.5112601518630981 288
1727300052311 -0.6789231300354004 289
1727300052347 -0.6789232492446899 290
