1727301131518 2e-05 0
1727301131555 -0.2035222053527832 1
1727301131589 0.006860256195068359 2
1727301131625 -0.06651902198791504 3
1727301131660 -0.1036449670791626 4
1727301131697 -0.05136692523956299 5
1727301131733 0.07374799251556396 6
1727301131767 0.05823338031768799 7
1727301131805 0.16018128395080566 8
1727301131838 -0.11937546730041504 9
1727301131871 0.03495192527770996 10
1727301131904 -0.06280875205993652 11
1727301131938 0.1919410228729248 12
1727301131972 -0.4091818332672119 13
1727301132005 0.27724647521972656 14
1727301132038 0.14238619804382324 15
1727301132071 -0.1395580768585205 16
1727301132104 4.559674978256226 17
1727301132139 -4.621284008026123 18
1727301132179 -0.08909833431243896 19
1727301132216 0.024689078330993652 20
1727301132255 0.09535408020019531 21
1727301132295 -0.04522204399108887 22
1727301132341 0.04890108108520508 23
1727301132384 4.704587697982788 24
1727301132433 -4.7056097984313965 25
1727301132475 0.0825188159942627 26
1727301132522 -0.06280231475830078 27
1727301132566 0.02268362045288086 28
1727301132618 -0.2833336591720581 29
1727301132667 0.34328019618988037 30
1727301132708 -0.08792304992675781 31
1727301132755 -0.010759353637695312 32
1727301132811 0.09209752082824707 33
1727301132861 -0.06875061988830566 34
1727301132909 -0.07182669639587402 35
1727301132954 0.1202232837677002 36
1727301133004 0.04039502143859863 37
1727301133056 -0.02331709861755371 38
1727301133112 -0.09773039817810059 39
1727301133158 0.12623882293701172 40
1727301133212 -0.06435990333557129 41
1727301133268 0.004631996154785156 42
1727301133318 -0.1941967010498047 43
1727301133360 0.19557690620422363 44
1727301133403 0.08402585983276367 45
1727301133447 -0.22969841957092285 46
1727301133491 0.06654906272888184 47
1727301133537 0.058876991271972656 48
1727301133586 -0.02149367332458496 49
1727301133636 0.15361380577087402 50
1727301133690 -0.44990038871765137 51
1727301133748 0.31786155700683594 52
1727301133803 -0.17490005493164062 53
1727301133858 0.0946803092956543 54
1727301133911 -0.0663682222366333 55
1727301133967 0.14517486095428467 56
1727301134027 -0.10291337966918945 57
1727301134091 0.1722261905670166 58
1727301134142 0.0010631084442138672 59
1727301134187 -0.1403641700744629 60
1727301134232 -0.02672719955444336 61
1727301134281 0.04015517234802246 62
1727301134336 0.0578923225402832 63
1727301134391 -0.05258607864379883 64
1727301134435 4.1043970584869385 65
1727301134478 -3.966038465499878 66
1727301134532 -0.08676266670227051 67
1727301134579 -0.09931683540344238 68
1727301134619 0.14487123489379883 69
1727301134673 -0.054975271224975586 70
1727301134722 -0.0685720443725586 71
1727301134762 0.15479111671447754 72
1727301134813 -0.052973270416259766 73
1727301134860 -0.09502696990966797 74
1727301134908 0.047274112701416016 75
1727301134957 -0.018603801727294922 76
1727301135007 -0.8541989326477051 77
1727301135058 0.8639402389526367 78
1727301135103 0.1093752384185791 79
1727301135147 -0.23422598838806152 80
1727301135195 0.08903646469116211 81
1727301135234 -0.024243831634521484 82
1727301135273 -0.01766681671142578 83
1727301135310 0.07150411605834961 84
1727301135346 0.030208587646484375 85
1727301135383 0.07471179962158203 86
1727301135420 -0.09738421440124512 87
1727301135457 0.04126381874084473 88
1727301135493 -0.031931400299072266 89
1727301135529 0.03719925880432129 90
1727301135563 -0.1578744649887085 91
1727301135598 0.0939251184463501 92
1727301135636 -0.04158353805541992 93
1727301135670 0.06397628784179688 94
1727301135703 -0.037587881088256836 95
1727301135737 0.017435789108276367 96
1727301135770 -0.06609582901000977 97
1727301135803 0.17666912078857422 98
1727301135839 -0.4134875535964966 99
1727301135874 0.2539306879043579 100
1727301135910 -0.1649789810180664 101
1727301135947 -0.6361156702041626 102
1727301135984 0.8813644647598267 103
1727301136019 -0.024906158447265625 104
1727301136055 0.013728618621826172 105
1727301136088 0.04174327850341797 106
1727301136122 0.1230764389038086 107
1727301136155 -0.11850929260253906 108
1727301136189 -0.07699728012084961 109
1727301136222 -0.057892799377441406 110
1727301136256 0.21627092361450195 111
1727301136289 -0.12804532051086426 112
1727301136322 -0.07981014251708984 113
1727301136355 0.11845183372497559 114
1727301136387 0.03862714767456055 115
1727301136420 -0.09649085998535156 116
1727301136453 -0.4153381288051605 117
1727301136486 4.271169513463974 118
1727301136519 -3.8336360454559326 119
1727301136554 0.010646820068359375 120
1727301136594 -0.18258333206176758 121
1727301136632 0.04944777488708496 122
1727301136667 0.12264251708984375 123
1727301136702 0.08028674125671387 124
1727301136741 -0.1475374698638916 125
1727301136779 -0.05649983882904053 126
1727301136818 0.07773125171661377 127
1727301136858 0.10206270217895508 128
1727301136897 0.06905198097229004 129
1727301136939 0.01601862907409668 130
1727301136979 -0.03371572494506836 131
1727301137028 -0.16359329223632812 132
1727301137070 4.783658266067505 133
1727301137112 -4.7190587520599365 134
1727301137155 -0.1784656047821045 135
1727301137198 0.24623513221740723 136
1727301137242 -0.1273193359375 137
1727301137284 0.10944318771362305 138
1727301137326 0.03912925720214844 139
1727301137366 -0.0549778938293457 140
1727301137407 -0.023022890090942383 141
1727301137448 0.09106135368347168 142
1727301137487 -0.07343101501464844 143
1727301137527 -0.09671688079833984 144
1727301137567 -0.01839303970336914 145
1727301137604 0.08159160614013672 146
1727301137642 -0.0020618438720703125 147
1727301137680 -0.5300755500793457 148
1727301137717 0.5536088943481445 149
1727301137756 -0.1506052017211914 150
1727301137793 -0.0644071102142334 151
1727301137829 0.22759175300598145 152
1727301137866 -0.0014438629150390625 153
1727301137900 0.05328083038330078 154
1727301137934 -0.2130335569381714 155
1727301137968 -0.19867432117462158 156
1727301138003 0.22953081130981445 157
1727301138037 0.19889116287231445 158
1727301138070 -0.19504737854003906 159
1727301138103 0.003767728805541992 160
1727301138137 0.016187667846679688 161
1727301138172 0.14995884895324707 162
1727301138205 -0.15176653861999512 163
1727301138238 0.2021322250366211 164
1727301138272 -0.05622410774230957 165
1727301138306 -0.9481087923049927 166
1727301138340 0.0 167
