1727301131522 1.9310675859451294 0
1727301131558 1.8103716373443604 1
1727301131592 1.8700263500213623 2
1727301131629 1.8016252517700195 3
1727301131664 1.951763391494751 4
1727301131701 1.8586010932922363 5
1727301131736 1.7178502082824707 6
1727301131771 1.9405896663665771 7
1727301131808 1.9565176963806152 8
1727301131842 1.9676399230957031 9
1727301131875 1.7990962266921997 10
1727301131908 1.8186366558074951 11
1727301131941 1.9415689706802368 12
1727301131975 1.8132126331329346 13
1727301132009 1.6966043710708618 14
1727301132041 1.944264531135559 15
1727301132074 1.8007168769836426 16
1727301132108 1.4861388206481934 17
1727301132143 1.955286979675293 18
1727301132183 1.7966928482055664 19
1727301132219 1.7749528884887695 20
1727301132259 1.7893283367156982 21
1727301132300 1.824937105178833 22
1727301132345 1.6540534496307373 23
1727301132388 1.5272622108459473 24
1727301132437 1.8593363761901855 25
1727301132480 1.9325408935546875 26
1727301132526 1.7958202362060547 27
1727301132572 1.9254281520843506 28
1727301132623 1.8758420944213867 29
1727301132672 1.9643503427505493 30
1727301132713 1.788689136505127 31
1727301132761 1.8966829776763916 32
1727301132815 1.7803276777267456 33
1727301132866 1.9519271850585938 34
1727301132914 1.5597718954086304 35
1727301132958 1.9274530410766602 36
1727301133010 1.679424524307251 37
1727301133064 1.7451355457305908 38
1727301133118 1.6312751770019531 39
1727301133163 1.8693268299102783 40
1727301133218 1.8520363569259644 41
1727301133274 1.9205811023712158 42
1727301133322 1.779463529586792 43
1727301133365 1.5427398681640625 44
1727301133407 1.8828758001327515 45
1727301133451 1.754869818687439 46
1727301133497 1.8204106092453003 47
1727301133542 1.8834397792816162 48
1727301133593 1.915653109550476 49
1727301133640 1.9738683700561523 50
1727301133696 1.6339190006256104 51
1727301133754 1.7293882369995117 52
1727301133809 1.5812181234359741 53
1727301133863 1.7121083736419678 54
1727301133916 1.879967212677002 55
1727301133974 1.8322147130966187 56
1727301134035 1.9041798114776611 57
1727301134098 1.865851640701294 58
1727301134147 1.736841082572937 59
1727301134191 1.6890640258789062 60
1727301134236 1.8387171030044556 61
1727301134289 1.8888638019561768 62
1727301134343 1.8489248752593994 63
1727301134397 1.9793871641159058 64
1727301134439 1.2097513675689697 65
1727301134484 1.9683111906051636 66
1727301134538 1.8151100873947144 67
1727301134583 1.7926781177520752 68
1727301134625 1.9466288089752197 69
1727301134679 1.8009198904037476 70
1727301134726 1.6694711446762085 71
1727301134766 1.8579175472259521 72
1727301134818 1.8580883741378784 73
1727301134866 1.42496657371521 74
1727301134911 1.810029149055481 75
1727301134963 1.9128739833831787 76
1727301135011 1.4325816631317139 77
1727301135064 1.955161452293396 78
1727301135107 1.7946324348449707 79
1727301135153 1.8487032651901245 80
1727301135199 1.9850412607192993 81
1727301135238 1.949026346206665 82
1727301135277 1.8484843969345093 83
1727301135313 1.7302355766296387 84
1727301135350 1.736175775527954 85
1727301135387 1.706010341644287 86
1727301135424 1.8031864166259766 87
1727301135461 1.866443395614624 88
1727301135497 1.7108954191207886 89
1727301135532 1.9207322597503662 90
1727301135567 1.8760614395141602 91
1727301135601 1.8491367101669312 92
1727301135639 1.7182772159576416 93
1727301135673 1.912934422492981 94
1727301135707 1.9385385513305664 95
1727301135740 1.9293994903564453 96
1727301135773 1.9643474817276 97
1727301135807 1.8313472270965576 98
1727301135842 1.9390711784362793 99
1727301135878 1.6111249923706055 100
1727301135914 1.756034255027771 101
1727301135951 1.432581901550293 102
1727301135988 1.684805154800415 103
1727301136024 1.9641371965408325 104
1727301136058 1.8705804347991943 105
1727301136091 1.7488648891448975 106
1727301136125 1.7595075368881226 107
1727301136159 1.7145030498504639 108
1727301136193 1.9234156608581543 109
1727301136226 1.8710424900054932 110
1727301136259 1.8851938247680664 111
1727301136292 1.8566160202026367 112
1727301136325 1.8824738264083862 113
1727301136358 1.851609468460083 114
1727301136390 1.8671646118164062 115
1727301136423 1.8892207145690918 116
1727301136456 1.3769662380218506 117
1727301136489 1.3425817489624023 118
1727301136523 1.8007776737213135 119
1727301136558 1.911442518234253 120
1727301136598 1.4674712419509888 121
1727301136635 1.9264392852783203 122
1727301136670 1.786024570465088 123
1727301136706 1.5403692722320557 124
1727301136745 1.8635855913162231 125
1727301136783 1.761191725730896 126
1727301136822 1.9290273189544678 127
1727301136862 1.8189539909362793 128
1727301136902 1.8241138458251953 129
1727301136943 1.7601078748703003 130
1727301136984 1.897055745124817 131
1727301137032 1.9283170700073242 132
1727301137075 1.4459011554718018 133
1727301137116 1.6638305187225342 134
1727301137159 1.7921717166900635 135
1727301137203 1.8680942058563232 136
1727301137246 1.9489341974258423 137
1727301137289 1.5317211151123047 138
1727301137330 1.9275569915771484 139
1727301137370 1.8214945793151855 140
1727301137411 1.9483699798583984 141
1727301137452 1.6756908893585205 142
1727301137491 1.754014015197754 143
1727301137531 1.55165433883667 144
1727301137571 1.7015153169631958 145
1727301137609 1.8274898529052734 146
1727301137646 1.2066586017608643 147
1727301137683 1.2539169788360596 148
1727301137721 1.9027657508850098 149
1727301137760 1.7873520851135254 150
1727301137797 1.4392011165618896 151
1727301137833 1.8349831104278564 152
1727301137869 1.7653411626815796 153
1727301137903 1.91798734664917 154
1727301137938 1.9477890729904175 155
1727301137972 1.7232474088668823 156
1727301138006 1.824230432510376 157
1727301138040 1.8582329750061035 158
1727301138074 1.502785563468933 159
1727301138107 1.9128870964050293 160
1727301138141 1.934030294418335 161
1727301138175 1.8671033382415771 162
1727301138208 1.9283220767974854 163
1727301138242 1.944907307624817 164
1727301138276 1.6804440021514893 165
1727301138310 1.432581901550293 166
1727301138344 1.432581901550293 167
