1727307222183 2.014693021774292 0
1727307222221 2.014693021774292 1
1727307222257 2.014693021774292 2
1727307222295 2.014693021774292 3
1727307222331 2.014693021774292 4
1727307222368 2.014693021774292 5
1727307222404 2.014693021774292 6
1727307222439 2.014693021774292 7
1727307222475 2.014693021774292 8
1727307222511 2.014693021774292 9
1727307222547 2.014693021774292 10
1727307222584 2.014693021774292 11
1727307222619 2.014693021774292 12
1727307222655 2.014693021774292 13
1727307222692 2.014693021774292 14
1727307222728 2.014693021774292 15
1727307222767 2.014693021774292 16
1727307222804 2.014693021774292 17
1727307222840 2.014693021774292 18
1727307222875 2.014693021774292 19
1727307222911 2.014693021774292 20
1727307222948 2.014693021774292 21
1727307222986 2.014693021774292 22
1727307223023 2.014693021774292 23
1727307223060 2.014693021774292 24
1727307223096 2.014693021774292 25
1727307223134 2.014693021774292 26
1727307223171 2.014693021774292 27
1727307223208 2.014693021774292 28
1727307223245 2.014693021774292 29
1727307223281 2.014693021774292 30
1727307223318 2.014693021774292 31
1727307223356 2.014693021774292 32
1727307223392 2.014693021774292 33
1727307223428 2.014693021774292 34
1727307223463 2.014693021774292 35
1727307223499 2.014693021774292 36
1727307223537 2.014693021774292 37
1727307223574 2.014693021774292 38
1727307223612 2.014693021774292 39
1727307223649 2.014693021774292 40
1727307223686 2.014693021774292 41
1727307223722 2.014693021774292 42
1727307223759 2.014693021774292 43
1727307223796 2.014693021774292 44
1727307223833 2.014693021774292 45
1727307223869 2.014693021774292 46
1727307223906 2.014693021774292 47
1727307223942 2.014693021774292 48
1727307223981 2.014693021774292 49
1727307224018 2.014693021774292 50
1727307224054 2.014693021774292 51
1727307224097 2.014693021774292 52
1727307224137 2.014693021774292 53
1727307224179 2.014693021774292 54
1727307224221 2.014693021774292 55
1727307224263 2.014693021774292 56
1727307224305 2.014693021774292 57
1727307224345 2.014693021774292 58
1727307224387 2.014693021774292 59
1727307224425 2.014693021774292 60
1727307224463 2.014693021774292 61
1727307224506 2.014693021774292 62
1727307224542 2.014693021774292 63
1727307224579 2.014693021774292 64
1727307224615 2.014693021774292 65
1727307224651 2.014693021774292 66
1727307224688 2.014693021774292 67
1727307224725 2.014693021774292 68
1727307224763 2.014693021774292 69
1727307224798 2.014693021774292 70
1727307224835 2.014693021774292 71
1727307224872 2.014693021774292 72
1727307224908 2.014693021774292 73
1727307224944 2.014693021774292 74
1727307224982 2.014693021774292 75
1727307225018 2.014693021774292 76
1727307225056 2.014693021774292 77
1727307225093 2.014693021774292 78
1727307225128 2.014693021774292 79
1727307225164 2.014693021774292 80
1727307225201 2.014693021774292 81
1727307225238 2.014693021774292 82
1727307225275 2.014693021774292 83
1727307225311 2.014693021774292 84
1727307225349 2.014693021774292 85
1727307225386 2.014693021774292 86
1727307225422 2.014693021774292 87
1727307225457 2.014693021774292 88
1727307225494 2.014693021774292 89
1727307225530 2.014693021774292 90
1727307225567 2.014693021774292 91
1727307225603 2.014693021774292 92
1727307225641 2.014693021774292 93
1727307225678 2.014693021774292 94
1727307225716 2.014693021774292 95
1727307225752 2.014693021774292 96
1727307225792 2.014693021774292 97
1727307225827 2.014693021774292 98
1727307225862 2.014693021774292 99
1727307225900 2.014693021774292 100
1727307225948 2.014693021774292 101
1727307225987 2.014693021774292 102
1727307226027 2.014693021774292 103
1727307226068 2.014693021774292 104
1727307226105 2.014693021774292 105
1727307226144 2.014693021774292 106
1727307226178 2.014693021774292 107
1727307226213 2.014693021774292 108
1727307226249 2.014693021774292 109
1727307226285 2.014693021774292 110
1727307226321 2.014693021774292 111
1727307226357 2.014693021774292 112
1727307226392 2.014693021774292 113
1727307226428 2.014693021774292 114
1727307226463 2.014693021774292 115
1727307226501 2.014693021774292 116
1727307226538 2.014693021774292 117
1727307226575 2.014693021774292 118
1727307226610 2.014693021774292 119
1727307226650 2.014693021774292 120
1727307226692 2.014693021774292 121
1727307226733 2.014693021774292 122
1727307226782 2.014693021774292 123
1727307226831 2.014693021774292 124
1727307226878 2.014693021774292 125
1727307226926 2.014693021774292 126
1727307226974 2.014693021774292 127
1727307227020 2.014693021774292 128
1727307227063 2.014693021774292 129
1727307227115 2.014693021774292 130
1727307227165 2.014693021774292 131
1727307227217 2.014693021774292 132
1727307227266 2.014693021774292 133
1727307227317 2.014693021774292 134
1727307227366 2.014693021774292 135
1727307227410 2.014693021774292 136
1727307227454 2.014693021774292 137
1727307227502 2.014693021774292 138
1727307227547 2.014693021774292 139
1727307227593 2.014693021774292 140
1727307227639 2.014693021774292 141
1727307227692 2.014693021774292 142
1727307227749 2.014693021774292 143
1727307227799 2.014693021774292 144
1727307227848 2.014693021774292 145
1727307227896 2.014693021774292 146
1727307227953 2.014693021774292 147
1727307228000 2.014693021774292 148
1727307228050 2.014693021774292 149
1727307228096 2.014693021774292 150
1727307228138 2.014693021774292 151
1727307228180 2.014693021774292 152
1727307228219 2.014693021774292 153
1727307228258 2.014693021774292 154
1727307228297 2.014693021774292 155
1727307228335 2.014693021774292 156
1727307228372 2.014693021774292 157
1727307228408 2.014693021774292 158
1727307228445 2.014693021774292 159
1727307228481 2.014693021774292 160
1727307228517 2.014693021774292 161
1727307228555 2.014693021774292 162
1727307228591 2.014693021774292 163
1727307228628 2.014693021774292 164
1727307228664 2.014693021774292 165
1727307228701 2.014693021774292 166
1727307228738 2.014693021774292 167
1727307228775 2.014693021774292 168
1727307228812 2.014693021774292 169
1727307228849 2.014693021774292 170
1727307228886 2.014693021774292 171
1727307228922 2.014693021774292 172
1727307228959 2.014693021774292 173
1727307228998 2.014693021774292 174
1727307229035 2.014693021774292 175
1727307229071 2.014693021774292 176
1727307229107 2.014693021774292 177
1727307229143 2.014693021774292 178
1727307229179 2.014693021774292 179
1727307229216 2.014693021774292 180
1727307229254 2.014693021774292 181
1727307229291 2.014693021774292 182
1727307229327 2.014693021774292 183
1727307229366 2.014693021774292 184
1727307229404 2.014693021774292 185
1727307229440 2.014693021774292 186
1727307229479 2.014693021774292 187
1727307229517 2.014693021774292 188
1727307229555 2.014693021774292 189
1727307229594 2.014693021774292 190
1727307229631 2.014693021774292 191
