1726502895581 0.7954603433609009 0
1726502895645 0.7992932796478271 1
1726502895711 0.8023665547370911 2
1726502895775 0.8049336671829224 3
1726502895848 0.8071289658546448 4
1726502895931 0.8090355396270752 5
1726502896000 0.810710072517395 6
1726502896067 0.8121931552886963 7
1726502896133 0.8135150074958801 8
1726502896204 0.814699649810791 9
1726502896278 0.8157656788825989 10
1726502896353 0.8167283535003662 11
1726502896443 0.8176003098487854 12
1726502896526 0.8183918595314026 13
1726502896609 0.8191120624542236 14
1726502896691 0.8197683095932007 15
1726502896778 0.8203673958778381 16
1726502896857 0.8209148645401001 17
1726502896943 0.8214156627655029 18
1726502897026 0.8218742609024048 19
1726502897114 0.8222946524620056 20
1726502897205 0.8226799368858337 21
1726502897284 0.8230335712432861 22
1726502897373 0.8233581781387329 23
1726502897467 0.8236562013626099 24
1726502897548 0.8239299058914185 25
1726502897627 0.8241815567016602 26
1726502897700 0.8244127035140991 27
1726502897774 0.8246252536773682 28
1726502897847 0.8248205184936523 29
1726502897917 0.8250000476837158 30
1726502897990 0.8251650333404541 31
1726502898062 0.8253169059753418 32
1726502898130 0.825456440448761 33
1726502898198 0.8255845904350281 34
1726502898260 0.825702428817749 35
1726502898329 0.8258107304573059 36
1726502898393 0.8259103894233704 37
1726502898457 0.8260018229484558 38
1726502898521 0.8260858058929443 39
1726502898585 0.8261631727218628 40
1726502898648 0.8262341022491455 41
1726502898715 0.8262993097305298 42
1726502898780 0.8263590931892395 43
1726502898844 0.8264139890670776 44
1726502898910 0.8264645338058472 45
1726502898975 0.8265107870101929 46
1726502899041 0.826553225517273 47
1726502899104 0.8265923261642456 48
1726502899171 0.8266280889511108 49
1726502899240 0.8266608715057373 50
1726502899302 0.8266910314559937 51
1726502899364 0.8267186284065247 52
1726502899425 0.8267439603805542 53
1726502899492 0.826767086982727 54
1726502899553 0.8267883062362671 55
1726502899613 0.8268078565597534 56
1726502899674 0.826825737953186 57
1726502899739 0.8268420696258545 58
1726502899799 0.8268570899963379 59
1726502899865 0.826870858669281 60
1726502899926 0.8268834352493286 61
1726502899986 0.8268949389457703 62
1726502900047 0.8269054889678955 63
1726502900106 0.8269150853157043 64
1726502900166 0.8269239068031311 65
1726502900228 0.8269320726394653 66
1726502900295 0.8269393444061279 67
1726502900354 0.8269461393356323 68
1726502900414 0.826952338218689 69
1726502900480 0.8269580602645874 70
1726502900550 0.8269633054733276 71
1726502900626 0.8269680142402649 72
1726502900709 0.8269723653793335 73
1726502900785 0.8269764184951782 74
1726502900868 0.8269798755645752 75
1726502900950 0.8269832730293274 76
1726502901018 0.8269864320755005 77
1726502901084 0.8269890546798706 78
1726502901149 0.826991617679596 79
1726502901217 0.8269938826560974 80
1726502901281 0.8269960880279541 81
1726502901344 0.8269979953765869 82
1726502901414 0.8269997835159302 83
1726502901477 0.8270014524459839 84
1726502901538 0.8270028233528137 85
1726502901607 0.8270041942596436 86
1726502901680 0.8270053863525391 87
1726502901742 0.8270065784454346 88
1726502901805 0.8270076513290405 89
1726502901874 0.8270084857940674 90
1726502901940 0.8270093202590942 91
1726502902003 0.8270101547241211 92
1726502902074 0.8270108699798584 93
1726502902135 0.8270114660263062 94
1726502902202 0.8270120620727539 95
1726502902261 0.8270126581192017 96
1726502902325 0.8270131945610046 97
1726502902413 0.8270136117935181 98
1726502902490 0.8270140290260315 99
1726502902556 0.8270143866539001 100
1726502902619 0.827014684677124 101
1726502902690 0.8270151019096375 102
1726502902766 0.8270153999328613 103
1726502902832 0.8270156383514404 104
1726502902893 0.8270158171653748 105
1726502902956 0.8270161151885986 106
1726502903020 0.8270163536071777 107
1726502903079 0.8270165324211121 108
1726502903140 0.8270166516304016 109
1726502903200 0.8270168900489807 110
1726502903267 0.8270169496536255 111
1726502903327 0.827017068862915 112
1726502903391 0.8270172476768494 113
1726502903451 0.8270173668861389 114
1726502903511 0.8270174264907837 115
1726502903580 0.8270174860954285 116
1726502903642 0.8270175457000732 117
1726502903703 0.8270176649093628 118
1726502903788 0.8270177841186523 119
1726502903850 0.8270177841186523 120
1726502903908 0.8270178437232971 121
1726502903968 0.8270178437232971 122
1726502904027 0.8270179033279419 123
1726502904097 0.8270179629325867 124
1726502904157 0.8270179629325867 125
1726502904245 0.8270180225372314 126
1726502904314 0.8270180821418762 127
1726502904378 0.8270180821418762 128
1726502904439 0.827018141746521 129
1726502904498 0.827018141746521 130
1726502904560 0.827018141746521 131
1726502904619 0.8270182013511658 132
1726502904680 0.8270182013511658 133
1726502904738 0.8270182013511658 134
1726502904799 0.8270182609558105 135
1726502904860 0.8270182609558105 136
1726502904921 0.8270182609558105 137
1726502904982 0.8270183801651001 138
1726502905040 0.8270183801651001 139
1726502905104 0.8270183801651001 140
1726502905174 0.8270183801651001 141
1726502905246 0.8270183801651001 142
1726502905310 0.8270183801651001 143
1726502905371 0.8270183801651001 144
1726502905437 0.8270183801651001 145
1726502905503 0.8270183801651001 146
1726502905569 0.8270183801651001 147
1726502905636 0.8270183801651001 148
1726502905705 0.8270184993743896 149
1726502905770 0.8270183801651001 150
1726502905834 0.8270183801651001 151
1726502905897 0.8270183801651001 152
1726502905958 0.8270183801651001 153
1726502906020 0.8270183801651001 154
1726502906083 0.8270183801651001 155
1726502906144 0.8270183801651001 156
1726502906210 0.8270182609558105 157
1726502906272 0.8270183801651001 158
1726502906343 0.8270183801651001 159
1726502906418 0.8270183801651001 160
1726502906492 0.8270183801651001 161
1726502906557 0.8270183801651001 162
1726502906619 0.8270183801651001 163
1726502906690 0.8270183801651001 164
1726502906757 0.8270183801651001 165
1726502906816 0.8270183801651001 166
1726502906874 0.8270183801651001 167
1726502906935 0.8270183801651001 168
1726502906992 0.8270183801651001 169
1726502907052 0.8270183801651001 170
1726502907123 0.8270183801651001 171
1726502907184 0.8270183801651001 172
1726502907243 0.8270184993743896 173
1726502907301 0.8270184993743896 174
1726502907359 0.8270184993743896 175
