1726501801942 2e-05 0
1726501801997 -0.02118464931845665 1
1726501802064 -0.006423354148864746 2
1726501802130 -0.0029205698519945145 3
1726501802179 -0.0015387050807476044 4
1726501802229 -0.0008624671027064323 5
1726501802280 -0.0005053877830505371 6
1726501802329 -0.00030951574444770813 7
1726501802380 -0.00019944831728935242 8
1726501802428 -0.00013619661331176758 9
1726501802488 -9.887199848890305e-05 10
1726501802548 -7.607974112033844e-05 11
1726501802601 -6.15948811173439e-05 12
1726501802660 -5.191657692193985e-05 13
1726501802711 -4.517938941717148e-05 14
1726501802757 -4.00422140955925e-05 15
1726501802812 -3.5954173654317856e-05 16
1726501802861 -3.2794661819934845e-05 17
1726501802917 -2.9980670660734177e-05 18
1726501802969 -2.7573201805353165e-05 19
1726501803030 -2.5463290512561798e-05 20
1726501803082 -2.373475581407547e-05 21
1726501803130 -2.2017862647771835e-05 22
1726501803178 -2.0503532141447067e-05 23
1726501803229 -1.9097700715065002e-05 24
1726501803276 -1.795310527086258e-05 25
1726501803326 -1.676054671406746e-05 26
1726501803375 -1.5687663108110428e-05 27
1726501803423 -1.475820317864418e-05 28
1726501803470 -1.385202631354332e-05 29
1726501803517 -1.3029668480157852e-05 30
1726501803564 -1.2290431186556816e-05 31
1726501803612 -1.1635012924671173e-05 32
1726501803660 -1.0943273082375526e-05 33
1726501803709 -1.0359333828091621e-05 34
1726501803762 -9.834999218583107e-06 35
1726501803814 -9.274343028664589e-06 36
1726501803868 -8.797738701105118e-06 37
1726501803924 -8.260831236839294e-06 38
1726501803993 -7.951399311423302e-06 39
1726501804041 -7.486436516046524e-06 40
1726501804088 -7.104827091097832e-06 41
1726501804135 -6.699468940496445e-06 42
1726501804182 -6.485031917691231e-06 43
1726501804229 -6.1034224927425385e-06 44
1726501804280 -5.7818833738565445e-06 45
1726501804362 -5.542999133467674e-06 46
1726501804411 -5.316920578479767e-06 47
1726501804461 -5.149864591658115e-06 48
1726501804512 -4.815985448658466e-06 49
1726501804565 -4.553818143904209e-06 50
1726501804616 -4.386878572404385e-06 51
1726501804669 -4.172325134277344e-06 52
1726501804727 -4.076864570379257e-06 53
1726501804778 -3.743218258023262e-06 54
1726501804833 -3.7550926208496094e-06 55
1726501804885 -3.516674041748047e-06 56
1726501804945 -3.266381099820137e-06 57
1726501805007 -3.2782554626464844e-06 58
1726501805066 -3.0159717425704002e-06 59
1726501805119 -2.9921066015958786e-06 60
1726501805169 -2.7776695787906647e-06 61
1726501805220 -2.646353095769882e-06 62
1726501805292 -2.717948518693447e-06 63
1726501805376 -2.4676555767655373e-06 64
1726501805449 -2.276967279613018e-06 65
1726501805522 -2.372253220528364e-06 66
1726501805605 -2.10996950045228e-06 67
1726501805669 -2.145825419574976e-06 68
1726501805729 -1.9430299289524555e-06 69
1726501805783 -1.943204551935196e-06 70
1726501805836 -1.9072904251515865e-06 71
1726501805894 -1.8239370547235012e-06 72
1726501805949 -1.6211997717618942e-06 73
1726501806004 -1.7285929061472416e-06 74
1726501806056 -1.4781835488975048e-06 75
1726501806109 -1.5497207641601562e-06 76
1726501806161 -1.5258556231856346e-06 77
1726501806213 -1.430511474609375e-06 78
1726501806265 -1.2755626812577248e-06 79
1726501806316 -1.3112439773976803e-06 80
1726501806367 -1.227890606969595e-06 81
1726501806428 -1.2278323993086815e-06 82
1726501806482 -1.1802185326814651e-06 83
1726501806540 -1.0847579687833786e-06 84
1726501806592 -1.108652213588357e-06 85
1726501806645 -1.0013463906943798e-06 86
1726501806701 -9.537034202367067e-07 87
1726501806752 -1.0132789611816406e-06 88
1726501806803 -8.463684935122728e-07 89
1726501806856 -9.775394573807716e-07 90
1726501806910 -8.225324563682079e-07 91
1726501806960 -8.106289897114038e-07 92
1726501807010 -8.225324563682079e-07 93
1726501807066 -6.914197001606226e-07 94
1726501807118 -7.867929525673389e-07 95
1726501807169 -6.436894182115793e-07 96
1726501807233 -7.5105344876647e-07 97
1726501807306 -5.602778401225805e-07 98
1726501807358 -7.629278115928173e-07 99
1726501807403 -5.722104106098413e-07 100
1726501807448 -5.721813067793846e-07 101
1726501807494 -5.96075551584363e-07 102
1726501807542 -6.198824848979712e-07 103
1726501807616 -4.649336915463209e-07 104
1726501807675 -5.364126991480589e-07 105
1726501807730 -3.4569529816508293e-07 106
1726501807794 -5.960609996691346e-07 107
1726501807860 -3.81478457711637e-07 108
1726501807918 -6.318005034700036e-07 109
1726501807974 -2.8610520530492067e-07 110
1726501808029 -4.2915053199976683e-07 111
1726501808086 -3.9339647628366947e-07 112
1726501808159 -3.337772795930505e-07 113
1726501808254 -3.81478457711637e-07 114
1726501808331 -3.4569529816508293e-07 115
1726501808407 -3.81478457711637e-07 116
1726501808484 -3.3379183150827885e-07 117
1726501808547 -2.622546162456274e-07 118
1726501808602 -3.9339647628366947e-07 119
1726501808656 -2.503220457583666e-07 120
1726501808708 -2.8611975722014904e-07 121
1726501808772 -2.1456799004226923e-07 122
1726501808832 -2.8610520530492067e-07 123
1726501808893 -3.2185926102101803e-07 124
1726501808945 -2.1456799004226923e-07 125
1726501808998 -2.2650783648714423e-07 126
1726501809049 -2.145825419574976e-07 127
1726501809100 -3.3378455555066466e-07 128
1726501809163 -1.9073195289820433e-07 129
1726501809236 -1.9073195289820433e-07 130
1726501809309 -2.145825419574976e-07 131
1726501809385 -1.549706212244928e-07 132
1726501809463 -2.2649328457191586e-07 133
1726501809539 -2.622618922032416e-07 134
1726501809596 -1.6688863979652524e-07 135
1726501809656 -1.6689591575413942e-07 136
1726501809707 -1.4305260265246034e-07 137
1726501809768 -2.3843313101679087e-08 138
1726501809821 -2.384185791015625e-07 139
1726501809874 -7.152266334742308e-08 140
1726501809935 -2.2649328457191586e-07 141
1726501809995 -1.7881393432617188e-07 142
1726501810049 -4.7686626203358173e-08 143
1726501810098 -1.4305260265246034e-07 144
1726501810150 -9.537325240671635e-08 145
1726501810200 -1.4304896467365324e-07 146
1726501810249 -1.1920928955078125e-07 147
1726501810302 -2.1457526599988341e-07 148
1726501810356 -2.3839675122871995e-08 149
1726501810410 -1.4305260265246034e-07 150
1726501810470 -4.768298822455108e-08 151
1726501810527 -1.1920928955078125e-07 152
1726501810584 -1.1920928955078125e-07 153
1726501810641 -4.768298822455108e-08 154
1726501810694 -1.9073559087701142e-07 155
1726501810745 -7.152630132623017e-08 156
1726501810796 2.3843313101679087e-08 157
1726501810848 -1.6689591575413942e-07 158
1726501810907 -7.152630132623017e-08 159
1726501810978 -2.3836037144064903e-08 160
1726501811052 -9.536961442790926e-08 161
1726501811125 -3.576496965251863e-08 162
1726501811195 -1.6689227777533233e-07 163
1726501811252 0.0 164
1726501811311 -5.960464477539063e-08 165
1726501811369 0.0 166
1726501811425 -1.1918018572032452e-08 167
1726501811483 -1.311309461016208e-07 168
1726501811540 -1.072912709787488e-07 169
1726501811594 -5.960464477539063e-08 170
1726501811650 -5.960464477539063e-08 171
1726501811713 -5.960464477539063e-08 172
1726501811769 2.3843313101679087e-08 173
1726501811831 -7.152630132623017e-08 174
1726501811897 -2.384149411227554e-08 175
1726501811954 -7.152448233682662e-08 176
1726501812012 2.384149411227554e-08 177
1726501812075 -1.3112912711221725e-07 178
1726501812140 3.5763150663115084e-08 179
1726501812205 -7.152630132623017e-08 180
1726501812261 -1.0728763299994171e-07 181
1726501812316 -7.152812031563371e-08 182
1726501812373 1.1921656550839543e-08 183
1726501812427 0.0 184
1726501812491 2.384149411227554e-08 185
1726501812555 -9.536779543850571e-08 186
1726501812651 -4.768298822455108e-08 187
1726501812738 -5.960373528068885e-08 188
1726501812813 9.536779543850571e-08 189
1726501812873 -3.5763150663115084e-08 190
1726501812932 -9.536779543850571e-08 191
1726501812993 -4.7683897719252855e-08 192
1726501813072 2.384149411227554e-08 193
1726501813155 -2.384149411227554e-08 194
1726501813217 4.7683897719252855e-08 195
1726501813273 -9.536779543850571e-08 196
1726501813328 3.5763150663115084e-08 197
1726501813384 -9.536688594380394e-08 198
1726501813437 -2.3842403606977314e-08 199
1726501813490 -1.0728854249464348e-07 200
1726501813542 7.15253918315284e-08 201
1726501813593 -9.536688594380394e-08 202
1726501813646 -2.384149411227554e-08 203
1726501813697 9.536688594380394e-08 204
1726501813747 -1.0728854249464348e-07 205
1726501813797 1.0728854249464348e-07 206
1726501813848 -7.15253918315284e-08 207
1726501813902 -3.5763150663115084e-08 208
1726501813964 -1.1920292308786884e-08 209
1726501814019 2.384149411227554e-08 210
1726501814068 -1.0728808774729259e-07 211
1726501814115 5.960419002803974e-08 212
1726501814163 -4.7683897719252855e-08 213
1726501814211 -4.768344297190197e-08 214
1726501814260 1.1920928955078125e-07 215
1726501814311 -4.7683897719252855e-08 216
1726501814359 -4.768344297190197e-08 217
1726501814409 -2.3841948859626427e-08 218
1726501814458 5.960464477539063e-08 219
1726501814507 -5.960464477539063e-08 220
1726501814559 0.0 221
1726501814610 -2.3841948859626427e-08 222
1726501814664 -5.960464477539063e-08 223
1726501814714 3.5763150663115084e-08 224
1726501814763 -7.152584657887928e-08 225
1726501814812 9.536734069115482e-08 226
1726501814867 -4.7683897719252855e-08 227
1726501814919 2.3841948859626427e-08 228
1726501814977 -1.192074705613777e-08 229
1726501815032 -9.536734069115482e-08 230
1726501815092 5.960487214906607e-08 231
1726501815145 -3.576292328943964e-08 232
1726501815198 -2.3841948859626427e-08 233
1726501815247 7.152561920520384e-08 234
1726501815297 -1.3113026398059446e-07 235
1726501815350 4.768367034557741e-08 236
1726501815402 -2.3841721485950984e-08 237
1726501815455 2.3841948859626427e-08 238
1726501815513 2.3841721485950984e-08 239
1726501815567 0.0 240
1726501815622 3.57626959157642e-08 241
1726501815677 -1.1920974429813214e-08 242
1726501815728 -7.152561920520384e-08 243
1726501815793 -7.15253918315284e-08 244
1726501815849 7.152561920520384e-08 245
1726501815898 -7.152561920520384e-08 246
1726501815948 1.1920928955078125e-07 247
1726501815996 -2.3841948859626427e-08 248
1726501816042 -1.192074705613777e-08 249
1726501816091 -1.0728854249464348e-07 250
1726501816146 4.7683897719252855e-08 251
1726501816197 2.3841835172788706e-08 252
1726501816246 -2.3841948859626427e-08 253
1726501816300 4.768378403241513e-08 254
1726501816350 -2.3841948859626427e-08 255
1726501816402 -7.152550551836612e-08 256
1726501816452 8.344647994817933e-08 257
1726501816501 -3.57626959157642e-08 258
1726501816550 -4.768378403241513e-08 259
1726501816599 4.768367034557741e-08 260
1726501816649 -5.960464477539063e-08 261
1726501816698 5.960475846222835e-08 262
1726501816747 1.1920860742975492e-08 263
1726501816795 -1.1920974429813214e-08 264
1726501816843 -4.768367034557741e-08 265
1726501816893 4.768378403241513e-08 266
1726501816943 -1.1920940323761897e-07 267
1726501816992 1.1920928955078125e-07 268
1726501817040 -4.768367034557741e-08 269
1726501817088 8.344653679159819e-08 270
1726501817136 -8.344653679159819e-08 271
1726501817185 -4.768367034557741e-08 272
1726501817233 4.768372718899627e-08 273
1726501817282 2.3841778329369845e-08 274
1726501817331 3.576280960260192e-08 275
1726501817380 -4.768372718899627e-08 276
1726501817429 -7.152556236178498e-08 277
1726501817478 1.7881393432617188e-07 278
1726501817527 -9.536739753457368e-08 279
1726501817576 -3.576280960260192e-08 280
1726501817626 5.960464477539063e-08 281
1726501817678 -2.3841835172788706e-08 282
1726501817733 -7.152556236178498e-08 283
1726501817786 4.768367034557741e-08 284
1726501817835 -2.3841835172788706e-08 285
1726501817884 2.3841835172788706e-08 286
1726501817933 -3.576275275918306e-08 287
1726501817980 7.152556236178498e-08 288
1726501818029 -2.3841835172788706e-08 289
1726501818077 2.3841835172788706e-08 290
1726501818124 -5.960467319710006e-08 291
1726501818172 1.1920946008103783e-08 292
1726501818221 3.576280960260192e-08 293
1726501818268 2.3841835172788706e-08 294
1726501818318 -7.152556236178498e-08 295
1726501818366 0.0 296
1726501818415 -4.768369876728684e-08 297
1726501818462 5.9604616353681195e-08 298
1726501818510 -5.9604616353681195e-08 299
1726501818559 7.152556236178498e-08 300
1726501818612 0.0 301
1726501818671 7.152557657263969e-08 302
1726501818729 -8.344652258074348e-08 303
1726501818777 3.5762795391747204e-08 304
1726501818823 -2.3841863594498136e-08 305
1726501818870 0.0 306
1726501818918 -2.3841863594498136e-08 307
1726501818966 -1.1920903375539638e-08 308
1726501819013 5.960464477539063e-08 309
1726501819061 7.152556236178498e-08 310
1726501819109 -9.536742595628311e-08 311
1726501819158 0.0 312
1726501819206 0.0 313
1726501819255 2.384184938364342e-08 314
1726501819302 -9.536742595628311e-08 315
1726501819351 2.384184938364342e-08 316
1726501819402 5.960464477539063e-08 317
1726501819452 -3.576278118089249e-08 318
1726501819501 2.3841863594498136e-08 319
1726501819549 -2.3841863594498136e-08 320
1726501819597 -2.3841863594498136e-08 321
1726501819646 9.536744016713783e-08 322
1726501819695 -1.1920928955078125e-07 323
1726501819743 4.768371297814156e-08 324
1726501819791 0.0 325
1726501819839 7.152557657263969e-08 326
1726501819893 -8.34465012644614e-08 327
1726501819942 -1.1920938902676426e-08 328
1726501819991 4.768372718899627e-08 329
1726501820039 -1.4305115314527939e-07 330
1726501820087 1.4305115314527939e-07 331
1726501820136 0.0 332
1726501820185 -2.3841863594498136e-08 333
1726501820233 1.1920931797249068e-08 334
1726501820281 0.0 335
1726501820331 5.960464477539063e-08 336
1726501820379 -9.536743306171047e-08 337
1726501820428 3.5762788286319847e-08 338
1726501820476 0.0 339
1726501820524 0.0 340
1726501820572 -5.960464477539063e-08 341
1726501820619 9.536744016713783e-08 342
1726501820668 0.0 343
1726501820716 -2.3841863594498136e-08 344
1726501820764 2.3841863594498136e-08 345
1726501820812 -4.768372718899627e-08 346
1726501820861 -4.768371297814156e-08 347
1726501820910 7.152557657263969e-08 348
1726501820958 0.0 349
1726501821006 2.3841863594498136e-08 350
1726501821054 -4.768372718899627e-08 351
1726501821103 2.3841863594498136e-08 352
1726501821151 -2.3841863594498136e-08 353
1726501821200 0.0 354
1726501821253 2.3841863594498136e-08 355
1726501821303 0.0 356
1726501821355 -7.152557657263969e-08 357
1726501821406 1.0728835775353218e-07 358
1726501821456 -2.384184938364342e-08 359
1726501821505 -5.960465188081798e-08 360
1726501821554 5.960465188081798e-08 361
1726501821602 -1.1920931797249068e-08 362
1726501821650 -2.3841863594498136e-08 363
