1726235406794 2e-05 0
1726235406834 -0.0020284652709960938 1
1726235406871 -0.03049790859222412 2
1726235406911 0.01644265651702881 3
1726235406948 -0.009895920753479004 4
1726235406986 0.021646738052368164 5
1726235407024 -0.002149343490600586 6
1726235407062 0.00029790401458740234 7
1726235407100 -0.00893557071685791 8
1726235407138 0.011632800102233887 9
1726235407176 0.005818724632263184 10
1726235407215 -0.03165590763092041 11
1726235407252 0.004903197288513184 12
1726235407290 -0.0015714168548583984 13
1726235407329 0.001636505126953125 14
1726235407368 -0.008562922477722168 15
1726235407407 0.014365911483764648 16
1726235407445 -0.02725076675415039 17
1726235407492 0.010570049285888672 18
1726235407534 0.011729001998901367 19
1726235407579 0.01332080364227295 20
1726235407627 -0.0007450580596923828 21
1726235407680 0.008378028869628906 22
1726235407724 0.006110548973083496 23
1726235407764 -0.017673373222351074 24
1726235407803 -0.02034151554107666 25
1726235407841 0.004547476768493652 26
1726235407881 0.002961397171020508 27
1726235407920 -0.018112659454345703 28
1726235407958 -0.0046350955963134766 29
1726235407997 0.023070096969604492 30
1726235408036 0.01293635368347168 31
1726235408076 -0.02457582950592041 32
1726235408114 0.01579105854034424 33
1726235408153 0.005321025848388672 34
1726235408192 -0.004828214645385742 35
1726235408231 -0.017119765281677246 36
1726235408270 0.0036460161209106445 37
1726235408308 0.0004030466079711914 38
1726235408347 0.022443175315856934 39
1726235408387 -0.00014674663543701172 40
1726235408426 -0.008298158645629883 41
1726235408464 0.013614177703857422 42
1726235408503 -0.008884668350219727 43
1726235408541 0.008522629737854004 44
1726235408579 -0.014173746109008789 45
1726235408618 0.005302786827087402 46
1726235408659 -0.0024187564849853516 47
1726235408699 -0.005358576774597168 48
1726235408738 -0.0005245208740234375 49
1726235408776 0.01080322265625 50
1726235408815 -0.0071419477462768555 51
1726235408854 0.021903038024902344 52
1726235408893 -0.001054525375366211 53
1726235408932 -0.012061238288879395 54
1726235408971 0.008048176765441895 55
1726235409010 0.00393068790435791 56
1726235409049 -0.014593839645385742 57
1726235409086 0.0029712915420532227 58
1726235409124 0.004761695861816406 59
1726235409162 -0.006659507751464844 60
1726235409201 0.001904129981994629 61
1726235409238 0.0001544952392578125 62
1726235409277 0.006850600242614746 63
1726235409317 0.006680727005004883 64
1726235409356 -0.00958108901977539 65
1726235409398 -0.0004467964172363281 66
1726235409437 -0.00797581672668457 67
1726235409477 0.01758277416229248 68
1726235409515 0.0018532276153564453 69
1726235409553 -0.01531970500946045 70
1726235409592 -0.00766301155090332 71
1726235409634 0.0046443939208984375 72
1726235409677 0.0033479928970336914 73
1726235409717 0.002150297164916992 74
1726235409754 0.004923820495605469 75
1726235409796 -0.0005857944488525391 76
1726235409838 -0.0026400089263916016 77
1726235409879 0.003798246383666992 78
1726235409924 0.004729866981506348 79
1726235409971 0.00040650367736816406 80
1726235410016 -0.0035958290100097656 81
1726235410056 -0.0012909173965454102 82
1726235410102 0.005860328674316406 83
1726235410153 -0.004008173942565918 84
1726235410207 -0.02785193920135498 85
1726235410248 0.021834850311279297 86
1726235410284 -0.01707935333251953 87
1726235410322 0.0016368627548217773 88
1726235410358 -0.005833268165588379 89
1726235410406 0.010204076766967773 90
1726235410451 0.0022492408752441406 91
1726235410490 0.0026862621307373047 92
1726235410529 -0.01574087142944336 93
1726235410567 0.01526641845703125 94
1726235410607 -0.011025071144104004 95
1726235410646 -0.001832127571105957 96
1726235410686 0.003161191940307617 97
1726235410725 -0.024001598358154297 98
1726235410764 -0.0027923583984375 99
1726235410803 -0.006466507911682129 100
1726235410842 0.0365290641784668 101
1726235410880 0.015340566635131836 102
1726235410919 -0.007124900817871094 103
1726235410964 -0.010735034942626953 104
1726235411002 0.016034960746765137 105
1726235411040 0.008469820022583008 106
1726235411077 -0.008663177490234375 107
1726235411115 -0.009278655052185059 108
1726235411153 0.006271719932556152 109
1726235411193 0.004543423652648926 110
1726235411233 -0.008573651313781738 111
1726235411272 -0.0040215253829956055 112
1726235411311 -0.0007957220077514648 113
1726235411351 0.006064891815185547 114
1726235411390 0.0059278011322021484 115
1726235411430 -0.006136655807495117 116
1726235411468 0.015364766120910645 117
1726235411508 -0.008387446403503418 118
1726235411545 -0.004499316215515137 119
1726235411584 -0.034621238708496094 120
1726235411623 -0.002453923225402832 121
1726235411661 0.024441003799438477 122
1726235411700 0.005988597869873047 123
1726235411739 -0.008188605308532715 124
1726235411778 0.011004328727722168 125
1726235411817 -0.003853440284729004 126
1726235411856 0.005509734153747559 127
1726235411894 -0.013762950897216797 128
1726235411934 0.0049092769622802734 129
1726235411972 0.024304986000061035 130
1726235412011 -0.005029559135437012 131
1726235412050 -0.00017905235290527344 132
1726235412089 -0.015496015548706055 133
1726235412127 -0.0032340288162231445 134
1726235412165 -0.004664063453674316 135
1726235412204 0.01751852035522461 136
1726235412242 0.0035442113876342773 137
1726235412281 -0.0015513896942138672 138
1726235412320 -0.005905508995056152 139
1726235412358 -0.007448315620422363 140
1726235412397 0.010017633438110352 141
1726235412435 -0.008223652839660645 142
1726235412473 0.007725119590759277 143
1726235412512 -0.001421809196472168 144
1726235412551 0.0031594038009643555 145
1726235412589 -0.012969374656677246 146
1726235412627 0.010215401649475098 147
1726235412667 -0.022992253303527832 148
1726235412705 0.0052585601806640625 149
1726235412744 0.003576040267944336 150
1726235412781 0.0003566741943359375 151
1726235412820 -0.01075732707977295 152
1726235412858 -0.0010391473770141602 153
1726235412896 0.021694064140319824 154
1726235412935 0.007747173309326172 155
1726235412974 -0.03849959373474121 156
1726235413011 0.00766146183013916 157
1726235413050 0.02030014991760254 158
1726235413090 0.006917238235473633 159
1726235413130 0.0066149234771728516 160
1726235413181 -0.0003185272216796875 161
1726235413238 0.00716400146484375 162
1726235413289 -0.0007271766662597656 163
1726235413336 -0.010799884796142578 164
1726235413377 -0.015507936477661133 165
1726235413415 0.007569670677185059 166
1726235413454 0.007805228233337402 167
1726235413490 0.010483503341674805 168
1726235413529 -0.001004338264465332 169
1726235413567 0.003784775733947754 170
1726235413610 -0.023610234260559082 171
1726235413651 0.012144207954406738 172
1726235413691 -0.008261919021606445 173
1726235413737 -0.0025701522827148438 174
1726235413776 0.01579427719116211 175
1726235413818 -0.0011553764343261719 176
1726235413865 0.0059021711349487305 177
1726235413915 -0.007124066352844238 178
1726235413955 -0.0021761655807495117 179
1726235413992 0.005736827850341797 180
1726235414029 -0.0008828639984130859 181
1726235414066 -0.0030629634857177734 182
1726235414103 -0.032810330390930176 183
1726235414140 0.01468801498413086 184
1726235414180 -0.013144969940185547 185
1726235414216 -0.0049942731857299805 186
1726235414254 -0.0146559476852417 187
1726235414292 0.015546917915344238 188
1726235414331 0.006533265113830566 189
1726235414368 0.016762256622314453 190
1726235414406 0.010172128677368164 191
1726235414444 -0.0019551515579223633 192
1726235414482 -0.015681862831115723 193
1726235414520 0.021517157554626465 194
1726235414558 -0.00841379165649414 195
1726235414596 0.006081700325012207 196
1726235414635 0.0030100345611572266 197
1726235414673 -0.00969994068145752 198
1726235414711 -0.020212531089782715 199
1726235414754 0.013252854347229004 200
1726235414797 -0.0007280111312866211 201
1726235414838 -0.003116130828857422 202
1726235414883 0.021592140197753906 203
1726235414943 -0.012075424194335938 204
1726235414983 0.008187294006347656 205
1726235415035 0.0032917261123657227 206
1726235415085 -0.00380861759185791 207
1726235415133 -0.01048898696899414 208
1726235415178 0.0023314952850341797 209
1726235415226 0.0014035701751708984 210
1726235415261 -0.012263298034667969 211
1726235415298 0.013801097869873047 212
1726235415335 0.0074530839920043945 213
1726235415373 -0.0023679733276367188 214
1726235415410 -0.010674118995666504 215
1726235415446 0.009688377380371094 216
1726235415482 -0.003497481346130371 217
1726235415519 0.013355135917663574 218
1726235415556 0.0005866289138793945 219
1726235415592 -0.001636505126953125 220
1726235415628 -0.010984420776367188 221
1726235415666 0.010874152183532715 222
1726235415704 -0.009136080741882324 223
1726235415741 -0.010904788970947266 224
1726235415778 0.0007385015487670898 225
1726235415817 -0.0011687278747558594 226
1726235415856 -0.014432072639465332 227
1726235415894 0.009919404983520508 228
1726235415933 0.00845038890838623 229
1726235415972 -0.024272561073303223 230
1726235416010 0.034319400787353516 231
1726235416048 -0.010744214057922363 232
1726235416086 -0.006380200386047363 233
1726235416124 0.0026258230209350586 234
1726235416163 0.011488080024719238 235
1726235416201 -0.01120615005493164 236
1726235416239 -0.0008236169815063477 237
1726235416277 -0.0010519027709960938 238
1726235416316 -0.007779598236083984 239
1726235416355 0.012050867080688477 240
1726235416393 -0.028140544891357422 241
1726235416431 0.024664998054504395 242
1726235416470 -0.008406996726989746 243
1726235416510 -0.011637568473815918 244
1726235416548 0.0230025053024292 245
1726235416585 -0.0029408931732177734 246
1726235416622 -0.019764184951782227 247
1726235416661 0.019048213958740234 248
1726235416700 -0.01006317138671875 249
1726235416738 0.007798671722412109 250
1726235416776 0.004814624786376953 251
1726235416814 -6.699562072753906e-05 252
1726235416851 0.01735544204711914 253
1726235416890 -0.011159300804138184 254
1726235416930 -0.017775654792785645 255
1726235416969 -0.03030228614807129 256
1726235417006 0.019458770751953125 257
1726235417043 0.030182838439941406 258
1726235417081 0.011282920837402344 259
1726235417119 0.00045037269592285156 260
1726235417156 0.00014543533325195312 261
1726235417194 -0.006494879722595215 262
1726235417233 0.0050449371337890625 263
1726235417271 -0.025065064430236816 264
1726235417308 -0.01447606086730957 265
1726235417345 -0.003115057945251465 266
1726235417383 0.021199822425842285 267
1726235417422 0.00578761100769043 268
1726235417464 0.0030325651168823242 269
1726235417504 0.007121086120605469 270
1726235417543 -0.014632701873779297 271
1726235417581 0.005202174186706543 272
1726235417618 -0.009618163108825684 273
1726235417656 0.012584567070007324 274
1726235417695 0.007264614105224609 275
1726235417733 -0.002265453338623047 276
1726235417771 -0.0009621381759643555 277
1726235417809 0.00334322452545166 278
1726235417847 -0.007883310317993164 279
1726235417885 -0.008730649948120117 280
1726235417923 0.007781624794006348 281
1726235417961 -0.002348184585571289 282
1726235417999 -0.0007315874099731445 283
1726235418037 -0.011918306350708008 284
1726235418074 0.02241384983062744 285
1726235418112 -0.00495755672454834 286
1726235418149 0.0035185813903808594 287
1726235418190 -0.0014783143997192383 288
1726235418228 0.008883833885192871 289
1726235418266 0.0016880035400390625 290
1726235418305 -0.005242824554443359 291
1726235418343 -0.012792348861694336 292
1726235418380 0.0011038780212402344 293
1726235418419 0.01692807674407959 294
1726235418458 -0.01109778881072998 295
1726235418496 0.006402015686035156 296
1726235418533 -0.002589106559753418 297
1726235418570 0.0073451995849609375 298
1726235418607 -0.00812685489654541 299
1726235418646 0.006495237350463867 300
1726235418683 -0.010115861892700195 301
1726235418721 -0.002609729766845703 302
1726235418759 -0.0014133453369140625 303
1726235418797 0.002409219741821289 304
1726235418834 0.0002512931823730469 305
1726235418872 -0.013481378555297852 306
1726235418911 -0.013345956802368164 307
1726235418949 0.01164257526397705 308
1726235418987 0.0009206533432006836 309
1726235419024 -0.0006922483444213867 310
1726235419061 -0.01604139804840088 311
1726235419100 0.010444879531860352 312
1726235419136 0.006127357482910156 313
1726235419174 0.01671433448791504 314
1726235419213 -0.022727251052856445 315
1726235419252 -0.0012979507446289062 316
1726235419289 0.019140958786010742 317
1726235419326 -0.001611948013305664 318
1726235419364 0.009585142135620117 319
1726235419403 -0.0010124444961547852 320
1726235419440 -0.006266951560974121 321
1726235419479 0.0077784061431884766 322
1726235419517 0.0012862682342529297 323
1726235419555 -0.010536551475524902 324
1726235419591 0.007803440093994141 325
1726235419629 -0.01048433780670166 326
1726235419667 -0.018462777137756348 327
1726235419706 0.018163442611694336 328
1726235419742 -0.02642512321472168 329
1726235419780 -0.01093757152557373 330
1726235419818 0.025032997131347656 331
1726235419858 0.01611006259918213 332
1726235419901 -0.0037080049514770508 333
1726235419941 -0.0044814348220825195 334
1726235419981 0.0111008882522583 335
1726235420020 0.0041866302490234375 336
1726235420059 -0.006207942962646484 337
1726235420097 0.012060165405273438 338
1726235420136 -0.0029840469360351562 339
1726235420174 -0.016162872314453125 340
1726235420212 0.004212617874145508 341
1726235420250 0.0003561973571777344 342
1726235420289 0.002248048782348633 343
1726235420326 -0.014012813568115234 344
1726235420364 -0.016658306121826172 345
1726235420402 0.02403879165649414 346
1726235420442 0.014297008514404297 347
1726235420479 -0.01666700839996338 348
1726235420516 -0.0021903514862060547 349
1726235420553 0.0015876293182373047 350
1726235420591 0.005565047264099121 351
1726235420629 -0.009504318237304688 352
1726235420667 -0.004200339317321777 353
1726235420704 0.013755202293395996 354
1726235420743 -0.013036251068115234 355
1726235420781 0.008372068405151367 356
1726235420819 0.012763500213623047 357
1726235420857 -0.006757259368896484 358
1726235420895 0.006182193756103516 359
1726235420934 0.005179405212402344 360
1726235420972 -0.030248403549194336 361
1726235421010 0.02987504005432129 362
1726235421047 -0.0017597675323486328 363
1726235421086 -0.021718740463256836 364
1726235421123 0.010737061500549316 365
1726235421163 0.012817144393920898 366
1726235421202 -0.019615769386291504 367
1726235421241 -0.009413480758666992 368
1726235421279 0.006579279899597168 369
1726235421317 0.022549986839294434 370
1726235421355 -0.00679934024810791 371
1726235421393 -0.001034379005432129 372
1726235421431 -0.004269599914550781 373
1726235421469 0.005978822708129883 374
1726235421507 -0.004575967788696289 375
1726235421545 0.005518436431884766 376
1726235421582 0.006908297538757324 377
1726235421620 -0.0024014711380004883 378
1726235421658 -0.01109766960144043 379
1726235421697 0.011138677597045898 380
1726235421734 0.0029746294021606445 381
1726235421773 0.00023424625396728516 382
1726235421811 0.0030999183654785156 383
1726235421850 -0.0016629695892333984 384
1726235421888 -0.029702425003051758 385
1726235421925 0.01987624168395996 386
1726235421964 -0.03121328353881836 387
1726235422002 -0.0001881122589111328 388
1726235422040 0.014350295066833496 389
1726235422078 0.011350035667419434 390
1726235422116 0.014017343521118164 391
1726235422154 -0.010565519332885742 392
1726235422191 0.005361080169677734 393
1726235422230 -0.00746607780456543 394
1726235422268 -0.013492465019226074 395
1726235422307 -0.03164780139923096 396
1726235422346 0.013857841491699219 397
1726235422389 0.025499343872070312 398
1726235422429 -0.01178586483001709 399
1726235422468 0.01647818088531494 400
1726235422506 0.012204527854919434 401
1726235422545 -0.001364588737487793 402
1726235422584 -0.010869264602661133 403
1726235422622 0.0003867149353027344 404
1726235422660 -0.02050161361694336 405
1726235422699 -0.028241634368896484 406
1726235422737 0.029307842254638672 407
1726235422775 -0.010054469108581543 408
1726235422813 0.0069620609283447266 409
1726235422851 0.01825547218322754 410
1726235422890 0.011383891105651855 411
1726235422928 0.0014257431030273438 412
1726235422966 -0.0075457096099853516 413
1726235423005 0.010566115379333496 414
1726235423043 -0.0039473772048950195 415
1726235423081 0.0013861656188964844 416
1726235423118 -0.015073180198669434 417
1726235423157 -0.00035822391510009766 418
1726235423195 0.018964052200317383 419
1726235423233 -0.005154013633728027 420
1726235423272 0.006571412086486816 421
1726235423309 0.0026944875717163086 422
1726235423348 -0.01034390926361084 423
1726235423385 0.008376240730285645 424
1726235423423 -0.018440842628479004 425
1726235423461 -0.004502415657043457 426
1726235423500 0.01484990119934082 427
1726235423538 0.0036565065383911133 428
1726235423575 -0.006338357925415039 429
1726235423612 -0.0028111934661865234 430
1726235423650 -0.012888789176940918 431
1726235423688 0.0049893856048583984 432
1726235423729 0.0065021514892578125 433
1726235423768 -0.02818453311920166 434
1726235423805 0.023102641105651855 435
1726235423843 -0.013393282890319824 436
1726235423881 -0.003992915153503418 437
1726235423920 0.005893588066101074 438
1726235423958 -0.014311432838439941 439
1726235423995 -0.0010347366333007812 440
1726235424033 0.01201784610748291 441
1726235424070 0.029642462730407715 442
1726235424109 0.0025420188903808594 443
1726235424145 5.3048133850097656e-05 444
1726235424184 -0.018558979034423828 445
1726235424222 0.0012118816375732422 446
1726235424262 -0.008339166641235352 447
1726235424298 0.014621734619140625 448
1726235424336 0.011899232864379883 449
1726235424374 -0.0061397552490234375 450
1726235424412 -0.007433891296386719 451
1726235424450 -0.014054298400878906 452
1726235424487 0.021414518356323242 453
1726235424525 -0.0003587007522583008 454
1726235424564 -0.004441380500793457 455
1726235424601 -0.01936197280883789 456
1726235424638 0.006625175476074219 457
1726235424675 0.02488124370574951 458
1726235424714 -0.0035805702209472656 459
1726235424752 -0.006416678428649902 460
1726235424789 -0.004832267761230469 461
1726235424827 0.015930533409118652 462
1726235424865 0.0006756782531738281 463
1726235424904 -0.009505629539489746 464
1726235424941 0.009476661682128906 465
1726235424981 -0.014789104461669922 466
1726235425023 0.01009523868560791 467
1726235425065 -0.005062699317932129 468
1726235425106 -0.0031473636627197266 469
1726235425151 0.00880134105682373 470
1726235425197 0.008023738861083984 471
1726235425240 -0.008180022239685059 472
1726235425279 -0.015075445175170898 473
1726235425321 -0.015200376510620117 474
1726235425370 -0.0005832910537719727 475
1726235425408 0.00822436809539795 476
1726235425450 0.007039070129394531 477
1726235425487 0.0004221200942993164 478
1726235425524 0.006678462028503418 479
1726235425561 -0.020017266273498535 480
1726235425599 0.019218802452087402 481
1726235425636 -0.02555537223815918 482
1726235425674 -0.015091180801391602 483
1726235425711 -0.024849414825439453 484
1726235425750 0.041080355644226074 485
1726235425787 0.008498668670654297 486
1726235425826 -0.015003085136413574 487
1726235425871 -0.01003575325012207 488
1726235425911 0.00802302360534668 489
1726235425952 0.03017401695251465 490
1726235425994 0.01581895351409912 491
1726235426034 -0.005687594413757324 492
1726235426079 -0.0007134675979614258 493
1726235426118 -0.00024878978729248047 494
1726235426160 -2.8371810913085938e-05 495
1726235426205 -0.00790393352508545 496
1726235426253 0.007029533386230469 497
1726235426293 -0.0055838823318481445 498
1726235426332 -0.01651597023010254 499
1726235426368 0.027825117111206055 500
1726235426403 0.005057096481323242 501
1726235426440 -0.008262157440185547 502
1726235426476 -0.02439713478088379 503
1726235426513 0.0028543472290039062 504
1726235426550 -0.011653780937194824 505
1726235426586 -0.0029331445693969727 506
1726235426623 0.0025272369384765625 507
1726235426660 -0.005532503128051758 508
1726235426698 -0.001003265380859375 509
1726235426735 -0.0010654926300048828 510
1726235426772 -0.0009826421737670898 511
1726235426809 -0.0013262033462524414 512
1726235426848 -0.0021550655364990234 513
1726235426888 -0.0016307830810546875 514
1726235426928 -0.0002537965774536133 515
1726235426969 0.01803112030029297 516
1726235427021 0.02126896381378174 517
1726235427057 -0.003916621208190918 518
1726235427093 -0.003060460090637207 519
1726235427131 0.006159782409667969 520
1726235427167 0.00972282886505127 521
1726235427204 -0.0026082992553710938 522
1726235427242 0.004340410232543945 523
1726235427280 0.0007950067520141602 524
1726235427316 -0.011113524436950684 525
1726235427354 0.0013567209243774414 526
1726235427391 0.0019031763076782227 527
1726235427429 -0.006430625915527344 528
1726235427466 0.016050219535827637 529
1726235427504 -0.0186920166015625 530
1726235427542 0.015999555587768555 531
1726235427580 -0.0003503561019897461 532
1726235427617 -0.00701451301574707 533
1726235427654 -0.0014077425003051758 534
1726235427692 0.006241917610168457 535
1726235427731 -0.0029033422470092773 536
1726235427768 0.006421804428100586 537
1726235427805 -0.006318449974060059 538
1726235427844 0.0012205839157104492 539
1726235427882 0.0017189979553222656 540
1726235427930 0.0008513927459716797 541
1726235427995 -0.0010030269622802734 542
1726235428030 -0.0010162591934204102 543
1726235428067 -0.031407952308654785 544
1726235428104 -0.00024819374084472656 545
1726235428140 0.013177275657653809 546
1726235428177 -0.0015082359313964844 547
1726235428215 -0.0021750926971435547 548
1726235428253 -0.017762422561645508 549
1726235428291 -0.009006142616271973 550
1726235428328 0.008237361907958984 551
1726235428365 -0.002039670944213867 552
1726235428403 0.025183439254760742 553
1726235428441 0.019184589385986328 554
1726235428479 -0.006656646728515625 555
1726235428516 0.011335611343383789 556
1726235428554 -0.005033254623413086 557
1726235428592 -0.0038983821868896484 558
1726235428629 -0.004693269729614258 559
1726235428668 -0.0004477500915527344 560
1726235428706 0.004646182060241699 561
1726235428745 0.004825711250305176 562
1726235428782 -0.006048440933227539 563
1726235428820 -0.0027170181274414062 564
1726235428859 0.007980585098266602 565
1726235428898 0.007277727127075195 566
1726235428935 -0.012513399124145508 567
1726235428974 -0.002010822296142578 568
1726235429012 -0.010483503341674805 569
1726235429050 0.005051851272583008 570
1726235429087 -0.00011992454528808594 571
1726235429125 -0.0011216402053833008 572
1726235429163 -0.001353621482849121 573
1726235429202 0.0012189149856567383 574
1726235429239 0.002827882766723633 575
1726235429278 -0.009643912315368652 576
1726235429316 -0.0018211603164672852 577
1726235429354 0.004204511642456055 578
1726235429392 0.009111166000366211 579
1726235429433 -0.010551214218139648 580
1726235429475 -0.015624761581420898 581
1726235429515 0.02850508689880371 582
1726235429563 -0.0001342296600341797 583
1726235429610 0.001733541488647461 584
1726235429649 -0.003567337989807129 585
1726235429692 -0.004531383514404297 586
1726235429731 -0.020745515823364258 587
1726235429769 0.012133121490478516 588
1726235429805 0.0033049583435058594 589
1726235429848 -0.011761665344238281 590
1726235429889 0.0002237558364868164 591
1726235429928 -0.0007852315902709961 592
1726235429968 -0.0007028579711914062 593
1726235430006 -0.00030040740966796875 594
1726235430044 -0.004745006561279297 595
1726235430082 -0.004409074783325195 596
1726235430126 0.01976466178894043 597
1726235430166 -0.005786538124084473 598
1726235430218 -0.002939462661743164 599
1726235430261 -0.0021358728408813477 600
1726235430299 0.010618925094604492 601
1726235430336 -0.0035102367401123047 602
1726235430374 0.009000539779663086 603
1726235430411 -0.009871959686279297 604
1726235430450 -0.0007843971252441406 605
1726235430489 -0.0007948875427246094 606
1726235430527 0.019045591354370117 607
1726235430565 0.0015091896057128906 608
1726235430602 -3.4570693969726562e-06 609
1726235430640 0.004156231880187988 610
1726235430678 -0.004182934761047363 611
1726235430716 -0.008993148803710938 612
1726235430755 0.0053359270095825195 613
1726235430793 -0.001806020736694336 614
1726235430832 0.0029320716857910156 615
1726235430869 -0.0069473981857299805 616
1726235430910 -0.011444568634033203 617
1726235430951 0.0053719282150268555 618
1726235430992 -0.017438411712646484 619
1726235431037 -0.0012031793594360352 620
1726235431091 0.022150397300720215 621
1726235431142 0.0019304752349853516 622
1726235431180 -0.0040395259857177734 623
1726235431220 -0.005426764488220215 624
1726235431272 0.0032461881637573242 625
1726235431316 0.013021230697631836 626
1726235431371 -7.867813110351562e-05 627
1726235431426 -0.004463076591491699 628
1726235431476 -0.004774212837219238 629
1726235431526 -0.0004011392593383789 630
1726235431566 0.02284419536590576 631
1726235431602 -0.004645109176635742 632
1726235431639 -0.014348149299621582 633
1726235431676 0.0015058517456054688 634
1726235431713 -0.005778193473815918 635
1726235431752 0.0019237995147705078 636
1726235431789 0.014975190162658691 637
1726235431825 0.010953307151794434 638
1726235431863 -0.004699110984802246 639
1726235431900 -0.0011528730392456055 640
1726235431938 0.002897977828979492 641
1726235431975 -0.010066866874694824 642
1726235432013 0.005638003349304199 643
1726235432049 0.004552125930786133 644
1726235432087 0.0060040950775146484 645
1726235432125 -1.3232231140136719e-05 646
1726235432163 -0.01572740077972412 647
1726235432200 0.004378795623779297 648
1726235432238 -0.005488872528076172 649
1726235432274 -0.029689550399780273 650
1726235432312 -0.0011703968048095703 651
1726235432349 -0.02389240264892578 652
1726235432387 -5.936622619628906e-05 653
1726235432424 -6.103515625e-05 654
1726235432461 0.0005390644073486328 655
1726235432499 -4.029273986816406e-05 656
1726235432536 0.02003335952758789 657
1726235432573 -0.01443171501159668 658
1726235432610 0.01525425910949707 659
1726235432648 -0.006571412086486816 660
1726235432685 -0.009706616401672363 661
1726235432723 -0.0023713111877441406 662
1726235432761 -4.0531158447265625e-05 663
1726235432799 -4.220008850097656e-05 664
1726235432837 -4.4345855712890625e-05 665
1726235432875 -4.601478576660156e-05 666
1726235432912 -4.8160552978515625e-05 667
1726235432950 -5.0067901611328125e-05 668
1726235432988 -5.257129669189453e-05 669
1726235433027 -3.6716461181640625e-05 670
1726235433064 -0.001832723617553711 671
1726235433103 -4.184246063232422e-05 672
1726235433141 -4.315376281738281e-05 673
1726235433180 -4.506111145019531e-05 674
1726235433218 -4.6253204345703125e-05 675
1726235433256 -4.8041343688964844e-05 676
1726235433295 -4.9948692321777344e-05 677
1726235433334 -5.14984130859375e-05 678
1726235433371 -5.340576171875e-05 679
1726235433409 -5.53131103515625e-05 680
1726235433447 0.017907142639160156 681
1726235433486 -0.010109663009643555 682
1726235433523 -0.004318714141845703 683
1726235433561 0.004781484603881836 684
1726235433599 -0.0006369352340698242 685
1726235433637 -0.008394837379455566 686
1726235433674 -0.0001995563507080078 687
1726235433712 0.0015361309051513672 688
1726235433750 0.011995792388916016 689
1726235433789 -0.024566650390625 690
1726235433828 -0.004953861236572266 691
1726235433866 -0.0013337135314941406 692
1726235433905 -0.00026154518127441406 693
1726235433943 -0.000263214111328125 694
1726235433981 -0.00026535987854003906 695
1726235434019 0.0018947124481201172 696
1726235434058 -0.0015444755554199219 697
1726235434097 -0.0003789663314819336 698
1726235434134 -0.0003815889358520508 699
1726235434172 -0.0003845691680908203 700
1726235434210 -0.0003871917724609375 701
1726235434248 -0.00038993358612060547 702
1726235434285 -0.0003927946090698242 703
1726235434323 0.04146599769592285 704
1726235434360 -0.0030257701873779297 705
1726235434399 -0.004567146301269531 706
1726235434436 -0.0046885013580322266 707
1726235434474 -0.005960226058959961 708
1726235434513 -2.9087066650390625e-05 709
1726235434552 -2.9802322387695312e-05 710
1726235434589 -3.0279159545898438e-05 711
1726235434626 -3.123283386230469e-05 712
1726235434664 -3.1948089599609375e-05 713
1726235434703 0.014702558517456055 714
1726235434741 -0.0034238100051879883 715
1726235434780 -0.0043048858642578125 716
1726235434818 -0.0071430206298828125 717
1726235434856 -0.0015773773193359375 718
1726235434893 -0.0017219781875610352 719
1726235434933 -0.0019083023071289062 720
1726235434975 -0.0021594762802124023 721
1726235435013 -0.0025238990783691406 722
1726235435051 -0.0031241178512573242 723
1726235435089 -0.00446009635925293 724
1726235435128 -0.0024385452270507812 725
1726235435165 -0.00019299983978271484 726
1726235435205 -0.00019490718841552734 727
1726235435248 -0.0001971721649169922 728
1726235435288 -0.0001990795135498047 729
1726235435328 -0.0002014636993408203 730
1726235435380 -0.00020372867584228516 731
1726235435421 -0.00020599365234375 732
1726235435461 -0.00020825862884521484 733
1726235435499 -0.00021076202392578125 734
1726235435537 -0.00021338462829589844 735
1726235435574 -0.00021576881408691406 736
1726235435612 -0.00021839141845703125 737
1726235435649 -0.00022101402282714844 738
1726235435688 -0.0002237558364868164 739
1726235435726 -0.00022661685943603516 740
1726235435765 -0.00022935867309570312 741
1726235435803 -0.00023221969604492188 742
1726235435841 -0.0002353191375732422 743
1726235435879 -0.0002384185791015625 744
1726235435917 0.0015680789947509766 745
1726235435954 -0.004747867584228516 746
1726235435993 -0.0020635128021240234 747
1726235436031 -0.0003361701965332031 748
1726235436069 -0.000339508056640625 749
1726235436106 -0.0003426074981689453 750
1726235436145 -0.0003457069396972656 751
1726235436183 -0.0001876354217529297 752
1726235436222 0.0 753
