1726434698045 1.2983763217926025 0
1726434698103 1.352975606918335 1
1726434698166 0.9150037169456482 2
1726434698240 1.1973130702972412 3
1726434698301 1.4090275764465332 4
1726434698357 1.5326519012451172 5
1726434698415 1.5846043825149536 6
1726434698470 1.5781593322753906 7
1726434698540 1.4915833473205566 8
1726434698598 1.2744035720825195 9
1726434698651 1.314320683479309 10
1726434698708 1.433463454246521 11
1726434698764 1.4899413585662842 12
1726434698818 1.2238467931747437 13
1726434698872 1.349812626838684 14
1726434698925 1.3262323141098022 15
1726434698979 1.06400465965271 16
1726434699033 0.9121378064155579 17
1726434699084 1.0110783576965332 18
1726434699137 1.2878761291503906 19
1726434699191 1.0055655241012573 20
1726434699262 0.9221423864364624 21
1726434699316 1.1598318815231323 22
1726434699372 1.488666296005249 23
1726434699428 1.5215849876403809 24
1726434699484 1.4045367240905762 25
1726434699538 1.2334049940109253 26
1726434699594 1.3711377382278442 27
1726434699648 1.5352380275726318 28
1726434699706 1.5457210540771484 29
1726434699770 1.539492130279541 30
1726434699835 1.5173335075378418 31
1726434699888 1.5282151699066162 32
1726434699953 1.5268396139144897 33
1726434700016 1.5698522329330444 34
1726434700074 1.4230008125305176 35
1726434700133 1.4507536888122559 36
1726434700185 1.5634652376174927 37
1726434700239 1.514134168624878 38
1726434700287 1.4394346475601196 39
1726434700335 1.473833441734314 40
1726434700383 1.5652832984924316 41
1726434700429 1.5749481916427612 42
1726434700485 1.5513451099395752 43
1726434700536 1.5191571712493896 44
1726434700586 1.518608570098877 45
1726434700632 1.4377405643463135 46
1726434700679 1.4698336124420166 47
1726434700726 1.3044037818908691 48
1726434700778 1.4997117519378662 49
1726434700826 1.4355491399765015 50
1726434700873 1.4834649562835693 51
1726434700928 1.2928426265716553 52
1726434700979 1.2082945108413696 53
1726434701033 1.3987873792648315 54
1726434701080 1.492456316947937 55
1726434701129 1.350892186164856 56
1726434701173 1.337038516998291 57
1726434701217 1.4748787879943848 58
1726434701260 1.5273869037628174 59
1726434701306 1.5429227352142334 60
1726434701365 1.4319345951080322 61
1726434701418 1.5296111106872559 62
1726434701466 1.552331566810608 63
1726434701522 1.5745952129364014 64
1726434701570 1.4997491836547852 65
1726434701624 1.465140700340271 66
1726434701667 1.503075361251831 67
1726434701709 1.5614292621612549 68
1726434701751 1.4959633350372314 69
1726434701796 1.4568660259246826 70
1726434701838 1.348219633102417 71
1726434701881 1.4109668731689453 72
1726434701922 1.539748191833496 73
1726434701965 1.327575445175171 74
1726434702008 1.193402886390686 75
1726434702056 1.0066046714782715 76
1726434702101 1.0991393327713013 77
1726434702143 0.9273715019226074 78
1726434702187 1.470458984375 79
1726434702229 1.0956038236618042 80
1726434702272 0.9557825326919556 81
1726434702315 1.1994224786758423 82
1726434702358 1.3923932313919067 83
1726434702401 1.502703070640564 84
1726434702444 1.5497794151306152 85
1726434702496 1.4246457815170288 86
1726434702541 1.4299427270889282 87
1726434702588 1.5493487119674683 88
1726434702631 1.4730242490768433 89
1726434702675 1.5401972532272339 90
1726434702719 1.1975404024124146 91
1726434702768 0.9135186076164246 92
1726434702811 1.4453885555267334 93
1726434702856 1.4391052722930908 94
1726434702903 1.4579955339431763 95
1726434702952 1.5774555206298828 96
1726434702997 1.3906710147857666 97
1726434703048 1.510846495628357 98
1726434703092 1.5657466650009155 99
1726434703138 1.4819802045822144 100
1726434703183 1.1595194339752197 101
1726434703234 1.3953828811645508 102
1726434703278 1.4846888780593872 103
1726434703325 1.4771997928619385 104
1726434703374 1.342515230178833 105
1726434703421 1.4783666133880615 106
1726434703466 1.1772644519805908 107
1726434703514 1.3814144134521484 108
1726434703566 1.570751428604126 109
1726434703609 1.5189094543457031 110
1726434703653 1.4717929363250732 111
1726434703709 1.3844847679138184 112
1726434703769 1.3500903844833374 113
1726434703825 1.2589712142944336 114
1726434703875 1.303506851196289 115
1726434703928 1.3344804048538208 116
1726434703979 1.2749954462051392 117
1726434704041 1.0682125091552734 118
1726434704114 1.001304268836975 119
1726434704172 1.1533000469207764 120
1726434704229 1.556791067123413 121
1726434704286 1.564054250717163 122
1726434704342 1.5733213424682617 123
1726434704401 1.4983857870101929 124
1726434704467 1.4967811107635498 125
1726434704535 1.4636417627334595 126
1726434704609 1.5292153358459473 127
1726434704669 1.5597076416015625 128
1726434704744 1.5098276138305664 129
1726434704820 1.4436228275299072 130
1726434704903 1.3762174844741821 131
1726434704974 0.9637035131454468 132
1726434705052 1.256809949874878 133
1726434705117 1.5448367595672607 134
1726434705182 1.5816056728363037 135
1726434705240 1.4588412046432495 136
1726434705296 1.4357832670211792 137
1726434705362 1.4346388578414917 138
1726434705426 1.366180658340454 139
1726434705482 1.3612275123596191 140
1726434705537 1.5266098976135254 141
1726434705593 1.5548263788223267 142
1726434705648 1.5071187019348145 143
1726434705722 1.4749659299850464 144
1726434705800 1.1208300590515137 145
1726434705867 1.3663363456726074 146
1726434705937 1.497399091720581 147
1726434706005 1.5820432901382446 148
1726434706071 1.5259857177734375 149
1726434706138 1.461952567100525 150
1726434706207 1.5276870727539062 151
1726434706270 1.4496450424194336 152
1726434706335 1.567351222038269 153
1726434706394 1.5536653995513916 154
1726434706444 1.5565210580825806 155
1726434706492 1.487709879875183 156
1726434706548 1.493335485458374 157
1726434706609 1.4271692037582397 158
1726434706666 1.4429435729980469 159
1726434706720 1.454447865486145 160
1726434706769 1.5463504791259766 161
1726434706819 1.5504939556121826 162
1726434706867 1.496720552444458 163
1726434706922 1.4797148704528809 164
1726434706971 1.5509146451950073 165
1726434707025 1.5447494983673096 166
1726434707086 1.5312398672103882 167
1726434707144 1.564661979675293 168
1726434707207 1.5682549476623535 169
1726434707263 1.5548338890075684 170
1726434707327 1.5207812786102295 171
1726434707392 1.516461730003357 172
1726434707435 1.430927038192749 173
1726434707483 1.2204976081848145 174
1726434707528 1.294706106185913 175
1726434707570 1.4253208637237549 176
1726434707613 1.5510308742523193 177
1726434707655 1.5711793899536133 178
1726434707696 1.567241907119751 179
1726434707743 1.5700862407684326 180
1726434707788 1.491949200630188 181
1726434707835 1.4682540893554688 182
1726434707877 1.4803032875061035 183
1726434707922 1.4264037609100342 184
1726434707964 1.470487117767334 185
1726434708007 1.5722137689590454 186
1726434708050 1.2100176811218262 187
1726434708092 1.4648555517196655 188
1726434708139 1.5733332633972168 189
1726434708189 1.5777926445007324 190
1726434708252 1.5821142196655273 191
1726434708298 1.577774167060852 192
1726434708345 1.5506842136383057 193
1726434708391 1.508878469467163 194
1726434708454 1.5157480239868164 195
1726434708506 1.5491156578063965 196
1726434708552 1.5690393447875977 197
1726434708594 1.568416714668274 198
1726434708635 1.4638409614562988 199
1726434708676 1.3692970275878906 200
1726434708718 1.487154483795166 201
1726434708760 1.5502500534057617 202
1726434708801 1.5831003189086914 203
1726434708844 1.4744620323181152 204
1726434708886 1.5818369388580322 205
1726434708930 1.5763368606567383 206
1726434708972 1.5607011318206787 207
1726434709015 1.5062265396118164 208
1726434709058 1.3964731693267822 209
1726434709100 1.4668865203857422 210
1726434709142 1.4151105880737305 211
1726434709185 1.4998365640640259 212
1726434709227 1.2371034622192383 213
1726434709270 1.506749153137207 214
1726434709312 1.5319750308990479 215
1726434709353 1.5063124895095825 216
1726434709396 1.3596279621124268 217
1726434709439 1.5229785442352295 218
1726434709489 1.459102749824524 219
1726434709542 1.5587552785873413 220
1726434709591 1.5293307304382324 221
1726434709643 1.421271800994873 222
1726434709695 1.4673166275024414 223
1726434709752 1.5114245414733887 224
1726434709809 1.4912207126617432 225
1726434709866 1.4749820232391357 226
1726434709925 1.4595742225646973 227
1726434709984 1.3152865171432495 228
1726434710046 1.5599262714385986 229
1726434710130 1.551804780960083 230
1726434710209 1.3805088996887207 231
1726434710285 1.5620224475860596 232
1726434710382 1.4034066200256348 233
1726434710476 1.2939954996109009 234
1726434710566 1.4197475910186768 235
1726434710656 1.5345962047576904 236
1726434710718 1.3716895580291748 237
1726434710801 1.3111883401870728 238
1726434710892 1.1336289644241333 239
1726434710960 1.3039603233337402 240
1726434711021 1.2331525087356567 241
1726434711094 1.2117661237716675 242
1726434711172 1.230332612991333 243
1726434711246 1.5329927206039429 244
1726434711308 1.5499063730239868 245
1726434711358 1.5310351848602295 246
1726434711409 1.3732801675796509 247
1726434711468 1.370562195777893 248
1726434711526 1.2730226516723633 249
1726434711598 1.255857229232788 250
1726434711659 1.1734881401062012 251
1726434711719 1.3768147230148315 252
1726434711780 1.5615711212158203 253
1726434711839 1.363611102104187 254
1726434711898 1.5360084772109985 255
1726434711955 1.531882405281067 256
1726434712013 1.560025930404663 257
1726434712072 1.4662470817565918 258
1726434712133 1.4934552907943726 259
1726434712194 1.2516684532165527 260
1726434712261 1.127947211265564 261
1726434712325 1.1438920497894287 262
1726434712388 1.0212589502334595 263
1726434712450 1.1205251216888428 264
1726434712519 1.3383387327194214 265
1726434712598 1.5284452438354492 266
1726434712683 1.4064812660217285 267
1726434712764 1.497939109802246 268
1726434712824 1.4408621788024902 269
1726434712896 1.5451390743255615 270
1726434712966 1.4678258895874023 271
1726434713036 1.478156328201294 272
1726434713098 1.5595910549163818 273
1726434713157 1.5256884098052979 274
1726434713214 1.419480800628662 275
1726434713272 1.1688705682754517 276
1726434713334 1.2185449600219727 277
1726434713410 1.422731637954712 278
1726434713486 1.533074975013733 279
1726434713561 1.5468597412109375 280
1726434713635 1.49131178855896 281
1726434713691 1.401538610458374 282
1726434713746 1.4278717041015625 283
1726434713799 1.3071242570877075 284
1726434713851 1.2607868909835815 285
1726434713911 1.506718635559082 286
1726434713965 1.5320255756378174 287
1726434714040 1.382680892944336 288
1726434714112 1.5094820261001587 289
1726434714184 1.5339704751968384 290
1726434714240 1.5831162929534912 291
1726434714294 1.582167387008667 292
1726434714348 1.4602453708648682 293
1726434714421 1.3500008583068848 294
1726434714494 1.45536208152771 295
1726434714565 1.5681493282318115 296
1726434714637 1.528935194015503 297
1726434714704 1.5357545614242554 298
1726434714755 1.5334348678588867 299
1726434714820 1.485572099685669 300
1726434714880 1.5196038484573364 301
1726434714940 1.5203794240951538 302
1726434714992 1.272174596786499 303
1726434715043 1.2588695287704468 304
1726434715096 1.4883395433425903 305
1726434715148 1.549067497253418 306
1726434715220 1.5834397077560425 307
1726434715290 1.562479019165039 308
1726434715353 1.5420546531677246 309
1726434715415 1.5793612003326416 310
1726434715468 1.5623550415039062 311
1726434715521 1.5741190910339355 312
1726434715575 1.5579428672790527 313
1726434715628 1.5846400260925293 314
1726434715682 1.5653440952301025 315
1726434715742 1.547194480895996 316
1726434715795 1.5406649112701416 317
1726434715859 1.5714530944824219 318
1726434715938 1.5361123085021973 319
1726434716019 1.4592037200927734 320
1726434716074 1.4297823905944824 321
1726434716142 1.3262605667114258 322
1726434716220 1.291022777557373 323
1726434716287 1.1213970184326172 324
1726434716337 1.342449426651001 325
1726434716385 1.5786925554275513 326
1726434716432 1.5793087482452393 327
1726434716477 1.5773916244506836 328
1726434716522 1.5788109302520752 329
1726434716567 1.521200180053711 330
1726434716612 1.5351194143295288 331
1726434716655 1.523735523223877 332
1726434716698 1.5054261684417725 333
1726434716741 1.4899816513061523 334
1726434716784 1.5205702781677246 335
1726434716827 1.4626314640045166 336
1726434716870 1.5438563823699951 337
1726434716916 1.5605831146240234 338
1726434716959 1.5028146505355835 339
1726434717003 1.2463352680206299 340
1726434717047 1.193785548210144 341
1726434717090 1.268580675125122 342
1726434717132 1.4070813655853271 343
1726434717174 1.505526065826416 344
1726434717217 1.5384271144866943 345
1726434717259 1.5832821130752563 346
1726434717302 1.4723968505859375 347
1726434717346 1.552107810974121 348
1726434717388 1.5451576709747314 349
1726434717431 1.3414000272750854 350
1726434717473 1.4515790939331055 351
1726434717516 1.5836851596832275 352
1726434717558 1.5090365409851074 353
1726434717600 1.5738428831100464 354
1726434717643 1.5080896615982056 355
1726434717684 1.5340685844421387 356
1726434717726 1.52132248878479 357
1726434717768 1.573407769203186 358
1726434717810 1.565272569656372 359
1726434717853 1.5795326232910156 360
1726434717896 1.5824055671691895 361
1726434717940 1.550266146659851 362
1726434717982 1.5275955200195312 363
1726434718024 1.4811058044433594 364
1726434718067 1.573643684387207 365
1726434718110 1.5710816383361816 366
1726434718155 1.566173791885376 367
1726434718197 1.573596715927124 368
1726434718239 1.5600860118865967 369
1726434718282 1.5580501556396484 370
1726434718323 1.5199099779129028 371
1726434718367 1.515982747077942 372
1726434718409 1.4332479238510132 373
1726434718451 1.5733397006988525 374
1726434718494 1.343070387840271 375
1726434718537 1.4446630477905273 376
1726434718580 1.428107738494873 377
1726434718622 1.51409113407135 378
1726434718663 1.5635876655578613 379
1726434718706 1.3668829202651978 380
1726434718747 1.3065810203552246 381
1726434718789 1.336068034172058 382
1726434718833 1.5426017045974731 383
1726434718876 1.558858036994934 384
1726434718919 1.5840626955032349 385
1726434718962 1.45299232006073 386
1726434719004 1.467813491821289 387
1726434719049 1.5582903623580933 388
1726434719092 1.5637283325195312 389
1726434719135 1.5702223777770996 390
1726434719177 1.5191056728363037 391
1726434719219 1.532219648361206 392
1726434719262 1.5394093990325928 393
1726434719304 1.5434441566467285 394
1726434719348 1.5775946378707886 395
1726434719391 1.5745348930358887 396
1726434719433 1.5319955348968506 397
1726434719475 1.5318408012390137 398
1726434719517 1.5697822570800781 399
1726434719560 1.581036925315857 400
1726434719602 1.3719948530197144 401
1726434719646 1.3874058723449707 402
1726434719689 1.4613713026046753 403
1726434719731 1.4527087211608887 404
1726434719774 1.5139663219451904 405
1726434719818 1.4296579360961914 406
1726434719860 1.4302713871002197 407
1726434719904 1.5627973079681396 408
1726434719946 1.553527593612671 409
1726434719989 1.5134975910186768 410
1726434720032 1.5632193088531494 411
1726434720085 1.5611958503723145 412
1726434720135 1.5704102516174316 413
1726434720180 1.5705041885375977 414
1726434720224 1.523364782333374 415
1726434720267 1.5670483112335205 416
1726434720311 1.5346307754516602 417
1726434720354 1.539518117904663 418
1726434720397 1.4868652820587158 419
1726434720440 1.5258674621582031 420
1726434720482 1.4426054954528809 421
1726434720525 1.409463882446289 422
1726434720568 1.561072587966919 423
1726434720611 1.564712643623352 424
1726434720653 1.5476222038269043 425
1726434720695 1.5682814121246338 426
1726434720738 1.5689976215362549 427
1726434720780 1.5523102283477783 428
1726434720824 1.5382177829742432 429
1726434720867 1.47803795337677 430
1726434720910 1.437000036239624 431
1726434720955 1.5166361331939697 432
1726434720998 1.402077078819275 433
1726434721042 1.4685750007629395 434
1726434721084 1.4981739521026611 435
1726434721127 1.248110294342041 436
1726434721170 1.499549150466919 437
1726434721212 1.5571613311767578 438
1726434721255 1.5564794540405273 439
1726434721298 1.5091497898101807 440
1726434721343 1.579113483428955 441
1726434721397 1.584502935409546 442
1726434721449 1.4933605194091797 443
1726434721500 1.4716118574142456 444
1726434721543 1.493788242340088 445
1726434721586 1.448595404624939 446
1726434721627 1.5761194229125977 447
1726434721669 1.553771734237671 448
1726434721711 1.428234338760376 449
1726434721753 1.330741286277771 450
1726434721795 1.5551199913024902 451
1726434721839 1.5556023120880127 452
1726434721883 1.5557141304016113 453
1726434721927 1.5554333925247192 454
1726434721969 1.5510923862457275 455
1726434722015 1.5534820556640625 456
1726434722063 1.4953820705413818 457
1726434722110 1.5039727687835693 458
1726434722155 1.4615727663040161 459
1726434722198 1.410946249961853 460
1726434722246 1.4701908826828003 461
1726434722291 1.4536489248275757 462
1726434722336 1.4397304058074951 463
1726434722379 1.5396792888641357 464
1726434722424 1.5512782335281372 465
1726434722468 1.5574541091918945 466
1726434722510 1.5831025838851929 467
1726434722556 1.554461121559143 468
1726434722602 1.4941167831420898 469
1726434722648 1.535082459449768 470
1726434722692 1.5797722339630127 471
1726434722737 1.4985830783843994 472
1726434722780 1.563577651977539 473
1726434722828 1.56648588180542 474
1726434722873 1.5118074417114258 475
1726434722919 1.5451890230178833 476
1726434722962 1.4589382410049438 477
1726434723011 1.5704593658447266 478
1726434723056 1.5771148204803467 479
1726434723102 1.5809471607208252 480
1726434723145 1.5818167924880981 481
1726434723192 1.584618091583252 482
1726434723234 1.5748388767242432 483
1726434723280 1.4276978969573975 484
1726434723325 1.332284688949585 485
1726434723372 1.4995931386947632 486
1726434723416 1.5680944919586182 487
1726434723463 1.3799021244049072 488
1726434723506 1.4962563514709473 489
1726434723552 1.483231782913208 490
1726434723610 1.5072922706604004 491
1726434723664 1.5073368549346924 492
1726434723718 1.5217955112457275 493
1726434723763 1.522497534751892 494
1726434723811 1.5044136047363281 495
1726434723870 1.510145664215088 496
1726434723915 1.5148138999938965 497
1726434723957 1.429447889328003 498
1726434724001 1.5462346076965332 499
1726434724043 1.471983790397644 500
1726434724085 1.5702061653137207 501
1726434724130 1.5101628303527832 502
1726434724172 1.5720068216323853 503
1726434724214 1.5232430696487427 504
1726434724256 1.5258738994598389 505
1726434724298 1.5283215045928955 506
1726434724341 1.5305675268173218 507
1726434724385 1.5786430835723877 508
1726434724428 1.4851064682006836 509
1726434724473 1.4928957223892212 510
1726434724518 1.4695953130722046 511
1726434724562 1.5006153583526611 512
1726434724628 1.4488863945007324 513
1726434724683 1.5764570236206055 514
1726434724742 1.5743861198425293 515
1726434724805 1.574798822402954 516
1726434724869 1.5753729343414307 517
1726434724920 1.5754976272583008 518
1726434724966 1.5659255981445312 519
1726434725023 1.5676064491271973 520
1726434725083 1.5808147192001343 521
1726434725134 1.5416172742843628 522
1726434725185 1.5724709033966064 523
1726434725244 1.5387543439865112 524
1726434725305 1.506758451461792 525
1726434725364 1.357061505317688 526
1726434725421 1.4210208654403687 527
1726434725476 1.564246416091919 528
1726434725531 1.5820703506469727 529
1726434725585 1.5202275514602661 530
1726434725639 1.5182006359100342 531
1726434725693 1.4644501209259033 532
1726434725751 1.5756011009216309 533
1726434725807 1.5433282852172852 534
1726434725864 1.541926383972168 535
1726434725919 1.5313184261322021 536
1726434725977 1.5573663711547852 537
1726434726043 1.5695639848709106 538
1726434726109 1.5694407224655151 539
1726434726190 1.543139934539795 540
1726434726266 1.562889814376831 541
1726434726344 1.583160161972046 542
1726434726407 1.5825660228729248 543
1726434726459 1.5560088157653809 544
1726434726513 1.575538992881775 545
1726434726566 1.527389407157898 546
1726434726622 1.432189702987671 547
1726434726676 1.53879976272583 548
1726434726731 1.5388453006744385 549
1726434726798 1.5434527397155762 550
1726434726864 1.540099859237671 551
1726434726918 1.5610814094543457 552
1726434726980 1.5422031879425049 553
1726434727049 1.5321686267852783 554
1726434727117 1.5357569456100464 555
1726434727174 1.507867455482483 556
1726434727239 1.564076542854309 557
1726434727310 1.4329719543457031 558
1726434727368 1.4483022689819336 559
1726434727424 1.4575316905975342 560
1726434727483 1.584447979927063 561
1726434727538 1.584245204925537 562
1726434727593 1.5841119289398193 563
1726434727645 1.5770143270492554 564
1726434727697 1.5652365684509277 565
1726434727749 1.5694434642791748 566
1726434727803 1.5401134490966797 567
1726434727860 1.57607901096344 568
1726434727918 1.5760551691055298 569
1726434727995 1.576026439666748 570
1726434728055 1.575992226600647 571
1726434728112 1.5770448446273804 572
1726434728170 1.5782074928283691 573
1726434728223 1.5762499570846558 574
1726434728280 1.5600820779800415 575
1726434728344 1.5606143474578857 576
1726434728398 1.563857078552246 577
1726434728453 1.5023146867752075 578
1726434728506 1.5754849910736084 579
1726434728567 1.536911964416504 580
1726434728620 1.564277172088623 581
1726434728677 1.5675156116485596 582
1726434728731 1.5707449913024902 583
1726434728784 1.5739963054656982 584
1726434728861 1.5755513906478882 585
1726434728935 1.5315282344818115 586
1726434729009 1.5665318965911865 587
1726434729082 1.5670576095581055 588
1726434729144 1.4748979806900024 589
1726434729199 1.4846651554107666 590
1726434729255 1.4951986074447632 591
1726434729324 1.5043771266937256 592
1726434729402 1.5490727424621582 593
1726434729479 1.565765380859375 594
1726434729547 1.5664230585098267 595
1726434729602 1.5669686794281006 596
1726434729670 1.5674004554748535 597
1726434729741 1.567718505859375 598
1726434729801 1.5471211671829224 599
1726434729858 1.490802526473999 600
1726434729915 1.4436808824539185 601
1726434729975 1.5521432161331177 602
1726434730035 1.5239410400390625 603
1726434730102 1.5455964803695679 604
1726434730170 1.555932641029358 605
1726434730243 1.5566400289535522 606
1726434730309 1.5567858219146729 607
1726434730384 1.5560648441314697 608
1726434730448 1.5550724267959595 609
1726434730502 1.5781807899475098 610
1726434730555 1.5555050373077393 611
1726434730607 1.516230821609497 612
1726434730660 1.5675281286239624 613
1726434730710 1.5673725605010986 614
1726434730759 1.5672142505645752 615
1726434730808 1.5670528411865234 616
1726434730856 1.5025014877319336 617
1726434730909 1.4977350234985352 618
1726434730962 1.4973084926605225 619
1726434731011 1.5168851613998413 620
1726434731058 1.5166176557540894 621
1726434731107 1.516343355178833 622
1726434731155 1.5160622596740723 623
1726434731205 1.5681726932525635 624
1726434731256 1.5713894367218018 625
1726434731305 1.5745962858200073 626
1726434731352 1.5746588706970215 627
1726434731405 1.5746383666992188 628
1726434731451 1.5746062994003296 629
1726434731501 1.5745611190795898 630
1726434731548 1.5745010375976562 631
1726434731598 1.5744242668151855 632
1726434731649 1.574328064918518 633
1726434731702 1.5742096900939941 634
1726434731753 1.5740652084350586 635
1726434731801 1.573889970779419 636
1726434731849 1.5736781358718872 637
1726434731895 1.5734214782714844 638
1726434731942 1.573109745979309 639
1726434731994 1.572728157043457 640
1726434732049 1.5719399452209473 641
1726434732099 1.5703930854797363 642
1726434732143 1.568519115447998 643
1726434732187 1.566183090209961 644
1726434732231 1.5630993843078613 645
1726434732279 1.5612781047821045 646
1726434732328 1.5612781047821045 647
