1726502740555 0.9901161193847656 0
1726502740615 0.9909566640853882 1
1726502740670 0.9915275573730469 2
1726502740728 0.991973876953125 3
1726502740784 0.9923420548439026 4
1726502740837 0.9926549196243286 5
1726502740891 0.9929257035255432 6
1726502740945 0.9931631088256836 7
1726502741006 0.9933735728263855 8
1726502741062 0.9935610294342041 9
1726502741118 0.9937292337417603 10
1726502741175 0.9938803911209106 11
1726502741228 0.9940167665481567 12
1726502741284 0.9941401481628418 13
1726502741338 0.9942519664764404 14
1726502741395 0.994353175163269 15
1726502741451 0.9944453835487366 16
1726502741510 0.9945290684700012 17
1726502741568 0.9946051239967346 18
1726502741626 0.9946743845939636 19
1726502741692 0.9947372674942017 20
1726502741755 0.9947946071624756 21
1726502741820 0.9948465824127197 22
1726502741886 0.99489426612854 23
1726502741945 0.994937539100647 24
1726502742009 0.9949769377708435 25
1726502742068 0.9950127601623535 26
1726502742124 0.9950454235076904 27
1726502742182 0.9950753450393677 28
1726502742239 0.9951023459434509 29
1726502742299 0.9951270222663879 30
1726502742360 0.9951496124267578 31
1726502742420 0.995169997215271 32
1726502742479 0.9951887726783752 33
1726502742536 0.9952057600021362 34
1726502742593 0.9952212572097778 35
1726502742651 0.9952353239059448 36
1726502742714 0.9952481985092163 37
1726502742770 0.9952598214149475 38
1726502742837 0.9952704310417175 39
1726502742904 0.9952800273895264 40
1726502742962 0.9952889680862427 41
1726502743028 0.9952970147132874 42
1726502743090 0.9953044056892395 43
1726502743156 0.9953110218048096 44
1726502743219 0.9953169822692871 45
1726502743280 0.995322585105896 46
1726502743339 0.9953275918960571 47
1726502743396 0.9953320622444153 48
1726502743451 0.9953364133834839 49
1726502743503 0.9953401684761047 50
1726502743557 0.9953435659408569 51
1726502743610 0.9953466653823853 52
1726502743668 0.9953494668006897 53
1726502743725 0.9953521490097046 54
1726502743779 0.9953546524047852 55
1726502743837 0.9953567385673523 56
1726502743894 0.9953587651252747 57
1726502743949 0.9953604340553284 58
1726502744008 0.9953620433807373 59
1726502744075 0.9953635931015015 60
1726502744139 0.9953650236129761 61
1726502744194 0.9953662157058716 62
1726502744253 0.9953672885894775 63
1726502744309 0.995368242263794 64
1726502744367 0.9953691959381104 65
1726502744426 0.9953700304031372 66
1726502744482 0.9953708648681641 67
1726502744538 0.9953715205192566 68
1726502744606 0.9953721165657043 69
1726502744664 0.9953727722167969 70
1726502744722 0.9953732490539551 71
1726502744782 0.9953736662864685 72
1726502744856 0.9953742027282715 73
1726502744910 0.9953745603561401 74
1726502744965 0.9953750371932983 75
1726502745027 0.9953753352165222 76
1726502745082 0.9953755736351013 77
1726502745141 0.99537593126297 78
1726502745193 0.9953761100769043 79
1726502745247 0.9953763484954834 80
1726502745309 0.9953765273094177 81
1726502745366 0.995376706123352 82
1726502745424 0.9953768849372864 83
1726502745485 0.9953770637512207 84
1726502745542 0.9953771829605103 85
1726502745598 0.9953774213790894 86
1726502745655 0.9953774809837341 87
1726502745709 0.9953775405883789 88
1726502745767 0.9953775405883789 89
1726502745829 0.9953778386116028 90
1726502745899 0.9953778386116028 91
1726502745961 0.9953779578208923 92
1726502746015 0.9953780174255371 93
1726502746074 0.9953780174255371 94
1726502746133 0.9953781366348267 95
1726502746194 0.9953781366348267 96
1726502746259 0.9953781366348267 97
1726502746337 0.9953782558441162 98
1726502746409 0.9953782558441162 99
1726502746478 0.995378315448761 100
1726502746546 0.9953782558441162 101
1726502746617 0.9953783750534058 102
1726502746692 0.9953784346580505 103
1726502746771 0.9953783750534058 104
1726502746854 0.9953784346580505 105
1726502746943 0.9953784942626953 106
1726502747035 0.9953783750534058 107
1726502747112 0.9953784942626953 108
1726502747188 0.9953784942626953 109
1726502747267 0.9953784346580505 110
1726502747340 0.9953784942626953 111
1726502747422 0.9953784942626953 112
1726502747492 0.9953786134719849 113
1726502747557 0.9953784942626953 114
1726502747624 0.9953784942626953 115
1726502747686 0.9953786134719849 116
1726502747746 0.9953786730766296 117
1726502747820 0.9953784942626953 118
1726502747885 0.9953784942626953 119
1726502747969 0.9953786134719849 120
1726502748048 0.9953785538673401 121
1726502748112 0.9953786134719849 122
1726502748181 0.9953784942626953 123
1726502748250 0.9953786134719849 124
1726502748312 0.9953786134719849 125
1726502748376 0.9953786134719849 126
1726502748440 0.9953786134719849 127
1726502748497 0.9953784942626953 128
1726502748558 0.9953786134719849 129
1726502748623 0.9953786134719849 130
1726502748699 0.9953786730766296 131
1726502748756 0.9953786134719849 132
1726502748809 0.9953786134719849 133
1726502748862 0.9953787326812744 134
1726502748916 0.9953786730766296 135
1726502748969 0.9953786134719849 136
1726502749027 0.9953786134719849 137
1726502749079 0.9953786134719849 138
1726502749136 0.9953786134719849 139
1726502749193 0.9953786730766296 140
1726502749249 0.9953786134719849 141
1726502749308 0.9953786134719849 142
1726502749373 0.9953786134719849 143
1726502749439 0.9953786730766296 144
1726502749502 0.9953786134719849 145
1726502749560 0.9953786134719849 146
1726502749618 0.9953787326812744 147
1726502749686 0.9953786134719849 148
1726502749750 0.9953786134719849 149
1726502749806 0.9953786134719849 150
1726502749873 0.9953786134719849 151
1726502749933 0.9953786134719849 152
1726502749997 0.9953787326812744 153
1726502750054 0.9953786134719849 154
1726502750122 0.9953786134719849 155
