1726437054789 1.4362398386001587 0
1726437054815 1.3872276544570923 1
1726437054841 1.420619010925293 2
1726437054866 1.3656542301177979 3
1726437054893 1.399282455444336 4
1726437054919 1.453183650970459 5
1726437054944 1.432268500328064 6
1726437054968 1.432268500328064 7
1726437054993 1.4269092082977295 8
1726437055019 1.420619010925293 9
1726437055044 1.4101462364196777 10
1726437055074 1.4341871738433838 11
1726437055105 1.3579567670822144 12
1726437055136 1.4272072315216064 13
1726437055168 1.4292144775390625 14
1726437055194 1.425014853477478 15
1726437055226 1.452319860458374 16
1726437055253 1.409098505973816 17
1726437055280 1.420619010925293 18
1726437055307 1.3938148021697998 19
1726437055334 1.3732160329818726 20
1726437055359 1.3776962757110596 21
1726437055385 1.4276962280273438 22
1726437055410 1.4006800651550293 23
1726437055435 1.4017467498779297 24
1726437055460 1.42512047290802 25
1726437055486 1.4383673667907715 26
1726437055512 1.3971027135849 27
1726437055537 1.4276962280273438 28
1726437055562 1.444446325302124 29
1726437055588 1.427154541015625 30
1726437055613 1.4017468690872192 31
1726437055638 1.4167821407318115 32
1726437055664 1.4067938327789307 33
1726437055689 1.4356777667999268 34
1726437055714 1.4276962280273438 35
1726437055739 1.4092082977294922 36
1726437055765 1.4348649978637695 37
1726437055793 1.4060784578323364 38
1726437055821 1.4039472341537476 39
1726437055850 1.4356319904327393 40
1726437055875 1.4147887229919434 41
1726437055900 1.432268500328064 42
1726437055926 1.3912843465805054 43
1726437055955 1.3776962757110596 44
1726437055980 1.4112589359283447 45
1726437056008 1.3776962757110596 46
1726437056038 1.4097384214401245 47
1726437056066 1.4377408027648926 48
1726437056094 1.3776962757110596 49
1726437056123 1.4262645244598389 50
1726437056148 1.4181467294692993 51
1726437056174 1.3753471374511719 52
1726437056202 1.3629908561706543 53
1726437056233 1.3731987476348877 54
1726437056266 1.422133207321167 55
1726437056294 1.449143409729004 56
1726437056322 1.4164981842041016 57
1726437056351 1.4017467498779297 58
1726437056380 1.4227511882781982 59
1726437056408 1.3517467975616455 60
1726437056435 1.3800488710403442 61
1726437056464 1.4046128988265991 62
1726437056493 1.4041824340820312 63
1726437056522 1.4365952014923096 64
1726437056549 1.3568060398101807 65
1726437056582 1.407470941543579 66
1726437056609 1.4276962280273438 67
1726437056637 1.432268500328064 68
1726437056679 1.4120904207229614 69
1726437056731 1.4347294569015503 70
1726437056778 1.388187050819397 71
1726437056819 1.381897211074829 72
1726437056862 1.4235007762908936 73
1726437056902 1.4092398881912231 74
1726437056945 1.4385313987731934 75
1726437056983 1.4333252906799316 76
1726437057018 1.4322268962860107 77
1726437057061 1.4379432201385498 78
1726437057093 1.453183650970459 79
1726437057123 1.4253287315368652 80
1726437057155 1.453183650970459 81
