1726501422154 2e-05 0
1726501422212 0.43399304151535034 1
1726501422264 0.17223474383354187 2
1726501422313 0.0951843187212944 3
1726501422363 0.053725361824035645 4
1726501422413 0.030382005497813225 5
1726501422466 0.0172557570040226 6
1726501422519 0.00989189650863409 7
1726501422570 0.005735175218433142 8
1726501422622 0.0033599608577787876 9
1726501422677 0.0019845296628773212 10
1726501422731 0.0011789397103711963 11
1726501422784 0.000703138648532331 12
1726501422838 0.00042035055230371654 13
1726501422901 0.00025173285393975675 14
1726501422956 0.0001508643908891827 15
1726501423009 9.046933701029047e-05 16
1726501423066 5.42869747732766e-05 17
1726501423118 3.26211447827518e-05 18
1726501423169 1.951189733517822e-05 19
1726501423223 1.1729552170436364e-05 20
1726501423274 7.076404472172726e-06 21
