1726501422186 0.9147622585296631 0
1726501422242 0.948432445526123 1
1726501422293 0.9622437953948975 2
1726501422342 0.967644989490509 3
1726501422393 0.9697207808494568 4
1726501422444 0.9704993963241577 5
1726501422497 0.9707865715026855 6
1726501422549 0.9708913564682007 7
1726501422600 0.9709292650222778 8
1726501422656 0.9709430932998657 9
1726501422709 0.9709479808807373 10
1726501422763 0.9709497690200806 11
1726501422815 0.9709504842758179 12
1726501422878 0.9709506034851074 13
1726501422934 0.9709507822990417 14
1726501422988 0.9709507822990417 15
1726501423045 0.9709508419036865 16
1726501423097 0.970950722694397 17
1726501423148 0.970950722694397 18
1726501423200 0.9709508419036865 19
1726501423253 0.9709507822990417 20
1726501423303 0.9709508419036865 21
