1727303214948 2.014693021774292 0
1727303214990 2.014693021774292 1
1727303215029 2.014693021774292 2
1727303215068 2.014693021774292 3
1727303215107 2.014693021774292 4
1727303215147 2.014693021774292 5
1727303215187 2.014693021774292 6
1727303215226 2.014693021774292 7
1727303215264 2.014693021774292 8
1727303215303 2.014693021774292 9
1727303215340 2.014693021774292 10
1727303215378 2.014693021774292 11
1727303215417 2.014693021774292 12
1727303215455 2.014693021774292 13
1727303215494 2.014693021774292 14
1727303215534 2.014693021774292 15
1727303215573 2.014693021774292 16
1727303215612 2.014693021774292 17
1727303215649 2.014693021774292 18
1727303215687 2.014693021774292 19
1727303215726 2.014693021774292 20
1727303215770 2.014693021774292 21
1727303215811 2.014693021774292 22
1727303215850 2.014693021774292 23
1727303215889 2.014693021774292 24
1727303215927 2.014693021774292 25
1727303215967 2.014693021774292 26
1727303216006 2.014693021774292 27
1727303216043 2.014693021774292 28
1727303216084 2.014693021774292 29
1727303216123 2.014693021774292 30
1727303216162 2.014693021774292 31
1727303216200 2.014693021774292 32
1727303216244 2.014693021774292 33
1727303216282 2.014693021774292 34
1727303216321 2.014693021774292 35
1727303216362 2.014693021774292 36
1727303216410 2.014693021774292 37
1727303216453 2.014693021774292 38
1727303216494 2.014693021774292 39
1727303216536 2.014693021774292 40
1727303216577 2.014693021774292 41
1727303216618 2.014693021774292 42
1727303216660 2.014693021774292 43
1727303216702 2.014693021774292 44
1727303216743 2.014693021774292 45
1727303216792 2.014693021774292 46
1727303216833 2.014693021774292 47
1727303216876 2.014693021774292 48
1727303216916 2.014693021774292 49
1727303216957 2.014693021774292 50
1727303216998 2.014693021774292 51
1727303217038 2.014693021774292 52
1727303217078 2.014693021774292 53
1727303217118 2.014693021774292 54
1727303217159 2.014693021774292 55
1727303217198 2.014693021774292 56
1727303217238 2.014693021774292 57
1727303217278 2.014693021774292 58
1727303217317 2.014693021774292 59
1727303217356 2.014693021774292 60
1727303217394 2.014693021774292 61
1727303217434 2.014693021774292 62
1727303217473 2.014693021774292 63
1727303217513 2.014693021774292 64
1727303217553 2.014693021774292 65
1727303217592 2.014693021774292 66
1727303217631 2.014693021774292 67
1727303217669 2.014693021774292 68
1727303217710 2.014693021774292 69
1727303217749 2.014693021774292 70
1727303217788 2.014693021774292 71
1727303217828 2.014693021774292 72
1727303217867 2.014693021774292 73
1727303217905 2.014693021774292 74
1727303217946 2.014693021774292 75
1727303217985 2.014693021774292 76
1727303218025 2.014693021774292 77
1727303218065 2.014693021774292 78
1727303218104 2.014693021774292 79
1727303218143 2.014693021774292 80
1727303218183 2.014693021774292 81
1727303218222 2.014693021774292 82
1727303218271 2.014693021774292 83
1727303218321 2.014693021774292 84
1727303218366 2.014693021774292 85
1727303218402 2.014693021774292 86
1727303218440 2.014693021774292 87
1727303218484 2.014693021774292 88
1727303218525 2.014693021774292 89
1727303218564 2.014693021774292 90
1727303218603 2.014693021774292 91
1727303218643 2.014693021774292 92
1727303218683 2.014693021774292 93
1727303218725 2.014693021774292 94
1727303218764 2.014693021774292 95
1727303218803 2.014693021774292 96
1727303218842 2.014693021774292 97
1727303218881 2.014693021774292 98
1727303218920 2.014693021774292 99
1727303218957 2.014693021774292 100
1727303218995 2.014693021774292 101
1727303219032 2.014693021774292 102
1727303219069 2.014693021774292 103
1727303219108 2.014693021774292 104
1727303219149 2.014693021774292 105
1727303219188 2.014693021774292 106
1727303219226 2.014693021774292 107
1727303219266 2.014693021774292 108
1727303219306 2.014693021774292 109
1727303219347 2.014693021774292 110
1727303219385 2.014693021774292 111
1727303219425 2.014693021774292 112
1727303219465 2.014693021774292 113
1727303219508 2.014693021774292 114
1727303219548 2.014693021774292 115
1727303219586 2.014693021774292 116
1727303219623 2.014693021774292 117
1727303219661 2.014693021774292 118
1727303219699 2.014693021774292 119
1727303219737 2.014693021774292 120
1727303219776 2.014693021774292 121
1727303219817 2.014693021774292 122
1727303219856 2.014693021774292 123
1727303219894 2.014693021774292 124
1727303219933 2.014693021774292 125
1727303219973 2.014693021774292 126
1727303220013 2.014693021774292 127
1727303220052 2.014693021774292 128
1727303220089 2.014693021774292 129
1727303220126 2.014693021774292 130
1727303220163 2.014693021774292 131
1727303220202 2.014693021774292 132
1727303220242 2.014693021774292 133
1727303220283 2.014693021774292 134
1727303220323 2.014693021774292 135
1727303220363 2.014693021774292 136
1727303220400 2.014693021774292 137
1727303220438 2.014693021774292 138
1727303220475 2.014693021774292 139
1727303220517 2.014693021774292 140
1727303220557 2.014693021774292 141
1727303220597 2.014693021774292 142
1727303220636 2.014693021774292 143
1727303220675 2.014693021774292 144
1727303220715 2.014693021774292 145
1727303220755 2.014693021774292 146
1727303220796 2.014693021774292 147
1727303220834 2.014693021774292 148
1727303220875 2.014693021774292 149
1727303220911 2.014693021774292 150
1727303220949 2.014693021774292 151
1727303220986 2.014693021774292 152
1727303221022 2.014693021774292 153
1727303221059 2.014693021774292 154
1727303221094 2.014693021774292 155
1727303221131 2.014693021774292 156
1727303221167 2.014693021774292 157
1727303221206 2.014693021774292 158
1727303221243 2.014693021774292 159
1727303221279 2.014693021774292 160
1727303221315 2.014693021774292 161
1727303221352 2.014693021774292 162
1727303221395 2.014693021774292 163
1727303221430 2.014693021774292 164
1727303221468 2.014693021774292 165
1727303221503 2.014693021774292 166
1727303221541 2.014693021774292 167
1727303221579 2.014693021774292 168
1727303221620 2.014693021774292 169
1727303221658 2.014693021774292 170
1727303221696 2.014693021774292 171
1727303221737 2.014693021774292 172
1727303221778 2.014693021774292 173
1727303221821 2.014693021774292 174
1727303221864 2.014693021774292 175
1727303221912 2.014693021774292 176
1727303221968 2.014693021774292 177
1727303222021 2.014693021774292 178
1727303222064 2.014693021774292 179
1727303222107 2.014693021774292 180
1727303222150 2.014693021774292 181
1727303222192 2.014693021774292 182
1727303222234 2.014693021774292 183
1727303222277 2.014693021774292 184
1727303222320 2.014693021774292 185
1727303222362 2.014693021774292 186
1727303222408 2.014693021774292 187
1727303222451 2.014693021774292 188
1727303222493 2.014693021774292 189
1727303222533 2.014693021774292 190
1727303222572 2.014693021774292 191
1727303222612 2.014693021774292 192
1727303222649 2.014693021774292 193
1727303222687 2.014693021774292 194
1727303222723 2.014693021774292 195
1727303222761 2.014693021774292 196
1727303222798 2.014693021774292 197
1727303222835 2.014693021774292 198
1727303222871 2.014693021774292 199
1727303222906 2.014693021774292 200
1727303222942 2.014693021774292 201
1727303222979 2.014693021774292 202
1727303223016 2.014693021774292 203
1727303223051 2.014693021774292 204
1727303223087 2.014693021774292 205
1727303223121 2.014693021774292 206
1727303223157 2.014693021774292 207
1727303223191 2.014693021774292 208
1727303223226 2.014693021774292 209
1727303223261 2.014693021774292 210
1727303223296 2.014693021774292 211
1727303223331 2.014693021774292 212
1727303223365 2.014693021774292 213
1727303223400 2.014693021774292 214
1727303223434 2.014693021774292 215
1727303223469 2.014693021774292 216
1727303223505 2.014693021774292 217
1727303223541 2.014693021774292 218
1727303223575 2.014693021774292 219
1727303223612 2.014693021774292 220
1727303223647 2.014693021774292 221
1727303223682 2.014693021774292 222
1727303223716 2.014693021774292 223
1727303223751 2.014693021774292 224
1727303223786 2.014693021774292 225
1727303223821 2.014693021774292 226
1727303223857 2.014693021774292 227
1727303223891 2.014693021774292 228
1727303223926 2.014693021774292 229
1727303223960 2.014693021774292 230
1727303223995 2.014693021774292 231
1727303224030 2.014693021774292 232
1727303224065 2.014693021774292 233
1727303224099 2.014693021774292 234
1727303224135 2.014693021774292 235
1727303224170 2.014693021774292 236
1727303224205 2.014693021774292 237
1727303224244 2.014693021774292 238
1727303224280 2.014693021774292 239
1727303224319 2.014693021774292 240
1727303224357 2.014693021774292 241
1727303224394 2.014693021774292 242
1727303224431 2.014693021774292 243
1727303224467 2.014693021774292 244
1727303224502 2.014693021774292 245
1727303224537 2.014693021774292 246
1727303224571 2.014693021774292 247
1727303224607 2.014693021774292 248
1727303224643 2.014693021774292 249
1727303224678 2.014693021774292 250
1727303224713 2.014693021774292 251
1727303224749 2.014693021774292 252
1727303224784 2.014693021774292 253
1727303224820 2.014693021774292 254
1727303224855 2.014693021774292 255
1727303224890 2.014693021774292 256
1727303224926 2.014693021774292 257
1727303224961 2.014693021774292 258
1727303224996 2.014693021774292 259
1727303225031 2.014693021774292 260
1727303225067 2.014693021774292 261
1727303225104 2.014693021774292 262
1727303225139 2.014693021774292 263
1727303225175 2.014693021774292 264
