1726424640717 0.0 0
1726424640769 0.0 1
1726424640812 0.0 2
1726424640855 0.0 3
1726424640905 0.0 4
1726424640956 0.0 5
1726424641000 0.0 6
1726424641045 0.0 7
1726424641093 0.0 8
1726424641135 0.0 9
1726424641185 0.0 10
1726424641236 0.0 11
1726424641290 0.0 12
1726424641338 0.0 13
1726424641388 0.0 14
1726424641442 0.0 15
1726424641486 0.0 16
1726424641527 0.0 17
1726424641565 0.0 18
1726424641604 0.0 19
1726424641645 0.0 20
1726424641684 0.0 21
1726424641723 0.0 22
1726424641762 0.0 23
1726424641801 0.0 24
1726424641842 0.0 25
1726424641885 0.0 26
1726424641925 0.0 27
1726424641970 0.0 28
1726424642017 0.0 29
1726424642068 0.0 30
1726424642111 0.0 31
1726424642155 0.0 32
1726424642206 0.0 33
1726424642249 0.0 34
1726424642292 0.0 35
1726424642331 0.0 36
1726424642370 0.0 37
1726424642410 0.0 38
1726424642452 0.0 39
1726424642491 0.0 40
1726424642531 0.0 41
1726424642571 0.0 42
1726424642611 0.0 43
1726424642651 0.0 44
1726424642695 0.0 45
1726424642739 0.0 46
1726424642783 0.0 47
1726424642827 0.0 48
1726424642871 0.0 49
1726424642914 0.0 50
1726424642957 0.0 51
1726424643000 0.0 52
1726424643041 0.0 53
1726424643084 0.0 54
1726424643126 0.0 55
1726424643167 0.0 56
1726424643208 0.0 57
1726424643250 0.0 58
1726424643292 0.0 59
1726424643333 0.0 60
1726424643372 0.0 61
1726424643413 0.0 62
1726424643452 0.0 63
1726424643500 0.0 64
1726424643547 0.0 65
1726424643594 0.0 66
1726424643640 0.0 67
1726424643687 0.0 68
1726424643729 0.0 69
1726424643774 0.0 70
1726424643819 0.0 71
1726424643860 0.0 72
1726424643898 0.0 73
1726424643938 0.0 74
1726424643978 0.0 75
1726424644018 0.0 76
1726424644057 0.0 77
1726424644096 0.0 78
1726424644136 0.0 79
1726424644179 0.0 80
1726424644224 0.0 81
1726424644264 0.0 82
1726424644304 0.0 83
1726424644346 0.0 84
1726424644393 0.0 85
1726424644441 0.0 86
1726424644484 0.0 87
1726424644527 0.0 88
1726424644569 0.0 89
1726424644612 0.0 90
1726424644653 0.0 91
1726424644694 0.0 92
1726424644737 0.0 93
1726424644777 0.0 94
1726424644817 0.0 95
1726424644857 0.0 96
1726424644898 0.0 97
1726424644937 0.0 98
1726424644979 0.0 99
1726424645021 0.0 100
1726424645061 0.0 101
1726424645103 0.0 102
1726424645147 0.0 103
1726424645194 0.0 104
1726424645236 0.0 105
1726424645278 0.0 106
1726424645326 0.0 107
1726424645381 0.0 108
1726424645443 0.0 109
1726424645506 0.0 110
1726424645546 0.0 111
1726424645584 0.0 112
1726424645627 0.0 113
1726424645669 0.0 114
1726424645707 0.0 115
1726424645748 0.0 116
1726424645788 0.0 117
1726424645827 0.0 118
1726424645865 0.0 119
1726424645908 0.0 120
1726424645947 0.0 121
1726424645987 0.0 122
1726424646026 0.0 123
1726424646066 0.0 124
1726424646105 0.0 125
1726424646146 0.0 126
1726424646187 0.0 127
1726424646228 0.0 128
1726424646267 0.0 129
1726424646307 0.0 130
1726424646347 0.0 131
1726424646386 0.0 132
1726424646426 0.0 133
1726424646466 0.0 134
1726424646505 0.0 135
1726424646545 0.0 136
1726424646587 0.0 137
1726424646627 0.0 138
1726424646669 0.0 139
1726424646710 0.0 140
1726424646750 0.0 141
1726424646791 0.0 142
1726424646832 0.0 143
1726424646875 0.0 144
1726424646917 0.0 145
1726424646958 0.0 146
1726424647000 0.0 147
1726424647043 0.0 148
1726424647083 0.0 149
1726424647124 0.0 150
1726424647174 0.0 151
1726424647229 0.0 152
1726424647276 0.0 153
1726424647319 0.0 154
1726424647360 0.0 155
1726424647401 0.0 156
1726424647445 0.0 157
1726424647487 0.0 158
1726424647531 0.0 159
1726424647572 0.0 160
1726424647615 0.0 161
1726424647656 0.0 162
1726424647699 0.0 163
1726424647741 0.0 164
1726424647781 0.0 165
1726424647823 0.0 166
1726424647865 0.0 167
1726424647906 0.0 168
1726424647947 0.0 169
1726424647989 0.0 170
1726424648029 0.0 171
1726424648069 0.0 172
1726424648109 0.0 173
1726424648149 0.0 174
1726424648189 0.0 175
1726424648231 0.0 176
1726424648272 0.0 177
1726424648311 0.0 178
1726424648351 0.0 179
1726424648391 0.0 180
1726424648431 0.0 181
1726424648471 0.0 182
1726424648511 0.0 183
1726424648550 0.0 184
1726424648591 0.0 185
1726424648630 0.0 186
1726424648669 0.0 187
1726424648723 0.0 188
1726424648773 0.0 189
1726424648818 0.0 190
1726424648859 0.0 191
1726424648901 0.0 192
1726424648943 0.0 193
1726424648983 0.0 194
1726424649024 0.0 195
1726424649063 0.0 196
1726424649102 0.0 197
1726424649142 0.0 198
1726424649182 0.0 199
1726424649222 0.0 200
1726424649262 0.0 201
1726424649301 0.0 202
1726424649341 0.0 203
1726424649380 0.0 204
1726424649420 0.0 205
1726424649459 0.0 206
1726424649499 0.0 207
1726424649539 0.0 208
1726424649578 0.0 209
1726424649618 0.0 210
1726424649658 0.0 211
1726424649697 0.0 212
1726424649737 0.0 213
1726424649777 0.0 214
1726424649816 0.0 215
1726424649856 0.0 216
1726424649895 0.0 217
1726424649936 0.0 218
1726424649976 0.0 219
1726424650016 0.0 220
1726424650055 0.0 221
1726424650095 0.0 222
1726424650134 0.0 223
1726424650174 0.0 224
1726424650215 0.0 225
1726424650258 0.0 226
1726424650301 0.0 227
1726424650350 0.0 228
1726424650411 0.0 229
1726424650458 0.0 230
1726424650499 0.0 231
1726424650539 0.0 232
1726424650580 0.0 233
1726424650627 0.0 234
1726424650675 0.0 235
1726424650725 0.0 236
1726424650773 0.0 237
1726424650815 0.0 238
1726424650859 0.0 239
1726424650904 0.0 240
1726424650951 0.0 241
1726424651001 0.0 242
1726424651048 0.0 243
1726424651095 0.0 244
1726424651144 0.0 245
1726424651193 0.0 246
1726424651241 0.0 247
1726424651289 0.0 248
1726424651338 0.0 249
1726424651386 0.0 250
1726424651435 0.0 251
1726424651484 0.0 252
1726424651533 0.0 253
1726424651581 0.0 254
1726424651631 0.0 255
1726424651681 0.0 256
1726424651736 0.0 257
1726424651784 0.0 258
1726424651832 0.0 259
1726424651884 0.0 260
1726424651933 0.0 261
1726424651981 0.0 262
1726424652030 0.0 263
1726424652079 0.0 264
1726424652128 0.0 265
1726424652178 0.0 266
1726424652227 0.0 267
1726424652274 0.0 268
1726424652323 0.0 269
1726424652371 0.0 270
1726424652420 0.0 271
1726424652470 0.0 272
1726424652519 0.0 273
1726424652568 0.0 274
1726424652616 0.0 275
1726424652681 0.0 276
1726424652750 0.0 277
1726424652809 0.0 278
1726424652879 0.0 279
1726424652934 0.0 280
1726424652988 0.0 281
1726424653041 0.0 282
1726424653090 0.0 283
1726424653139 0.0 284
1726424653189 0.0 285
1726424653240 0.0 286
1726424653310 0.0 287
1726424653364 0.0 288
1726424653413 0.0 289
1726424653462 0.0 290
1726424653515 0.0 291
1726424653564 0.0 292
1726424653620 0.0 293
1726424653684 0.0 294
1726424653733 0.0 295
1726424653780 0.0 296
1726424653828 0.0 297
1726424653881 0.0 298
1726424653933 0.0 299
1726424653984 0.0 300
1726424654036 0.0 301
1726424654085 0.0 302
1726424654136 0.0 303
1726424654186 0.0 304
1726424654238 0.0 305
1726424654287 0.0 306
1726424654338 0.0 307
1726424654388 0.0 308
1726424654444 0.0 309
1726424654497 0.0 310
1726424654547 0.0 311
1726424654596 0.0 312
1726424654646 0.0 313
1726424654697 0.0 314
1726424654749 0.0 315
1726424654799 0.0 316
1726424654854 0.0 317
1726424654912 0.0 318
1726424654968 0.0 319
1726424655017 0.0 320
1726424655066 0.0 321
1726424655114 0.0 322
1726424655164 0.0 323
1726424655212 0.0 324
1726424655265 0.0 325
1726424655326 0.0 326
1726424655377 0.0 327
1726424655421 0.0 328
1726424655467 0.0 329
1726424655509 0.0 330
1726424655554 0.0 331
1726424655596 0.0 332
1726424655641 0.0 333
1726424655684 0.0 334
1726424655730 0.0 335
1726424655773 0.0 336
1726424655815 0.0 337
1726424655859 0.0 338
1726424655901 0.0 339
1726424655943 0.0 340
1726424655986 0.0 341
1726424656027 0.0 342
1726424656067 0.0 343
1726424656109 0.0 344
1726424656153 0.0 345
1726424656195 0.0 346
1726424656238 0.0 347
1726424656280 0.0 348
1726424656321 0.0 349
1726424656361 0.0 350
1726424656402 0.0 351
1726424656444 0.0 352
1726424656484 0.0 353
1726424656525 0.0 354
1726424656565 0.0 355
1726424656605 0.0 356
1726424656649 0.0 357
1726424656696 0.0 358
1726424656741 0.0 359
1726424656782 0.0 360
1726424656822 0.0 361
1726424656867 0.0 362
1726424656909 0.0 363
1726424656950 0.0 364
1726424656991 0.0 365
1726424657032 0.0 366
1726424657072 0.0 367
1726424657112 0.0 368
1726424657156 0.0 369
1726424657196 0.0 370
1726424657236 0.0 371
1726424657276 0.0 372
1726424657315 0.0 373
1726424657356 0.0 374
1726424657400 0.0 375
1726424657458 0.0 376
1726424657514 0.0 377
1726424657576 0.0 378
1726424657648 0.0 379
1726424657702 0.0 380
1726424657763 0.0 381
1726424657830 0.0 382
1726424657894 0.0 383
1726424657950 0.0 384
1726424658008 0.0 385
1726424658088 0.0 386
1726424658146 0.0 387
1726424658209 0.0 388
1726424658267 0.0 389
1726424658322 0.0 390
1726424658385 0.0 391
1726424658445 0.0 392
1726424658503 0.0 393
1726424658564 0.0 394
1726424658626 0.0 395
1726424658679 0.0 396
1726424658735 0.0 397
1726424658788 0.0 398
1726424658838 0.0 399
1726424658885 0.0 400
1726424658932 0.0 401
1726424658975 0.0 402
1726424659018 0.0 403
1726424659061 0.0 404
1726424659103 0.0 405
1726424659150 0.0 406
1726424659192 0.0 407
1726424659235 0.0 408
1726424659277 0.0 409
1726424659318 0.0 410
1726424659360 0.0 411
1726424659402 0.0 412
1726424659444 0.0 413
1726424659485 0.0 414
1726424659525 0.0 415
1726424659566 0.0 416
1726424659606 0.0 417
1726424659649 0.0 418
1726424659693 0.0 419
1726424659737 0.0 420
1726424659780 0.0 421
1726424659824 0.0 422
1726424659866 0.0 423
1726424659910 0.0 424
1726424659956 0.0 425
1726424660001 0.0 426
1726424660044 0.0 427
1726424660089 0.0 428
1726424660136 0.0 429
1726424660184 0.0 430
1726424660225 0.0 431
1726424660268 0.0 432
1726424660312 0.0 433
1726424660357 0.0 434
1726424660400 0.0 435
1726424660445 0.0 436
1726424660493 0.0 437
1726424660541 0.0 438
1726424660589 0.0 439
1726424660638 0.0 440
1726424660686 0.0 441
1726424660731 0.0 442
1726424660777 0.0 443
1726424660820 0.0 444
1726424660866 0.0 445
1726424660911 0.0 446
1726424660956 0.0 447
1726424661000 0.0 448
1726424661046 0.0 449
1726424661091 0.0 450
1726424661135 0.0 451
1726424661180 0.0 452
1726424661225 0.0 453
1726424661282 0.0 454
1726424661335 0.0 455
1726424661381 0.0 456
1726424661426 0.0 457
1726424661471 0.0 458
1726424661515 0.0 459
1726424661557 0.0 460
1726424661603 0.0 461
1726424661648 0.0 462
1726424661694 0.0 463
1726424661741 0.0 464
1726424661787 0.0 465
1726424661833 0.0 466
1726424661877 0.0 467
1726424661928 0.0 468
1726424661978 0.0 469
1726424662018 0.0 470
1726424662060 0.0 471
1726424662102 0.0 472
1726424662142 0.0 473
1726424662182 0.0 474
1726424662223 0.0 475
1726424662262 0.0 476
1726424662301 0.0 477
1726424662342 0.0 478
1726424662383 0.0 479
1726424662423 0.0 480
1726424662463 0.0 481
1726424662504 0.0 482
1726424662544 0.0 483
1726424662584 0.0 484
1726424662624 0.0 485
1726424662664 0.0 486
1726424662706 0.0 487
1726424662746 0.0 488
1726424662786 0.0 489
1726424662826 0.0 490
1726424662869 0.0 491
1726424662916 0.0 492
1726424662964 0.0 493
1726424663009 0.0 494
1726424663052 0.0 495
1726424663096 0.0 496
1726424663137 0.0 497
1726424663177 0.0 498
1726424663219 0.0 499
1726424663260 0.0 500
1726424663300 0.0 501
1726424663341 0.0 502
1726424663380 0.0 503
1726424663420 0.0 504
1726424663460 0.0 505
1726424663503 0.0 506
1726424663543 0.0 507
1726424663584 0.0 508
1726424663623 0.0 509
1726424663662 0.0 510
1726424663702 0.0 511
1726424663745 0.0 512
1726424663785 0.0 513
1726424663825 0.0 514
1726424663865 0.0 515
1726424663904 0.0 516
1726424663945 0.0 517
1726424663985 0.0 518
1726424664025 0.0 519
1726424664064 0.0 520
1726424664104 0.0 521
1726424664144 0.0 522
1726424664183 0.0 523
1726424664224 0.0 524
1726424664263 0.0 525
1726424664303 0.0 526
1726424664343 0.0 527
1726424664382 0.0 528
1726424664422 0.0 529
1726424664462 0.0 530
1726424664502 0.0 531
1726424664542 0.0 532
1726424664581 0.0 533
1726424664621 0.0 534
1726424664661 0.0 535
1726424664701 0.0 536
1726424664741 0.0 537
1726424664780 0.0 538
1726424664821 0.0 539
1726424664860 0.0 540
1726424664900 0.0 541
1726424664940 0.0 542
1726424664980 0.0 543
1726424665021 0.0 544
1726424665063 0.0 545
1726424665104 0.0 546
1726424665145 0.0 547
1726424665189 0.0 548
1726424665232 0.0 549
1726424665273 0.0 550
1726424665314 0.0 551
1726424665370 0.0 552
1726424665414 0.0 553
1726424665460 0.0 554
1726424665503 0.0 555
1726424665544 0.0 556
1726424665585 0.0 557
1726424665630 0.0 558
1726424665687 0.0 559
1726424665751 0.0 560
1726424665819 0.0 561
1726424665882 0.0 562
1726424665941 0.0 563
1726424666000 0.0 564
1726424666060 0.0 565
1726424666119 0.0 566
1726424666179 0.0 567
1726424666236 0.0 568
1726424666293 0.0 569
1726424666351 0.0 570
1726424666413 0.0 571
1726424666478 0.0 572
1726424666544 0.0 573
1726424666611 0.0 574
1726424666676 0.0 575
1726424666734 0.0 576
1726424666791 0.0 577
1726424666853 0.0 578
1726424666919 0.0 579
1726424666987 0.0 580
1726424667050 0.0 581
1726424667109 0.0 582
1726424667178 0.0 583
1726424667246 0.0 584
1726424667313 0.0 585
1726424667379 0.0 586
1726424667439 0.0 587
1726424667486 0.0 588
1726424667535 0.0 589
1726424667586 0.0 590
1726424667634 0.0 591
1726424667684 0.0 592
1726424667731 0.0 593
1726424667784 0.0 594
1726424667832 0.0 595
1726424667885 0.0 596
1726424667938 0.0 597
1726424667988 0.0 598
1726424668047 0.0 599
1726424668096 0.0 600
1726424668144 0.0 601
1726424668193 0.0 602
1726424668242 0.0 603
1726424668302 0.0 604
1726424668352 0.0 605
1726424668400 0.0 606
1726424668451 0.0 607
1726424668501 0.0 608
1726424668555 0.0 609
1726424668609 0.0 610
1726424668660 0.0 611
1726424668711 0.0 612
1726424668760 0.0 613
1726424668810 0.0 614
1726424668860 0.0 615
1726424668911 0.0 616
1726424668964 0.0 617
1726424669020 0.0 618
1726424669071 0.0 619
1726424669137 0.0 620
1726424669192 0.0 621
1726424669251 0.0 622
1726424669310 0.0 623
1726424669365 0.0 624
1726424669428 0.0 625
1726424669487 0.0 626
1726424669546 0.0 627
1726424669604 0.0 628
1726424669672 0.0 629
1726424669755 0.0 630
1726424669836 0.0 631
1726424669920 0.0 632
1726424669999 0.0 633
1726424670071 0.0 634
1726424670156 0.0 635
1726424670238 0.0 636
1726424670295 0.0 637
1726424670353 0.0 638
1726424670410 0.0 639
1726424670471 0.0 640
1726424670533 0.0 641
1726424670605 0.0 642
1726424670677 0.0 643
1726424670738 0.0 644
1726424670795 0.0 645
1726424670867 0.0 646
1726424670943 0.0 647
1726424671001 0.0 648
1726424671055 0.0 649
1726424671112 0.0 650
1726424671185 0.0 651
1726424671246 0.0 652
1726424671296 0.0 653
1726424671347 0.0 654
1726424671398 0.0 655
1726424671447 0.0 656
1726424671497 0.0 657
1726424671550 0.0 658
1726424671610 0.0 659
1726424671663 0.0 660
1726424671710 0.0 661
1726424671756 0.0 662
1726424671800 0.0 663
1726424671843 0.0 664
1726424671885 0.0 665
1726424671927 0.0 666
1726424671969 0.0 667
1726424672010 0.0 668
1726424672053 0.0 669
1726424672094 0.0 670
1726424672135 0.0 671
1726424672188 0.0 672
1726424672239 0.0 673
1726424672286 0.0 674
1726424672330 0.0 675
1726424672375 0.0 676
1726424672422 0.0 677
1726424672462 0.0 678
1726424672501 0.0 679
1726424672540 0.0 680
1726424672578 0.0 681
1726424672617 0.0 682
1726424672655 0.0 683
1726424672694 0.0 684
1726424672734 0.0 685
1726424672772 0.0 686
1726424672812 0.0 687
1726424672852 0.0 688
1726424672891 0.0 689
1726424672930 0.0 690
1726424672970 0.0 691
1726424673010 0.0 692
1726424673049 0.0 693
1726424673091 0.0 694
1726424673131 0.0 695
1726424673171 0.0 696
1726424673211 0.0 697
1726424673251 0.0 698
1726424673291 0.0 699
1726424673330 0.0 700
1726424673370 0.0 701
1726424673410 0.0 702
1726424673449 0.0 703
1726424673491 0.0 704
1726424673533 0.0 705
1726424673573 0.0 706
1726424673616 0.0 707
1726424673656 0.0 708
1726424673697 0.0 709
1726424673739 0.0 710
1726424673782 0.0 711
1726424673824 0.0 712
1726424673864 0.0 713
1726424673912 0.0 714
1726424673955 0.0 715
1726424673996 0.0 716
1726424674048 0.0 717
1726424674096 0.0 718
1726424674152 0.0 719
1726424674199 0.0 720
1726424674241 0.0 721
1726424674291 0.0 722
1726424674337 0.0 723
1726424674378 0.0 724
1726424674428 0.0 725
1726424674469 0.0 726
1726424674514 0.0 727
1726424674567 0.0 728
1726424674611 0.0 729
1726424674659 0.0 730
1726424674703 0.0 731
1726424674746 0.0 732
1726424674784 0.0 733
1726424674824 0.0 734
1726424674862 0.0 735
1726424674902 0.0 736
1726424674942 0.0 737
1726424674983 0.0 738
1726424675034 0.0 739
1726424675082 0.0 740
1726424675126 0.0 741
1726424675167 0.0 742
1726424675207 0.0 743
1726424675251 0.0 744
1726424675294 0.0 745
1726424675334 0.0 746
1726424675376 0.0 747
1726424675417 0.0 748
1726424675458 0.0 749
1726424675504 0.0 750
1726424675547 0.0 751
1726424675588 0.0 752
1726424675639 0.0 753
1726424675688 0.0 754
1726424675744 0.0 755
1726424675804 0.0 756
1726424675860 0.0 757
1726424675918 0.0 758
1726424675967 0.0 759
1726424676021 0.0 760
1726424676072 0.0 761
1726424676123 0.0 762
1726424676173 0.0 763
1726424676230 0.0 764
1726424676297 0.0 765
1726424676359 0.0 766
1726424676413 0.0 767
1726424676470 0.0 768
1726424676533 0.0 769
1726424676601 0.0 770
1726424676666 0.0 771
1726424676734 0.0 772
1726424676794 0.0 773
1726424676851 0.0 774
1726424676917 0.0 775
1726424676979 0.0 776
1726424677029 0.0 777
1726424677077 0.0 778
1726424677139 0.0 779
1726424677208 0.0 780
1726424677259 0.0 781
1726424677308 0.0 782
1726424677363 0.0 783
1726424677421 0.0 784
1726424677493 0.0 785
1726424677565 0.0 786
1726424677631 0.0 787
1726424677680 0.0 788
1726424677739 0.0 789
1726424677796 0.0 790
1726424677848 0.0 791
1726424677897 0.0 792
1726424677946 0.0 793
1726424677993 0.0 794
1726424678040 0.0 795
1726424678083 0.0 796
1726424678128 0.0 797
1726424678172 0.0 798
1726424678216 0.0 799
1726424678263 0.0 800
1726424678304 0.0 801
1726424678344 0.0 802
1726424678385 0.0 803
1726424678427 0.0 804
1726424678467 0.0 805
1726424678507 0.0 806
1726424678547 0.0 807
1726424678587 0.0 808
1726424678627 0.0 809
1726424678667 0.0 810
1726424678707 0.0 811
1726424678746 0.0 812
1726424678787 0.0 813
1726424678828 0.0 814
1726424678871 0.0 815
1726424678913 0.0 816
1726424678954 0.0 817
1726424678996 0.0 818
1726424679037 0.0 819
1726424679078 0.0 820
1726424679118 0.0 821
1726424679159 0.0 822
1726424679199 0.0 823
1726424679238 0.0 824
1726424679279 0.0 825
1726424679319 0.0 826
1726424679359 0.0 827
1726424679399 0.0 828
1726424679439 0.0 829
1726424679478 0.0 830
1726424679519 0.0 831
1726424679559 0.0 832
1726424679599 0.0 833
1726424679640 0.0 834
1726424679679 0.0 835
1726424679719 0.0 836
1726424679760 0.0 837
1726424679800 0.0 838
1726424679840 0.0 839
1726424679880 0.0 840
1726424679920 0.0 841
1726424679960 0.0 842
1726424680000 0.0 843
1726424680040 0.0 844
1726424680080 0.0 845
1726424680121 0.0 846
1726424680160 0.0 847
1726424680200 0.0 848
1726424680240 0.0 849
1726424680281 0.0 850
1726424680320 0.0 851
1726424680360 0.0 852
1726424680400 0.0 853
1726424680439 0.0 854
1726424680480 0.0 855
1726424680520 0.0 856
1726424680560 0.0 857
1726424680599 0.0 858
1726424680639 0.0 859
1726424680688 0.0 860
1726424680740 0.0 861
1726424680795 0.0 862
1726424680849 0.0 863
1726424680903 0.0 864
1726424680960 0.0 865
1726424681015 0.0 866
1726424681073 0.0 867
1726424681130 0.0 868
1726424681194 0.0 869
1726424681251 0.0 870
1726424681310 0.0 871
1726424681368 0.0 872
1726424681429 0.0 873
1726424681485 0.0 874
1726424681542 0.0 875
1726424681599 0.0 876
1726424681651 0.0 877
1726424681699 0.0 878
1726424681747 0.0 879
1726424681797 0.0 880
1726424681855 0.0 881
1726424681924 0.0 882
1726424681991 0.0 883
1726424682052 0.0 884
1726424682117 0.0 885
1726424682183 0.0 886
1726424682242 0.0 887
1726424682308 0.0 888
1726424682378 0.0 889
1726424682444 0.0 890
1726424682509 0.0 891
1726424682575 0.0 892
1726424682640 0.0 893
1726424682700 0.0 894
1726424682753 0.0 895
1726424682799 0.0 896
1726424682845 0.0 897
1726424682892 0.0 898
1726424682939 0.0 899
1726424682986 0.0 900
1726424683035 0.0 901
1726424683083 0.0 902
1726424683133 0.0 903
1726424683180 0.0 904
1726424683229 0.0 905
1726424683277 0.0 906
1726424683330 0.0 907
1726424683377 0.0 908
1726424683426 0.0 909
1726424683474 0.0 910
1726424683527 0.0 911
1726424683577 0.0 912
1726424683626 0.0 913
1726424683674 0.0 914
1726424683722 0.0 915
1726424683771 0.0 916
1726424683820 0.0 917
1726424683873 0.0 918
1726424683924 0.0 919
1726424683973 0.0 920
1726424684025 0.0 921
1726424684075 0.0 922
1726424684126 0.0 923
1726424684179 0.0 924
1726424684232 0.0 925
1726424684282 0.0 926
1726424684339 0.0 927
1726424684388 0.0 928
1726424684442 0.0 929
1726424684493 0.0 930
1726424684551 0.0 931
1726424684607 0.0 932
1726424684662 0.0 933
1726424684712 0.0 934
1726424684761 0.0 935
1726424684810 0.0 936
1726424684860 0.0 937
1726424684911 0.0 938
1726424684962 0.0 939
1726424685012 0.0 940
1726424685062 0.0 941
1726424685112 0.0 942
1726424685165 0.0 943
1726424685213 0.0 944
1726424685274 0.0 945
1726424685338 0.0 946
1726424685409 0.0 947
1726424685464 0.0 948
1726424685509 0.0 949
1726424685554 0.0 950
1726424685596 0.0 951
1726424685639 0.0 952
1726424685681 0.0 953
1726424685722 0.0 954
1726424685765 0.0 955
1726424685808 0.0 956
1726424685851 0.0 957
1726424685902 0.0 958
1726424685952 0.0 959
1726424685997 0.0 960
1726424686047 0.0 961
1726424686088 0.0 962
1726424686128 0.0 963
1726424686170 0.0 964
1726424686210 0.0 965
1726424686250 0.0 966
1726424686291 0.0 967
1726424686334 0.0 968
1726424686376 0.0 969
1726424686419 0.0 970
1726424686473 0.0 971
1726424686526 0.0 972
1726424686576 0.0 973
