1727305657872 1.9868509769439697 0
1727305657909 1.9723572731018066 1
1727305657944 1.7820079326629639 2
1727305657979 1.8685146570205688 3
1727305658012 1.77128267288208 4
1727305658047 1.8108676671981812 5
1727305658083 1.9744322299957275 6
1727305658117 1.7839387655258179 7
1727305658154 1.798755168914795 8
1727305658189 1.908823847770691 9
1727305658225 1.6739213466644287 10
1727305658260 1.8845775127410889 11
1727305658296 1.8619987964630127 12
1727305658332 1.971314549446106 13
1727305658367 1.9818692207336426 14
1727305658403 1.8456206321716309 15
1727305658448 1.7812716960906982 16
1727305658494 1.9170656204223633 17
1727305658534 1.9208935499191284 18
1727305658576 1.7741495370864868 19
1727305658619 1.9260776042938232 20
1727305658659 1.7514277696609497 21
1727305658698 1.9587006568908691 22
1727305658738 1.8602062463760376 23
1727305658778 1.7552049160003662 24
1727305658817 1.815767765045166 25
1727305658854 1.7693567276000977 26
1727305658891 1.9078054428100586 27
1727305658930 1.8509206771850586 28
1727305658969 1.8978688716888428 29
1727305659005 1.8100814819335938 30
1727305659041 1.8013907670974731 31
1727305659077 1.8400293588638306 32
1727305659113 1.5742285251617432 33
1727305659150 1.6401026248931885 34
1727305659185 1.7675879001617432 35
1727305659219 1.8390133380889893 36
1727305659255 1.7278550863265991 37
1727305659290 1.756072759628296 38
1727305659326 1.8438632488250732 39
1727305659363 1.5637680292129517 40
1727305659400 1.741330862045288 41
1727305659436 1.9632627964019775 42
1727305659472 1.9048964977264404 43
1727305659507 1.336210012435913 44
1727305659542 1.9952428340911865 45
1727305659579 1.698671579360962 46
1727305659615 1.971792221069336 47
1727305659652 1.817899465560913 48
1727305659687 1.944711446762085 49
1727305659723 1.94241201877594 50
1727305659759 1.8078019618988037 51
1727305659796 1.432581901550293 52
1727305659832 1.735607385635376 53
1727305659868 1.3902138471603394 54
1727305659903 1.9418823719024658 55
1727305659940 1.9595370292663574 56
1727305659976 1.94044828414917 57
1727305660012 1.8978346586227417 58
1727305660047 1.8700231313705444 59
1727305660083 1.9530550241470337 60
1727305660118 1.8910934925079346 61
1727305660154 1.5216772556304932 62
1727305660190 1.8654149770736694 63
1727305660228 1.5087926387786865 64
1727305660265 1.5766563415527344 65
1727305660302 1.9873051643371582 66
1727305660339 1.689125657081604 67
1727305660375 1.8479304313659668 68
1727305660412 1.650726318359375 69
1727305660449 1.934951901435852 70
1727305660484 1.8618866205215454 71
1727305660519 1.649906039237976 72
1727305660554 1.8393038511276245 73
1727305660590 1.8466094732284546 74
1727305660627 1.7619473934173584 75
1727305660665 1.980818510055542 76
1727305660702 1.765754222869873 77
1727305660739 1.8885395526885986 78
1727305660777 1.6145789623260498 79
1727305660817 1.3425817489624023 80
1727305660852 1.8629162311553955 81
1727305660888 1.3425817489624023 82
1727305660927 1.7488704919815063 83
1727305660968 1.7229113578796387 84
1727305661003 1.9345921277999878 85
1727305661040 1.9806718826293945 86
1727305661076 1.977914571762085 87
1727305661111 1.784173607826233 88
1727305661146 1.7563087940216064 89
1727305661183 1.747664213180542 90
1727305661219 1.8132867813110352 91
1727305661254 1.8127481937408447 92
1727305661290 1.710815668106079 93
1727305661326 1.7546532154083252 94
1727305661361 1.8537726402282715 95
1727305661398 1.877854347229004 96
1727305661436 1.9260488748550415 97
1727305661473 1.7343690395355225 98
1727305661509 1.70488440990448 99
1727305661545 1.7833322286605835 100
1727305661581 1.9332128763198853 101
1727305661617 1.9487407207489014 102
1727305661653 1.6828079223632812 103
1727305661691 1.932689905166626 104
1727305661734 1.8949267864227295 105
1727305661773 1.6456079483032227 106
1727305661808 1.6897555589675903 107
1727305661842 1.9633342027664185 108
1727305661877 1.917391061782837 109
1727305661914 1.5340702533721924 110
1727305661950 1.7566616535186768 111
1727305661985 1.3425817489624023 112
1727305662020 1.777547836303711 113
1727305662055 1.7777271270751953 114
1727305662090 1.9446089267730713 115
1727305662125 1.3425817489624023 116
1727305662160 1.898796558380127 117
1727305662197 1.826395034790039 118
1727305662232 1.693224549293518 119
1727305662267 1.783706784248352 120
1727305662302 1.8550313711166382 121
1727305662337 1.8252227306365967 122
1727305662373 1.7164831161499023 123
1727305662409 1.676663875579834 124
1727305662444 1.9013774394989014 125
1727305662479 1.868390440940857 126
1727305662516 1.9817557334899902 127
1727305662552 1.9117329120635986 128
1727305662597 1.804814338684082 129
1727305662647 1.84795343875885 130
1727305662686 1.894457221031189 131
1727305662724 1.9309197664260864 132
1727305662761 1.5938379764556885 133
1727305662798 1.951084017753601 134
1727305662834 1.9731401205062866 135
1727305662870 1.974177598953247 136
1727305662908 1.9743261337280273 137
1727305662946 1.5616387128829956 138
1727305662982 1.9913818836212158 139
1727305663018 1.9451414346694946 140
1727305663054 1.8190531730651855 141
1727305663090 1.718374490737915 142
1727305663125 1.9597872495651245 143
1727305663160 1.8212614059448242 144
1727305663195 1.7661278247833252 145
1727305663232 1.9409927129745483 146
1727305663267 1.9667942523956299 147
1727305663302 1.4549301862716675 148
1727305663338 1.861391544342041 149
1727305663375 1.7876789569854736 150
1727305663410 1.703709363937378 151
1727305663445 1.988824725151062 152
1727305663479 1.6932909488677979 153
1727305663514 1.8964236974716187 154
1727305663551 1.959226369857788 155
1727305663588 1.8343220949172974 156
1727305663623 1.6462515592575073 157
1727305663662 1.9547024965286255 158
1727305663700 1.7154179811477661 159
1727305663738 1.624018907546997 160
1727305663776 1.6929603815078735 161
1727305663813 1.6803667545318604 162
1727305663849 1.8150098323822021 163
1727305663886 1.7878366708755493 164
1727305663924 1.9065957069396973 165
1727305663960 1.5893971920013428 166
1727305663998 1.8836714029312134 167
1727305664035 1.9599578380584717 168
1727305664071 1.8961505889892578 169
1727305664107 1.7419801950454712 170
1727305664145 1.8537546396255493 171
1727305664183 1.7667216062545776 172
1727305664221 1.9307622909545898 173
1727305664258 1.8103160858154297 174
1727305664298 1.623986840248108 175
1727305664335 1.9598793983459473 176
1727305664372 1.6286544799804688 177
1727305664408 1.8615741729736328 178
1727305664446 1.5307095050811768 179
1727305664482 1.9618780612945557 180
1727305664520 1.779367208480835 181
1727305664555 1.8920074701309204 182
1727305664591 1.413203239440918 183
1727305664626 1.9459506273269653 184
1727305664663 1.9212965965270996 185
1727305664700 1.5919864177703857 186
1727305664736 1.6664395332336426 187
1727305664771 1.6867185831069946 188
1727305664807 1.8471815586090088 189
1727305664842 1.75160551071167 190
1727305664877 1.8171483278274536 191
1727305664912 1.8681988716125488 192
1727305664947 1.8845425844192505 193
1727305664981 1.9502612352371216 194
1727305665015 1.7143380641937256 195
1727305665050 1.7859352827072144 196
1727305665084 1.7486960887908936 197
1727305665120 1.5785465240478516 198
1727305665156 1.932770013809204 199
1727305665193 1.8209422826766968 200
1727305665231 1.8599685430526733 201
1727305665270 1.6379263401031494 202
1727305665310 1.7761150598526 203
1727305665350 1.903761386871338 204
1727305665389 1.77341628074646 205
1727305665428 1.8146297931671143 206
1727305665466 1.9269073009490967 207
1727305665503 1.8579540252685547 208
1727305665539 1.971017599105835 209
1727305665577 1.979299545288086 210
1727305665614 1.9657121896743774 211
1727305665649 1.9329603910446167 212
1727305665686 1.7096918821334839 213
1727305665722 1.4892685413360596 214
1727305665762 1.9695706367492676 215
1727305665808 1.7555809020996094 216
1727305665844 1.8570520877838135 217
1727305665880 1.432581901550293 218
1727305665915 1.9329968690872192 219
1727305665952 1.4858965873718262 220
1727305665987 1.8298293352127075 221
1727305666020 1.898111343383789 222
1727305666055 1.6334823369979858 223
1727305666089 1.9225810766220093 224
1727305666123 1.8608763217926025 225
1727305666158 1.3425817489624023 226
1727305666193 1.642310619354248 227
1727305666228 1.871974229812622 228
1727305666263 1.799971342086792 229
1727305666298 1.8760312795639038 230
1727305666334 1.9212132692337036 231
1727305666370 1.7648693323135376 232
1727305666404 1.640423059463501 233
1727305666439 1.9135595560073853 234
1727305666476 1.6349692344665527 235
1727305666512 1.6982693672180176 236
1727305666548 1.9730913639068604 237
1727305666583 1.4873805046081543 238
1727305666618 1.8926676511764526 239
1727305666655 1.3425817489624023 240
1727305666700 1.8881880044937134 241
1727305666752 1.824303388595581 242
1727305666809 1.432581901550293 243
1727305666863 1.4325478076934814 244
1727305666915 1.4325852394104004 245
1727305666957 1.432551383972168 246
1727305666996 1.6506690979003906 247
1727305667036 1.6347401142120361 248
1727305667080 1.799985647201538 249
1727305667121 1.9695863723754883 250
1727305667163 1.8426264524459839 251
1727305667206 1.9612255096435547 252
1727305667247 1.8740596771240234 253
1727305667290 1.9949110746383667 254
1727305667333 1.8957207202911377 255
1727305667376 1.5952820777893066 256
1727305667419 1.87642240524292 257
1727305667461 1.9260995388031006 258
1727305667501 1.6672765016555786 259
1727305667541 1.8098450899124146 260
1727305667579 1.8863224983215332 261
1727305667618 1.7350647449493408 262
1727305667662 1.9493460655212402 263
1727305667715 1.7446272373199463 264
1727305667774 1.885389804840088 265
1727305667824 1.8958837985992432 266
1727305667871 1.8009867668151855 267
1727305667910 1.3425817489624023 268
1727305667949 1.8638478517532349 269
1727305667986 1.9523558616638184 270
1727305668025 1.432581901550293 271
1727305668063 1.4325478076934814 272
1727305668101 1.43258535861969 273
1727305668138 1.432551383972168 274
1727305668177 1.8878180980682373 275
1727305668214 1.6242976188659668 276
1727305668253 1.5508737564086914 277
1727305668290 1.897931456565857 278
1727305668327 1.573533296585083 279
1727305668365 1.8909144401550293 280
1727305668401 1.8666296005249023 281
1727305668437 1.7371118068695068 282
1727305668472 1.5256322622299194 283
1727305668509 1.85456383228302 284
1727305668547 1.9928301572799683 285
1727305668585 1.7610185146331787 286
1727305668623 1.6040971279144287 287
1727305668661 1.8657763004302979 288
1727305668696 1.9645328521728516 289
1727305668731 1.7522242069244385 290
1727305668765 1.9254794120788574 291
1727305668799 1.5470294952392578 292
1727305668834 1.8678221702575684 293
1727305668870 1.8693315982818604 294
1727305668905 1.8838791847229004 295
1727305668941 1.769039511680603 296
1727305668977 1.8536872863769531 297
1727305669012 1.4282574653625488 298
1727305669048 1.4889733791351318 299
1727305669083 1.7525430917739868 300
1727305669118 1.974601149559021 301
1727305669154 1.5684843063354492 302
1727305669189 1.9923171997070312 303
1727305669223 1.7323776483535767 304
1727305669258 1.3425817489624023 305
1727305669294 1.9230711460113525 306
1727305669330 1.7501896619796753 307
1727305669369 1.4325816631317139 308
1727305669405 1.4325478076934814 309
1727305669441 1.4325852394104004 310
1727305669478 1.432551383972168 311
1727305669516 1.4325816631317139 312
1727305669552 1.4325478076934814 313
1727305669588 1.4325852394104004 314
1727305669623 1.432551383972168 315
1727305669657 1.4325816631317139 316
1727305669693 1.4325478076934814 317
1727305669728 1.4325852394104004 318
1727305669765 1.8109049797058105 319
1727305669801 1.8579676151275635 320
1727305669836 1.432581901550293 321
1727305669873 1.4325478076934814 322
1727305669909 1.4325852394104004 323
1727305669945 1.432551383972168 324
1727305669981 1.432581901550293 325
1727305670017 1.4325478076934814 326
1727305670052 1.4325852394104004 327
1727305670089 1.432551383972168 328
1727305670124 1.432581901550293 329
1727305670160 1.4325478076934814 330
1727305670197 1.4325852394104004 331
1727305670235 1.432551383972168 332
1727305670271 1.432581901550293 333
1727305670307 1.4325478076934814 334
1727305670345 1.4325852394104004 335
1727305670383 1.432551383972168 336
1727305670420 1.432581901550293 337
1727305670458 1.4325478076934814 338
1727305670493 1.915038824081421 339
1727305670532 1.9572210311889648 340
1727305670572 1.8032989501953125 341
1727305670609 1.9172706604003906 342
1727305670648 1.8176813125610352 343
1727305670685 1.9830832481384277 344
1727305670724 0.436470091342926 345
1727305670762 1.8053131103515625 346
1727305670799 1.8243682384490967 347
1727305670832 1.949933409690857 348
1727305670866 1.2192928791046143 349
1727305670899 1.8412764072418213 350
1727305670934 1.8760814666748047 351
1727305670969 1.8760093450546265 352
1727305671003 1.8791117668151855 353
1727305671037 1.965073823928833 354
1727305671072 1.8377288579940796 355
1727305671107 1.8543879985809326 356
1727305671142 1.3425817489624023 357
1727305671177 1.8032057285308838 358
1727305671212 1.432581901550293 359
1727305671248 1.4325478076934814 360
1727305671283 1.4325852394104004 361
1727305671319 1.432551383972168 362
1727305671355 1.432581901550293 363
1727305671390 1.4325478076934814 364
1727305671426 1.4325852394104004 365
1727305671463 1.432551383972168 366
1727305671499 1.432581901550293 367
1727305671535 1.4325478076934814 368
1727305671572 1.4325852394104004 369
1727305671609 1.432551383972168 370
1727305671645 1.432581901550293 371
1727305671682 1.4325478076934814 372
1727305671718 1.4325852394104004 373
1727305671755 1.432551383972168 374
1727305671793 1.432581901550293 375
1727305671830 1.4325478076934814 376
1727305671868 1.4325852394104004 377
1727305671907 1.432551383972168 378
1727305671945 1.432581901550293 379
1727305671981 1.4325478076934814 380
1727305672015 1.4325852394104004 381
1727305672050 1.432551383972168 382
1727305672086 1.432581901550293 383
1727305672121 1.4325478076934814 384
1727305672156 1.4325852394104004 385
1727305672191 1.432551383972168 386
1727305672227 1.432581901550293 387
1727305672263 1.928746223449707 388
1727305672299 1.7972031831741333 389
1727305672333 1.56644868850708 390
1727305672370 1.7007715702056885 391
1727305672405 1.3425817489624023 392
1727305672439 1.720273733139038 393
1727305672475 1.8489737510681152 394
1727305672511 1.7061697244644165 395
1727305672547 1.8242303133010864 396
1727305672582 1.3425817489624023 397
1727305672617 1.8082435131072998 398
1727305672651 1.9666969776153564 399
1727305672687 1.965291142463684 400
1727305672725 1.7609493732452393 401
1727305672764 1.2097513675689697 402
1727305672804 1.9587006568908691 403
1727305672846 1.9511535167694092 404
1727305672888 1.8191893100738525 405
1727305672926 1.8513703346252441 406
1727305672965 1.9327788352966309 407
1727305673002 1.6590787172317505 408
1727305673039 1.9228029251098633 409
1727305673076 1.7561894655227661 410
1727305673113 1.7562050819396973 411
1727305673151 1.756178617477417 412
1727305673188 1.7561943531036377 413
1727305673225 1.7561943531036377 414
