1726235189547 2e-05 0
1726235189588 0.43852266669273376 1
1726235189625 0.6091066598892212 2
1726235189664 0.7118663191795349 3
1726235189700 0.5464705228805542 4
1726235189738 0.4895137846469879 5
1726235189775 0.7187345027923584 6
1726235189813 0.6360604166984558 7
1726235189851 0.4951050579547882 8
1726235189889 0.5888623595237732 9
1726235189927 0.8043478727340698 10
1726235189966 0.7803717851638794 11
1726235190003 0.4701172113418579 12
1726235190041 0.5867316722869873 13
1726235190079 0.6022640466690063 14
1726235190118 0.8166593313217163 15
1726235190155 0.7751849889755249 16
1726235190194 0.8060802817344666 17
1726235190232 0.6633098721504211 18
1726235190271 0.8084472417831421 19
1726235190309 0.6750880479812622 20
1726235190348 0.8595591187477112 21
1726235190386 0.698887825012207 22
1726235190425 0.5099000334739685 23
1726235190463 0.4627104103565216 24
1726235190502 0.1654934138059616 25
1726235190540 0.5185608863830566 26
1726235190579 0.45589950680732727 27
1726235190618 0.4142983853816986 28
1726235190657 0.4452892541885376 29
1726235190695 0.44550952315330505 30
1726235190733 0.4717756509780884 31
1726235190771 0.5232622027397156 32
1726235190809 0.4880954325199127 33
1726235190847 0.7937425374984741 34
1726235190886 0.4414852261543274 35
1726235190924 0.43666866421699524 36
1726235190961 0.832186758518219 37
1726235191000 0.5480126738548279 38
1726235191039 0.7822133302688599 39
1726235191077 0.7550668120384216 40
1726235191115 0.5494184494018555 41
1726235191153 0.6098145246505737 42
1726235191195 0.813645601272583 43
1726235191235 0.3485010266304016 44
1726235191277 0.6106792092323303 45
1726235191317 0.4293542802333832 46
1726235191355 0.41765275597572327 47
1726235191393 0.43490463495254517 48
1726235191431 0.6208544373512268 49
1726235191469 0.28612104058265686 50
1726235191509 0.6947190761566162 51
1726235191550 0.28581395745277405 52
1726235191589 0.3152009844779968 53
1726235191627 0.7674813866615295 54
1726235191666 0.8473055958747864 55
1726235191705 0.5180397629737854 56
1726235191744 0.27208447456359863 57
1726235191782 0.5764997005462646 58
1726235191824 0.6937423944473267 59
1726235191871 0.7780171632766724 60
1726235191916 0.4906715154647827 61
1726235191962 0.8178148865699768 62
1726235192004 0.6225358843803406 63
1726235192054 0.7104074954986572 64
1726235192099 0.7073125839233398 65
1726235192140 0.7654045820236206 66
1726235192179 0.8550077676773071 67
1726235192216 0.6773359775543213 68
1726235192252 0.5208886861801147 69
1726235192289 0.8566309213638306 70
1726235192326 0.766791045665741 71
1726235192364 0.50035160779953 72
1726235192402 0.6938321590423584 73
1726235192441 0.4059068262577057 74
1726235192478 0.6776441931724548 75
1726235192517 0.4385785162448883 76
1726235192555 0.767683207988739 77
1726235192593 0.39037659764289856 78
1726235192632 0.6516817212104797 79
1726235192671 0.7065854072570801 80
1726235192709 0.7054544687271118 81
1726235192748 0.46619218587875366 82
1726235192788 0.42420294880867004 83
1726235192827 0.5228955149650574 84
1726235192866 0.8054167628288269 85
1726235192906 0.570749819278717 86
1726235192945 0.7744219303131104 87
1726235192984 0.543933093547821 88
1726235193023 0.5414446592330933 89
1726235193062 0.56151282787323 90
1726235193100 0.5579509139060974 91
1726235193139 0.6268274188041687 92
1726235193178 0.6394006609916687 93
1726235193218 0.6728982925415039 94
1726235193258 0.5368947982788086 95
1726235193315 0.44514793157577515 96
1726235193367 0.6843999624252319 97
1726235193404 0.7418818473815918 98
1726235193441 0.7576959133148193 99
1726235193478 0.7663367390632629 100
1726235193516 0.5817790031433105 101
1726235193553 0.5983594655990601 102
1726235193592 0.5621698498725891 103
1726235193631 0.5964155197143555 104
1726235193669 0.7417046427726746 105
1726235193708 0.44550833106040955 106
1726235193746 0.6588177680969238 107
1726235193784 0.5774155259132385 108
1726235193824 0.5116047263145447 109
1726235193863 0.7997034192085266 110
1726235193904 0.8537046909332275 111
1726235193944 0.4960295855998993 112
1726235193985 0.04277462139725685 113
1726235194024 0.7535117864608765 114
1726235194063 0.6361257433891296 115
1726235194102 0.775547444820404 116
1726235194144 0.6591444611549377 117
1726235194183 0.700921893119812 118
1726235194223 0.5567585825920105 119
1726235194265 0.6370134949684143 120
1726235194306 0.5694258213043213 121
1726235194346 0.5320577025413513 122
1726235194387 0.581332802772522 123
1726235194427 0.5715711712837219 124
1726235194466 0.6564822793006897 125
1726235194508 0.43143749237060547 126
1726235194550 0.8998640775680542 127
1726235194589 0.862293541431427 128
1726235194630 0.6174400448799133 129
1726235194670 0.8471385836601257 130
1726235194709 0.6993317604064941 131
1726235194750 0.3475406765937805 132
1726235194792 0.3015737235546112 133
1726235194832 0.4304990768432617 134
1726235194875 0.4783644378185272 135
1726235194917 0.5406166315078735 136
1726235194961 0.6947998404502869 137
1726235195003 0.6169493794441223 138
1726235195043 0.6149455308914185 139
1726235195083 0.6977190971374512 140
1726235195123 0.48877665400505066 141
1726235195162 0.5225534439086914 142
1726235195203 0.6220076084136963 143
1726235195244 0.5631288886070251 144
1726235195285 0.7754654288291931 145
1726235195333 0.7527418732643127 146
1726235195374 0.8867344856262207 147
1726235195416 0.7865351438522339 148
1726235195462 0.24087202548980713 149
1726235195503 0.5044152736663818 150
1726235195545 0.5162660479545593 151
1726235195591 0.6525036096572876 152
1726235195637 0.750890851020813 153
1726235195680 0.39045125246047974 154
1726235195722 0.6112687587738037 155
1726235195761 0.8793123364448547 156
1726235195806 0.6654683351516724 157
1726235195851 0.5044758915901184 158
1726235195900 0.6888176202774048 159
1726235195941 0.5721748471260071 160
1726235195985 0.6637223958969116 161
1726235196035 0.31481388211250305 162
1726235196080 0.6827243566513062 163
1726235196120 0.6295519471168518 164
1726235196158 0.6085326671600342 165
1726235196196 0.8605148792266846 166
1726235196234 0.7700725793838501 167
1726235196273 0.7472577691078186 168
1726235196312 0.49407291412353516 169
1726235196357 0.8826086521148682 170
1726235196404 0.7637686729431152 171
1726235196447 0.4693494737148285 172
1726235196486 0.4848421812057495 173
1726235196523 0.6935129165649414 174
1726235196563 0.6605473160743713 175
1726235196601 0.5424278974533081 176
1726235196647 0.47823235392570496 177
1726235196688 0.4166457951068878 178
1726235196733 0.6388558745384216 179
1726235196779 0.4940452575683594 180
1726235196823 0.8229864835739136 181
1726235196863 0.802539050579071 182
1726235196909 0.6396140456199646 183
1726235196949 0.6137173771858215 184
1726235196988 0.763046383857727 185
1726235197028 0.3838743567466736 186
1726235197066 0.720060408115387 187
1726235197106 0.5964959263801575 188
1726235197145 0.6110426783561707 189
1726235197183 0.7664123177528381 190
1726235197223 0.6359999179840088 191
1726235197264 0.5682382583618164 192
1726235197302 0.8039291501045227 193
1726235197342 0.634617030620575 194
1726235197382 0.8637884855270386 195
1726235197421 0.6503276228904724 196
1726235197461 0.5345036387443542 197
1726235197500 0.76105797290802 198
1726235197540 0.6349426507949829 199
1726235197579 0.36271318793296814 200
1726235197619 0.7750909924507141 201
1726235197659 0.3818611204624176 202
1726235197698 0.5653155446052551 203
1726235197738 0.711346447467804 204
1726235197778 0.5649605393409729 205
1726235197818 0.6193659901618958 206
1726235197859 0.871766209602356 207
1726235197899 0.4571898579597473 208
1726235197939 0.8317055702209473 209
1726235197981 0.8475850224494934 210
1726235198021 0.7423915266990662 211
1726235198060 0.7679286599159241 212
1726235198099 0.7425990104675293 213
1726235198138 0.6847862601280212 214
1726235198178 0.8857499361038208 215
1726235198218 0.8032028675079346 216
1726235198258 0.4936126172542572 217
1726235198298 0.5325280427932739 218
1726235198339 0.4912467300891876 219
1726235198379 0.48530328273773193 220
1726235198418 0.7054883241653442 221
1726235198458 0.7381905913352966 222
1726235198498 0.5068011283874512 223
1726235198537 0.6774027943611145 224
1726235198577 0.6801700592041016 225
1726235198616 0.6283316016197205 226
1726235198656 0.8773688077926636 227
1726235198694 0.8483902215957642 228
1726235198733 0.6218613386154175 229
1726235198773 0.8417600989341736 230
1726235198814 0.6948667764663696 231
1726235198864 0.5428307056427002 232
1726235198903 0.38745927810668945 233
1726235198942 0.6938768029212952 234
1726235198981 0.7109983563423157 235
1726235199021 0.6839510798454285 236
1726235199061 0.4682275056838989 237
1726235199099 0.508479654788971 238
1726235199139 0.6228383183479309 239
1726235199178 0.8198123574256897 240
1726235199218 0.43719691038131714 241
1726235199257 0.43022432923316956 242
1726235199298 0.6791489720344543 243
1726235199339 0.518543004989624 244
1726235199382 0.4333280920982361 245
1726235199421 0.7900918126106262 246
1726235199460 0.2901361286640167 247
1726235199499 0.6428366303443909 248
1726235199542 0.7203565239906311 249
1726235199593 0.575264036655426 250
1726235199633 0.2853977084159851 251
1726235199674 0.7407254576683044 252
1726235199717 0.3446311056613922 253
1726235199765 0.3041844964027405 254
1726235199826 0.7498922348022461 255
1726235199866 0.693302571773529 256
1726235199904 0.5419748425483704 257
1726235199942 0.4141213297843933 258
1726235199980 0.5108869075775146 259
1726235200020 0.8002424240112305 260
1726235200059 0.5445884466171265 261
1726235200097 0.7936310172080994 262
1726235200136 0.568952739238739 263
1726235200176 0.8290048837661743 264
1726235200215 0.6398836374282837 265
1726235200255 0.819919764995575 266
1726235200294 0.5273230671882629 267
1726235200334 0.7444049715995789 268
1726235200373 0.6446055769920349 269
1726235200415 0.469382643699646 270
1726235200455 0.5585343837738037 271
1726235200494 0.48045700788497925 272
1726235200534 0.6647806167602539 273
1726235200573 0.9287858009338379 274
1726235200612 0.47489675879478455 275
1726235200659 0.6677336692810059 276
1726235200699 0.6795134544372559 277
1726235200741 0.5630665421485901 278
1726235200781 0.8012043833732605 279
1726235200820 0.5196753144264221 280
1726235200860 0.21870163083076477 281
1726235200899 0.7318969964981079 282
1726235200938 0.5733302235603333 283
1726235200976 0.5827661752700806 284
1726235201015 0.5122457146644592 285
1726235201054 0.4242967367172241 286
1726235201093 0.5284282565116882 287
1726235201131 0.6926049590110779 288
1726235201170 0.27084553241729736 289
1726235201210 0.8264940977096558 290
1726235201249 0.7928186655044556 291
1726235201288 0.37322747707366943 292
1726235201326 0.8946985602378845 293
1726235201365 0.7831185460090637 294
1726235201405 0.707849383354187 295
1726235201445 0.4288027584552765 296
1726235201485 0.5586819648742676 297
1726235201524 0.8002310991287231 298
1726235201564 0.7514408230781555 299
1726235201603 0.4205646514892578 300
1726235201646 0.674192488193512 301
1726235201688 0.5372183918952942 302
1726235201730 0.4987235367298126 303
1726235201776 0.26538413763046265 304
1726235201822 0.35339435935020447 305
1726235201872 0.9093753695487976 306
1726235201934 0.7508448958396912 307
1726235201985 0.6817734241485596 308
1726235202023 0.5928247570991516 309
1726235202068 0.5004284977912903 310
1726235202108 0.5195142030715942 311
1726235202148 0.42923498153686523 312
1726235202186 0.6635993719100952 313
1726235202226 0.8330121040344238 314
1726235202264 0.7666369676589966 315
1726235202304 0.68023681640625 316
1726235202346 0.6493769884109497 317
1726235202391 0.5716491937637329 318
1726235202433 0.33879297971725464 319
1726235202475 0.5940619707107544 320
1726235202516 0.21428422629833221 321
1726235202557 0.6064055562019348 322
1726235202597 0.7440692186355591 323
1726235202638 0.6424979567527771 324
1726235202682 0.5478760600090027 325
1726235202723 0.6946385502815247 326
1726235202772 0.771528422832489 327
1726235202818 0.6664865612983704 328
1726235202860 0.38579675555229187 329
1726235202898 0.5263264179229736 330
1726235202938 0.7696377635002136 331
1726235202975 0.8014037609100342 332
1726235203013 0.5126849412918091 333
1726235203051 0.36880746483802795 334
1726235203089 0.2992292046546936 335
1726235203127 0.8307960033416748 336
1726235203166 0.6799561381340027 337
1726235203204 0.7018514275550842 338
1726235203243 0.7597227692604065 339
1726235203282 0.7416624426841736 340
1726235203321 0.4247379004955292 341
1726235203359 0.6012188792228699 342
1726235203399 0.7424480319023132 343
1726235203440 0.4823134243488312 344
1726235203479 0.6230459213256836 345
1726235203520 0.5395129919052124 346
1726235203569 0.8079148530960083 347
1726235203628 0.6293084621429443 348
1726235203689 0.6223743557929993 349
1726235203746 0.44845715165138245 350
1726235203802 0.5334649085998535 351
1726235203862 0.42384135723114014 352
1726235203914 0.5474358797073364 353
1726235203962 0.6520272493362427 354
1726235204010 0.6601302623748779 355
1726235204058 0.4728931784629822 356
1726235204107 0.33626696467399597 357
1726235204155 0.5033860802650452 358
1726235204204 0.3180970847606659 359
1726235204253 0.5126169919967651 360
1726235204303 0.7827803492546082 361
1726235204356 0.4932634234428406 362
1726235204407 0.7663223743438721 363
1726235204457 0.3537822961807251 364
1726235204511 0.562122642993927 365
1726235204563 0.4895475208759308 366
1726235204626 0.6983808875083923 367
1726235204679 0.8730454444885254 368
1726235204730 0.7659611105918884 369
1726235204784 0.8357529044151306 370
1726235204836 0.63575679063797 371
1726235204882 0.6109349131584167 372
1726235204927 0.47897350788116455 373
1726235204972 0.6888978481292725 374
1726235205015 0.41399115324020386 375
1726235205061 0.41729074716567993 376
1726235205110 0.5938907265663147 377
1726235205161 0.7648451924324036 378
1726235205202 0.6766207814216614 379
1726235205244 0.38936397433280945 380
1726235205284 0.6326379179954529 381
1726235205323 0.7694076299667358 382
1726235205364 0.5659865140914917 383
1726235205411 0.5436105132102966 384
1726235205457 0.6113908290863037 385
1726235205506 0.6601733565330505 386
1726235205554 0.5989589691162109 387
1726235205600 0.6928791999816895 388
1726235205643 0.7313674688339233 389
1726235205684 0.8746681809425354 390
1726235205726 0.839145839214325 391
1726235205773 0.8715652227401733 392
1726235205819 0.6578377485275269 393
1726235205861 0.6525559425354004 394
1726235205904 0.8617236018180847 395
1726235205947 0.37557488679885864 396
1726235205995 0.47123196721076965 397
1726235206041 0.7176709771156311 398
1726235206081 0.6115590333938599 399
1726235206119 0.5331606268882751 400
1726235206162 0.5894262790679932 401
1726235206205 0.4707350730895996 402
1726235206242 0.7567511796951294 403
1726235206279 0.04907292500138283 404
1726235206317 0.7132157683372498 405
1726235206357 0.7370997071266174 406
1726235206395 0.6355285048484802 407
1726235206433 0.7434508800506592 408
1726235206471 0.8202571272850037 409
1726235206509 0.4283798635005951 410
1726235206548 0.7859296798706055 411
1726235206585 0.7472172379493713 412
1726235206624 0.45415806770324707 413
1726235206663 0.7213860750198364 414
1726235206702 0.81008380651474 415
1726235206745 0.4903157949447632 416
1726235206786 0.7018807530403137 417
1726235206827 0.6122951507568359 418
1726235206871 0.053394000977277756 419
1726235206915 0.3724890947341919 420
1726235206961 0.38759395480155945 421
1726235207003 0.5629252195358276 422
1726235207043 0.5992943644523621 423
1726235207085 0.8492368459701538 424
1726235207125 0.7160643339157104 425
1726235207165 0.5188530683517456 426
1726235207207 0.6260661482810974 427
1726235207247 0.6732736825942993 428
1726235207286 0.5592314004898071 429
1726235207327 0.6491087675094604 430
1726235207368 0.29391175508499146 431
1726235207407 0.8037014603614807 432
1726235207449 0.5070089101791382 433
1726235207489 0.6027464270591736 434
1726235207529 0.6289666891098022 435
1726235207569 0.6181818246841431 436
1726235207609 0.5399473905563354 437
1726235207648 0.8067781925201416 438
1726235207691 0.720585823059082 439
1726235207745 0.35923099517822266 440
1726235207798 0.6303498148918152 441
1726235207846 0.4655335545539856 442
1726235207883 0.581378161907196 443
1726235207920 0.6534832119941711 444
1726235207957 0.8129472732543945 445
1726235207994 0.7370316982269287 446
1726235208032 0.8285030722618103 447
1726235208069 0.6020135283470154 448
1726235208108 0.6192617416381836 449
1726235208146 0.5251972675323486 450
1726235208185 0.7215204834938049 451
1726235208223 0.01827055774629116 452
1726235208263 0.46470722556114197 453
1726235208303 0.5963994860649109 454
1726235208341 0.8315136432647705 455
1726235208381 0.7408234477043152 456
1726235208420 0.8664007782936096 457
1726235208460 0.7888467907905579 458
1726235208500 0.1440957933664322 459
1726235208540 0.017955973744392395 460
1726235208579 0.8851014375686646 461
1726235208618 0.707832396030426 462
1726235208660 0.5719788670539856 463
1726235208704 0.46248552203178406 464
1726235208744 0.665432870388031 465
1726235208783 0.659877359867096 466
1726235208823 0.01620442233979702 467
1726235208861 0.6180588006973267 468
1726235208901 0.6815077066421509 469
1726235208941 0.7846621870994568 470
1726235208980 0.696652352809906 471
1726235209021 0.5247071981430054 472
1726235209068 0.01715320348739624 473
1726235209126 0.34160780906677246 474
1726235209184 0.6596219539642334 475
1726235209227 0.6478795409202576 476
1726235209273 0.6071473360061646 477
1726235209313 0.616310179233551 478
1726235209350 0.3117145001888275 479
1726235209389 0.8283693790435791 480
1726235209426 0.05987273529171944 481
1726235209464 0.821074366569519 482
1726235209502 0.8200512528419495 483
1726235209541 0.4884420335292816 484
1726235209579 0.5752706527709961 485
1726235209617 0.6458104848861694 486
1726235209655 0.5285619497299194 487
1726235209695 0.01646793819963932 488
1726235209734 0.26971426606178284 489
1726235209773 0.7662758827209473 490
1726235209813 0.7787514328956604 491
1726235209865 0.6452149152755737 492
1726235209916 0.3340528607368469 493
1726235209960 0.7549119591712952 494
1726235210003 0.43515563011169434 495
1726235210044 0.7095599174499512 496
1726235210086 0.5047876238822937 497
1726235210130 0.4685322046279907 498
1726235210170 0.6450493335723877 499
1726235210218 0.7495264410972595 500
1726235210270 0.6335849761962891 501
1726235210309 0.7206689119338989 502
1726235210349 0.5652492642402649 503
1726235210387 0.3849366009235382 504
1726235210428 0.9049272537231445 505
1726235210471 0.8365638256072998 506
1726235210535 0.8520239591598511 507
1726235210592 0.5708515048027039 508
1726235210639 0.6971734762191772 509
1726235210676 0.8214486837387085 510
1726235210713 0.9130974411964417 511
1726235210750 0.32758352160453796 512
1726235210788 0.4812845289707184 513
1726235210826 0.6241422295570374 514
1726235210863 0.4848375916481018 515
1726235210901 0.589367151260376 516
1726235210939 0.9111551642417908 517
1726235210977 0.8459232449531555 518
1726235211016 0.7284325957298279 519
1726235211054 0.01708209700882435 520
1726235211093 0.7986950278282166 521
1726235211132 0.5624809861183167 522
1726235211171 0.5673441290855408 523
1726235211209 0.4660770297050476 524
1726235211247 0.592039167881012 525
1726235211286 0.7840837836265564 526
1726235211326 0.682127833366394 527
1726235211366 0.6637701392173767 528
1726235211410 0.6699775457382202 529
1726235211456 0.29519060254096985 530
1726235211495 0.8894034028053284 531
1726235211533 0.7834360003471375 532
1726235211576 0.837309718132019 533
1726235211617 0.6903995871543884 534
1726235211664 0.028412288054823875 535
1726235211703 0.6444704532623291 536
1726235211747 0.824409008026123 537
1726235211796 0.6678679585456848 538
1726235211841 0.5615701675415039 539
1726235211882 0.5656526684761047 540
1726235211925 0.6145207285881042 541
1726235211964 0.753391444683075 542
1726235212009 0.6256648302078247 543
1726235212049 0.7526708841323853 544
1726235212088 0.03774794191122055 545
1726235212126 0.8308265805244446 546
1726235212165 0.031734298914670944 547
1726235212206 0.7229201197624207 548
1726235212246 0.715227484703064 549
1726235212286 0.6502341032028198 550
1726235212325 0.5630752444267273 551
1726235212365 0.6038222312927246 552
1726235212405 0.024842360988259315 553
1726235212445 0.2912682592868805 554
1726235212484 0.21305470168590546 555
1726235212523 0.8183072805404663 556
1726235212562 0.742891252040863 557
1726235212603 0.560299813747406 558
1726235212642 0.7735342383384705 559
1726235212682 0.026546359062194824 560
1726235212720 0.5382716655731201 561
1726235212761 0.730797290802002 562
1726235212800 0.6319729089736938 563
1726235212841 0.6535404920578003 564
1726235212881 0.7684171199798584 565
1726235212923 0.7809948921203613 566
1726235212961 0.5842196941375732 567
1726235213001 0.7220227122306824 568
1726235213044 0.5841364860534668 569
1726235213084 0.6846392750740051 570
1726235213127 0.6178445816040039 571
1726235213169 0.5139791965484619 572
1726235213208 0.7996859550476074 573
1726235213246 0.6292161345481873 574
1726235213286 0.004762777592986822 575
1726235213325 0.6203268766403198 576
1726235213365 0.7036522030830383 577
1726235213403 0.7863842844963074 578
1726235213445 0.6497013568878174 579
1726235213486 0.6308277249336243 580
1726235213530 0.38662028312683105 581
1726235213571 0.4974496364593506 582
1726235213616 0.3242107033729553 583
1726235213653 0.4790482819080353 584
1726235213689 0.6099367737770081 585
1726235213727 0.6255806088447571 586
1726235213764 0.824777364730835 587
1726235213802 0.7110483646392822 588
1726235213839 0.6049404144287109 589
1726235213877 0.7221216559410095 590
1726235213914 0.5592111945152283 591
1726235213953 0.44858720898628235 592
1726235213990 0.05291604995727539 593
1726235214028 0.43902072310447693 594
1726235214067 0.0268202256411314 595
1726235214105 0.028618453070521355 596
1726235214142 0.030994538217782974 597
1726235214181 0.03435743227601051 598
1726235214219 0.7274401187896729 599
1726235214257 0.04275748133659363 600
1726235214295 0.7602026462554932 601
1726235214333 0.8383083939552307 602
1726235214372 0.9450971484184265 603
1726235214411 0.7409774661064148 604
1726235214448 0.5565770268440247 605
1726235214488 0.6707204580307007 606
1726235214526 0.7755418419837952 607
1726235214565 0.7899688482284546 608
1726235214603 0.24769409000873566 609
1726235214641 0.5883129835128784 610
1726235214679 0.6437040567398071 611
1726235214717 0.3297198712825775 612
1726235214755 0.54791659116745 613
1726235214793 0.5685413479804993 614
1726235214831 0.6122019290924072 615
1726235214869 0.4427790343761444 616
1726235214907 0.8443570733070374 617
1726235214946 0.009892993606626987 618
1726235214985 0.5349248647689819 619
1726235215023 0.7485253810882568 620
1726235215060 0.4811194837093353 621
1726235215099 0.28168997168540955 622
1726235215137 0.43336769938468933 623
1726235215175 0.2745607793331146 624
1726235215212 0.015703672543168068 625
1726235215250 0.7040064334869385 626
1726235215288 0.026708422228693962 627
1726235215327 0.029065361246466637 628
1726235215363 0.03329708054661751 629
1726235215402 0.2215539664030075 630
1726235215440 0.5158157348632812 631
1726235215478 0.5215412378311157 632
1726235215515 0.6782112717628479 633
1726235215554 0.9249011874198914 634
1726235215592 0.6422706246376038 635
1726235215630 0.7728998064994812 636
1726235215667 0.3489890396595001 637
1726235215706 0.7636431455612183 638
1726235215744 0.7575587034225464 639
1726235215781 0.4300338625907898 640
1726235215818 0.4904402196407318 641
1726235215857 0.9117529392242432 642
1726235215895 0.538863480091095 643
1726235215933 0.7628393769264221 644
1726235215973 0.5293523073196411 645
1726235216010 0.34347227215766907 646
1726235216049 0.7219322323799133 647
1726235216088 0.01954163797199726 648
1726235216126 0.6113220453262329 649
1726235216164 0.5981706380844116 650
1726235216202 0.07609591633081436 651
1726235216241 0.04665810987353325 652
1726235216278 0.6548869013786316 653
1726235216318 0.020099110901355743 654
1726235216355 0.49100616574287415 655
1726235216394 0.6805610060691833 656
1726235216431 0.39694997668266296 657
1726235216469 0.7795423865318298 658
1726235216508 0.7403092980384827 659
1726235216546 0.44461899995803833 660
1726235216582 0.7369676828384399 661
1726235216621 0.7286555767059326 662
1726235216659 0.032676517963409424 663
1726235216698 0.032172366976737976 664
1726235216736 0.02968652918934822 665
1726235216774 0.034955739974975586 666
1726235216812 0.6425088047981262 667
1726235216849 0.37109580636024475 668
1726235216887 0.46956580877304077 669
1726235216925 0.6423674821853638 670
1726235216963 0.5773031115531921 671
1726235217002 0.024432145059108734 672
1726235217040 0.4549032747745514 673
1726235217077 0.025720160454511642 674
1726235217116 0.30495867133140564 675
1726235217157 0.7328845858573914 676
1726235217196 0.0415077768266201 677
1726235217234 0.4002043604850769 678
1726235217273 0.042952366173267365 679
1726235217312 0.04941045120358467 680
1726235217351 0.03350672870874405 681
1726235217389 0.014993936754763126 682
1726235217428 0.015543117187917233 683
1726235217466 0.016144884750247 684
1726235217505 0.016809547320008278 685
1726235217543 0.33689644932746887 686
1726235217582 0.2099623680114746 687
1726235217621 0.05118560418486595 688
1726235217659 0.061634279787540436 689
1726235217697 0.014995498582720757 690
1726235217736 0.012138914316892624 691
1726235217774 0.01224055141210556 692
1726235217812 0.012344800867140293 693
1726235217852 0.012451696209609509 694
1726235217891 0.012561500072479248 695
1726235217929 0.012674168683588505 696
1726235217968 0.012789946049451828 697
1726235218006 0.012877484783530235 698
1726235218045 0.0 699
