1726426554420 1.1231391429901123 0
1726426554459 0.760621190071106 1
1726426554503 -0.0 2
1726426554542 -0.0 3
1726426554585 0.10320019721984863 4
1726426554629 0.24496985971927643 5
1726426554672 0.2928585708141327 6
1726426554712 0.14831414818763733 7
1726426554757 0.40747785568237305 8
1726426554798 0.39797455072402954 9
1726426554842 0.12443332374095917 10
1726426554882 0.16552522778511047 11
1726426554931 0.23091842234134674 12
1726426554972 0.34111252427101135 13
1726426555024 0.10811320692300797 14
1726426555072 0.09002360701560974 15
1726426555114 2.149783107086023e-08 16
1726426555151 -0.0 17
1726426555190 0.20102348923683167 18
1726426555229 0.28560692071914673 19
1726426555267 0.2038121521472931 20
1726426555305 0.5747334957122803 21
1726426555345 0.26047760248184204 22
1726426555388 0.3002164363861084 23
1726426555437 -0.0 24
1726426555482 -0.0 25
1726426555529 -0.0 26
1726426555569 0.05044516175985336 27
1726426555609 -0.0 28
1726426555650 0.20709583163261414 29
1726426555692 0.37862950563430786 30
1726426555734 -0.0 31
1726426555788 0.6120301485061646 32
1726426555835 4.299566214172046e-08 33
1726426555879 0.15085066854953766 34
1726426555925 0.18646903336048126 35
1726426555990 0.719104528427124 36
1726426556039 0.11659764498472214 37
1726426556089 0.24737617373466492 38
1726426556140 -0.0 39
1726426556194 0.0804029256105423 40
1726426556257 0.010961455292999744 41
1726426556327 0.3041287362575531 42
1726426556395 0.44035714864730835 43
1726426556460 0.354732871055603 44
1726426556521 0.3554253578186035 45
1726426556582 -0.0 46
1726426556640 0.023812929168343544 47
1726426556696 0.29175034165382385 48
1726426556752 0.23846882581710815 49
1726426556813 -0.0 50
1726426556869 0.27721595764160156 51
1726426556925 -0.0 52
1726426556981 -0.0 53
1726426557036 0.37718647718429565 54
1726426557091 0.03372190147638321 55
1726426557151 0.5549345016479492 56
1726426557209 0.4138912558555603 57
1726426557264 0.2326096147298813 58
1726426557319 0.28432732820510864 59
1726426557375 0.5351617336273193 60
1726426557431 0.14668595790863037 61
1726426557486 0.3498658537864685 62
1726426557541 -0.0 63
1726426557596 -0.0 64
1726426557652 0.5162419676780701 65
1726426557715 -0.0 66
1726426557771 0.18657900393009186 67
1726426557826 -0.0 68
1726426557881 -0.0 69
1726426557938 0.07956372946500778 70
1726426557994 0.16965702176094055 71
1726426558050 -0.0 72
1726426558106 0.3510722517967224 73
1726426558162 0.3427363634109497 74
1726426558219 -0.0 75
1726426558280 0.0457601472735405 76
1726426558344 0.1183251142501831 77
1726426558391 0.1641133725643158 78
1726426558437 0.6478964686393738 79
1726426558485 -0.0 80
1726426558532 0.09906305372714996 81
1726426558580 0.31615734100341797 82
1726426558629 0.24979925155639648 83
1726426558679 0.37970873713493347 84
1726426558729 -0.0 85
1726426558779 0.39741837978363037 86
1726426558828 0.21926434338092804 87
1726426558877 0.3322365880012512 88
1726426558939 0.2407718151807785 89
1726426558999 -0.0 90
1726426559065 -0.0 91
1726426559133 0.2679564952850342 92
1726426559199 -0.0 93
1726426559263 0.2217802107334137 94
1726426559311 0.12275239825248718 95
1726426559358 -0.0 96
1726426559404 -0.0 97
1726426559453 0.20414817333221436 98
1726426559500 0.3734898567199707 99
1726426559552 0.0342438668012619 100
1726426559602 0.6942511796951294 101
1726426559651 -0.0 102
1726426559700 0.2890988886356354 103
1726426559749 0.4790199100971222 104
1726426559797 -0.0 105
1726426559854 0.041090600192546844 106
1726426559906 0.29794567823410034 107
1726426559955 0.4702843427658081 108
1726426560004 0.19627732038497925 109
1726426560053 -0.0 110
1726426560100 0.13215014338493347 111
1726426560149 -0.0 112
1726426560197 -0.0 113
1726426560245 -0.0 114
1726426560292 0.34978485107421875 115
1726426560340 0.24954122304916382 116
1726426560402 -0.0 117
1726426560464 0.504335880279541 118
1726426560517 0.6951525211334229 119
1726426560587 -2.149783107086023e-08 120
1726426560641 0.028260692954063416 121
1726426560689 0.10410364717245102 122
1726426560739 0.2216167151927948 123
1726426560787 0.22875183820724487 124
1726426560852 0.1902868151664734 125
1726426560914 0.2904249429702759 126
1726426560964 0.36338096857070923 127
1726426561011 0.1230076253414154 128
1726426561056 0.22333213686943054 129
1726426561102 0.112223319709301 130
1726426561150 0.2474559247493744 131
1726426561198 -0.0 132
1726426561243 -0.0 133
1726426561286 0.24999494850635529 134
1726426561331 0.0868481993675232 135
1726426561372 -0.0 136
1726426561413 -0.0 137
1726426561454 0.32705163955688477 138
1726426561493 0.43237629532814026 139
1726426561533 -0.0 140
1726426561573 -0.0 141
1726426561612 0.3442586064338684 142
1726426561651 0.5515249967575073 143
1726426561691 0.43934646248817444 144
1726426561730 -0.0 145
1726426561769 0.28201690316200256 146
1726426561807 -0.0 147
1726426561846 0.027722779661417007 148
1726426561884 0.10480786114931107 149
1726426561926 -0.0 150
1726426561975 -0.0 151
1726426562014 -0.0 152
1726426562054 0.2992384433746338 153
1726426562093 -0.0 154
1726426562131 2.149783107086023e-08 155
1726426562169 -0.0 156
1726426562209 0.06480030715465546 157
1726426562248 0.2481381595134735 158
1726426562286 0.22377437353134155 159
1726426562325 0.12454251945018768 160
1726426562364 0.17279137670993805 161
1726426562403 0.352351576089859 162
1726426562442 0.323344349861145 163
1726426562481 0.19111734628677368 164
1726426562523 -0.0 165
1726426562562 0.10514789819717407 166
1726426562601 -0.0 167
1726426562639 0.23783357441425323 168
1726426562677 0.3713204860687256 169
1726426562716 -0.0 170
1726426562754 -0.0 171
1726426562792 0.012933662161231041 172
1726426562830 0.12107062339782715 173
1726426562870 -0.0 174
1726426562908 0.23498068749904633 175
1726426562947 0.1896120309829712 176
1726426562985 0.08163444697856903 177
1726426563024 0.24322423338890076 178
1726426563062 0.03390621766448021 179
1726426563100 -0.0 180
1726426563141 0.005616865120828152 181
1726426563180 -0.0 182
1726426563220 -0.0 183
1726426563260 0.4244224727153778 184
1726426563300 0.12499957531690598 185
1726426563339 -0.0 186
1726426563377 0.318008154630661 187
1726426563415 0.0842922255396843 188
1726426563454 -0.0 189
1726426563493 0.21099352836608887 190
1726426563538 0.3198476731777191 191
1726426563578 -0.0 192
1726426563632 0.3409317135810852 193
1726426563690 -0.0 194
1726426563749 0.37183088064193726 195
1726426563798 0.12345529347658157 196
1726426563849 0.11793525516986847 197
1726426563900 0.27178043127059937 198
1726426563951 0.5096306800842285 199
1726426564013 -0.0 200
1726426564061 0.5302771925926208 201
1726426564110 -0.0 202
1726426564168 0.35618746280670166 203
1726426564216 0.12445460259914398 204
1726426564266 0.07915268838405609 205
1726426564315 0.2499999850988388 206
1726426564369 0.1734631359577179 207
1726426564433 -0.0 208
1726426564508 0.3488130569458008 209
1726426564569 0.18273326754570007 210
1726426564629 -0.0 211
1726426564689 0.010250452905893326 212
1726426564752 0.17558994889259338 213
1726426564812 -0.0 214
1726426564868 -0.0 215
1726426564914 -0.0 216
1726426564964 0.3933514952659607 217
1726426565008 0.1711498647928238 218
1726426565051 -0.0 219
1726426565107 0.7055411338806152 220
1726426565149 0.24751196801662445 221
1726426565192 -0.0 222
1726426565237 -0.0 223
1726426565279 0.36371198296546936 224
1726426565319 0.19874215126037598 225
1726426565361 0.10915596783161163 226
1726426565423 0.20069196820259094 227
1726426565479 -0.0 228
1726426565521 0.3546847105026245 229
1726426565569 0.6007146239280701 230
1726426565614 0.5589502453804016 231
1726426565656 -0.0 232
1726426565702 0.3293303847312927 233
1726426565744 0.3615797162055969 234
1726426565784 0.24784031510353088 235
1726426565824 -0.0 236
1726426565869 0.20699232816696167 237
1726426565912 0.15917527675628662 238
1726426565955 -0.0 239
1726426565995 -0.0 240
1726426566041 0.006728583015501499 241
1726426566080 -0.0 242
1726426566125 0.24137192964553833 243
1726426566165 0.5939191579818726 244
1726426566207 -0.0 245
1726426566251 0.502397358417511 246
1726426566296 0.2592231035232544 247
1726426566337 0.24979817867279053 248
1726426566377 0.369722843170166 249
1726426566417 0.5601425170898438 250
1726426566461 0.2499997913837433 251
1726426566504 0.21591535210609436 252
1726426566549 0.2276110053062439 253
1726426566589 0.33330073952674866 254
1726426566632 -0.0 255
1726426566674 0.2496681809425354 256
1726426566715 0.208184152841568 257
1726426566761 0.35441136360168457 258
1726426566802 0.5856424570083618 259
1726426566841 -0.0 260
1726426566883 0.18166044354438782 261
1726426566922 0.23231226205825806 262
1726426566963 0.29778268933296204 263
1726426567003 -0.0 264
1726426567048 0.10285244882106781 265
1726426567089 0.038531992584466934 266
1726426567128 0.026385581120848656 267
1726426567166 0.011220071464776993 268
1726426567206 0.47566789388656616 269
1726426567246 0.2398100048303604 270
1726426567285 0.1246190220117569 271
1726426567323 0.1478606015443802 272
1726426567361 0.27338436245918274 273
1726426567399 0.009991820901632309 274
1726426567437 0.2902437448501587 275
1726426567479 0.3376975655555725 276
1726426567519 0.1795465499162674 277
1726426567557 0.31873419880867004 278
1726426567608 -0.0 279
1726426567671 -0.0 280
1726426567717 -2.149783107086023e-08 281
1726426567762 -0.0 282
1726426567812 -0.0 283
1726426567867 0.5271024703979492 284
1726426567910 0.024572672322392464 285
1726426567960 0.4940781593322754 286
1726426567997 0.0326441153883934 287
1726426568034 -0.0 288
1726426568072 0.3611108958721161 289
1726426568111 0.12419800460338593 290
1726426568149 0.4985049068927765 291
1726426568187 0.18212157487869263 292
1726426568226 0.029676945880055428 293
1726426568264 -0.0 294
1726426568302 -0.0 295
1726426568343 0.5113742351531982 296
1726426568382 0.36971431970596313 297
1726426568421 -0.0 298
1726426568461 -0.0 299
1726426568499 -0.0 300
1726426568537 0.10754046589136124 301
1726426568576 0.08491100370883942 302
1726426568614 0.1204620823264122 303
1726426568652 -0.0 304
1726426568692 0.053183212876319885 305
1726426568731 0.3348150849342346 306
1726426568769 0.2225322127342224 307
1726426568807 -0.0 308
1726426568850 0.09636542946100235 309
1726426568892 -0.0 310
1726426568941 -0.0 311
1726426568994 -0.0 312
1726426569040 0.22091947495937347 313
1726426569081 -0.0 314
1726426569121 -0.0 315
1726426569160 0.3651772737503052 316
1726426569202 0.17639891803264618 317
1726426569243 -0.0 318
1726426569282 0.24538220465183258 319
1726426569319 0.24017076194286346 320
1726426569360 0.6042925715446472 321
1726426569398 -0.0 322
1726426569436 2.149783107086023e-08 323
1726426569476 -0.0 324
1726426569514 -0.0 325
1726426569552 -0.0 326
1726426569591 0.1990392506122589 327
1726426569631 0.361286997795105 328
1726426569671 0.44603991508483887 329
1726426569711 0.3681684136390686 330
1726426569749 0.2088605761528015 331
1726426569787 0.3720863461494446 332
1726426569826 0.6531509160995483 333
1726426569868 0.2909593880176544 334
1726426569906 -0.0 335
1726426569944 -0.0 336
1726426569984 0.1145726889371872 337
1726426570023 0.12497203052043915 338
1726426570064 -0.0 339
1726426570103 0.24651354551315308 340
1726426570143 0.1651577204465866 341
1726426570182 0.5718238949775696 342
1726426570222 0.392534077167511 343
1726426570270 -0.0 344
1726426570315 0.24622440338134766 345
1726426570365 0.4214421510696411 346
1726426570407 0.28944289684295654 347
1726426570451 -0.0 348
1726426570498 0.47008806467056274 349
1726426570538 0.22426149249076843 350
1726426570579 0.3503604531288147 351
1726426570620 -0.0 352
1726426570661 0.2753676474094391 353
1726426570704 0.22470711171627045 354
1726426570755 0.008923610672354698 355
1726426570806 0.37446129322052 356
1726426570856 0.527600884437561 357
1726426570906 0.10150127112865448 358
1726426570957 -0.0 359
1726426571018 0.39764273166656494 360
1726426571068 0.9383213520050049 361
1726426571118 -0.0 362
1726426571167 0.16960473358631134 363
1726426571217 -0.0 364
1726426571266 -0.0 365
1726426571333 0.25534167885780334 366
1726426571385 0.23702937364578247 367
1726426571439 -0.0 368
1726426571495 0.3749713897705078 369
1726426571546 0.39013195037841797 370
1726426571603 -0.0 371
1726426571669 0.37065598368644714 372
1726426571737 -0.0 373
1726426571788 0.23836827278137207 374
1726426571849 0.3479136526584625 375
1726426571902 0.0769713893532753 376
1726426571959 0.10257561504840851 377
1726426572010 0.2669907510280609 378
1726426572060 0.24596554040908813 379
1726426572108 0.06640027463436127 380
1726426572156 -0.0 381
1726426572211 0.18177542090415955 382
1726426572267 0.36535078287124634 383
1726426572321 0.2489546537399292 384
1726426572375 0.11339948326349258 385
1726426572431 0.18776223063468933 386
1726426572485 -0.0 387
1726426572539 0.06650079786777496 388
1726426572592 0.2102307379245758 389
1726426572645 0.566500186920166 390
1726426572699 -0.0 391
1726426572751 -0.0 392
1726426572805 -0.0 393
1726426572859 0.24688056111335754 394
1726426572912 0.12493690848350525 395
1726426572966 0.36922168731689453 396
1726426573033 0.09961691498756409 397
1726426573093 -0.0 398
1726426573156 -0.0 399
1726426573226 -0.0 400
1726426573281 0.1954195350408554 401
1726426573329 -0.0 402
1726426573378 0.12430581450462341 403
1726426573428 0.24294963479042053 404
1726426573476 0.33374840021133423 405
1726426573523 0.11560771614313126 406
1726426573571 -0.0 407
1726426573618 0.07868442684412003 408
1726426573679 0.054622404277324677 409
1726426573739 0.3518182337284088 410
1726426573805 0.17041535675525665 411
1726426573854 0.2153761386871338 412
1726426573907 0.13640710711479187 413
1726426573958 0.18141840398311615 414
1726426574027 0.2125023603439331 415
1726426574089 0.364169180393219 416
1726426574137 0.193815216422081 417
1726426574186 0.115871861577034 418
1726426574235 0.38010138273239136 419
1726426574288 0.21248814463615417 420
1726426574337 -0.0 421
1726426574386 -0.0 422
1726426574435 -0.0 423
1726426574490 0.33005490899086 424
1726426574538 0.3727675974369049 425
1726426574602 0.36489570140838623 426
1726426574655 0.24201130867004395 427
1726426574704 0.02816910669207573 428
1726426574769 -0.0 429
1726426574829 0.20615753531455994 430
1726426574877 -0.0 431
1726426574926 -0.0 432
1726426574997 0.17352700233459473 433
1726426575054 0.11212411522865295 434
1726426575106 0.16983340680599213 435
1726426575157 0.35561403632164 436
1726426575207 0.37132301926612854 437
1726426575259 0.3094656467437744 438
1726426575308 -0.0 439
1726426575361 0.42198503017425537 440
1726426575410 0.5872911810874939 441
1726426575459 0.5300320982933044 442
1726426575515 0.4578259587287903 443
1726426575568 0.24002525210380554 444
1726426575616 0.23404015600681305 445
1726426575666 0.3247172236442566 446
1726426575719 0.3592933118343353 447
1726426575774 0.37222105264663696 448
1726426575846 -0.0 449
1726426575917 -4.299566214172046e-08 450
1726426575986 0.3160278797149658 451
1726426576036 0.29026108980178833 452
1726426576090 -0.0 453
1726426576132 -0.0 454
1726426576185 0.3226706385612488 455
1726426576232 0.3590770363807678 456
1726426576271 0.24979594349861145 457
1726426576314 0.24979594349861145 458
