1726236956838 2e-05 0
1726236956877 1.5887367725372314 1
1726236956914 1.7025997638702393 2
1726236956957 1.9740204811096191 3
1726236957014 0.3218189775943756 4
1726236957062 1.4405728578567505 5
1726236957115 2.2615671157836914 6
1726236957177 1.4779481887817383 7
1726236957220 2.4357197284698486 8
1726236957258 2.31530499458313 9
1726236957297 1.7624284029006958 10
1726236957336 1.9251306056976318 11
1726236957377 2.1619157791137695 12
1726236957422 2.169212579727173 13
1726236957471 1.2169398069381714 14
1726236957512 1.9119576215744019 15
1726236957553 1.4427990913391113 16
1726236957602 2.2008583545684814 17
1726236957656 1.373396873474121 18
1726236957711 1.9613837003707886 19
1726236957762 2.0 20
1726236957802 2.0 21
1726236957847 2.0 22
1726236957893 1.6907882690429688 23
1726236957943 1.8521569967269897 24
1726236957989 1.6481045484542847 25
1726236958040 1.8004101514816284 26
1726236958091 1.3128318786621094 27
1726236958150 2.3026914596557617 28
1726236958205 1.4403209686279297 29
1726236958260 2.266218662261963 30
1726236958303 1.0882177352905273 31
1726236958343 1.3697807788848877 32
1726236958384 2.528726816177368 33
1726236958427 1.9469821453094482 34
1726236958469 2.8284270763397217 35
1726236958508 2.0029947757720947 36
1726236958553 2.774674415588379 37
1726236958599 2.3179214000701904 38
1726236958638 2.548063039779663 39
1726236958680 2.199561357498169 40
1726236958723 2.057844400405884 41
1726236958764 2.508887767791748 42
1726236958809 2.0877609252929688 43
1726236958859 2.2595911026000977 44
1726236958899 2.110564708709717 45
1726236958938 2.3901689052581787 46
1726236958984 1.6431256532669067 47
1726236959031 1.690325140953064 48
1726236959071 2.4494898319244385 49
1726236959110 2.0 50
1726236959149 2.3277013301849365 51
1726236959186 0.4900716245174408 52
1726236959224 2.203022003173828 53
1726236959261 2.1136844158172607 54
1726236959298 1.435473918914795 55
1726236959335 2.171534299850464 56
1726236959373 2.2853288650512695 57
1726236959409 1.4179151058197021 58
1726236959448 2.0372886657714844 59
1726236959485 1.675285816192627 60
1726236959523 1.341038703918457 61
1726236959559 1.7940901517868042 62
1726236959597 2.367318630218506 63
1726236959634 2.032930850982666 64
1726236959672 2.220144748687744 65
1726236959709 2.5522265434265137 66
1726236959747 2.741581678390503 67
1726236959785 2.1268720626831055 68
1726236959823 2.1164536476135254 69
1726236959859 2.0517263412475586 70
1726236959897 1.5041930675506592 71
1726236959934 1.4058722257614136 72
1726236959974 1.4770103693008423 73
1726236960010 2.0448861122131348 74
1726236960048 2.6546075344085693 75
1726236960085 1.7190114259719849 76
1726236960124 2.215909004211426 77
1726236960160 2.3664066791534424 78
1726236960198 2.472581148147583 79
1726236960238 0.7232255339622498 80
1726236960284 1.845611810684204 81
1726236960325 2.2972497940063477 82
1726236960370 1.9319819211959839 83
1726236960427 2.272307872772217 84
1726236960463 2.415313720703125 85
1726236960501 1.5344618558883667 86
1726236960538 2.7978529930114746 87
1726236960576 1.4205864667892456 88
1726236960614 2.0708236694335938 89
1726236960652 1.4275224208831787 90
1726236960689 2.478085517883301 91
1726236960728 2.5496256351470947 92
1726236960772 1.6164064407348633 93
1726236960816 1.8874154090881348 94
1726236960860 2.2764878273010254 95
1726236960913 1.5200812816619873 96
1726236960960 1.705634355545044 97
1726236960998 2.0299532413482666 98
1726236961036 2.3828301429748535 99
1726236961074 2.489023208618164 100
1726236961110 2.1533820629119873 101
1726236961148 0.6533213257789612 102
1726236961186 1.4142135381698608 103
1726236961225 1.9999998807907104 104
1726236961261 1.9702973365783691 105
1726236961299 1.616981863975525 106
1726236961337 1.458318829536438 107
1726236961375 2.2425317764282227 108
1726236961412 2.0080480575561523 109
1726236961451 2.208085775375366 110
1726236961489 2.2391016483306885 111
1726236961527 2.4831459522247314 112
1726236961563 2.0 113
1726236961602 0.03966878354549408 114
1726236961639 2.458930015563965 115
1726236961677 2.3547801971435547 116
1726236961715 2.339935302734375 117
1726236961753 1.746376395225525 118
1726236961791 1.94534432888031 119
1726236961829 1.241370677947998 120
1726236961868 0.2597336173057556 121
1726236961906 2.211533546447754 122
1726236961944 1.074919581413269 123
1726236961983 1.8862024545669556 124
1726236962020 1.984011173248291 125
1726236962058 1.7506247758865356 126
1726236962096 2.3053369522094727 127
1726236962134 2.0 128
1726236962170 2.003386974334717 129
1726236962208 1.6303147077560425 130
1726236962246 1.6541931629180908 131
1726236962284 1.8907657861709595 132
1726236962321 1.7609977722167969 133
1726236962359 1.980665683746338 134
1726236962397 1.5466758012771606 135
1726236962435 1.2744611501693726 136
1726236962472 2.0128917694091797 137
1726236962510 1.9266815185546875 138
1726236962547 2.1986465454101562 139
1726236962585 2.346785545349121 140
1726236962622 2.346785545349121 141
1726236962660 1.7179397344589233 142
1726236962697 1.4807419776916504 143
1726236962735 2.3875222206115723 144
1726236962772 1.2514654397964478 145
1726236962811 2.4153904914855957 146
1726236962848 1.803715705871582 147
1726236962886 2.358384847640991 148
1726236962922 1.4142136573791504 149
1726236962961 1.76680588722229 150
1726236962999 2.1430795192718506 151
1726236963037 1.5197445154190063 152
1726236963074 1.2080376148223877 153
1726236963112 2.3874168395996094 154
1726236963149 2.3874168395996094 155
1726236963186 2.0 156
1726236963226 2.345712184906006 157
1726236963269 2.536451816558838 158
1726236963319 1.4142135381698608 159
1726236963376 2.2648181915283203 160
1726236963415 1.8946343660354614 161
1726236963451 2.142988443374634 162
1726236963490 2.168999195098877 163
1726236963527 2.3388988971710205 164
1726236963564 1.6046209335327148 165
1726236963601 1.286183476448059 166
1726236963638 1.8262687921524048 167
1726236963675 1.5442430973052979 168
1726236963714 1.414233922958374 169
1726236963751 1.9746980667114258 170
1726236963788 1.9223809242248535 171
1726236963825 1.9454851150512695 172
1726236963863 2.3520138263702393 173
1726236963900 2.068601131439209 174
1726236963938 2.4494898319244385 175
1726236963975 2.324349880218506 176
1726236964017 2.1984593868255615 177
1726236964056 2.389699935913086 178
1726236964094 2.477151870727539 179
1726236964133 2.2447662353515625 180
1726236964171 1.9110380411148071 181
1726236964210 2.0 182
1726236964249 2.4494898319244385 183
1726236964287 1.9059699773788452 184
1726236964326 1.6272372007369995 185
1726236964365 2.2935731410980225 186
1726236964404 2.119816780090332 187
1726236964442 2.3191370964050293 188
1726236964482 2.4494898319244385 189
1726236964520 2.053556203842163 190
1726236964558 2.348454236984253 191
1726236964596 2.0 192
1726236964634 1.4601564407348633 193
1726236964674 2.306234359741211 194
1726236964712 2.66631817817688 195
1726236964751 1.4145774841308594 196
1726236964790 1.4216136932373047 197
1726236964829 1.4216136932373047 198
1726236964868 1.7448378801345825 199
1726236964907 1.90031099319458 200
1726236964945 1.9328606128692627 201
1726236964984 1.2911022901535034 202
1726236965023 2.7689249515533447 203
1726236965061 2.569326162338257 204
1726236965100 2.1450960636138916 205
1726236965138 1.6872975826263428 206
1726236965177 2.0435791015625 207
1726236965215 1.4818835258483887 208
1726236965254 1.8756250143051147 209
1726236965292 2.01459002494812 210
1726236965331 2.0574374198913574 211
1726236965369 2.0 212
1726236965408 1.644860863685608 213
1726236965446 2.16923189163208 214
1726236965485 1.2429962158203125 215
1726236965524 2.2011752128601074 216
1726236965562 1.292975664138794 217
1726236965599 2.326674222946167 218
1726236965638 0.9521313309669495 219
1726236965677 2.7210469245910645 220
1726236965715 1.1563708782196045 221
1726236965754 2.4287664890289307 222
1726236965793 2.291887044906616 223
1726236965833 1.4142135381698608 224
1726236965874 2.2808265686035156 225
1726236965913 2.24776291847229 226
1726236965952 1.962209939956665 227
1726236965992 1.9094759225845337 228
1726236966032 0.9632642865180969 229
1726236966070 0.01921159029006958 230
1726236966109 1.612708568572998 231
1726236966148 0.4887247681617737 232
1726236966186 2.107977867126465 233
1726236966225 1.4569423198699951 234
1726236966264 2.3285512924194336 235
1726236966303 1.6745836734771729 236
1726236966342 2.1051273345947266 237
1726236966380 2.2287378311157227 238
1726236966418 1.622145652770996 239
1726236966456 2.471774101257324 240
1726236966496 1.0865613222122192 241
1726236966535 1.7100393772125244 242
1726236966574 1.9426168203353882 243
1726236966612 1.381502628326416 244
1726236966650 1.5209319591522217 245
1726236966689 1.7625459432601929 246
1726236966730 2.262192487716675 247
1726236966778 2.0084266662597656 248
1726236966830 2.0 249
1726236966874 2.4494898319244385 250
1726236966915 2.7390453815460205 251
1726236966969 1.632081151008606 252
1726236967018 1.4947408437728882 253
1726236967056 2.2049334049224854 254
1726236967092 2.4421162605285645 255
1726236967130 1.4142135381698608 256
1726236967166 2.3564045429229736 257
1726236967204 2.4139537811279297 258
1726236967242 1.554526448249817 259
1726236967280 1.5380443334579468 260
1726236967316 1.6907320022583008 261
1726236967354 1.6171365976333618 262
1726236967391 2.306313991546631 263
1726236967428 1.8264305591583252 264
1726236967467 1.4142135381698608 265
1726236967505 2.0 266
1726236967543 2.1511499881744385 267
1726236967581 1.8984040021896362 268
1726236967620 1.512675404548645 269
1726236967658 1.9721781015396118 270
1726236967697 1.9648176431655884 271
1726236967736 2.190530776977539 272
1726236967774 1.0110688209533691 273
1726236967813 1.4165979623794556 274
1726236967851 2.0368916988372803 275
1726236967890 2.3895280361175537 276
1726236967927 1.8620331287384033 277
1726236967965 2.0691092014312744 278
1726236968004 2.580030918121338 279
1726236968043 2.0175769329071045 280
1726236968082 1.3893641233444214 281
1726236968120 1.9444200992584229 282
1726236968158 2.731388807296753 283
1726236968197 2.116450786590576 284
1726236968235 1.583133339881897 285
1726236968273 1.5106956958770752 286
1726236968312 2.6090316772460938 287
1726236968351 2.2590112686157227 288
1726236968389 2.2134621143341064 289
1726236968427 1.8811674118041992 290
1726236968465 2.747267723083496 291
1726236968505 1.7753076553344727 292
1726236968543 2.153360605239868 293
1726236968582 1.936333417892456 294
1726236968620 2.0122365951538086 295
1726236968658 2.0735740661621094 296
1726236968697 0.05764003098011017 297
1726236968735 2.433476448059082 298
1726236968774 2.0 299
1726236968813 1.1920928955078125e-07 300
1726236968852 1.3341765403747559 301
1726236968890 2.0321192741394043 302
1726236968929 2.342445135116577 303
1726236968967 1.9259177446365356 304
1726236969006 2.161318302154541 305
1726236969044 1.5824774503707886 306
1726236969083 1.4660900831222534 307
1726236969121 1.094469666481018 308
1726236969159 1.4788895845413208 309
1726236969197 1.6372027397155762 310
1726236969236 2.317150592803955 311
1726236969275 1.6510440111160278 312
1726236969313 2.4494898319244385 313
1726236969351 1.679767370223999 314
1726236969389 1.881417155265808 315
1726236969428 2.4494898319244385 316
1726236969466 0.028505094349384308 317
1726236969505 2.337996482849121 318
1726236969544 1.5635762214660645 319
1726236969582 2.155728816986084 320
1726236969620 1.8867193460464478 321
1726236969660 1.4175752401351929 322
1726236969699 2.7312633991241455 323
1726236969737 1.4724513292312622 324
1726236969776 2.3776254653930664 325
1726236969815 2.269564628601074 326
1726236969854 1.838942527770996 327
1726236969892 2.2832858562469482 328
1726236969931 1.4530749320983887 329
1726236969969 2.4025628566741943 330
1726236970010 2.456486701965332 331
1726236970048 2.0 332
1726236970087 2.75288987159729 333
1726236970125 2.2303338050842285 334
1726236970163 2.0 335
1726236970202 0.9258168935775757 336
1726236970240 1.8835694789886475 337
1726236970278 1.9891231060028076 338
1726236970317 2.007533073425293 339
1726236970356 2.3468289375305176 340
1726236970397 1.4142135381698608 341
1726236970437 1.7616069316864014 342
1726236970475 1.6819227933883667 343
1726236970515 2.0979578495025635 344
1726236970553 2.382568120956421 345
1726236970592 2.26379656791687 346
1726236970630 1.7849100828170776 347
1726236970669 1.9973112344741821 348
1726236970708 1.7446495294570923 349
1726236970746 1.7819706201553345 350
1726236970786 2.678697347640991 351
1726236970825 2.4494898319244385 352
1726236970863 2.71767258644104 353
1726236970901 2.1589953899383545 354
1726236970941 2.116478681564331 355
1726236970982 1.2558320760726929 356
1726236971022 2.646331310272217 357
1726236971061 2.3555397987365723 358
1726236971099 2.0588173866271973 359
1726236971138 2.210331916809082 360
1726236971176 1.6986955404281616 361
1726236971215 1.5997036695480347 362
1726236971254 1.9001978635787964 363
1726236971293 1.4142135381698608 364
1726236971332 2.0 365
1726236971371 0.028505094349384308 366
1726236971412 2.8214359283447266 367
1726236971450 2.0422239303588867 368
1726236971489 1.9320366382598877 369
1726236971527 1.3707306385040283 370
1726236971566 1.3567553758621216 371
1726236971604 2.0752882957458496 372
1726236971643 2.2786612510681152 373
1726236971682 2.377354860305786 374
1726236971720 1.4408440589904785 375
1726236971759 2.812051773071289 376
1726236971798 2.664907455444336 377
1726236971837 1.860748529434204 378
1726236971876 1.7162655591964722 379
1726236971915 1.5522089004516602 380
1726236971954 2.1791491508483887 381
1726236971993 1.7647892236709595 382
1726236972032 0.8171261548995972 383
1726236972071 1.4873343706130981 384
1726236972110 2.7390453815460205 385
1726236972148 1.458877444267273 386
1726236972187 1.4466480016708374 387
1726236972225 0.0 388
