1726236956854 1.3697903156280518 0
1726236956893 1.3697903156280518 1
1726236956934 1.3697903156280518 2
1726236956978 1.3697903156280518 3
1726236957036 1.3697903156280518 4
1726236957083 1.3697903156280518 5
1726236957138 1.3697903156280518 6
1726236957197 1.3697903156280518 7
1726236957237 1.3697903156280518 8
1726236957276 1.3697903156280518 9
1726236957314 1.3697903156280518 10
1726236957354 1.3697903156280518 11
1726236957395 1.3697903156280518 12
1726236957440 1.3697903156280518 13
1726236957489 1.3697903156280518 14
1726236957531 1.3697903156280518 15
1726236957572 1.3697903156280518 16
1726236957623 1.3697903156280518 17
1726236957679 1.3697903156280518 18
1726236957731 1.3697903156280518 19
1726236957781 1.3697903156280518 20
1726236957822 1.3697903156280518 21
1726236957867 1.3697903156280518 22
1726236957914 1.3697903156280518 23
1726236957961 1.3697903156280518 24
1726236958010 1.3697903156280518 25
1726236958059 1.3697903156280518 26
1726236958116 1.3697903156280518 27
1726236958176 1.3697903156280518 28
1726236958226 1.3697903156280518 29
1726236958281 1.3697903156280518 30
1726236958320 1.3697903156280518 31
1726236958361 1.3697903156280518 32
1726236958402 1.3697903156280518 33
1726236958445 1.3697903156280518 34
1726236958486 1.3697903156280518 35
1726236958529 1.3697903156280518 36
1726236958571 1.3697903156280518 37
1726236958617 1.3697903156280518 38
1726236958656 1.3697903156280518 39
1726236958698 1.3697903156280518 40
1726236958741 1.3697903156280518 41
1726236958783 1.3697903156280518 42
1726236958829 1.3697903156280518 43
1726236958877 1.3697903156280518 44
1726236958917 1.3697903156280518 45
1726236958957 1.3697903156280518 46
1726236959006 1.3697903156280518 47
1726236959048 1.3697903156280518 48
1726236959088 1.3697903156280518 49
1726236959128 1.3697903156280518 50
1726236959165 1.3697903156280518 51
1726236959202 1.3697903156280518 52
1726236959239 1.3697903156280518 53
1726236959276 1.3697903156280518 54
1726236959314 1.3697903156280518 55
1726236959352 1.3697903156280518 56
1726236959389 1.3697903156280518 57
1726236959426 1.3697903156280518 58
1726236959464 1.3697903156280518 59
1726236959502 1.3697903156280518 60
1726236959539 1.3697903156280518 61
1726236959575 1.3697903156280518 62
1726236959614 1.3697903156280518 63
1726236959651 1.3697903156280518 64
1726236959688 1.3697903156280518 65
1726236959726 1.3697903156280518 66
1726236959764 1.3697903156280518 67
1726236959802 1.3697903156280518 68
1726236959839 1.3697903156280518 69
1726236959876 1.3697903156280518 70
1726236959914 1.3697903156280518 71
1726236959952 1.3697903156280518 72
1726236959990 1.3697903156280518 73
1726236960027 1.3697903156280518 74
1726236960065 1.3697903156280518 75
1726236960102 1.3697903156280518 76
1726236960140 1.3697903156280518 77
1726236960177 1.3697903156280518 78
1726236960217 1.3697903156280518 79
1726236960258 1.3697903156280518 80
1726236960302 1.3697903156280518 81
1726236960343 1.3697903156280518 82
1726236960391 1.3697903156280518 83
1726236960443 1.3697903156280518 84
1726236960480 1.3697903156280518 85
1726236960517 1.3697903156280518 86
1726236960555 1.3697903156280518 87
1726236960592 1.3697903156280518 88
1726236960630 1.3697903156280518 89
1726236960667 1.3697903156280518 90
1726236960707 1.3697903156280518 91
1726236960747 1.3697903156280518 92
1726236960793 1.3697903156280518 93
1726236960834 1.3697903156280518 94
1726236960882 1.3697903156280518 95
1726236960936 1.3697903156280518 96
1726236960976 1.3697903156280518 97
1726236961016 1.3697903156280518 98
1726236961052 1.3697903156280518 99
1726236961090 1.3697903156280518 100
1726236961127 1.3697903156280518 101
1726236961165 1.3697903156280518 102
1726236961203 1.3697903156280518 103
1726236961241 1.3697903156280518 104
1726236961278 1.3697903156280518 105
1726236961316 1.3697903156280518 106
1726236961353 1.3697903156280518 107
1726236961391 1.3697903156280518 108
1726236961429 1.3697903156280518 109
1726236961468 1.3697903156280518 110
1726236961506 1.3697903156280518 111
1726236961543 1.3697903156280518 112
1726236961580 1.3697903156280518 113
1726236961618 1.3697903156280518 114
1726236961656 1.3697903156280518 115
1726236961693 1.3697903156280518 116
1726236961732 1.3697903156280518 117
1726236961770 1.3697903156280518 118
1726236961808 1.3697903156280518 119
1726236961846 1.3697903156280518 120
1726236961885 1.3697903156280518 121
1726236961923 1.3697903156280518 122
1726236961961 1.3697903156280518 123
1726236961999 1.3697903156280518 124
1726236962037 1.3697903156280518 125
1726236962075 1.3697903156280518 126
1726236962112 1.3697903156280518 127
1726236962150 1.3697903156280518 128
1726236962187 1.3697903156280518 129
1726236962225 1.3697903156280518 130
1726236962262 1.3697903156280518 131
1726236962300 1.3697903156280518 132
1726236962338 1.3697903156280518 133
1726236962376 1.3697903156280518 134
1726236962414 1.3697903156280518 135
1726236962451 1.3697903156280518 136
1726236962489 1.3697903156280518 137
1726236962526 1.3697903156280518 138
1726236962564 1.3697903156280518 139
1726236962601 1.3697903156280518 140
1726236962639 1.3697903156280518 141
1726236962677 1.3697903156280518 142
1726236962714 1.3697903156280518 143
1726236962752 1.3697903156280518 144
1726236962789 1.3697903156280518 145
1726236962827 1.3697903156280518 146
1726236962865 1.3697903156280518 147
1726236962902 1.3697903156280518 148
1726236962939 1.3697903156280518 149
1726236962978 1.3697903156280518 150
1726236963016 1.3697903156280518 151
1726236963053 1.3697903156280518 152
1726236963090 1.3697903156280518 153
1726236963128 1.3697903156280518 154
1726236963166 1.3697903156280518 155
1726236963204 1.3697903156280518 156
1726236963244 1.3697903156280518 157
1726236963289 1.3697903156280518 158
1726236963344 1.3697903156280518 159
1726236963394 1.3697903156280518 160
1726236963431 1.3697903156280518 161
1726236963468 1.3697903156280518 162
1726236963505 1.3697903156280518 163
1726236963542 1.3697903156280518 164
1726236963580 1.3697903156280518 165
1726236963618 1.3697903156280518 166
1726236963655 1.3697903156280518 167
1726236963692 1.3697903156280518 168
1726236963730 1.3697903156280518 169
1726236963767 1.3697903156280518 170
1726236963805 1.3697903156280518 171
1726236963842 1.3697903156280518 172
1726236963879 1.3697903156280518 173
1726236963917 1.3697903156280518 174
1726236963954 1.3697903156280518 175
1726236963995 1.3697903156280518 176
1726236964034 1.3697903156280518 177
1726236964073 1.3697903156280518 178
1726236964111 1.3697903156280518 179
1726236964150 1.3697903156280518 180
1726236964188 1.3697903156280518 181
1726236964227 1.3697903156280518 182
1726236964266 1.3697903156280518 183
1726236964305 1.3697903156280518 184
1726236964344 1.3697903156280518 185
1726236964382 1.3697903156280518 186
1726236964421 1.3697903156280518 187
1726236964460 1.3697903156280518 188
1726236964498 1.3697903156280518 189
1726236964537 1.3697903156280518 190
1726236964575 1.3697903156280518 191
1726236964613 1.3697903156280518 192
1726236964652 1.3697903156280518 193
1726236964691 1.3697903156280518 194
1726236964730 1.3697903156280518 195
1726236964768 1.3697903156280518 196
1726236964807 1.3697903156280518 197
1726236964846 1.3697903156280518 198
1726236964885 1.3697903156280518 199
1726236964923 1.3697903156280518 200
1726236964961 1.3697903156280518 201
1726236965001 1.3697903156280518 202
1726236965040 1.3697903156280518 203
1726236965078 1.3697903156280518 204
1726236965117 1.3697903156280518 205
1726236965155 1.3697903156280518 206
1726236965193 1.3697903156280518 207
1726236965231 1.3697903156280518 208
1726236965271 1.3697903156280518 209
1726236965309 1.3697903156280518 210
1726236965348 1.3697903156280518 211
1726236965386 1.3697903156280518 212
1726236965425 1.3697903156280518 213
1726236965463 1.3697903156280518 214
1726236965502 1.3697903156280518 215
1726236965540 1.3697903156280518 216
1726236965578 1.3697903156280518 217
1726236965616 1.3697903156280518 218
1726236965655 1.3697903156280518 219
1726236965693 1.3697903156280518 220
1726236965733 1.3697903156280518 221
1726236965772 1.3697903156280518 222
1726236965810 1.3697903156280518 223
1726236965851 1.3697903156280518 224
1726236965891 1.3697903156280518 225
1726236965930 1.3697903156280518 226
1726236965970 1.3697903156280518 227
1726236966009 1.3697903156280518 228
1726236966048 1.3697903156280518 229
1726236966087 1.3697903156280518 230
1726236966126 1.3697903156280518 231
1726236966165 1.3697903156280518 232
1726236966203 1.3697903156280518 233
1726236966243 1.3697903156280518 234
1726236966281 1.3697903156280518 235
1726236966320 1.3697903156280518 236
1726236966358 1.3697903156280518 237
1726236966397 1.3697903156280518 238
1726236966435 1.3697903156280518 239
1726236966474 1.3697903156280518 240
1726236966513 1.3697903156280518 241
1726236966552 1.3697903156280518 242
1726236966590 1.3697903156280518 243
1726236966628 1.3697903156280518 244
1726236966667 1.3697903156280518 245
1726236966706 1.3697903156280518 246
1726236966748 1.3697903156280518 247
1726236966799 1.3697903156280518 248
1726236966850 1.3697903156280518 249
1726236966891 1.3697903156280518 250
1726236966935 1.3697903156280518 251
1726236966988 1.3697903156280518 252
1726236967035 1.3697903156280518 253
1726236967072 1.3697903156280518 254
1726236967109 1.3697903156280518 255
1726236967146 1.3697903156280518 256
1726236967182 1.3697903156280518 257
1726236967220 1.3697903156280518 258
1726236967259 1.3697903156280518 259
1726236967296 1.3697903156280518 260
1726236967332 1.3697903156280518 261
1726236967370 1.3697903156280518 262
1726236967407 1.3697903156280518 263
1726236967445 1.3697903156280518 264
1726236967484 1.3697903156280518 265
1726236967522 1.3697903156280518 266
1726236967560 1.3697903156280518 267
1726236967598 1.3697903156280518 268
1726236967636 1.3697903156280518 269
1726236967675 1.3697903156280518 270
1726236967714 1.3697903156280518 271
1726236967753 1.3697903156280518 272
1726236967791 1.3697903156280518 273
1726236967830 1.3697903156280518 274
1726236967868 1.3697903156280518 275
1726236967906 1.3697903156280518 276
1726236967943 1.3697903156280518 277
1726236967983 1.3697903156280518 278
1726236968022 1.3697903156280518 279
1726236968060 1.3697903156280518 280
1726236968098 1.3697903156280518 281
1726236968137 1.3697903156280518 282
1726236968175 1.3697903156280518 283
1726236968213 1.3697903156280518 284
1726236968251 1.3697903156280518 285
1726236968290 1.3697903156280518 286
1726236968329 1.3697903156280518 287
1726236968367 1.3697903156280518 288
1726236968405 1.3697903156280518 289
1726236968444 1.3697903156280518 290
1726236968483 1.3697903156280518 291
1726236968521 1.3697903156280518 292
1726236968560 1.3697903156280518 293
1726236968599 1.3697903156280518 294
1726236968637 1.3697903156280518 295
1726236968675 1.3697903156280518 296
1726236968714 1.3697903156280518 297
1726236968752 1.3697903156280518 298
1726236968791 1.3697903156280518 299
1726236968830 1.3697903156280518 300
1726236968869 1.3697903156280518 301
1726236968907 1.3697903156280518 302
1726236968945 1.3697903156280518 303
1726236968984 1.3697903156280518 304
1726236969023 1.3697903156280518 305
1726236969061 1.3697903156280518 306
1726236969099 1.3697903156280518 307
1726236969137 1.3697903156280518 308
1726236969176 1.3697903156280518 309
1726236969214 1.3697903156280518 310
1726236969253 1.3697903156280518 311
1726236969291 1.3697903156280518 312
1726236969330 1.3697903156280518 313
1726236969368 1.3697903156280518 314
1726236969406 1.3697903156280518 315
1726236969445 1.3697903156280518 316
1726236969483 1.3697903156280518 317
1726236969522 1.3697903156280518 318
1726236969560 1.3697903156280518 319
1726236969599 1.3697903156280518 320
1726236969638 1.3697903156280518 321
1726236969677 1.3697903156280518 322
1726236969715 1.3697903156280518 323
1726236969755 1.3697903156280518 324
1726236969793 1.3697903156280518 325
1726236969832 1.3697903156280518 326
1726236969871 1.3697903156280518 327
1726236969909 1.3697903156280518 328
1726236969948 1.3697903156280518 329
1726236969987 1.3697903156280518 330
1726236970027 1.3697903156280518 331
1726236970065 1.3697903156280518 332
1726236970103 1.3697903156280518 333
1726236970141 1.3697903156280518 334
1726236970180 1.3697903156280518 335
1726236970218 1.3697903156280518 336
1726236970257 1.3697903156280518 337
1726236970295 1.3697903156280518 338
1726236970334 1.3697903156280518 339
1726236970373 1.3697903156280518 340
1726236970415 1.3697903156280518 341
1726236970454 1.3697903156280518 342
1726236970493 1.3697903156280518 343
1726236970531 1.3697903156280518 344
1726236970570 1.3697903156280518 345
1726236970609 1.3697903156280518 346
1726236970647 1.3697903156280518 347
1726236970686 1.3697903156280518 348
1726236970725 1.3697903156280518 349
1726236970764 1.3697903156280518 350
1726236970802 1.3697903156280518 351
1726236970841 1.3697903156280518 352
1726236970880 1.3697903156280518 353
1726236970919 1.3697903156280518 354
1726236970958 1.3697903156280518 355
1726236971000 1.3697903156280518 356
1726236971039 1.3697903156280518 357
1726236971077 1.3697903156280518 358
1726236971116 1.3697903156280518 359
1726236971155 1.3697903156280518 360
1726236971193 1.3697903156280518 361
1726236971232 1.3697903156280518 362
1726236971271 1.3697903156280518 363
1726236971310 1.3697903156280518 364
1726236971349 1.3697903156280518 365
1726236971389 1.3697903156280518 366
1726236971428 1.3697903156280518 367
1726236971467 1.3697903156280518 368
1726236971506 1.3697903156280518 369
1726236971544 1.3697903156280518 370
1726236971583 1.3697903156280518 371
1726236971621 1.3697903156280518 372
1726236971660 1.3697903156280518 373
1726236971698 1.3697903156280518 374
1726236971738 1.3697903156280518 375
1726236971776 1.3697903156280518 376
1726236971815 1.3697903156280518 377
1726236971854 1.3697903156280518 378
1726236971893 1.3697903156280518 379
1726236971932 1.3697903156280518 380
1726236971970 1.3697903156280518 381
1726236972010 1.3697903156280518 382
1726236972049 1.3697903156280518 383
1726236972087 1.3697903156280518 384
1726236972126 1.3697903156280518 385
1726236972165 1.3697903156280518 386
1726236972204 1.3697903156280518 387
1726236972242 1.3697903156280518 388
