1726236956863 0.0 0
1726236956901 0.0 1
1726236956943 0.0 2
1726236956994 0.0 3
1726236957044 0.0 4
1726236957096 0.0 5
1726236957154 0.0 6
1726236957207 0.0 7
1726236957245 0.0 8
1726236957284 0.0 9
1726236957322 0.0 10
1726236957363 0.0 11
1726236957406 0.0 12
1726236957453 0.0 13
1726236957497 0.0 14
1726236957540 0.0 15
1726236957583 0.0 16
1726236957636 0.0 17
1726236957692 0.0 18
1726236957744 0.0 19
1726236957789 0.0 20
1726236957831 0.0 21
1726236957878 0.0 22
1726236957924 0.0 23
1726236957973 0.0 24
1726236958022 0.0 25
1726236958072 0.0 26
1726236958131 0.0 27
1726236958186 0.0 28
1726236958239 0.0 29
1726236958289 0.0 30
1726236958330 0.0 31
1726236958369 0.0 32
1726236958413 0.0 33
1726236958454 0.0 34
1726236958495 0.0 35
1726236958539 0.0 36
1726236958583 0.0 37
1726236958625 0.0 38
1726236958665 0.0 39
1726236958708 0.0 40
1726236958750 0.0 41
1726236958794 0.0 42
1726236958840 0.0 43
1726236958886 0.0 44
1726236958925 0.0 45
1726236958967 0.0 46
1726236959018 0.0 47
1726236959057 0.0 48
1726236959096 0.0 49
1726236959137 0.0 50
1726236959173 0.0 51
1726236959210 0.0 52
1726236959248 0.0 53
1726236959285 0.0 54
1726236959322 0.0 55
1726236959360 0.0 56
1726236959397 0.0 57
1726236959434 0.0 58
1726236959472 0.0 59
1726236959509 0.0 60
1726236959546 0.0 61
1726236959584 0.0 62
1726236959622 0.0 63
1726236959659 0.0 64
1726236959696 0.0 65
1726236959734 0.0 66
1726236959772 0.0 67
1726236959809 0.0 68
1726236959847 0.0 69
1726236959884 0.0 70
1726236959922 0.0 71
1726236959960 0.0 72
1726236959997 0.0 73
1726236960035 0.0 74
1726236960073 0.0 75
1726236960111 0.0 76
1726236960148 0.0 77
1726236960185 0.0 78
1726236960226 0.0 79
1726236960269 0.0 80
1726236960311 0.0 81
1726236960354 0.0 82
1726236960406 0.0 83
1726236960451 0.0 84
1726236960488 0.0 85
1726236960525 0.0 86
1726236960563 0.0 87
1726236960600 0.0 88
1726236960638 0.0 89
1726236960676 0.0 90
1726236960715 0.0 91
1726236960757 0.0 92
1726236960802 0.0 93
1726236960844 0.0 94
1726236960894 0.0 95
1726236960947 0.0 96
1726236960984 0.0 97
1726236961023 0.0 98
1726236961060 0.0 99
1726236961097 0.0 100
1726236961135 0.0 101
1726236961173 0.0 102
1726236961211 0.0 103
1726236961248 0.0 104
1726236961286 0.0 105
1726236961324 0.0 106
1726236961361 0.0 107
1726236961399 0.0 108
1726236961437 0.0 109
1726236961476 0.0 110
1726236961513 0.0 111
1726236961551 0.0 112
1726236961588 0.0 113
1726236961626 0.0 114
1726236961664 0.0 115
1726236961701 0.0 116
1726236961740 0.0 117
1726236961778 0.0 118
1726236961816 0.0 119
1726236961853 0.0 120
1726236961893 0.0 121
1726236961931 0.0 122
1726236961969 0.0 123
1726236962007 0.0 124
1726236962045 0.0 125
1726236962083 0.0 126
1726236962120 0.0 127
1726236962157 0.0 128
1726236962195 0.0 129
1726236962233 0.0 130
1726236962270 0.0 131
1726236962308 0.0 132
1726236962346 0.0 133
1726236962384 0.0 134
1726236962421 0.0 135
1726236962459 0.0 136
1726236962497 0.0 137
1726236962535 0.0 138
1726236962572 0.0 139
1726236962609 0.0 140
1726236962647 0.0 141
1726236962685 0.0 142
1726236962722 0.0 143
1726236962759 0.0 144
1726236962798 0.0 145
1726236962835 0.0 146
1726236962873 0.0 147
1726236962910 0.0 148
1726236962948 0.0 149
1726236962986 0.0 150
1726236963024 0.0 151
1726236963061 0.0 152
1726236963099 0.0 153
1726236963136 0.0 154
1726236963173 0.0 155
1726236963212 0.0 156
1726236963253 0.0 157
1726236963299 0.0 158
1726236963360 0.0 159
1726236963402 0.0 160
1726236963439 0.0 161
1726236963476 0.0 162
1726236963513 0.0 163
1726236963551 0.0 164
1726236963588 0.0 165
1726236963625 0.0 166
1726236963662 0.0 167
1726236963700 0.0 168
1726236963738 0.0 169
1726236963775 0.0 170
1726236963812 0.0 171
1726236963850 0.0 172
1726236963887 0.0 173
1726236963924 0.0 174
1726236963962 0.0 175
1726236964004 0.0 176
1726236964042 0.0 177
1726236964081 0.0 178
1726236964119 0.0 179
1726236964158 0.0 180
1726236964196 0.0 181
1726236964235 0.0 182
1726236964274 0.0 183
1726236964313 0.0 184
1726236964352 0.0 185
1726236964390 0.0 186
1726236964429 0.0 187
1726236964468 0.0 188
1726236964507 0.0 189
1726236964545 0.0 190
1726236964583 0.0 191
1726236964621 0.0 192
1726236964661 0.0 193
1726236964699 0.0 194
1726236964738 0.0 195
1726236964776 0.0 196
1726236964816 0.0 197
1726236964854 0.0 198
1726236964893 0.0 199
1726236964931 0.0 200
1726236964970 0.0 201
1726236965009 0.0 202
1726236965048 0.0 203
1726236965086 0.0 204
1726236965125 0.0 205
1726236965163 0.0 206
1726236965201 0.0 207
1726236965240 0.0 208
1726236965279 0.0 209
1726236965317 0.0 210
1726236965356 0.0 211
1726236965394 0.0 212
1726236965433 0.0 213
1726236965471 0.0 214
1726236965510 0.0 215
1726236965549 0.0 216
1726236965586 0.0 217
1726236965624 0.0 218
1726236965663 0.0 219
1726236965702 0.0 220
1726236965741 0.0 221
1726236965780 0.0 222
1726236965818 0.0 223
1726236965860 0.0 224
1726236965899 0.0 225
1726236965938 0.0 226
1726236965979 0.0 227
1726236966018 0.0 228
1726236966057 0.0 229
1726236966096 0.0 230
1726236966134 0.0 231
1726236966173 0.0 232
1726236966212 0.0 233
1726236966251 0.0 234
1726236966289 0.0 235
1726236966328 0.0 236
1726236966367 0.0 237
1726236966405 0.0 238
1726236966443 0.0 239
1726236966483 0.0 240
1726236966521 0.0 241
1726236966560 0.0 242
1726236966598 0.0 243
1726236966637 0.0 244
1726236966676 0.0 245
1726236966714 0.0 246
1726236966760 0.0 247
1726236966810 0.0 248
1726236966860 0.0 249
1726236966899 0.0 250
1726236966949 0.0 251
1726236967000 0.0 252
1726236967043 0.0 253
1726236967080 0.0 254
1726236967117 0.0 255
1726236967154 0.0 256
1726236967191 0.0 257
1726236967229 0.0 258
1726236967267 0.0 259
1726236967303 0.0 260
1726236967341 0.0 261
1726236967378 0.0 262
1726236967415 0.0 263
1726236967453 0.0 264
1726236967492 0.0 265
1726236967530 0.0 266
1726236967568 0.0 267
1726236967606 0.0 268
1726236967644 0.0 269
1726236967684 0.0 270
1726236967722 0.0 271
1726236967761 0.0 272
1726236967799 0.0 273
1726236967838 0.0 274
1726236967876 0.0 275
1726236967914 0.0 276
1726236967952 0.0 277
1726236967991 0.0 278
1726236968030 0.0 279
1726236968068 0.0 280
1726236968107 0.0 281
1726236968145 0.0 282
1726236968183 0.0 283
1726236968221 0.0 284
1726236968260 0.0 285
1726236968299 0.0 286
1726236968337 0.0 287
1726236968375 0.0 288
1726236968414 0.0 289
1726236968452 0.0 290
1726236968491 0.0 291
1726236968530 0.0 292
1726236968569 0.0 293
1726236968607 0.0 294
1726236968645 0.0 295
1726236968684 0.0 296
1726236968722 0.0 297
1726236968760 0.0 298
1726236968799 0.0 299
1726236968839 0.0 300
1726236968877 0.0 301
1726236968915 0.0 302
1726236968953 0.0 303
1726236968993 0.0 304
1726236969031 0.0 305
1726236969069 0.0 306
1726236969108 0.0 307
1726236969146 0.0 308
1726236969184 0.0 309
1726236969222 0.0 310
1726236969261 0.0 311
1726236969300 0.0 312
1726236969338 0.0 313
1726236969376 0.0 314
1726236969415 0.0 315
1726236969453 0.0 316
1726236969492 0.0 317
1726236969530 0.0 318
1726236969569 0.0 319
1726236969607 0.0 320
1726236969646 0.0 321
1726236969685 0.0 322
1726236969724 0.0 323
1726236969763 0.0 324
1726236969801 0.0 325
1726236969840 0.0 326
1726236969879 0.0 327
1726236969918 0.0 328
1726236969956 0.0 329
1726236969996 0.0 330
1726236970035 0.0 331
1726236970073 0.0 332
1726236970111 0.0 333
1726236970150 0.0 334
1726236970189 0.0 335
1726236970226 0.0 336
1726236970265 0.0 337
1726236970304 0.0 338
1726236970342 0.0 339
1726236970383 0.0 340
1726236970423 0.0 341
1726236970462 0.0 342
1726236970501 0.0 343
1726236970540 0.0 344
1726236970578 0.0 345
1726236970617 0.0 346
1726236970655 0.0 347
1726236970694 0.0 348
1726236970733 0.0 349
1726236970772 0.0 350
1726236970811 0.0 351
1726236970850 0.0 352
1726236970888 0.0 353
1726236970927 0.0 354
1726236970967 0.0 355
1726236971008 0.0 356
1726236971047 0.0 357
1726236971085 0.0 358
1726236971124 0.0 359
1726236971163 0.0 360
1726236971202 0.0 361
1726236971241 0.0 362
1726236971280 0.0 363
1726236971318 0.0 364
1726236971357 0.0 365
1726236971398 0.0 366
1726236971437 0.0 367
1726236971475 0.0 368
1726236971514 0.0 369
1726236971552 0.0 370
1726236971591 0.0 371
1726236971629 0.0 372
1726236971668 0.0 373
1726236971707 0.0 374
1726236971746 0.0 375
1726236971785 0.0 376
1726236971824 0.0 377
1726236971863 0.0 378
1726236971901 0.0 379
1726236971940 0.0 380
1726236971979 0.0 381
1726236972018 0.0 382
1726236972057 0.0 383
1726236972095 0.0 384
1726236972135 0.0 385
1726236972173 0.0 386
1726236972212 0.0 387
1726236972251 0.0 388
