1727304653614 2e-05 0
1727304653654 4.064356803894043 1
1727304653690 5.4772257804870605 2
1727304653729 4.690415859222412 3
1727304653768 4.4721360206604 4
1727304653805 4.690415859222412 5
1727304653843 4.4721360206604 6
1727304653881 4.898979663848877 7
1727304653918 4.690415859222412 8
1727304653955 4.4721360206604 9
1727304653993 5.4772257804870605 10
1727304654030 4.898979663848877 11
1727304654067 4.690415859222412 12
1727304654104 5.291502475738525 13
1727304654140 4.4721360206604 14
1727304654177 4.898979663848877 15
1727304654215 4.898979663848877 16
1727304654260 5.099019527435303 17
1727304654297 5.099019527435303 18
1727304654334 5.4772257804870605 19
1727304654372 4.4721360206604 20
1727304654412 5.099019527435303 21
1727304654448 4.898979663848877 22
1727304654486 5.291502475738525 23
1727304654523 5.291502475738525 24
1727304654561 4.898979663848877 25
1727304654599 5.291502475738525 26
1727304654636 5.099019527435303 27
1727304654674 5.099019527435303 28
1727304654714 5.099019527435303 29
1727304654754 4.898979663848877 30
1727304654794 4.242640495300293 31
1727304654833 4.898979663848877 32
1727304654870 3.7416574954986572 33
1727304654907 5.099019527435303 34
1727304654946 4.690415859222412 35
1727304654984 4.4721360206604 36
1727304655022 5.291502475738525 37
1727304655060 4.690415859222412 38
1727304655099 4.898979663848877 39
1727304655137 5.099019527435303 40
1727304655175 5.291502475738525 41
1727304655213 4.0 42
1727304655251 5.291502475738525 43
1727304655288 5.291502475738525 44
1727304655325 5.656854152679443 45
1727304655363 5.4772257804870605 46
1727304655401 4.4721360206604 47
1727304655439 5.291502475738525 48
1727304655477 5.291502475738525 49
1727304655516 4.898979663848877 50
1727304655555 5.656854152679443 51
1727304655596 4.4721360206604 52
1727304655637 4.242640495300293 53
1727304655683 5.291502475738525 54
1727304655723 5.4772257804870605 55
1727304655760 4.898979663848877 56
1727304655799 4.690415859222412 57
1727304655838 5.099019527435303 58
1727304655877 5.291502475738525 59
1727304655914 4.690415859222412 60
1727304655951 4.4721360206604 61
1727304655988 4.898979663848877 62
1727304656027 5.099019527435303 63
1727304656068 5.099019527435303 64
1727304656107 5.291502475738525 65
1727304656145 5.099019527435303 66
1727304656183 5.291502475738525 67
1727304656221 4.690415859222412 68
1727304656259 5.099019527435303 69
1727304656297 4.898979663848877 70
1727304656333 4.4721360206604 71
1727304656372 4.0 72
1727304656411 4.242640495300293 73
1727304656452 5.099019527435303 74
1727304656491 5.291502475738525 75
1727304656528 4.690415859222412 76
1727304656567 4.690415859222412 77
1727304656609 3.1622776985168457 78
1727304656649 4.690415859222412 79
1727304656691 5.099019527435303 80
1727304656731 4.4721360206604 81
1727304656769 4.898979663848877 82
1727304656809 4.0 83
1727304656849 4.898979663848877 84
1727304656886 4.898979663848877 85
1727304656924 4.4721360206604 86
1727304656963 5.291502475738525 87
1727304657000 5.099019527435303 88
1727304657038 4.690415859222412 89
1727304657075 4.4721360206604 90
1727304657119 4.4721360206604 91
1727304657157 4.898979663848877 92
1727304657195 4.242640495300293 93
1727304657233 4.898979663848877 94
1727304657270 5.4772257804870605 95
1727304657308 4.242640495300293 96
1727304657346 5.099019527435303 97
1727304657383 5.099019527435303 98
1727304657427 4.898979663848877 99
1727304657465 4.898979663848877 100
1727304657503 4.4721360206604 101
1727304657542 5.099019527435303 102
1727304657581 4.690415859222412 103
1727304657621 5.099019527435303 104
1727304657670 4.898979663848877 105
1727304657716 4.898979663848877 106
1727304657758 5.4772257804870605 107
1727304657800 4.898979663848877 108
1727304657840 4.4721360206604 109
1727304657879 5.099019527435303 110
1727304657918 5.099019527435303 111
1727304657957 5.291502475738525 112
1727304657996 5.291502475738525 113
1727304658034 5.291502475738525 114
1727304658073 5.291502475738525 115
1727304658112 4.4721360206604 116
1727304658151 4.242640495300293 117
1727304658190 4.898979663848877 118
1727304658229 4.690415859222412 119
1727304658269 5.291502475738525 120
1727304658310 4.4721360206604 121
1727304658348 5.4772257804870605 122
1727304658387 4.0 123
1727304658426 4.898979663848877 124
1727304658464 4.898979663848877 125
1727304658502 4.690415859222412 126
1727304658541 5.291502475738525 127
1727304658577 5.291502475738525 128
1727304658614 4.690415859222412 129
1727304658650 4.690415859222412 130
1727304658690 4.0 131
1727304658729 4.898979663848877 132
1727304658766 4.690415859222412 133
1727304658803 4.0 134
1727304658841 4.898979663848877 135
1727304658882 4.690415859222412 136
1727304658925 5.291502475738525 137
1727304658968 5.4772257804870605 138
1727304659007 4.690415859222412 139
1727304659044 4.242640495300293 140
1727304659081 4.242640495300293 141
1727304659121 5.656854152679443 142
1727304659159 4.4721360206604 143
1727304659197 4.4721360206604 144
1727304659234 4.690415859222412 145
1727304659273 5.4772257804870605 146
1727304659313 5.291502475738525 147
1727304659349 4.690415859222412 148
1727304659386 4.242640495300293 149
1727304659423 5.291502475738525 150
1727304659460 4.4721360206604 151
1727304659496 4.898979663848877 152
1727304659532 5.291502475738525 153
1727304659567 5.099019527435303 154
1727304659603 4.690415859222412 155
1727304659640 4.4721360206604 156
1727304659676 4.898979663848877 157
1727304659714 4.4721360206604 158
1727304659749 5.291502475738525 159
1727304659784 4.690415859222412 160
1727304659820 5.291502475738525 161
1727304659856 4.898979663848877 162
1727304659891 5.291502475738525 163
1727304659927 5.099019527435303 164
1727304659964 4.4721360206604 165
1727304660002 5.099019527435303 166
1727304660041 4.690415859222412 167
1727304660079 5.099019527435303 168
1727304660119 4.690415859222412 169
1727304660156 4.690415859222412 170
1727304660195 4.898979663848877 171
1727304660232 4.898979663848877 172
1727304660267 5.291502475738525 173
1727304660305 5.291502475738525 174
1727304660344 4.4721360206604 175
1727304660381 4.4721360206604 176
1727304660418 5.291502475738525 177
1727304660456 5.099019527435303 178
1727304660493 4.898979663848877 179
1727304660530 4.898979663848877 180
1727304660568 4.898979663848877 181
1727304660605 4.898979663848877 182
1727304660642 5.291502475738525 183
1727304660681 5.4772257804870605 184
1727304660720 4.690415859222412 185
1727304660759 4.242640495300293 186
1727304660797 4.4721360206604 187
1727304660834 5.099019527435303 188
1727304660871 4.898979663848877 189
1727304660909 5.291502475738525 190
1727304660946 4.898979663848877 191
1727304660985 5.291502475738525 192
1727304661024 4.4721360206604 193
1727304661063 5.291502475738525 194
1727304661101 5.094837188720703 195
1727304661138 3.9946675300598145 196
1727304661178 0.000244140625 197
1727304661214 0.00026604608865454793 198
1727304661252 5.477236747741699 199
1727304661289 5.291502475738525 200
1727304661328 4.690415859222412 201
1727304661365 3.7416574954986572 202
1727304661402 0.000244140625 203
1727304661439 0.00026604608865454793 204
1727304661477 0.000244140625 205
1727304661514 0.00023638815036974847 206
1727304661550 0.000244140625 207
1727304661588 0.00026604608865454793 208
1727304661629 4.690415859222412 209
1727304661677 4.690415859222412 210
1727304661723 5.099019527435303 211
1727304661765 4.690415859222412 212
1727304661812 5.4772257804870605 213
1727304661870 4.898979663848877 214
1727304661927 5.099019527435303 215
1727304661973 4.898979663848877 216
1727304662017 5.4772257804870605 217
1727304662075 5.099019527435303 218
1727304662135 4.4721360206604 219
1727304662191 5.099019527435303 220
1727304662247 5.099019527435303 221
1727304662302 4.898979663848877 222
1727304662347 3.464101552963257 223
1727304662393 0.000244140625 224
1727304662437 0.00026604608865454793 225
1727304662488 0.000244140625 226
1727304662545 0.00023638815036974847 227
1727304662597 0.000244140625 228
1727304662640 0.00026604608865454793 229
1727304662685 4.690428733825684 230
1727304662729 5.4772257804870605 231
1727304662771 4.898979663848877 232
1727304662814 5.099019527435303 233
1727304662855 5.099019527435303 234
1727304662894 4.898979663848877 235
1727304662934 3.7416574954986572 236
1727304662972 4.690415859222412 237
1727304663012 3.7416574954986572 238
1727304663055 4.690415859222412 239
1727304663096 5.291502475738525 240
1727304663141 4.898979663848877 241
1727304663179 5.099019527435303 242
1727304663218 4.4721360206604 243
1727304663258 4.898979663848877 244
1727304663296 5.291502475738525 245
1727304663335 5.291502475738525 246
1727304663375 4.898979663848877 247
1727304663413 5.4772257804870605 248
1727304663450 5.291502475738525 249
1727304663486 5.4772257804870605 250
1727304663522 4.898979663848877 251
1727304663560 5.099019527435303 252
1727304663599 5.099019527435303 253
1727304663640 5.099019527435303 254
1727304663679 4.690415859222412 255
1727304663718 4.898979663848877 256
1727304663757 4.242640495300293 257
1727304663798 5.099019527435303 258
1727304663835 4.242640495300293 259
1727304663871 4.898979663848877 260
1727304663907 4.898979663848877 261
1727304663943 4.690415859222412 262
1727304663979 4.690415859222412 263
1727304664016 4.690415859222412 264
1727304664055 4.242640495300293 265
1727304664094 4.898979663848877 266
1727304664132 5.291502475738525 267
1727304664167 5.291502475738525 268
1727304664201 4.4721360206604 269
1727304664236 4.0 270
1727304664270 0.000244140625 271
1727304664304 0.00026604608865454793 272
1727304664339 0.000244140625 273
1727304664374 5.4773149490356445 274
1727304664410 5.291502475738525 275
1727304664446 5.291502475738525 276
1727304664493 4.690415859222412 277
1727304664534 4.0 278
1727304664568 0.000244140625 279
1727304664602 4.899079322814941 280
1727304664637 4.242640495300293 281
1727304664671 4.690415859222412 282
1727304664708 4.4721360206604 283
1727304664743 5.291502475738525 284
1727304664778 4.898979663848877 285
1727304664818 4.690415859222412 286
1727304664856 4.690415859222412 287
1727304664892 4.898979663848877 288
1727304664928 4.690415859222412 289
1727304664965 4.4721360206604 290
1727304665001 5.291502475738525 291
1727304665038 4.898979663848877 292
1727304665075 4.690415859222412 293
1727304665114 5.4772257804870605 294
1727304665151 4.898979663848877 295
1727304665189 4.242640495300293 296
1727304665229 3.7416574954986572 297
1727304665266 5.099019527435303 298
1727304665302 4.898979663848877 299
1727304665337 4.690415859222412 300
1727304665373 4.690415859222412 301
1727304665410 5.099019527435303 302
1727304665445 4.690415859222412 303
1727304665482 4.898979663848877 304
1727304665518 5.656854152679443 305
1727304665555 5.099019527435303 306
1727304665593 4.690415859222412 307
1727304665630 4.0 308
1727304665665 5.291502475738525 309
1727304665702 5.099019527435303 310
1727304665740 5.099019527435303 311
1727304665775 3.7416574954986572 312
1727304665811 4.0 313
1727304665848 5.656854152679443 314
1727304665885 4.0 315
1727304665921 4.690415859222412 316
1727304665960 5.4772257804870605 317
1727304665998 4.898979663848877 318
1727304666035 4.898979663848877 319
1727304666076 4.4721360206604 320
1727304666113 4.898979663848877 321
1727304666150 4.690415859222412 322
1727304666189 5.291502475738525 323
1727304666228 5.099019527435303 324
1727304666266 4.690415859222412 325
1727304666306 4.898979663848877 326
1727304666345 5.291502475738525 327
1727304666384 4.898979663848877 328
1727304666423 4.690415859222412 329
1727304666463 4.4721360206604 330
1727304666503 4.690415859222412 331
1727304666541 4.4721360206604 332
1727304666580 5.099019527435303 333
1727304666619 4.0 334
1727304666657 5.099019527435303 335
1727304666693 4.242640495300293 336
1727304666737 4.690415859222412 337
1727304666775 5.099019527435303 338
1727304666814 4.690415859222412 339
1727304666856 4.898979663848877 340
1727304666893 4.690415859222412 341
1727304666932 4.898979663848877 342
1727304666969 5.099019527435303 343
1727304667007 5.291502475738525 344
1727304667045 5.656854152679443 345
1727304667082 4.690415859222412 346
1727304667121 5.099019527435303 347
1727304667158 5.4772257804870605 348
1727304667196 4.4721360206604 349
1727304667233 4.898979663848877 350
1727304667270 4.690415859222412 351
1727304667307 5.099019527435303 352
1727304667344 4.898979663848877 353
1727304667381 4.4721360206604 354
1727304667417 4.4721360206604 355
1727304667455 5.4772257804870605 356
1727304667496 4.0 357
1727304667538 4.4721360206604 358
1727304667576 4.0 359
1727304667613 4.690415859222412 360
1727304667653 5.099019527435303 361
1727304667688 5.099019527435303 362
1727304667727 4.898979663848877 363
1727304667765 5.291502475738525 364
1727304667801 5.099019527435303 365
1727304667837 4.4721360206604 366
1727304667875 4.0 367
1727304667912 5.099019527435303 368
1727304667953 4.898979663848877 369
1727304667994 3.7416574954986572 370
1727304668043 0.000244140625 371
1727304668084 0.00026604608865454793 372
1727304668121 0.000244140625 373
1727304668159 0.00023638815036974847 374
1727304668198 4.898979663848877 375
1727304668235 3.7416574954986572 376
1727304668272 4.690415859222412 377
1727304668308 5.4772257804870605 378
1727304668345 4.4721360206604 379
1727304668381 5.4772257804870605 380
1727304668418 4.0 381
1727304668455 4.690415859222412 382
1727304668492 4.0 383
1727304668529 5.291502475738525 384
1727304668565 4.690415859222412 385
1727304668601 5.291502475738525 386
1727304668638 4.690415859222412 387
1727304668674 4.690415859222412 388
1727304668712 4.0 389
1727304668750 0.000244140625 390
1727304668788 0.00026604608865454793 391
1727304668826 0.000244140625 392
1727304668864 0.00023638815036974847 393
1727304668905 0.000244140625 394
1727304668950 0.00026604608865454793 395
1727304668990 0.000244140625 396
1727304669026 0.00023638815036974847 397
1727304669064 0.000244140625 398
1727304669100 0.00026604608865454793 399
1727304669138 0.000244140625 400
1727304669175 0.00023638815036974847 401
1727304669214 0.000244140625 402
1727304669250 0.00026604608865454793 403
1727304669288 0.000244140625 404
1727304669337 0.00023638815036974847 405
1727304669385 0.000244140625 406
1727304669431 0.00026604608865454793 407
1727304669473 0.000244140625 408
1727304669523 0.00023638815036974847 409
1727304669567 0.000244140625 410
1727304669606 0.00026604608865454793 411
1727304669644 0.000244140625 412
1727304669684 0.00023638815036974847 413
1727304669723 0.000244140625 414
1727304669762 0.00026604608865454793 415
1727304669802 0.000244140625 416
1727304669838 0.00023638815036974847 417
1727304669876 0.000244140625 418
1727304669913 0.00026604608865454793 419
1727304669951 0.000244140625 420
1727304669989 0.00023638815036974847 421
1727304670028 0.000244140625 422
1727304670068 0.00026604608865454793 423
1727304670106 0.000244140625 424
1727304670145 0.00023638815036974847 425
1727304670182 0.000244140625 426
1727304670218 0.00026604608865454793 427
1727304670254 0.000244140625 428
1727304670291 0.00023638815036974847 429
1727304670327 0.000244140625 430
1727304670363 0.00026604608865454793 431
1727304670399 0.000244140625 432
1727304670437 0.00023638815036974847 433
1727304670478 0.000244140625 434
1727304670518 0.00026604608865454793 435
1727304670557 0.000244140625 436
1727304670597 0.00023638815036974847 437
1727304670634 0.000244140625 438
1727304670673 0.00026604608865454793 439
1727304670712 0.000244140625 440
1727304670752 0.00023638815036974847 441
1727304670791 0.000244140625 442
1727304670828 0.00026604608865454793 443
1727304670865 0.000244140625 444
1727304670904 0.00023638815036974847 445
1727304670941 0.000244140625 446
1727304670978 0.00026604608865454793 447
1727304671014 0.000244140625 448
1727304671053 0.00023638815036974847 449
1727304671092 0.000244140625 450
1727304671131 0.00026604608865454793 451
1727304671170 0.000244140625 452
1727304671209 0.00023638815036974847 453
1727304671248 0.000244140625 454
1727304671288 0.00026604608865454793 455
1727304671328 0.000244140625 456
1727304671367 0.00023638815036974847 457
1727304671407 0.000244140625 458
1727304671450 0.00026604608865454793 459
1727304671488 0.000244140625 460
1727304671528 0.00023638815036974847 461
1727304671567 0.000244140625 462
1727304671605 0.00026604608865454793 463
1727304671643 0.000244140625 464
1727304671681 0.00023638815036974847 465
1727304671721 0.000244140625 466
1727304671761 0.00026604608865454793 467
1727304671800 0.000244140625 468
1727304671840 0.00023638815036974847 469
1727304671879 0.000244140625 470
1727304671917 0.00026604608865454793 471
1727304671956 0.000244140625 472
1727304671994 0.00023638815036974847 473
1727304672032 0.000244140625 474
1727304672070 0.00026604608865454793 475
1727304672109 0.000244140625 476
1727304672148 0.00023638815036974847 477
1727304672185 0.000244140625 478
1727304672221 0.00026604608865454793 479
1727304672265 0.000244140625 480
1727304672302 0.00023638815036974847 481
1727304672344 0.000244140625 482
1727304672386 0.00026604608865454793 483
1727304672425 0.000244140625 484
1727304672462 0.00023638815036974847 485
1727304672499 0.000244140625 486
1727304672537 0.00026604608865454793 487
1727304672575 0.000244140625 488
1727304672614 0.00023638815036974847 489
1727304672651 0.000244140625 490
1727304672689 0.00026604608865454793 491
1727304672727 0.000244140625 492
1727304672764 0.00023638815036974847 493
1727304672814 0.000244140625 494
1727304672853 0.00026604608865454793 495
1727304672894 0.000244140625 496
1727304672932 0.00023638815036974847 497
1727304672967 0.000244140625 498
1727304673002 0.00026604608865454793 499
1727304673038 0.000244140625 500
1727304673080 0.00023638815036974847 501
1727304673120 0.000244140625 502
1727304673164 0.00026604608865454793 503
1727304673206 0.000244140625 504
1727304673247 0.00023638815036974847 505
1727304673288 0.000244140625 506
1727304673329 0.00026604608865454793 507
1727304673371 0.000244140625 508
1727304673414 0.00023638815036974847 509
1727304673454 0.000244140625 510
1727304673494 0.00026604608865454793 511
1727304673536 0.000244140625 512
1727304673575 0.00023638815036974847 513
1727304673614 0.000244140625 514
1727304673654 0.00026604608865454793 515
1727304673696 0.000244140625 516
1727304673738 0.00023638815036974847 517
1727304673777 0.000244140625 518
1727304673816 0.00026604608865454793 519
1727304673854 0.000244140625 520
1727304673892 0.00023638815036974847 521
1727304673932 0.000244140625 522
1727304673972 0.00026604608865454793 523
1727304674012 0.000244140625 524
1727304674049 0.00023638815036974847 525
1727304674087 0.000244140625 526
1727304674126 0.00026604608865454793 527
1727304674181 0.000244140625 528
1727304674222 0.00023638815036974847 529
1727304674261 0.000244140625 530
1727304674301 0.00026604608865454793 531
1727304674338 0.000244140625 532
1727304674373 0.00023638815036974847 533
1727304674410 0.000244140625 534
1727304674446 0.00026604608865454793 535
1727304674483 0.000244140625 536
1727304674518 0.00023638815036974847 537
1727304674554 0.000244140625 538
1727304674590 0.00026604608865454793 539
1727304674628 0.000244140625 540
1727304674666 0.00023638815036974847 541
1727304674702 0.000244140625 542
1727304674740 0.00026604608865454793 543
1727304674779 0.000244140625 544
1727304674819 0.00023638815036974847 545
1727304674854 0.000244140625 546
1727304674891 0.00026604608865454793 547
1727304674927 0.000244140625 548
1727304674962 0.00023638815036974847 549
1727304674998 0.000244140625 550
1727304675033 0.00026604608865454793 551
1727304675068 0.000244140625 552
1727304675103 0.00023638815036974847 553
1727304675140 0.000244140625 554
1727304675182 0.00026604608865454793 555
1727304675223 0.000244140625 556
1727304675262 0.00023638815036974847 557
1727304675301 0.000244140625 558
1727304675340 0.00026604608865454793 559
1727304675379 0.000244140625 560
1727304675417 0.00023638815036974847 561
1727304675455 0.000244140625 562
1727304675496 0.00026604608865454793 563
1727304675533 0.000244140625 564
1727304675573 0.00023638815036974847 565
1727304675612 0.000244140625 566
1727304675650 0.00026604608865454793 567
1727304675689 0.000244140625 568
1727304675729 0.00023638815036974847 569
1727304675787 0.000244140625 570
1727304675824 0.00026604608865454793 571
1727304675860 0.000244140625 572
1727304675898 0.00023638815036974847 573
1727304675937 0.000244140625 574
1727304675974 0.00026604608865454793 575
1727304676011 0.000244140625 576
1727304676049 0.00023638815036974847 577
1727304676088 0.000244140625 578
1727304676125 0.00026604608865454793 579
1727304676164 0.000244140625 580
1727304676202 0.00023638815036974847 581
1727304676239 0.000244140625 582
1727304676277 0.00026604608865454793 583
1727304676317 0.000244140625 584
1727304676356 0.00023638815036974847 585
1727304676393 0.000244140625 586
1727304676432 0.00026604608865454793 587
1727304676470 0.000244140625 588
1727304676509 0.00023638815036974847 589
1727304676547 0.000244140625 590
1727304676585 0.00026604608865454793 591
1727304676624 0.000244140625 592
1727304676675 0.00023638815036974847 593
1727304676725 0.000244140625 594
1727304676771 0.00026604608865454793 595
1727304676819 0.000244140625 596
1727304676868 0.00023638815036974847 597
1727304676911 0.000244140625 598
1727304676953 0.00026604608865454793 599
1727304676996 0.000244140625 600
1727304677038 0.00023638815036974847 601
1727304677082 0.000244140625 602
1727304677125 0.00026604608865454793 603
1727304677172 0.000244140625 604
1727304677230 0.00023638815036974847 605
1727304677285 0.000244140625 606
1727304677339 0.00026604608865454793 607
1727304677393 0.000244140625 608
1727304677447 0.00023638815036974847 609
1727304677495 0.000244140625 610
1727304677540 0.00026604608865454793 611
1727304677583 0.000244140625 612
1727304677624 0.00023638815036974847 613
1727304677666 0.000244140625 614
1727304677705 0.00026604608865454793 615
1727304677749 0.000244140625 616
1727304677792 0.00023638815036974847 617
1727304677831 0.000244140625 618
1727304677869 0.00026604608865454793 619
1727304677908 0.000244140625 620
1727304677948 0.00023638815036974847 621
1727304677988 0.000244140625 622
1727304678027 0.00026604608865454793 623
1727304678068 0.000244140625 624
1727304678108 0.00023638815036974847 625
1727304678148 0.000244140625 626
1727304678187 0.00026604608865454793 627
1727304678224 0.000244140625 628
1727304678262 0.00023638815036974847 629
1727304678299 0.000244140625 630
1727304678337 0.00026604608865454793 631
1727304678377 0.000244140625 632
1727304678417 0.00023638815036974847 633
1727304678456 0.000244140625 634
1727304678495 0.00026604608865454793 635
1727304678533 0.000244140625 636
1727304678571 0.00023638815036974847 637
1727304678609 0.000244140625 638
1727304678646 0.00026604608865454793 639
1727304678685 0.000244140625 640
1727304678723 0.00023638815036974847 641
1727304678762 0.000244140625 642
1727304678802 0.00026604608865454793 643
1727304678842 0.000244140625 644
1727304678881 0.00023638815036974847 645
1727304678922 0.000244140625 646
1727304678963 0.00026604608865454793 647
1727304679012 0.000244140625 648
1727304679061 0.00023638815036974847 649
1727304679106 0.000244140625 650
1727304679160 0.00026604608865454793 651
1727304679212 0.000244140625 652
1727304679259 0.00023638815036974847 653
1727304679307 0.000244140625 654
1727304679353 0.00026604608865454793 655
1727304679403 0.000244140625 656
1727304679450 0.00023638815036974847 657
1727304679498 0.000244140625 658
1727304679545 0.00026604608865454793 659
1727304679592 0.000244140625 660
1727304679640 0.00023638815036974847 661
1727304679687 0.000244140625 662
1727304679738 0.00026604608865454793 663
1727304679795 0.000244140625 664
1727304679841 0.00023638815036974847 665
1727304679887 0.000244140625 666
1727304679936 0.00026604608865454793 667
1727304680002 0.000244140625 668
1727304680056 0.00023638815036974847 669
1727304680103 0.000244140625 670
1727304680152 0.00026604608865454793 671
1727304680212 0.000244140625 672
1727304680268 0.00023638815036974847 673
1727304680319 0.000244140625 674
1727304680368 0.00026604608865454793 675
1727304680416 0.000244140625 676
1727304680464 0.00023638815036974847 677
1727304680505 0.000244140625 678
1727304680546 0.00026604608865454793 679
1727304680587 0.000244140625 680
1727304680629 0.00023638815036974847 681
1727304680670 0.000244140625 682
1727304680711 0.00026604608865454793 683
1727304680752 0.000244140625 684
1727304680794 0.00023638815036974847 685
1727304680834 0.000244140625 686
1727304680872 0.00026604608865454793 687
1727304680910 0.000244140625 688
1727304680950 0.00023638815036974847 689
1727304680990 0.000244140625 690
1727304681029 0.00026604608865454793 691
1727304681068 0.000244140625 692
1727304681106 0.00023638815036974847 693
1727304681146 0.000244140625 694
1727304681188 0.00026604608865454793 695
1727304681229 0.000244140625 696
1727304681269 0.00023638815036974847 697
1727304681309 0.000244140625 698
1727304681349 0.00026604608865454793 699
1727304681388 0.000244140625 700
1727304681427 0.00023638815036974847 701
1727304681468 0.000244140625 702
1727304681506 0.00026604608865454793 703
1727304681546 0.000244140625 704
1727304681585 0.00023638815036974847 705
1727304681624 0.000244140625 706
1727304681663 0.00026604608865454793 707
1727304681702 0.000244140625 708
1727304681740 0.00023638815036974847 709
1727304681779 0.000244140625 710
1727304681817 0.00026604608865454793 711
1727304681854 0.000244140625 712
1727304681891 0.00023638815036974847 713
1727304681928 0.000244140625 714
1727304681969 0.00026604608865454793 715
1727304682010 0.000244140625 716
1727304682048 0.00023638815036974847 717
1727304682087 0.000244140625 718
1727304682126 0.00026604608865454793 719
1727304682167 0.000244140625 720
1727304682206 0.00023638815036974847 721
1727304682246 0.000244140625 722
1727304682286 0.00026604608865454793 723
1727304682325 0.000244140625 724
1727304682364 0.00023638815036974847 725
1727304682404 0.000244140625 726
1727304682443 0.00026604608865454793 727
1727304682482 0.000244140625 728
1727304682521 0.00023638815036974847 729
1727304682561 0.000244140625 730
1727304682601 0.00026604608865454793 731
1727304682641 0.000244140625 732
1727304682681 0.00023638815036974847 733
1727304682721 0.000244140625 734
1727304682761 0.00026604608865454793 735
1727304682801 0.000244140625 736
1727304682839 0.00023638815036974847 737
1727304682875 0.000244140625 738
1727304682913 0.00026604608865454793 739
1727304682953 0.000244140625 740
1727304682991 0.00023638815036974847 741
1727304683030 0.000244140625 742
1727304683068 0.00026604608865454793 743
1727304683109 0.000244140625 744
1727304683149 0.00023638815036974847 745
1727304683188 0.000244140625 746
1727304683226 0.00026604608865454793 747
1727304683264 0.000244140625 748
1727304683306 0.00023638815036974847 749
1727304683345 0.000244140625 750
1727304683383 0.00026604608865454793 751
1727304683422 0.000244140625 752
1727304683462 0.00023638815036974847 753
1727304683506 0.000244140625 754
1727304683546 0.00026604608865454793 755
1727304683583 0.000244140625 756
1727304683622 0.00023638815036974847 757
1727304683662 0.000244140625 758
1727304683700 0.00026604608865454793 759
1727304683741 0.000244140625 760
1727304683785 0.00023638815036974847 761
1727304683825 0.000244140625 762
1727304683862 0.00026604608865454793 763
1727304683901 0.000244140625 764
1727304683940 0.00023638815036974847 765
1727304683977 0.000244140625 766
1727304684014 0.00026604608865454793 767
1727304684050 0.000244140625 768
1727304684086 0.00023638815036974847 769
1727304684123 0.000244140625 770
1727304684161 0.00026604608865454793 771
1727304684200 0.000244140625 772
1727304684239 0.00023638815036974847 773
1727304684277 0.000244140625 774
1727304684315 0.00026604608865454793 775
1727304684352 0.000244140625 776
1727304684389 0.00023638815036974847 777
1727304684433 0.000244140625 778
1727304684488 0.00026604608865454793 779
1727304684530 0.000244140625 780
1727304684571 0.00023638815036974847 781
1727304684611 0.000244140625 782
1727304684651 0.00026604608865454793 783
1727304684694 0.000244140625 784
1727304684735 0.00023638815036974847 785
1727304684777 0.000244140625 786
1727304684819 0.00026604608865454793 787
1727304684857 0.000244140625 788
1727304684893 0.00023638815036974847 789
1727304684931 0.000244140625 790
1727304684968 0.00026604608865454793 791
1727304685005 0.000244140625 792
1727304685044 0.00023638815036974847 793
1727304685083 0.000244140625 794
1727304685123 0.00026604608865454793 795
1727304685163 0.000244140625 796
1727304685202 0.00023638815036974847 797
1727304685241 0.000244140625 798
1727304685280 0.00026604608865454793 799
1727304685320 0.000244140625 800
1727304685360 0.00023638815036974847 801
1727304685400 0.000244140625 802
1727304685439 0.00026604608865454793 803
1727304685477 0.000244140625 804
1727304685516 0.00023638815036974847 805
1727304685555 0.000244140625 806
1727304685595 0.00026604608865454793 807
1727304685634 0.000244140625 808
1727304685677 0.00023638815036974847 809
1727304685717 0.000244140625 810
1727304685761 0.00026604608865454793 811
1727304685801 0.000244140625 812
1727304685840 0.00023638815036974847 813
1727304685881 0.000244140625 814
1727304685919 0.00026604608865454793 815
1727304685959 0.000244140625 816
1727304685999 0.00023638815036974847 817
1727304686037 0.000244140625 818
1727304686078 0.00026604608865454793 819
1727304686116 0.000244140625 820
1727304686155 0.00023638815036974847 821
1727304686195 0.000244140625 822
1727304686233 0.00026604608865454793 823
1727304686269 0.000244140625 824
1727304686306 0.00023638815036974847 825
1727304686344 0.000244140625 826
1727304686381 0.00026604608865454793 827
1727304686420 0.000244140625 828
1727304686460 0.00023638815036974847 829
1727304686499 0.000244140625 830
1727304686537 0.00026604608865454793 831
1727304686574 0.000244140625 832
1727304686612 0.00023638815036974847 833
1727304686651 0.000244140625 834
1727304686691 0.00026604608865454793 835
1727304686730 0.000244140625 836
1727304686769 0.00023638815036974847 837
1727304686807 0.000244140625 838
1727304686846 0.00026604608865454793 839
1727304686885 0.000244140625 840
1727304686925 0.00023638815036974847 841
1727304686964 0.000244140625 842
1727304687004 0.00026604608865454793 843
1727304687043 0.000244140625 844
1727304687083 0.00023638815036974847 845
1727304687124 0.000244140625 846
1727304687162 0.00026604608865454793 847
1727304687203 0.000244140625 848
1727304687242 0.00023638815036974847 849
1727304687282 0.000244140625 850
1727304687320 0.00026604608865454793 851
1727304687361 0.000244140625 852
1727304687402 0.00023638815036974847 853
1727304687443 0.000244140625 854
1727304687482 0.00026604608865454793 855
1727304687521 0.000244140625 856
1727304687560 0.00023638815036974847 857
1727304687598 0.000244140625 858
1727304687639 0.00026604608865454793 859
1727304687677 0.000244140625 860
1727304687717 0.00023638815036974847 861
1727304687758 0.000244140625 862
1727304687807 0.00026604608865454793 863
1727304687847 0.000244140625 864
1727304687886 0.00023638815036974847 865
1727304687925 0.000244140625 866
1727304687965 0.00026604608865454793 867
1727304688005 0.000244140625 868
1727304688044 0.00023638815036974847 869
1727304688084 0.000244140625 870
1727304688124 0.00026604608865454793 871
1727304688163 0.000244140625 872
1727304688205 0.00023638815036974847 873
1727304688244 0.000244140625 874
1727304688284 0.00026604608865454793 875
1727304688324 0.000244140625 876
1727304688362 0.00023638815036974847 877
1727304688401 0.000244140625 878
1727304688439 0.00026604608865454793 879
1727304688476 0.000244140625 880
1727304688514 0.00023638815036974847 881
1727304688552 0.000244140625 882
1727304688591 0.00026604608865454793 883
1727304688629 0.000244140625 884
1727304688668 0.00023638815036974847 885
1727304688715 0.000244140625 886
1727304688755 0.00026604608865454793 887
1727304688808 0.000244140625 888
1727304688850 0.00023638815036974847 889
1727304688891 0.000244140625 890
1727304688931 0.00026604608865454793 891
1727304688971 0.000244140625 892
1727304689011 0.00023638815036974847 893
1727304689051 0.000244140625 894
1727304689090 0.00026604608865454793 895
1727304689132 0.000244140625 896
1727304689174 0.00023638815036974847 897
1727304689214 0.000244140625 898
1727304689253 0.00026604608865454793 899
1727304689291 0.000244140625 900
1727304689329 0.00023638815036974847 901
1727304689367 0.000244140625 902
1727304689406 0.00026604608865454793 903
1727304689443 0.000244140625 904
1727304689482 0.00023638815036974847 905
1727304689521 0.000244140625 906
1727304689557 0.00026604608865454793 907
1727304689594 0.000244140625 908
1727304689631 0.00023638815036974847 909
1727304689669 0.000244140625 910
1727304689708 0.00026604608865454793 911
1727304689748 0.000244140625 912
1727304689790 0.00023638815036974847 913
1727304689831 0.000244140625 914
1727304689869 0.00026604608865454793 915
1727304689910 0.000244140625 916
1727304689950 0.00023638815036974847 917
1727304689989 0.000244140625 918
1727304690029 0.00026604608865454793 919
1727304690069 0.000244140625 920
1727304690109 0.00023638815036974847 921
1727304690148 0.000244140625 922
1727304690187 0.00026604608865454793 923
1727304690226 0.000244140625 924
1727304690265 0.00023638815036974847 925
1727304690303 0.000244140625 926
1727304690341 0.00026604608865454793 927
1727304690380 0.000244140625 928
1727304690422 0.00023638815036974847 929
1727304690461 0.000244140625 930
1727304690500 0.00026604608865454793 931
1727304690539 0.000244140625 932
1727304690577 0.00023638815036974847 933
1727304690613 0.000244140625 934
1727304690652 0.00026604608865454793 935
1727304690690 0.000244140625 936
1727304690729 0.00023638815036974847 937
1727304690775 0.000244140625 938
1727304690817 0.00026604608865454793 939
1727304690855 0.000244140625 940
1727304690896 0.00023638815036974847 941
1727304690934 0.000244140625 942
1727304690973 0.00026604608865454793 943
1727304691011 0.000244140625 944
1727304691049 0.00023638815036974847 945
1727304691089 0.000244140625 946
1727304691127 0.00026604608865454793 947
1727304691165 0.000244140625 948
1727304691205 0.00023638815036974847 949
1727304691245 0.000244140625 950
1727304691286 0.00026604608865454793 951
1727304691325 0.000244140625 952
1727304691362 0.00023638815036974847 953
1727304691399 0.000244140625 954
1727304691435 0.00026604608865454793 955
1727304691474 0.000244140625 956
1727304691511 0.00023638815036974847 957
1727304691549 0.000244140625 958
1727304691587 0.00026604608865454793 959
1727304691626 0.000244140625 960
1727304691678 0.00023638815036974847 961
1727304691722 0.000244140625 962
1727304691765 0.00026604608865454793 963
1727304691811 0.000244140625 964
1727304691854 0.00023638815036974847 965
1727304691897 0.000244140625 966
1727304691943 0.00026604608865454793 967
1727304691990 0.000244140625 968
1727304692036 0.00023638815036974847 969
1727304692082 0.000244140625 970
1727304692128 0.00026604608865454793 971
1727304692173 0.000244140625 972
1727304692236 0.00023638815036974847 973
1727304692292 0.000244140625 974
1727304692346 0.00026604608865454793 975
1727304692400 0.000244140625 976
1727304692452 0.00023638815036974847 977
1727304692502 0.000244140625 978
1727304692544 0.00026604608865454793 979
1727304692585 0.000244140625 980
1727304692624 0.00023638815036974847 981
1727304692664 0.000244140625 982
1727304692704 0.00026604608865454793 983
1727304692747 0.000244140625 984
1727304692787 0.00023638815036974847 985
1727304692826 0.000244140625 986
1727304692864 0.00026604608865454793 987
1727304692901 0.000244140625 988
1727304692938 0.00023638815036974847 989
1727304692976 0.000244140625 990
1727304693016 0.00026604608865454793 991
1727304693053 0.000244140625 992
1727304693088 0.00023638815036974847 993
1727304693123 0.000244140625 994
1727304693160 0.00026604608865454793 995
1727304693198 0.000244140625 996
1727304693239 0.00023638815036974847 997
1727304693278 0.000244140625 998
1727304693314 0.00026604608865454793 999
