1727308362316 1.9683419466018677 0
1727308362354 1.6437640190124512 1
1727308362391 1.5572376251220703 2
1727308362429 1.9022367000579834 3
1727308362467 1.7818523645401 4
1727308362505 1.945197582244873 5
1727308362542 1.843172311782837 6
1727308362582 1.6759257316589355 7
1727308362619 1.7011470794677734 8
1727308362656 1.9226130247116089 9
1727308362693 1.8090333938598633 10
1727308362731 1.745565414428711 11
1727308362770 1.6041432619094849 12
1727308362810 1.7079800367355347 13
1727308362848 1.7816981077194214 14
1727308362888 1.7780792713165283 15
1727308362926 1.8219890594482422 16
1727308362966 1.99052095413208 17
1727308363008 1.6146929264068604 18
1727308363046 1.5478122234344482 19
1727308363087 1.9633671045303345 20
1727308363128 1.8877815008163452 21
1727308363164 1.8161325454711914 22
1727308363201 1.9857654571533203 23
1727308363240 1.9210031032562256 24
1727308363278 1.6843911409378052 25
1727308363317 1.5716845989227295 26
1727308363355 1.8806664943695068 27
1727308363395 1.5560911893844604 28
1727308363435 1.9147875308990479 29
1727308363479 1.8765530586242676 30
1727308363530 1.7432912588119507 31
1727308363575 1.7183603048324585 32
1727308363620 1.843961238861084 33
1727308363665 1.585721731185913 34
1727308363710 1.4596786499023438 35
1727308363760 1.8527783155441284 36
1727308363815 1.8675943613052368 37
1727308363869 1.904378056526184 38
1727308363920 1.5748291015625 39
1727308363974 1.90934157371521 40
1727308364023 1.9307585954666138 41
1727308364068 1.729042887687683 42
1727308364113 1.3296445608139038 43
1727308364158 1.8045039176940918 44
1727308364202 1.9754958152770996 45
1727308364243 1.6616822481155396 46
1727308364285 1.852763295173645 47
1727308364327 1.8677895069122314 48
1727308364367 1.7487353086471558 49
1727308364409 1.7766387462615967 50
1727308364449 1.8809547424316406 51
1727308364487 1.8061182498931885 52
1727308364525 1.7614496946334839 53
1727308364563 1.8241589069366455 54
1727308364601 1.7380961179733276 55
1727308364638 1.7577037811279297 56
1727308364676 1.3888709545135498 57
1727308364714 1.663761854171753 58
1727308364753 1.8448295593261719 59
1727308364790 1.9377200603485107 60
1727308364828 1.8251913785934448 61
1727308364866 1.802671194076538 62
1727308364903 1.5014437437057495 63
1727308364942 1.5803440809249878 64
1727308364980 1.5303378105163574 65
1727308365017 1.9474506378173828 66
1727308365056 1.6838423013687134 67
1727308365097 1.4325816631317139 68
1727308365135 1.9301090240478516 69
1727308365173 1.633362054824829 70
1727308365211 1.955286979675293 71
1727308365250 1.715316891670227 72
1727308365287 1.8075007200241089 73
1727308365325 1.5545363426208496 74
1727308365364 1.9680641889572144 75
1727308365401 1.9817593097686768 76
1727308365439 1.7064416408538818 77
1727308365476 1.8944133520126343 78
1727308365515 1.8957089185714722 79
1727308365552 1.843825340270996 80
1727308365591 1.5081067085266113 81
1727308365628 1.9183834791183472 82
1727308365665 1.7834193706512451 83
1727308365703 1.8994598388671875 84
1727308365740 1.838538646697998 85
1727308365777 1.7953624725341797 86
1727308365814 1.9850342273712158 87
1727308365851 1.4364449977874756 88
1727308365889 1.922459602355957 89
1727308365927 1.9115158319473267 90
1727308365973 1.894089937210083 91
1727308366022 1.5845838785171509 92
1727308366067 1.8624851703643799 93
1727308366115 1.6850719451904297 94
1727308366159 1.751692771911621 95
1727308366202 1.9530043601989746 96
1727308366243 1.8860042095184326 97
1727308366284 1.6283986568450928 98
1727308366325 1.8633981943130493 99
1727308366364 1.8419408798217773 100
1727308366403 1.8857033252716064 101
1727308366441 1.9417704343795776 102
1727308366481 1.9225212335586548 103
1727308366519 1.7978929281234741 104
1727308366557 1.8967480659484863 105
1727308366594 1.9109947681427002 106
1727308366633 1.7125284671783447 107
1727308366671 0.5264701247215271 108
1727308366713 1.7649626731872559 109
1727308366754 1.981095552444458 110
1727308366802 1.589036464691162 111
1727308366845 1.6386511325836182 112
1727308366892 1.93087637424469 113
1727308366943 1.6470445394515991 114
1727308366991 1.9101043939590454 115
1727308367040 1.5685539245605469 116
1727308367091 1.9041727781295776 117
1727308367148 1.8838038444519043 118
1727308367210 1.4888241291046143 119
1727308367270 1.9664005041122437 120
1727308367326 1.832747459411621 121
1727308367384 1.933885097503662 122
1727308367451 1.8408297300338745 123
1727308367514 1.9380645751953125 124
1727308367578 1.9147059917449951 125
1727308367641 1.8611538410186768 126
1727308367698 1.740443468093872 127
1727308367764 1.6856725215911865 128
1727308367835 1.9252454042434692 129
1727308367900 1.842589259147644 130
1727308367962 1.7096059322357178 131
1727308368022 1.850116491317749 132
1727308368080 1.3425817489624023 133
1727308368137 1.9380511045455933 134
1727308368184 1.5532355308532715 135
1727308368228 1.8396010398864746 136
1727308368273 1.9947313070297241 137
1727308368315 1.8278815746307373 138
1727308368357 1.8657546043395996 139
1727308368397 1.7074990272521973 140
1727308368435 1.866544485092163 141
1727308368474 1.9256651401519775 142
1727308368513 1.947317361831665 143
1727308368552 1.6241397857666016 144
1727308368591 1.8690850734710693 145
1727308368630 1.8010492324829102 146
1727308368669 1.9877040386199951 147
1727308368706 1.892853856086731 148
1727308368742 1.6229369640350342 149
1727308368780 1.5367311239242554 150
1727308368818 1.838547945022583 151
1727308368856 1.6786985397338867 152
1727308368893 1.6460192203521729 153
1727308368929 1.6668615341186523 154
1727308368967 1.7093331813812256 155
1727308369005 1.8412021398544312 156
1727308369041 1.8884389400482178 157
1727308369078 1.7315062284469604 158
1727308369115 1.9612255096435547 159
1727308369152 1.9434419870376587 160
1727308369190 1.756948709487915 161
1727308369226 1.8513009548187256 162
1727308369263 1.3425817489624023 163
1727308369301 1.835669755935669 164
1727308369338 1.828763723373413 165
1727308369375 1.8631947040557861 166
1727308369411 1.9543894529342651 167
1727308369449 1.8699266910552979 168
1727308369486 1.7337677478790283 169
1727308369522 1.7669286727905273 170
1727308369560 1.7649996280670166 171
1727308369598 1.6879523992538452 172
1727308369634 1.2088474035263062 173
1727308369670 1.55625581741333 174
1727308369708 1.8634669780731201 175
1727308369745 1.8959059715270996 176
1727308369782 1.969984531402588 177
1727308369818 1.9444317817687988 178
1727308369854 1.8837597370147705 179
1727308369890 1.3425817489624023 180
1727308369927 1.902949333190918 181
1727308369964 1.8903827667236328 182
1727308370000 1.9529402256011963 183
1727308370035 1.4993270635604858 184
1727308370072 1.9652979373931885 185
1727308370109 1.8105460405349731 186
1727308370146 1.946500539779663 187
1727308370183 1.8512790203094482 188
1727308370219 1.5883357524871826 189
1727308370255 1.7956315279006958 190
1727308370292 1.9204540252685547 191
1727308370329 1.523525357246399 192
1727308370367 1.613997459411621 193
1727308370404 1.919384241104126 194
1727308370441 1.7439688444137573 195
1727308370481 1.8639421463012695 196
1727308370519 1.883743405342102 197
1727308370557 1.9359405040740967 198
1727308370594 1.9856524467468262 199
1727308370631 1.8001694679260254 200
1727308370669 1.8879064321517944 201
1727308370706 1.7765202522277832 202
1727308370745 1.8162084817886353 203
1727308370781 1.6541954278945923 204
1727308370819 1.9612175226211548 205
1727308370858 1.7109920978546143 206
1727308370895 1.9981210231781006 207
1727308370932 1.8665246963500977 208
1727308370968 1.5100891590118408 209
1727308371006 1.6220526695251465 210
1727308371043 1.8685362339019775 211
1727308371081 1.9619090557098389 212
1727308371117 1.801257610321045 213
1727308371153 1.818922996520996 214
1727308371191 1.7583258152008057 215
1727308371228 1.683933973312378 216
1727308371266 1.7352042198181152 217
1727308371304 1.8239786624908447 218
1727308371341 1.6982530355453491 219
1727308371378 1.689207673072815 220
1727308371418 1.7267653942108154 221
1727308371460 1.8053815364837646 222
1727308371503 1.833444595336914 223
1727308371546 1.978083610534668 224
1727308371592 1.7419692277908325 225
1727308371637 1.2097513675689697 226
1727308371675 1.801500916481018 227
1727308371713 1.6709089279174805 228
1727308371749 1.7707914113998413 229
1727308371787 1.6987032890319824 230
1727308371827 1.3425817489624023 231
1727308371865 1.686574935913086 232
1727308371902 1.8711048364639282 233
1727308371943 1.9260058403015137 234
1727308371980 1.691825270652771 235
1727308372016 1.9090121984481812 236
1727308372055 1.7393169403076172 237
1727308372093 1.8911466598510742 238
1727308372130 1.8979198932647705 239
1727308372167 1.7872629165649414 240
1727308372204 1.825048804283142 241
1727308372243 1.9027454853057861 242
1727308372281 1.946717619895935 243
1727308372319 0.436470091342926 244
1727308372358 1.910658359527588 245
1727308372395 1.8348711729049683 246
1727308372432 1.8381762504577637 247
1727308372469 1.6032326221466064 248
1727308372506 1.8069186210632324 249
1727308372544 1.4480953216552734 250
1727308372583 1.9246201515197754 251
1727308372623 1.3425817489624023 252
1727308372661 1.758993148803711 253
1727308372698 1.316767692565918 254
1727308372735 1.432581901550293 255
1727308372774 1.432581901550293 256
