1726484865652 2.2227118015289307 0
1726484865680 2.2160873413085938 1
1726484865710 2.1361265182495117 2
1726484865737 2.166642904281616 3
1726484865763 2.129443645477295 4
1726484865789 2.1412606239318848 5
1726484865814 2.187159538269043 6
1726484865840 2.2215793132781982 7
1726484865867 2.191105604171753 8
1726484865892 2.178755521774292 9
1726484865919 2.1230051517486572 10
1726484865947 2.2127535343170166 11
1726484865974 2.140082359313965 12
1726484865999 2.206336736679077 13
1726484866026 2.1849048137664795 14
1726484866052 2.2153069972991943 15
1726484866078 2.2245912551879883 16
1726484866102 2.26188063621521 17
1726484866129 2.124453067779541 18
1726484866155 2.2283594608306885 19
1726484866182 2.1474249362945557 20
1726484866210 2.151043653488159 21
1726484866237 2.206686019897461 22
1726484866263 2.202022075653076 23
1726484866288 2.2052085399627686 24
1726484866315 2.110313892364502 25
1726484866342 2.1962599754333496 26
1726484866369 2.0924408435821533 27
1726484866396 2.11899733543396 28
1726484866423 2.263692617416382 29
1726484866452 2.1669023036956787 30
1726484866476 2.1891798973083496 31
1726484866502 2.1742947101593018 32
1726484866529 2.20878005027771 33
1726484866556 2.2213900089263916 34
1726484866583 2.2247493267059326 35
1726484866609 2.2145800590515137 36
1726484866633 2.2217977046966553 37
1726484866660 2.184462547302246 38
1726484866686 2.1686415672302246 39
1726484866715 2.1579151153564453 40
1726484866743 2.111349105834961 41
1726484866770 2.085953712463379 42
1726484866797 2.0181965827941895 43
1726484866823 2.2581019401550293 44
1726484866848 2.2738304138183594 45
1726484866874 2.229078531265259 46
1726484866901 2.1298532485961914 47
1726484866927 2.175562620162964 48
1726484866955 2.1869709491729736 49
1726484866985 2.1439855098724365 50
1726484867015 2.076535701751709 51
1726484867042 2.074617385864258 52
1726484867066 1.987368106842041 53
1726484867093 2.0224075317382812 54
1726484867121 1.9555089473724365 55
1726484867148 2.061065673828125 56
1726484867175 2.015180826187134 57
1726484867204 2.1663615703582764 58
1726484867232 2.1762800216674805 59
1726484867259 2.1160943508148193 60
1726484867286 2.0761213302612305 61
1726484867314 2.2325963973999023 62
1726484867343 2.225726366043091 63
1726484867371 2.234419584274292 64
1726484867400 2.2159974575042725 65
1726484867427 2.2242584228515625 66
1726484867454 2.1357805728912354 67
1726484867483 2.1633071899414062 68
1726484867509 2.197523593902588 69
1726484867534 2.2030868530273438 70
1726484867560 2.2217092514038086 71
1726484867586 2.263712167739868 72
1726484867618 2.2195777893066406 73
1726484867646 2.2324471473693848 74
1726484867680 2.097804546356201 75
1726484867710 2.1746749877929688 76
1726484867738 2.142056941986084 77
1726484867766 2.175597667694092 78
1726484867794 2.053623676300049 79
1726484867822 2.044682264328003 80
1726484867849 2.2162299156188965 81
1726484867875 2.1617228984832764 82
1726484867903 2.220332622528076 83
1726484867930 2.208081007003784 84
1726484867958 2.1711783409118652 85
1726484867986 2.1074209213256836 86
1726484868015 2.223439931869507 87
1726484868043 2.186506986618042 88
1726484868069 2.1591386795043945 89
1726484868096 2.1214356422424316 90
1726484868122 2.107484817504883 91
1726484868149 2.1163997650146484 92
1726484868177 2.196082830429077 93
1726484868205 2.183302164077759 94
1726484868234 2.2532944679260254 95
1726484868259 2.1973023414611816 96
1726484868287 2.180706024169922 97
1726484868316 2.2714290618896484 98
1726484868344 2.2121031284332275 99
1726484868372 2.1907241344451904 100
1726484868401 2.2530059814453125 101
1726484868429 2.176342248916626 102
1726484868458 2.1984896659851074 103
1726484868487 2.2134392261505127 104
1726484868515 2.124372959136963 105
1726484868542 2.1139979362487793 106
1726484868572 2.2698488235473633 107
1726484868600 2.2307887077331543 108
1726484868629 2.178738594055176 109
1726484868656 2.1055104732513428 110
1726484868684 2.1634159088134766 111
1726484868711 2.198676824569702 112
1726484868739 2.2601876258850098 113
1726484868768 2.1945743560791016 114
1726484868796 2.2502074241638184 115
1726484868824 2.244274139404297 116
1726484868851 2.248276472091675 117
1726484868880 2.2134175300598145 118
1726484868907 2.1888232231140137 119
1726484868936 2.1641385555267334 120
1726484868965 2.25858736038208 121
1726484868994 2.211702346801758 122
1726484869021 2.16444730758667 123
1726484869048 2.0647037029266357 124
1726484869072 2.127741575241089 125
1726484869099 2.0234341621398926 126
1726484869127 2.1145801544189453 127
1726484869155 2.1501171588897705 128
1726484869182 2.061976909637451 129
1726484869211 2.2087457180023193 130
1726484869240 2.182461977005005 131
1726484869267 2.265256404876709 132
1726484869295 2.198389768600464 133
1726484869321 2.1923694610595703 134
1726484869349 2.174661636352539 135
1726484869377 2.257756233215332 136
1726484869405 2.2794113159179688 137
1726484869434 2.236529588699341 138
1726484869464 2.23656964302063 139
1726484869491 2.1725597381591797 140
1726484869515 2.207632541656494 141
1726484869542 2.217600107192993 142
1726484869573 2.123727321624756 143
1726484869604 2.1692841053009033 144
1726484869638 2.132716655731201 145
1726484869670 2.2572946548461914 146
1726484869709 2.277010440826416 147
1726484869746 2.256516933441162 148
1726484869780 2.2847492694854736 149
1726484869813 2.2808427810668945 150
1726484869848 2.245661735534668 151
1726484869885 2.2507483959198 152
1726484869918 2.199690341949463 153
1726484869951 2.2330031394958496 154
1726484869994 2.127262592315674 155
1726484870029 2.0436506271362305 156
1726484870065 2.1351318359375 157
1726484870100 2.0212619304656982 158
1726484870139 2.1863064765930176 159
1726484870175 2.2568397521972656 160
1726484870215 2.2108471393585205 161
1726484870257 2.2290449142456055 162
1726484870295 2.2717442512512207 163
1726484870333 2.2353549003601074 164
1726484870373 2.181231737136841 165
1726484870412 2.196847677230835 166
1726484870450 2.132932662963867 167
1726484870484 2.1901750564575195 168
1726484870520 2.155196189880371 169
1726484870559 2.1376280784606934 170
1726484870599 2.1904122829437256 171
1726484870637 2.1902685165405273 172
1726484870671 2.200387716293335 173
1726484870703 2.191826105117798 174
1726484870740 2.2465455532073975 175
1726484870775 2.205509662628174 176
1726484870810 2.1568450927734375 177
1726484870843 2.250260353088379 178
1726484870880 2.2127227783203125 179
1726484870916 2.2127835750579834 180
1726484870953 2.2162857055664062 181
1726484870994 2.176252841949463 182
1726484871028 2.2243003845214844 183
1726484871059 2.2504303455352783 184
1726484871091 2.2428252696990967 185
1726484871121 2.2149930000305176 186
1726484871150 2.068058490753174 187
1726484871179 2.1306939125061035 188
1726484871211 2.0649702548980713 189
1726484871241 2.036587715148926 190
1726484871271 2.178988218307495 191
1726484871301 2.2658159732818604 192
1726484871330 2.281038284301758 193
1726484871359 2.2302181720733643 194
1726484871388 2.1489956378936768 195
1726484871417 2.2034401893615723 196
1726484871446 2.2088875770568848 197
1726484871478 2.234133243560791 198
1726484871507 2.1523351669311523 199
1726484871536 1.9950700998306274 200
1726484871565 1.9866254329681396 201
1726484871593 2.0937843322753906 202
1726484871620 2.1081714630126953 203
1726484871646 2.2536821365356445 204
1726484871674 2.128875970840454 205
1726484871700 2.1318159103393555 206
1726484871729 2.080470323562622 207
1726484871757 2.0494184494018555 208
1726484871783 2.190542459487915 209
1726484871810 2.1753084659576416 210
1726484871835 2.2337965965270996 211
1726484871863 2.2205357551574707 212
1726484871889 2.1690568923950195 213
1726484871915 2.1866159439086914 214
1726484871942 2.2189881801605225 215
1726484871970 2.1714375019073486 216
1726484871996 2.210513114929199 217
1726484872020 2.193197250366211 218
1726484872046 2.2275123596191406 219
1726484872072 2.1792664527893066 220
1726484872098 2.1607236862182617 221
1726484872125 2.1658482551574707 222
1726484872152 2.02103328704834 223
1726484872176 2.1894702911376953 224
1726484872203 2.147697687149048 225
1726484872233 2.116224765777588 226
1726484872260 2.0229504108428955 227
1726484872287 2.0902633666992188 228
1726484872314 2.022198438644409 229
1726484872341 2.1865193843841553 230
1726484872365 2.28549861907959 231
1726484872392 2.155235767364502 232
1726484872419 2.1772305965423584 233
1726484872445 2.1379616260528564 234
1726484872472 2.2178664207458496 235
1726484872502 2.1879701614379883 236
1726484872529 2.108426570892334 237
1726484872555 1.9827735424041748 238
1726484872581 1.9486949443817139 239
1726484872609 2.109374523162842 240
1726484872636 2.207078456878662 241
1726484872664 2.1181535720825195 242
1726484872692 2.290588140487671 243
1726484872722 2.2806968688964844 244
1726484872758 2.285581111907959 245
1726484872785 2.188812732696533 246
1726484872813 2.201911687850952 247
1726484872842 2.2251503467559814 248
1726484872870 2.1276028156280518 249
1726484872896 2.2029306888580322 250
1726484872924 2.2880234718322754 251
1726484872953 2.2814674377441406 252
1726484872983 2.2914834022521973 253
1726484873011 2.272871494293213 254
1726484873039 2.172165632247925 255
1726484873067 2.213934898376465 256
1726484873095 2.257786750793457 257
1726484873122 2.2337749004364014 258
1726484873146 2.1849584579467773 259
1726484873172 2.1933534145355225 260
1726484873198 2.1518495082855225 261
1726484873225 2.0539963245391846 262
1726484873253 2.15041184425354 263
1726484873279 2.168307304382324 264
1726484873306 2.2891151905059814 265
1726484873332 2.2357664108276367 266
1726484873358 2.1578197479248047 267
1726484873385 2.2661800384521484 268
1726484873412 2.278667449951172 269
1726484873439 2.248053789138794 270
1726484873466 2.2043259143829346 271
1726484873494 2.1869401931762695 272
1726484873519 2.2017264366149902 273
1726484873546 2.2075257301330566 274
1726484873572 2.2076547145843506 275
1726484873599 2.1583797931671143 276
1726484873627 2.15902042388916 277
1726484873653 2.1922152042388916 278
1726484873678 2.1453216075897217 279
1726484873704 2.223172664642334 280
1726484873732 2.1829111576080322 281
1726484873758 2.24337100982666 282
1726484873785 2.1215686798095703 283
1726484873812 2.0501761436462402 284
1726484873838 2.1990160942077637 285
1726484873863 2.1379337310791016 286
1726484873891 2.142693519592285 287
1726484873946 2.0872039794921875 288
1726484873973 2.1787972450256348 289
1726484874003 2.142739772796631 290
1726484874031 2.1814184188842773 291
1726484874059 2.1268227100372314 292
1726484874086 2.208571195602417 293
1726484874114 2.13539457321167 294
1726484874140 2.0589468479156494 295
1726484874168 2.105290412902832 296
1726484874195 2.1898648738861084 297
1726484874225 2.233938217163086 298
1726484874253 2.268467903137207 299
1726484874280 2.2507739067077637 300
1726484874306 2.2301180362701416 301
1726484874332 2.236417293548584 302
1726484874356 2.1981544494628906 303
1726484874382 2.1913042068481445 304
1726484874408 2.2287075519561768 305
1726484874435 2.222576141357422 306
1726484874461 2.1636221408843994 307
1726484874490 2.0594542026519775 308
1726484874515 2.1466431617736816 309
1726484874541 2.2433485984802246 310
1726484874567 2.210108518600464 311
1726484874593 2.202286958694458 312
1726484874619 2.24825382232666 313
1726484874645 2.2636399269104004 314
1726484874669 2.2777867317199707 315
1726484874696 2.2566051483154297 316
1726484874722 2.2792534828186035 317
1726484874750 2.255683183670044 318
1726484874777 2.247835874557495 319
1726484874804 2.23386287689209 320
1726484874831 2.263641834259033 321
1726484874856 2.2482376098632812 322
1726484874883 2.1962637901306152 323
1726484874909 2.260312080383301 324
1726484874936 2.2894697189331055 325
1726484874985 2.26617693901062 326
1726484875024 2.2436954975128174 327
1726484875057 2.2709686756134033 328
1726484875085 2.2698824405670166 329
1726484875113 2.167081832885742 330
1726484875141 2.1145410537719727 331
1726484875167 2.2238619327545166 332
1726484875195 2.2332801818847656 333
1726484875225 2.2656803131103516 334
1726484875254 2.2193007469177246 335
1726484875282 2.225945472717285 336
1726484875309 2.2637295722961426 337
1726484875336 2.264104127883911 338
1726484875362 2.151883125305176 339
1726484875386 2.23622989654541 340
1726484875413 2.2350716590881348 341
1726484875440 2.295135498046875 342
1726484875466 2.295989990234375 343
1726484875496 2.2963762283325195 344
1726484875524 2.2966067790985107 345
1726484875550 2.266575336456299 346
1726484875574 2.24802303314209 347
1726484875600 2.228564500808716 348
1726484875626 2.249303102493286 349
1726484875653 2.2329349517822266 350
1726484875679 2.183427572250366 351
1726484875705 2.2184360027313232 352
1726484875731 2.2023425102233887 353
1726484875758 2.194828748703003 354
1726484875784 2.1279008388519287 355
1726484875810 2.173964500427246 356
1726484875836 2.2265613079071045 357
1726484875863 2.250072479248047 358
1726484875888 2.26583194732666 359
1726484875914 2.2609519958496094 360
1726484875942 2.192495584487915 361
1726484875969 2.0924618244171143 362
1726484875999 2.101609706878662 363
1726484876029 2.1834962368011475 364
1726484876058 2.1899852752685547 365
1726484876086 2.1507315635681152 366
1726484876113 2.0443646907806396 367
1726484876141 2.2400333881378174 368
1726484876166 2.094815969467163 369
1726484876194 2.1109349727630615 370
1726484876221 2.095614433288574 371
1726484876251 2.115595817565918 372
1726484876280 2.1689369678497314 373
1726484876306 2.2399489879608154 374
1726484876333 2.2227420806884766 375
1726484876358 2.0685126781463623 376
1726484876383 2.222797393798828 377
1726484876410 2.291381597518921 378
1726484876436 2.1889023780822754 379
1726484876463 2.170715093612671 380
1726484876490 2.1030497550964355 381
1726484876519 2.1740126609802246 382
1726484876543 2.2031192779541016 383
1726484876569 2.2148962020874023 384
1726484876595 2.2352166175842285 385
1726484876622 2.2662923336029053 386
1726484876649 2.2801411151885986 387
1726484876675 2.2288858890533447 388
1726484876699 2.2723441123962402 389
1726484876726 2.2786378860473633 390
1726484876754 2.126957893371582 391
1726484876782 2.218283176422119 392
1726484876810 2.260143995285034 393
1726484876838 2.159024238586426 394
1726484876867 2.14963436126709 395
1726484876895 2.238180637359619 396
1726484876924 2.232609272003174 397
1726484876952 2.283267021179199 398
1726484876977 2.2777633666992188 399
1726484877006 2.2461493015289307 400
1726484877032 2.190457344055176 401
1726484877058 2.2450320720672607 402
1726484877086 2.192315101623535 403
1726484877116 2.2146010398864746 404
1726484877143 2.257626533508301 405
1726484877171 2.2362606525421143 406
1726484877199 2.2733912467956543 407
1726484877227 2.2070250511169434 408
1726484877256 2.2701711654663086 409
1726484877285 2.2807955741882324 410
1726484877314 2.2517924308776855 411
1726484877341 2.2220044136047363 412
1726484877370 2.2449545860290527 413
1726484877397 2.1847751140594482 414
1726484877425 2.1582412719726562 415
1726484877453 2.1943273544311523 416
1726484877482 2.249691963195801 417
1726484877508 2.2321672439575195 418
1726484877536 2.2314605712890625 419
1726484877563 2.2607944011688232 420
1726484877591 2.264150857925415 421
1726484877619 2.0984997749328613 422
1726484877646 2.231745719909668 423
1726484877674 2.2177953720092773 424
1726484877703 2.215858221054077 425
1726484877731 2.0972890853881836 426
1726484877759 2.0983433723449707 427
1726484877787 2.1926515102386475 428
1726484877816 2.2151243686676025 429
1726484877847 2.2401511669158936 430
1726484877877 2.2765932083129883 431
1726484877903 2.233745813369751 432
1726484877929 2.1400938034057617 433
1726484877956 2.2529969215393066 434
1726484877983 2.2791945934295654 435
1726484878009 2.283789873123169 436
1726484878035 2.2866828441619873 437
1726484878062 2.288719654083252 438
1726484878089 2.2432780265808105 439
1726484878115 2.2865612506866455 440
1726484878142 2.2910397052764893 441
1726484878168 2.197927951812744 442
1726484878193 2.1743578910827637 443
1726484878219 2.1843457221984863 444
1726484878247 2.2293295860290527 445
1726484878276 2.2182979583740234 446
1726484878302 2.068878650665283 447
1726484878329 2.25472354888916 448
1726484878355 2.284973621368408 449
1726484878379 2.2859437465667725 450
1726484878405 2.2946250438690186 451
1726484878432 2.2958412170410156 452
1726484878458 2.29651141166687 453
1726484878486 2.2969648838043213 454
1726484878515 2.2013449668884277 455
1726484878541 2.269360065460205 456
1726484878565 2.211441993713379 457
1726484878591 2.1700563430786133 458
1726484878618 2.204277992248535 459
1726484878645 2.1533641815185547 460
1726484878673 2.1771273612976074 461
1726484878701 2.244514226913452 462
1726484878729 2.1314358711242676 463
1726484878757 2.180323600769043 464
1726484878784 2.1763646602630615 465
1726484878811 2.2335267066955566 466
1726484878837 2.262537956237793 467
1726484878864 2.2774224281311035 468
1726484878891 2.279771327972412 469
1726484878918 2.290618896484375 470
1726484878944 2.1973907947540283 471
1726484878969 2.1978600025177 472
1726484878998 2.264843463897705 473
1726484879025 2.274792432785034 474
1726484879051 2.281245231628418 475
1726484879079 2.2855794429779053 476
1726484879106 2.2650036811828613 477
1726484879132 2.280696392059326 478
1726484879157 2.2876298427581787 479
1726484879184 2.24877667427063 480
1726484879210 2.257831335067749 481
1726484879238 2.20259952545166 482
1726484879266 2.2430734634399414 483
1726484879292 2.2856173515319824 484
1726484879317 2.2276906967163086 485
1726484879343 2.230227470397949 486
1726484879369 2.2331552505493164 487
1726484879395 2.098065137863159 488
1726484879422 2.210873603820801 489
1726484879449 2.221005916595459 490
1726484879475 2.1977133750915527 491
1726484879504 2.201756715774536 492
1726484879532 2.240922451019287 493
1726484879560 2.2578506469726562 494
1726484879587 2.2517597675323486 495
1726484879616 2.256378173828125 496
1726484879644 2.2844290733337402 497
1726484879672 2.2006916999816895 498
1726484879699 2.2663559913635254 499
1726484879727 2.1852939128875732 500
1726484879755 2.173863649368286 501
1726484879783 2.242448568344116 502
1726484879810 2.2632594108581543 503
1726484879838 2.2868361473083496 504
1726484879866 2.2929978370666504 505
1726484879895 2.296565532684326 506
1726484879923 2.297806739807129 507
1726484879952 2.2442994117736816 508
1726484879980 2.256354331970215 509
1726484880013 2.264260768890381 510
1726484880048 2.283198595046997 511
1726484880076 2.254438877105713 512
1726484880103 2.2800145149230957 513
1726484880128 2.2884249687194824 514
1726484880155 2.219407081604004 515
1726484880182 2.2798266410827637 516
1726484880208 2.2778892517089844 517
1726484880236 2.279374599456787 518
1726484880266 2.2789535522460938 519
1726484880293 2.269847869873047 520
1726484880319 2.2302916049957275 521
1726484880345 2.234708786010742 522
1726484880371 2.128358840942383 523
1726484880398 2.254580497741699 524
1726484880425 2.206594944000244 525
1726484880452 2.275451183319092 526
1726484880479 2.262326240539551 527
1726484880508 2.247344493865967 528
1726484880533 2.265062093734741 529
1726484880560 2.276465654373169 530
1726484880587 2.2823662757873535 531
1726484880613 2.2862396240234375 532
1726484880640 2.288954019546509 533
1726484880667 2.255272626876831 534
1726484880693 2.2278192043304443 535
1726484880718 2.2563507556915283 536
1726484880747 2.267101764678955 537
1726484880774 2.2739763259887695 538
1726484880800 2.2788662910461426 539
1726484880828 2.2825498580932617 540
1726484880855 2.2854225635528564 541
1726484880881 2.287714958190918 542
1726484880906 2.28957200050354 543
1726484880933 2.291092872619629 544
1726484880960 2.2923479080200195 545
1726484880987 2.125354528427124 546
1726484881015 2.267113208770752 547
1726484881042 2.283015251159668 548
1726484881069 2.244715690612793 549
1726484881094 2.263073444366455 550
1726484881121 2.2710909843444824 551
1726484881146 2.27667498588562 552
1726484881173 2.2808172702789307 553
1726484881200 2.278435468673706 554
1726484881227 2.2745580673217773 555
1726484881255 2.2900733947753906 556
1726484881281 2.2922165393829346 557
1726484881308 2.2936418056488037 558
1726484881334 2.2946646213531494 559
1726484881360 2.2954397201538086 560
1726484881386 2.2960476875305176 561
1726484881413 2.2965359687805176 562
1726484881438 2.2969322204589844 563
1726484881465 2.2972569465637207 564
1726484881492 2.2975234985351562 565
1726484881523 2.297743320465088 566
1726484881550 2.297924280166626 567
1726484881577 2.2980737686157227 568
1726484881603 2.2019765377044678 569
1726484881630 2.2702927589416504 570
1726484881656 2.279982089996338 571
1726484881683 2.285308361053467 572
1726484881709 2.2886879444122314 573
1726484881736 2.290992259979248 574
1726484881765 2.1846158504486084 575
1726484881793 2.27821946144104 576
1726484881820 2.284144163131714 577
1726484881846 2.2880167961120605 578
1726484881873 2.2906339168548584 579
1726484881899 2.292459011077881 580
1726484881926 2.293771982192993 581
1726484881953 2.2947440147399902 582
1726484881981 2.295483112335205 583
1726484882008 2.29605770111084 584
1726484882037 2.296513557434082 585
1726484882062 2.2968807220458984 586
1726484882090 2.29718017578125 587
1726484882117 2.2974274158477783 588
1726484882144 2.297633171081543 589
1726484882170 2.2978053092956543 590
1726484882197 2.297950267791748 591
1726484882223 2.298072338104248 592
1726484882250 2.2981762886047363 593
1726484882278 2.298264503479004 594
1726484882306 2.29833984375 595
1726484882332 2.2984044551849365 596
1726484882359 2.298459529876709 597
1726484882386 2.298506259918213 598
1726484882413 2.29854679107666 599
1726484882440 2.298581600189209 600
1726484882465 2.2986114025115967 601
1726484882492 2.2986369132995605 602
1726484882519 2.2986583709716797 603
1726484882546 2.298677444458008 604
1726484882573 2.298693895339966 605
1726484882600 2.2987077236175537 606
1726484882634 2.298719882965088 607
1726484882676 2.2987303733825684 608
1726484882720 2.298739194869995 609
1726484882770 2.2987468242645264 610
1726484882804 2.298753261566162 611
1726484882839 2.2987589836120605 612
1726484882872 2.2987639904022217 613
1726484882903 2.2987680435180664 614
1726484882934 2.298771619796753 615
1726484882964 2.2987749576568604 616
1726484882997 2.2987775802612305 617
1726484883027 2.2987797260284424 618
1726484883059 2.2987818717956543 619
1726484883087 2.298783779144287 620
1726484883116 2.2987852096557617 621
1726484883145 2.2987864017486572 622
1726484883173 2.2987873554229736 623
1726484883202 2.29878830909729 624
1726484883231 2.2987892627716064 625
1726484883262 2.2987899780273438 626
1726484883291 2.298790454864502 627
1726484883320 2.29879093170166 628
1726484883348 2.2987914085388184 629
1726484883377 2.2987918853759766 630
1726484883404 2.2987921237945557 631
1726484883432 2.298792600631714 632
1726484883458 2.298792839050293 633
1726484883486 2.298792839050293 634
1726484883516 2.298793315887451 635
1726484883543 2.298793315887451 636
1726484883571 2.2987935543060303 637
1726484883599 2.2987937927246094 638
1726484883626 2.2987937927246094 639
1726484883653 2.2987937927246094 640
1726484883678 2.2987937927246094 641
1726484883706 2.2987937927246094 642
1726484883733 2.2987940311431885 643
1726484883762 2.2987940311431885 644
1726484883789 2.2987942695617676 645
1726484883817 2.2987940311431885 646
1726484883844 2.2987942695617676 647
1726484883874 2.2987940311431885 648
1726484883903 2.2987942695617676 649
1726484883932 2.2987940311431885 650
1726484883959 2.2987942695617676 651
1726484883988 2.2987942695617676 652
1726484884018 2.2987942695617676 653
1726484884046 2.2987942695617676 654
1726484884073 2.2987942695617676 655
1726484884102 2.2987942695617676 656
1726484884130 2.2987942695617676 657
1726484884158 2.2987942695617676 658
1726484884187 2.2987942695617676 659
1726484884215 2.2987942695617676 660
1726484884242 2.2987942695617676 661
1726484884273 2.2987942695617676 662
1726484884301 2.2987942695617676 663
1726484884330 2.2987942695617676 664
1726484884358 2.2987942695617676 665
1726484884386 2.2987942695617676 666
1726484884415 2.2987945079803467 667
1726484884442 2.2987945079803467 668
1726484884472 2.2987942695617676 669
1726484884501 2.2987942695617676 670
1726484884529 2.2987945079803467 671
1726484884559 2.2987942695617676 672
1726484884584 2.2987942695617676 673
1726484884612 2.2987942695617676 674
1726484884639 2.2987942695617676 675
1726484884666 2.2987945079803467 676
