1726434468546 0.05788642168045044 0
1726434468596 0.0 1
1726434468645 0.10075918585062027 2
1726434468697 0.17760294675827026 3
1726434468763 0.020051248371601105 4
1726434468832 0.007112203165888786 5
1726434468882 0.03503553196787834 6
1726434468941 0.0 7
1726434469020 0.08444363623857498 8
1726434469070 0.2012113332748413 9
1726434469111 0.06709323078393936 10
1726434469152 0.28904426097869873 11
1726434469193 0.5128887295722961 12
1726434469235 0.45709550380706787 13
1726434469278 0.31931760907173157 14
1726434469319 0.1858726143836975 15
1726434469360 0.3526996374130249 16
1726434469401 0.18285059928894043 17
1726434469443 0.002788352081552148 18
1726434469484 0.015593297779560089 19
1726434469530 0.0028106917161494493 20
1726434469605 0.06342776864767075 21
1726434469653 0.024776002392172813 22
1726434469698 0.04736512526869774 23
1726434469750 0.042310621589422226 24
1726434469810 0.0 25
1726434469859 0.2641974985599518 26
1726434469903 1.5196218490600586 27
1726434469948 0.24548907577991486 28
1726434469993 0.0 29
1726434470038 0.14264731109142303 30
1726434470083 0.0 31
1726434470130 0.0 32
1726434470177 0.007635923568159342 33
1726434470229 0.012742661871016026 34
1726434470284 0.06757740676403046 35
1726434470339 0.011783652938902378 36
1726434470390 0.012251260690391064 37
1726434470442 0.008122580125927925 38
1726434470493 0.07071899622678757 39
1726434470546 0.0 40
1726434470599 0.0 41
1726434470652 0.0 42
1726434470705 0.18418274819850922 43
1726434470765 0.027653217315673828 44
1726434470817 0.0671558752655983 45
1726434470872 0.06431743502616882 46
1726434470928 0.0 47
1726434470981 0.0 48
1726434471035 0.08935346454381943 49
1726434471089 0.17367573082447052 50
1726434471141 0.18215538561344147 51
1726434471197 0.18674951791763306 52
1726434471252 0.06272611021995544 53
1726434471305 0.0 54
1726434471361 0.0 55
1726434471416 0.19158685207366943 56
1726434471468 0.0 57
1726434471523 0.1361280232667923 58
1726434471575 0.2629428803920746 59
1726434471627 0.026097791269421577 60
1726434471684 0.04179355874657631 61
1726434471737 0.07330452650785446 62
1726434471789 0.12721610069274902 63
1726434471841 0.07555818557739258 64
1726434471893 1.051329493522644 65
1726434471948 0.39314937591552734 66
1726434472010 0.19881127774715424 67
1726434472073 0.33519697189331055 68
1726434472149 0.17332732677459717 69
1726434472213 0.23076565563678741 70
1726434472269 0.0 71
1726434472319 0.0 72
1726434472369 0.08900048583745956 73
1726434472422 0.21795426309108734 74
1726434472474 0.2987121343612671 75
1726434472529 0.17311036586761475 76
1726434472583 0.1489967256784439 77
1726434472635 0.21745772659778595 78
1726434472694 0.0 79
1726434472759 0.2516319453716278 80
1726434472826 0.04533359408378601 81
1726434472878 0.0 82
1726434472930 0.0069207181222736835 83
1726434472982 0.0 84
1726434473035 0.048030901700258255 85
1726434473087 0.0 86
1726434473140 0.0 87
1726434473191 0.0 88
1726434473242 0.0 89
1726434473298 0.0360608771443367 90
1726434473349 0.0 91
1726434473400 0.3512316048145294 92
1726434473451 0.025056904181838036 93
1726434473523 0.002110312692821026 94
1726434473595 0.023153183981776237 95
1726434473666 0.0 96
1726434473740 0.0 97
1726434473812 0.0029021508526057005 98
1726434473893 0.12537521123886108 99
1726434473954 0.0 100
1726434474015 0.0 101
1726434474073 0.03143769130110741 102
1726434474129 0.24622975289821625 103
1726434474181 0.08146844059228897 104
1726434474235 0.0202926155179739 105
1726434474289 0.0 106
1726434474366 0.0 107
1726434474439 0.0 108
1726434474510 0.008849899284541607 109
1726434474591 0.0 110
1726434474667 0.013584595173597336 111
1726434474743 0.022179989144206047 112
1726434474804 0.0 113
1726434474869 0.03720903396606445 114
1726434474931 0.3660357892513275 115
1726434475006 0.33174261450767517 116
1726434475062 0.48972976207733154 117
1726434475119 0.28750085830688477 118
1726434475166 0.19471122324466705 119
1726434475218 0.07502396404743195 120
1726434475267 0.19379210472106934 121
1726434475322 0.0 122
1726434475373 0.19869931042194366 123
1726434475428 0.0 124
1726434475484 0.0 125
1726434475544 0.0 126
1726434475587 0.2467191070318222 127
1726434475634 0.1692875772714615 128
1726434475678 0.0 129
1726434475720 0.103545181453228 130
1726434475762 0.03810000792145729 131
1726434475806 0.0889635756611824 132
1726434475849 0.0 133
1726434475893 0.005626877304166555 134
1726434475935 0.07011745125055313 135
1726434475985 0.13353650271892548 136
1726434476029 0.18607836961746216 137
1726434476076 0.09331443905830383 138
1726434476120 0.0 139
1726434476163 0.16190047562122345 140
1726434476205 0.3703252077102661 141
1726434476251 0.061775654554367065 142
1726434476301 0.037253107875585556 143
1726434476346 0.0 144
1726434476388 0.0 145
1726434476430 0.10116708278656006 146
1726434476475 0.04188528284430504 147
1726434476520 0.0 148
1726434476563 0.3614780902862549 149
1726434476605 0.2106604129076004 150
1726434476648 0.16059274971485138 151
1726434476690 0.6750220656394958 152
1726434476733 0.42940351366996765 153
1726434476777 0.2216329723596573 154
1726434476820 0.0 155
1726434476863 0.08259452879428864 156
1726434476906 0.13313481211662292 157
1726434476948 0.25170108675956726 158
1726434476994 0.15238215029239655 159
1726434477037 0.032864321023225784 160
1726434477080 0.0 161
1726434477122 0.05143466964364052 162
1726434477166 0.28802502155303955 163
1726434477210 0.3466109335422516 164
1726434477251 0.06491629034280777 165
1726434477294 0.03678427264094353 166
1726434477337 0.156186044216156 167
1726434477380 0.0 168
1726434477424 0.0 169
1726434477474 0.0 170
1726434477527 0.0 171
1726434477572 0.07876960933208466 172
1726434477615 0.028414590284228325 173
1726434477659 0.0049272761680185795 174
1726434477713 0.07339634746313095 175
1726434477756 0.08736541867256165 176
1726434477799 0.0 177
1726434477841 0.06856434792280197 178
1726434477884 0.003511742688715458 179
1726434477927 0.10632729530334473 180
1726434477970 0.13917165994644165 181
1726434478013 0.0 182
1726434478066 0.002934339689090848 183
1726434478114 0.5210966467857361 184
1726434478161 0.24048592150211334 185
1726434478207 0.2668929398059845 186
1726434478251 0.15999619662761688 187
1726434478308 0.13444353640079498 188
1726434478354 0.260754257440567 189
1726434478405 0.15782685577869415 190
1726434478461 0.13027875125408173 191
1726434478524 0.0 192
1726434478569 0.06242510676383972 193
1726434478609 0.18907804787158966 194
1726434478649 0.016369735822081566 195
1726434478690 0.0959584042429924 196
1726434478731 0.011523070745170116 197
1726434478771 0.047821227461099625 198
1726434478813 0.2584201991558075 199
1726434478854 0.056892041116952896 200
1726434478895 0.15020719170570374 201
1726434478936 0.007871941663324833 202
1726434478978 0.0 203
1726434479021 0.06994424015283585 204
1726434479064 0.22474007308483124 205
1726434479105 0.23384560644626617 206
1726434479154 0.07053398340940475 207
1726434479218 0.0 208
1726434479265 0.1305946558713913 209
1726434479308 0.0 210
1726434479351 0.23168903589248657 211
1726434479393 0.527249813079834 212
1726434479436 0.0 213
1726434479478 0.09576612710952759 214
1726434479520 0.02563094161450863 215
1726434479565 0.030991695821285248 216
1726434479611 0.0 217
1726434479655 0.17884092032909393 218
1726434479700 0.053319234400987625 219
1726434479746 0.0 220
1726434479795 0.0 221
1726434479847 0.09015899896621704 222
1726434479890 0.11141211539506912 223
1726434479934 0.047176945954561234 224
1726434479980 0.025790290907025337 225
1726434480023 0.653664767742157 226
1726434480066 0.12609587609767914 227
1726434480107 0.06607835739850998 228
1726434480149 0.10321700572967529 229
1726434480191 0.059559378772974014 230
1726434480233 0.014458888210356236 231
1726434480278 0.05566916987299919 232
1726434480327 0.0 233
1726434480374 0.06684058159589767 234
1726434480417 0.19200795888900757 235
1726434480463 0.15665853023529053 236
1726434480506 0.0 237
1726434480550 0.07123024016618729 238
1726434480596 0.0 239
1726434480638 0.0 240
1726434480680 0.028016678988933563 241
1726434480725 0.0 242
1726434480774 0.007088984828442335 243
1726434480817 0.05037147179245949 244
1726434480865 0.015203121118247509 245
1726434480913 0.028686746954917908 246
1726434480968 0.32068562507629395 247
1726434481015 0.10211199522018433 248
1726434481064 0.11159441620111465 249
1726434481124 0.1687578707933426 250
1726434481179 0.19865524768829346 251
1726434481226 0.27258971333503723 252
1726434481277 0.40132883191108704 253
1726434481328 0.46814432740211487 254
1726434481373 0.410739928483963 255
1726434481418 0.2582820653915405 256
1726434481464 0.14480014145374298 257
1726434481510 0.5835073590278625 258
1726434481558 0.1902419924736023 259
1726434481613 0.0018027009209617972 260
1726434481673 0.05280645191669464 261
1726434481722 0.08446550369262695 262
1726434481772 0.0 263
1726434481820 0.0 264
1726434481863 0.059937894344329834 265
1726434481907 0.06516087055206299 266
1726434481950 0.07813956588506699 267
1726434481998 0.0 268
1726434482042 0.0021339869126677513 269
1726434482088 0.0 270
1726434482134 0.0 271
1726434482179 0.0 272
1726434482223 0.0 273
1726434482272 0.004034015815705061 274
1726434482317 0.0 275
1726434482365 0.0 276
1726434482414 0.0 277
1726434482463 0.052373889833688736 278
1726434482516 0.02398744225502014 279
1726434482559 0.03857797011733055 280
1726434482602 0.0 281
1726434482648 0.10029531270265579 282
1726434482692 0.0 283
1726434482747 0.04632526636123657 284
1726434482805 0.16763798892498016 285
1726434482851 0.19809985160827637 286
1726434482902 0.05372868478298187 287
1726434482952 0.06885341554880142 288
1726434483004 0.0 289
1726434483049 0.0 290
1726434483093 0.04624427482485771 291
1726434483147 0.012806433252990246 292
1726434483191 0.3446817100048065 293
1726434483237 0.11464407294988632 294
1726434483283 0.09506958723068237 295
1726434483325 0.0 296
1726434483367 0.013366006314754486 297
1726434483408 0.0 298
1726434483448 0.0 299
1726434483490 0.0 300
1726434483539 0.0 301
1726434483596 0.0 302
1726434483664 0.20543090999126434 303
1726434483720 0.33269962668418884 304
1726434483765 0.05229566991329193 305
1726434483806 0.015560111962258816 306
1726434483848 0.0 307
1726434483889 0.0 308
1726434483933 0.0 309
1726434483977 0.014050719328224659 310
1726434484021 0.1279986947774887 311
1726434484063 0.0417572557926178 312
1726434484106 0.12336523085832596 313
1726434484150 0.21551914513111115 314
1726434484194 0.20207156240940094 315
1726434484236 0.0 316
1726434484285 0.0 317
1726434484327 0.0 318
1726434484368 0.0 319
1726434484413 0.06389053910970688 320
1726434484456 0.0 321
1726434484501 0.007608400192111731 322
1726434484546 0.6717503666877747 323
1726434484589 0.22253477573394775 324
1726434484634 0.28505364060401917 325
1726434484677 0.18928401172161102 326
1726434484723 0.20883725583553314 327
1726434484769 0.19497548043727875 328
1726434484817 0.38634586334228516 329
1726434484866 0.3164583742618561 330
1726434484916 0.0 331
1726434484983 0.0 332
1726434485055 0.0 333
1726434485106 0.07756326347589493 334
1726434485157 0.011235666461288929 335
1726434485210 0.07642384618520737 336
1726434485261 0.0 337
1726434485315 0.0 338
1726434485369 0.03981536999344826 339
1726434485424 0.0 340
1726434485479 0.07231751084327698 341
1726434485534 0.10170044749975204 342
1726434485586 0.02122211642563343 343
1726434485641 0.016164539381861687 344
1726434485695 0.24602580070495605 345
1726434485748 0.16836541891098022 346
1726434485800 0.0 347
1726434485851 0.0 348
1726434485902 0.1363399773836136 349
1726434485957 0.023264437913894653 350
1726434486013 0.0 351
1726434486066 0.025363555178046227 352
1726434486121 0.09023973345756531 353
1726434486175 0.0 354
1726434486228 0.0 355
1726434486282 0.0 356
1726434486336 0.0 357
1726434486405 0.0 358
1726434486482 0.09661227464675903 359
1726434486538 0.12862984836101532 360
1726434486590 0.04442732408642769 361
1726434486643 0.20615620911121368 362
1726434486698 0.0 363
1726434486751 0.0 364
1726434486807 0.0 365
1726434486862 0.07793367654085159 366
1726434486918 0.0 367
1726434486972 0.14339786767959595 368
1726434487025 0.08898242563009262 369
1726434487078 0.005331004038453102 370
1726434487131 0.08018942177295685 371
1726434487184 0.0 372
1726434487238 0.0026680629234761 373
1726434487307 0.26861515641212463 374
1726434487362 0.15198786556720734 375
1726434487433 0.10762659460306168 376
1726434487505 0.0072448886930942535 377
1726434487563 0.0 378
1726434487628 0.0 379
1726434487699 0.0 380
1726434487776 0.0 381
1726434487846 0.0418366938829422 382
1726434487898 0.011180619709193707 383
1726434487974 0.0 384
1726434488049 0.0 385
1726434488115 0.0 386
1726434488178 0.07202382385730743 387
1726434488249 0.0 388
1726434488316 0.0 389
1726434488368 0.0 390
1726434488420 0.030479498207569122 391
1726434488471 0.1315128356218338 392
1726434488523 0.045028913766145706 393
1726434488591 0.029648594558238983 394
1726434488666 0.0 395
1726434488733 0.0 396
1726434488791 0.0 397
1726434488843 0.0 398
1726434488896 0.07271144539117813 399
1726434488955 0.11540747433900833 400
1726434489015 0.20075953006744385 401
1726434489069 0.2122097611427307 402
1726434489123 0.0 403
1726434489175 0.0 404
1726434489227 0.0 405
1726434489279 0.0 406
1726434489332 0.5593390464782715 407
1726434489386 0.05691245198249817 408
1726434489438 0.0 409
1726434489491 0.0 410
1726434489543 0.0 411
1726434489595 0.0 412
1726434489651 0.06520865857601166 413
1726434489702 0.0 414
1726434489754 0.0 415
1726434489806 0.0 416
1726434489865 0.005695181433111429 417
1726434489935 0.07070848345756531 418
1726434490004 0.13360083103179932 419
1726434490064 0.09599088877439499 420
1726434490126 0.0118716387078166 421
1726434490181 0.0 422
1726434490232 0.0 423
1726434490283 0.0 424
1726434490333 0.08229213207960129 425
1726434490382 0.0 426
1726434490431 0.023167090490460396 427
1726434490478 0.131997749209404 428
1726434490524 0.0 429
1726434490575 0.0 430
1726434490624 0.029547670856118202 431
1726434490669 0.0 432
1726434490716 0.0 433
1726434490762 0.0 434
1726434490814 0.0 435
1726434490866 0.016662688925862312 436
1726434490918 0.0 437
1726434490963 0.0 438
1726434491006 0.0 439
1726434491052 0.08143661916255951 440
1726434491099 0.11370458453893661 441
1726434491148 0.16913990676403046 442
1726434491201 0.008099168539047241 443
1726434491256 0.0 444
1726434491305 0.04742465540766716 445
1726434491352 0.0 446
1726434491395 0.0 447
1726434491441 0.04876844957470894 448
1726434491484 0.00014041837130207568 449
1726434491528 0.0 450
1726434491571 0.0 451
1726434491618 0.03802519664168358 452
1726434491661 0.006415436044335365 453
1726434491708 0.0 454
1726434491751 0.0 455
1726434491797 0.12640874087810516 456
1726434491843 0.0 457
1726434491886 0.092611163854599 458
1726434491929 0.02071334980428219 459
1726434491972 0.011620634235441685 460
1726434492015 0.0 461
1726434492059 0.0 462
1726434492103 0.09380769729614258 463
1726434492146 0.0 464
1726434492191 0.0 465
1726434492233 0.0 466
1726434492275 0.0 467
1726434492319 0.0 468
1726434492362 0.07060343772172928 469
1726434492404 0.08046899735927582 470
1726434492448 0.0 471
1726434492491 0.0 472
1726434492535 0.0 473
1726434492580 0.006937392521649599 474
1726434492626 0.0361759252846241 475
1726434492668 0.0 476
1726434492711 0.0 477
1726434492753 0.0 478
1726434492800 0.0 479
1726434492845 0.0 480
1726434492887 0.0 481
1726434492931 0.0 482
1726434492974 0.0 483
1726434493024 0.0 484
1726434493075 0.012398750521242619 485
1726434493122 0.1434212327003479 486
1726434493166 0.0 487
1726434493210 0.0 488
1726434493253 0.0 489
1726434493297 0.0 490
1726434493340 0.0 491
1726434493383 0.0 492
1726434493425 0.0 493
1726434493468 0.0 494
1726434493512 0.17227734625339508 495
1726434493558 0.14580418169498444 496
1726434493603 0.09150401502847672 497
1726434493650 0.0 498
1726434493694 0.0 499
1726434493740 0.0 500
1726434493793 0.010825364850461483 501
1726434493838 0.060302674770355225 502
1726434493880 0.0 503
1726434493925 0.0 504
1726434493968 0.05633096396923065 505
1726434494015 0.1399689018726349 506
1726434494066 0.0605304054915905 507
1726434494112 0.0 508
1726434494165 0.0 509
1726434494225 0.0 510
1726434494289 0.0 511
1726434494355 0.0 512
1726434494404 0.0 513
1726434494451 0.0 514
1726434494502 0.0 515
1726434494551 0.017526550218462944 516
1726434494593 0.0 517
1726434494639 0.0 518
1726434494681 0.0 519
1726434494723 0.0 520
1726434494766 0.0 521
1726434494811 0.0 522
1726434494856 0.0 523
1726434494903 0.0 524
1726434494949 0.0 525
1726434494994 0.0 526
1726434495042 0.013304258696734905 527
1726434495094 0.018071623519062996 528
1726434495139 0.0 529
1726434495191 0.0 530
1726434495236 0.0 531
1726434495283 0.0 532
1726434495327 0.0 533
1726434495370 0.0 534
1726434495415 0.0 535
1726434495459 0.0 536
1726434495503 0.043169960379600525 537
1726434495547 0.0 538
1726434495589 0.0 539
1726434495635 0.0 540
1726434495682 0.0 541
1726434495725 0.0 542
1726434495770 0.0 543
1726434495814 0.0 544
1726434495859 0.03793419525027275 545
1726434495904 0.0 546
1726434495948 0.0 547
1726434495992 0.02086884342133999 548
1726434496039 0.17227862775325775 549
1726434496083 0.0 550
1726434496128 0.0 551
1726434496173 0.0 552
1726434496220 0.0 553
1726434496263 0.0 554
1726434496308 0.0 555
1726434496352 0.0 556
1726434496400 0.0 557
1726434496443 0.0 558
1726434496487 0.0 559
1726434496538 0.0 560
1726434496583 0.0 561
1726434496630 0.0 562
1726434496674 0.0 563
1726434496723 0.0 564
1726434496773 0.0 565
1726434496836 0.007822145707905293 566
1726434496878 0.0 567
1726434496924 0.0 568
1726434496976 0.0 569
1726434497030 0.0061386339366436005 570
1726434497085 0.0 571
1726434497136 0.0 572
1726434497197 0.0 573
1726434497256 0.0 574
1726434497310 0.0 575
1726434497369 0.0 576
1726434497414 0.0 577
1726434497464 0.0 578
1726434497512 0.0 579
1726434497564 0.0 580
1726434497605 0.0 581
1726434497649 0.0 582
1726434497690 0.0 583
1726434497735 0.0 584
1726434497785 0.0 585
1726434497830 0.0 586
1726434497873 0.011816917918622494 587
1726434497921 0.0 588
1726434497962 0.0 589
1726434498009 0.0 590
1726434498056 0.0 591
1726434498102 0.0 592
1726434498152 0.0 593
1726434498203 0.0 594
1726434498244 0.0 595
1726434498289 0.0 596
1726434498335 0.0 597
1726434498376 0.0 598
1726434498420 0.0 599
1726434498461 0.0 600
1726434498508 0.0 601
1726434498552 0.0 602
1726434498605 0.0 603
1726434498651 0.0 604
1726434498694 0.0 605
1726434498736 0.0 606
1726434498781 0.0 607
1726434498826 0.0065687354654073715 608
1726434498870 0.0 609
1726434498914 0.0 610
1726434498959 0.0 611
1726434499002 0.0 612
1726434499049 0.0 613
1726434499094 0.0 614
1726434499137 0.0 615
1726434499179 0.0 616
1726434499221 0.0 617
1726434499265 0.0 618
1726434499308 0.0 619
1726434499353 0.0 620
1726434499395 0.0 621
1726434499440 0.0 622
1726434499483 0.0 623
1726434499529 0.0 624
1726434499581 0.0 625
1726434499634 0.0 626
1726434499688 0.0 627
1726434499736 0.0 628
1726434499782 0.0 629
1726434499829 0.0 630
1726434499875 0.0 631
1726434499926 0.0 632
1726434499985 0.0 633
1726434500061 0.0 634
1726434500117 0.0 635
1726434500170 0.0 636
