1726237032327 2e-05 0
1726237032367 -0.040274858474731445 1
1726237032406 0.008896589279174805 2
1726237032448 0.00941324234008789 3
1726237032487 -0.009144186973571777 4
1726237032526 0.010088324546813965 5
1726237032564 -0.05021238327026367 6
1726237032603 0.054572224617004395 7
1726237032641 0.00029098987579345703 8
1726237032680 -0.02234947681427002 9
1726237032718 0.0007088184356689453 10
1726237032757 0.016777396202087402 11
1726237032796 0.0045735836029052734 12
1726237032836 -0.05457353591918945 13
1726237032882 0.054572224617004395 14
1726237032922 -0.01846611499786377 15
1726237032963 -0.036106109619140625 16
1726237033003 0.054572224617004395 17
1726237033044 -0.00727999210357666 18
1726237033092 0.006332278251647949 19
1726237033129 -0.023257017135620117 20
1726237033167 -0.03375387191772461 21
1726237033206 0.00427556037902832 22
1726237033246 0.07459819316864014 23
1726237033287 -0.04411184787750244 24
1726237033337 0.018624424934387207 25
1726237033384 0.004572272300720215 26
1726237033428 -0.050533413887023926 27
1726237033465 0.050533413887023926 28
