1727300133669 2.328094482421875 0
1727300133717 2.0623979568481445 1
1727300133758 2.169797897338867 2
1727300133802 2.1811819076538086 3
1727300133856 2.1752703189849854 4
1727300133918 2.21541690826416 5
1727300133967 2.2456889152526855 6
1727300134013 2.0412344932556152 7
1727300134049 2.1822988986968994 8
1727300134088 2.1337947845458984 9
1727300134125 2.051056385040283 10
1727300134171 2.1220667362213135 11
1727300134216 2.0721917152404785 12
1727300134261 1.8027831315994263 13
1727300134298 1.9193793535232544 14
1727300134341 2.2031807899475098 15
1727300134380 2.143054485321045 16
1727300134416 2.1490375995635986 17
1727300134455 1.9361628293991089 18
1727300134495 2.2429676055908203 19
1727300134533 2.0991501808166504 20
1727300134567 2.0333914756774902 21
1727300134606 2.0461361408233643 22
1727300134643 1.9888927936553955 23
1727300134680 1.994882583618164 24
1727300134716 2.1140429973602295 25
1727300134758 2.0373613834381104 26
1727300134799 2.142024278640747 27
1727300134838 2.1536340713500977 28
1727300134876 2.074310779571533 29
1727300134919 2.076127290725708 30
1727300134957 2.1267220973968506 31
1727300134996 2.2723186016082764 32
1727300135037 2.1392579078674316 33
1727300135075 2.0311715602874756 34
1727300135113 2.1906564235687256 35
1727300135160 2.0993056297302246 36
1727300135199 2.0982816219329834 37
1727300135238 1.728729486465454 38
1727300135279 2.171799659729004 39
1727300135339 2.1024060249328613 40
1727300135379 2.0221340656280518 41
1727300135418 2.0690245628356934 42
1727300135469 2.22651743888855 43
1727300135518 2.168710231781006 44
1727300135560 2.126290798187256 45
1727300135607 2.225100517272949 46
1727300135652 2.052182197570801 47
1727300135705 2.126032590866089 48
1727300135755 2.0660059452056885 49
1727300135805 1.8794472217559814 50
1727300135851 2.199929714202881 51
1727300135893 2.166409969329834 52
1727300135939 2.2960357666015625 53
1727300135981 2.218675136566162 54
1727300136021 2.023371458053589 55
1727300136065 2.0716843605041504 56
1727300136111 2.11630916595459 57
1727300136150 2.033982038497925 58
1727300136204 2.18414306640625 59
1727300136254 2.1688594818115234 60
1727300136304 2.2031779289245605 61
1727300136346 1.9716758728027344 62
1727300136391 2.1287717819213867 63
1727300136443 2.198838710784912 64
1727300136486 1.8936161994934082 65
1727300136527 2.1310534477233887 66
1727300136568 2.07138729095459 67
1727300136619 2.2090301513671875 68
1727300136667 2.2156167030334473 69
1727300136704 2.1826069355010986 70
1727300136748 2.14890456199646 71
1727300136787 2.128873348236084 72
1727300136824 2.254607677459717 73
1727300136866 2.056736946105957 74
1727300136904 1.9316189289093018 75
1727300136943 2.1958649158477783 76
1727300136981 2.1189968585968018 77
1727300137020 2.1979916095733643 78
1727300137058 2.248080015182495 79
1727300137096 2.0892601013183594 80
1727300137134 2.1422083377838135 81
1727300137172 2.044806718826294 82
1727300137209 2.112424850463867 83
1727300137259 2.109543800354004 84
1727300137310 2.181102991104126 85
1727300137355 1.9557231664657593 86
1727300137395 1.9622232913970947 87
1727300137440 2.16587495803833 88
1727300137491 2.0777225494384766 89
1727300137533 2.182741403579712 90
1727300137571 2.048673391342163 91
1727300137614 2.2573459148406982 92
1727300137651 2.1140546798706055 93
1727300137698 2.1624042987823486 94
1727300137751 2.240020513534546 95
1727300137789 1.938009262084961 96
1727300137838 2.0811381340026855 97
1727300137889 2.032715082168579 98
1727300137936 2.0098538398742676 99
1727300137972 2.1227288246154785 100
1727300138017 2.2119269371032715 101
1727300138054 1.961667537689209 102
1727300138103 2.0646233558654785 103
1727300138144 2.10563588142395 104
1727300138191 1.8836078643798828 105
1727300138229 1.7839257717132568 106
1727300138274 2.143890857696533 107
1727300138325 2.1703834533691406 108
1727300138377 2.0551795959472656 109
1727300138421 2.0632522106170654 110
1727300138471 2.2362794876098633 111
1727300138520 2.222602367401123 112
1727300138566 2.0316829681396484 113
1727300138607 2.159958839416504 114
1727300138647 2.1129980087280273 115
1727300138687 1.9285211563110352 116
1727300138724 2.1481339931488037 117
1727300138768 2.1035289764404297 118
1727300138814 2.1301894187927246 119
1727300138867 2.0352470874786377 120
1727300138914 2.161360263824463 121
1727300138953 2.1412453651428223 122
1727300138995 2.069169282913208 123
1727300139033 2.0985379219055176 124
1727300139070 2.153334856033325 125
1727300139117 2.1639280319213867 126
1727300139157 1.7943072319030762 127
1727300139196 2.063859462738037 128
1727300139243 2.0497775077819824 129
1727300139297 2.1615512371063232 130
1727300139357 2.11409854888916 131
1727300139420 2.225151538848877 132
1727300139484 2.1095361709594727 133
1727300139541 2.2121403217315674 134
1727300139605 2.1232500076293945 135
1727300139667 2.0424318313598633 136
1727300139730 2.1003875732421875 137
1727300139791 2.1647260189056396 138
1727300139852 2.2156288623809814 139
1727300139911 2.054591417312622 140
1727300139968 2.009749174118042 141
1727300140030 1.8618333339691162 142
1727300140085 2.067800760269165 143
1727300140138 2.084498167037964 144
1727300140187 2.1762278079986572 145
1727300140233 2.1477980613708496 146
1727300140287 2.163516044616699 147
1727300140331 1.9825921058654785 148
1727300140373 2.151925563812256 149
1727300140421 1.982373595237732 150
1727300140475 2.0731472969055176 151
1727300140533 2.166562080383301 152
1727300140587 2.040545701980591 153
1727300140644 2.141392707824707 154
1727300140704 2.1845176219940186 155
1727300140763 2.2302989959716797 156
1727300140823 2.052349090576172 157
1727300140879 2.1337873935699463 158
1727300140937 1.848897933959961 159
1727300141000 2.113637924194336 160
1727300141059 2.193936347961426 161
1727300141124 2.1663622856140137 162
1727300141178 2.260164737701416 163
1727300141231 2.1008481979370117 164
1727300141277 2.1688523292541504 165
1727300141326 2.1880459785461426 166
1727300141385 2.001523733139038 167
1727300141440 2.0758583545684814 168
1727300141497 2.054105043411255 169
1727300141548 2.141982316970825 170
1727300141598 1.992937684059143 171
1727300141649 2.094897508621216 172
1727300141705 2.1525299549102783 173
1727300141760 1.6801307201385498 174
1727300141811 2.094306707382202 175
1727300141861 2.1744518280029297 176
1727300141920 1.9872245788574219 177
1727300141977 2.0410327911376953 178
1727300142032 2.069685459136963 179
1727300142092 2.1079742908477783 180
1727300142147 2.1606497764587402 181
1727300142201 1.9618749618530273 182
1727300142248 2.1451001167297363 183
1727300142299 2.213606595993042 184
1727300142343 2.0546467304229736 185
1727300142391 2.2684478759765625 186
1727300142435 2.027165412902832 187
1727300142478 2.263742685317993 188
1727300142524 2.167919397354126 189
1727300142568 2.198188543319702 190
1727300142613 2.1168017387390137 191
1727300142655 2.1225204467773438 192
1727300142692 2.091935634613037 193
1727300142728 2.126049518585205 194
1727300142765 1.7769566774368286 195
1727300142809 2.212109088897705 196
1727300142846 2.145629644393921 197
1727300142882 2.1782352924346924 198
1727300142920 2.153510093688965 199
1727300142958 2.0482115745544434 200
1727300142995 2.1564269065856934 201
1727300143035 2.2154927253723145 202
1727300143071 2.132054328918457 203
1727300143106 2.1186394691467285 204
1727300143144 2.116027593612671 205
1727300143182 2.096550941467285 206
1727300143218 2.075157403945923 207
1727300143257 2.1970181465148926 208
1727300143296 2.080420732498169 209
1727300143333 1.9664363861083984 210
1727300143372 2.11905574798584 211
1727300143408 2.1930789947509766 212
1727300143445 2.096499443054199 213
1727300143484 2.0084750652313232 214
1727300143527 2.0766565799713135 215
1727300143567 1.7529027462005615 216
1727300143605 2.104912757873535 217
1727300143643 2.118084192276001 218
1727300143680 2.113576889038086 219
1727300143717 1.994876742362976 220
1727300143754 2.156346321105957 221
1727300143795 1.9736452102661133 222
1727300143834 2.0092766284942627 223
1727300143872 2.1292662620544434 224
1727300143910 2.2271928787231445 225
1727300143947 2.1388022899627686 226
1727300143986 2.2348597049713135 227
1727300144024 2.0071539878845215 228
1727300144060 2.075873613357544 229
1727300144097 2.057919979095459 230
1727300144137 2.1262264251708984 231
1727300144174 1.9062788486480713 232
1727300144212 2.0291824340820312 233
1727300144248 2.254944086074829 234
1727300144287 2.0108683109283447 235
1727300144331 2.092532157897949 236
1727300144376 2.1556272506713867 237
1727300144421 2.1428418159484863 238
1727300144467 2.0597596168518066 239
1727300144511 1.922997236251831 240
1727300144556 2.1512513160705566 241
1727300144598 2.07482647895813 242
1727300144635 2.2058889865875244 243
1727300144673 2.1600546836853027 244
1727300144708 2.08699631690979 245
1727300144746 2.1183340549468994 246
1727300144786 2.0559723377227783 247
1727300144823 2.114997386932373 248
1727300144861 2.1902105808258057 249
1727300144898 2.1210899353027344 250
1727300144939 1.9738253355026245 251
1727300144985 1.9760034084320068 252
1727300145031 2.1420130729675293 253
1727300145077 1.9927536249160767 254
1727300145123 2.1568267345428467 255
1727300145168 2.026744842529297 256
1727300145213 2.0983901023864746 257
1727300145258 1.6713614463806152 258
1727300145303 1.3357698917388916 259
1727300145348 1.8921656608581543 260
1727300145393 1.664050817489624 261
1727300145432 2.078768014907837 262
1727300145470 2.168959140777588 263
1727300145504 2.058239221572876 264
1727300145544 2.03192400932312 265
1727300145582 2.140023708343506 266
1727300145620 2.0952961444854736 267
1727300145657 2.1067793369293213 268
1727300145696 2.160717487335205 269
1727300145734 1.847441554069519 270
1727300145773 1.782562255859375 271
1727300145811 2.0057296752929688 272
1727300145849 2.194009304046631 273
1727300145888 2.3170619010925293 274
1727300145925 2.263774871826172 275
1727300145962 2.1884231567382812 276
1727300146003 2.1344213485717773 277
1727300146043 1.9635963439941406 278
1727300146079 2.078969955444336 279
1727300146116 2.0605785846710205 280
1727300146150 2.0550167560577393 281
1727300146189 2.0888314247131348 282
1727300146226 2.111562728881836 283
1727300146264 2.1674625873565674 284
1727300146303 2.172114372253418 285
1727300146346 2.0548648834228516 286
1727300146384 1.987504482269287 287
1727300146421 2.1654279232025146 288
1727300146458 1.9989897012710571 289
1727300146506 2.176969528198242 290
1727300146557 2.0721614360809326 291
1727300146600 2.0746469497680664 292
1727300146640 1.9671967029571533 293
1727300146681 1.4610860347747803 294
1727300146726 1.3357698917388916 295
1727300146773 1.3357698917388916 296
