1727276925867 0.2739247679710388 0
1727276925954 0.4250360429286957 1
1727276926041 0.3069341480731964 2
1727276926129 0.424721896648407 3
1727276926228 0.5201416015625 4
1727276926327 0.11256147921085358 5
1727276926417 0.607021152973175 6
1727276926505 0.3982295095920563 7
1727276926593 0.36837440729141235 8
1727276926690 0.42882269620895386 9
1727276926794 0.5258018970489502 10
1727276926906 0.5161471366882324 11
1727276927018 0.3514660596847534 12
1727276927113 0.46740657091140747 13
1727276927209 0.46160125732421875 14
1727276927309 0.3036676347255707 15
1727276927410 0.4027470648288727 16
1727276927500 0.44659948348999023 17
1727276927590 0.4646337032318115 18
1727276927684 0.3314031660556793 19
1727276927778 0.36205485463142395 20
1727276927879 0.5021321177482605 21
1727276927981 0.5244442224502563 22
1727276928079 0.40750202536582947 23
1727276928176 0.545720100402832 24
1727276928265 0.35010451078414917 25
1727276928357 0.5041544437408447 26
1727276928460 0.5066160559654236 27
1727276928552 0.46796995401382446 28
1727276928644 0.4794391393661499 29
1727276928743 0.5331073999404907 30
1727276928857 0.4456404447555542 31
1727276928976 0.42873549461364746 32
1727276929093 0.3786575496196747 33
1727276929191 0.40695682168006897 34
1727276929284 0.2804274260997772 35
1727276929374 0.3261518180370331 36
1727276929464 0.4607481360435486 37
1727276929552 0.4127776026725769 38
1727276929642 0.3642140328884125 39
1727276929730 0.4377601742744446 40
1727276929817 4.822345733642578 41
1727276929905 0.32243189215660095 42
1727276929993 0.351828396320343 43
1727276930079 0.4585120379924774 44
1727276930167 0.5321051478385925 45
1727276930255 0.4737056493759155 46
1727276930341 0.487287700176239 47
1727276930430 0.46294105052948 48
1727276930516 0.41385868191719055 49
1727276930603 0.38717594742774963 50
1727276930692 0.5181002616882324 51
1727276930789 0.32614174485206604 52
1727276930909 0.4179844558238983 53
1727276931025 0.4447386860847473 54
1727276931139 0.15494273602962494 55
1727276931240 0.48133230209350586 56
1727276931342 0.18994122743606567 57
1727276931460 0.5161982178688049 58
1727276931582 0.44179195165634155 59
1727276931691 0.2579686641693115 60
1727276931784 0.3587327301502228 61
1727276931876 0.3815961480140686 62
1727276931970 0.30432194471359253 63
1727276932069 0.42934077978134155 64
1727276932169 0.34275808930397034 65
1727276932270 0.3226487636566162 66
1727276932374 0.46672388911247253 67
1727276932471 0.3898742198944092 68
1727276932565 0.34190940856933594 69
1727276932655 0.17753036320209503 70
1727276932743 0.38762474060058594 71
1727276932831 0.48977214097976685 72
1727276932920 0.48561152815818787 73
1727276933009 0.4630187451839447 74
1727276933095 0.4681800901889801 75
1727276933192 0.3962946832180023 76
1727276933315 0.3446864187717438 77
1727276933415 0.3702329397201538 78
1727276933513 0.49493408203125 79
1727276933611 0.47339820861816406 80
1727276933706 0.23442088067531586 81
1727276933809 0.3605184555053711 82
1727276933910 0.038731008768081665 83
1727276934005 0.37367361783981323 84
1727276934093 0.5142823457717896 85
1727276934182 0.3719332814216614 86
1727276934268 0.4272002577781677 87
1727276934354 0.45673924684524536 88
1727276934442 0.478752076625824 89
1727276934528 0.27862459421157837 90
1727276934614 0.15896211564540863 91
1727276934701 0.4424493908882141 92
1727276934788 0.46375638246536255 93
1727276934889 0.49978330731391907 94
1727276935014 0.4758548438549042 95
1727276935125 0.5057673454284668 96
1727276935216 0.4134039282798767 97
1727276935306 0.3882429897785187 98
1727276935393 0.4813235402107239 99
1727276935480 0.4175671637058258 100
1727276935569 0.05105084180831909 101
1727276935657 0.47655317187309265 102
1727276935744 0.43170028924942017 103
1727276935831 0.419702410697937 104
1727276935919 0.41242480278015137 105
1727276936006 0.4421667456626892 106
1727276936093 0.5618796944618225 107
1727276936181 0.5022585391998291 108
1727276936276 0.4516116678714752 109
1727276936369 0.5233780145645142 110
1727276936494 0.4632323980331421 111
1727276936593 0.4428046643733978 112
1727276936687 0.4079158306121826 113
1727276936778 0.48848119378089905 114
1727276936880 5.004685401916504 115
1727276937008 0.46642857789993286 116
1727276937119 0.4312089681625366 117
1727276937231 0.4283297657966614 118
1727276937338 0.47050678730010986 119
1727276937448 0.2785678505897522 120
1727276937566 0.4145768880844116 121
1727276937701 0.14908944070339203 122
1727276937838 0.3666580021381378 123
1727276937972 0.4969738721847534 124
1727276938095 0.47718340158462524 125
1727276938205 0.3243717849254608 126
1727276938317 0.4336870312690735 127
1727276938433 0.47923460602760315 128
1727276938552 0.37984105944633484 129
1727276938657 -0.08663201332092285 130
1727276938751 -0.09300214052200317 131
1727276938841 0.5045459270477295 132
1727276938930 0.28555917739868164 133
1727276939019 0.42365917563438416 134
1727276939107 0.496423602104187 135
1727276939198 0.4113526940345764 136
1727276939285 0.4204402565956116 137
1727276939372 0.1955968737602234 138
1727276939459 0.5230520963668823 139
1727276939545 0.3654996454715729 140
1727276939630 0.490553081035614 141
1727276939718 0.47680777311325073 142
1727276939812 0.23766092956066132 143
1727276939902 0.05355486273765564 144
1727276939992 0.3428556025028229 145
1727276940082 0.5272045135498047 146
1727276940175 0.4533747136592865 147
1727276940262 0.3855835497379303 148
1727276940350 0.4317816197872162 149
1727276940441 0.3932778835296631 150
1727276940531 0.2544238567352295 151
1727276940618 0.1248905211687088 152
1727276940709 -0.06004706025123596 153
1727276940797 0.2841596305370331 154
1727276940887 0.3659886121749878 155
1727276940982 0.502406120300293 156
1727276941069 0.21415266394615173 157
1727276941158 0.42025646567344666 158
1727276941245 0.4667033553123474 159
1727276941330 0.48226338624954224 160
1727276941416 0.3244255483150482 161
1727276941503 0.40948572754859924 162
1727276941589 0.4297325313091278 163
1727276941676 0.4407736361026764 164
1727276941762 0.24663472175598145 165
1727276941848 0.34701254963874817 166
1727276941934 0.2783656120300293 167
1727276942022 0.39085033535957336 168
1727276942113 0.5012139081954956 169
1727276942204 0.49779456853866577 170
1727276942292 0.30907872319221497 171
1727276942379 0.3730368912220001 172
1727276942467 0.3868866562843323 173
1727276942554 0.41191309690475464 174
1727276942641 0.2679842710494995 175
1727276942728 0.4331532120704651 176
1727276942815 0.4675241708755493 177
1727276942902 0.5204687714576721 178
1727276942992 0.4588572680950165 179
1727276943078 0.45782849192619324 180
1727276943165 0.2978217303752899 181
1727276943253 0.4984152317047119 182
1727276943341 0.4411686956882477 183
1727276943428 0.08231578767299652 184
1727276943517 0.4792052209377289 185
1727276943606 0.4000646471977234 186
1727276943694 0.52574622631073 187
1727276943784 0.18657861649990082 188
1727276943871 0.5048843026161194 189
1727276943962 0.19727595150470734 190
1727276944050 0.3991667330265045 191
1727276944138 0.46339112520217896 192
1727276944227 0.46117573976516724 193
1727276944313 0.35549116134643555 194
1727276944400 0.43191251158714294 195
1727276944488 0.29898586869239807 196
1727276944577 0.06349509954452515 197
1727276944669 -0.06274542212486267 198
1727276944760 -0.07681819796562195 199
1727276944848 -0.06274542212486267 200
