1727269632477 1.5417336225509644 0
1727269632565 1.4648832082748413 1
1727269632651 1.4176195859909058 2
1727269632738 1.3636225461959839 3
1727269632822 1.2843434810638428 4
1727269632911 1.3449751138687134 5
1727269632997 1.4655606746673584 6
1727269633081 1.4139771461486816 7
1727269633171 1.28670334815979 8
1727269633260 1.2447874546051025 9
1727269633350 1.3459478616714478 10
1727269633444 1.343043565750122 11
1727269633536 1.230339527130127 12
1727269633629 1.086053490638733 13
1727269633716 1.120027780532837 14
1727269633806 1.0893526077270508 15
1727269633904 1.0640393495559692 16
1727269633994 1.1740727424621582 17
1727269634088 1.0903264284133911 18
1727269634180 1.1232388019561768 19
1727269634271 1.1520960330963135 20
1727269634364 1.29904305934906 21
1727269634457 1.1762893199920654 22
1727269634548 1.1368565559387207 23
1727269634635 1.1161237955093384 24
1727269634722 1.1532529592514038 25
1727269634810 1.2517684698104858 26
1727269634901 1.2482813596725464 27
1727269634987 1.3533902168273926 28
1727269635072 1.3822935819625854 29
1727269635158 1.3411810398101807 30
1727269635243 1.3393727540969849 31
1727269635329 1.3221511840820312 32
1727269635416 1.2331016063690186 33
1727269635501 1.1417526006698608 34
1727269635591 1.1844115257263184 35
1727269635680 1.175984263420105 36
1727269635770 1.193556547164917 37
1727269635858 1.2655065059661865 38
1727269635950 1.3081406354904175 39
1727269636047 1.3941069841384888 40
1727269636136 1.3201771974563599 41
1727269636230 1.295414924621582 42
1727269636324 1.3445185422897339 43
1727269636417 1.3582091331481934 44
1727269636505 1.3783689737319946 45
1727269636596 1.3598451614379883 46
1727269636685 1.4163752794265747 47
1727269636776 1.45820951461792 48
1727269636870 1.329872965812683 49
1727269636962 1.3940680027008057 50
1727269637053 1.4731091260910034 51
1727269637145 1.43876314163208 52
1727269637234 1.45086669921875 53
1727269637320 1.4311201572418213 54
1727269637412 1.4135873317718506 55
1727269637501 1.368272066116333 56
1727269637591 1.4750213623046875 57
1727269637681 1.494901418685913 58
1727269637767 1.4714179039001465 59
1727269637853 1.3154692649841309 60
1727269637940 1.295520544052124 61
1727269638025 1.3373488187789917 62
1727269638113 1.2030771970748901 63
1727269638200 1.2623238563537598 64
1727269638285 1.2080459594726562 65
1727269638370 1.3034509420394897 66
1727269638456 1.3209842443466187 67
1727269638540 1.3721266984939575 68
1727269638635 1.1927062273025513 69
1727269638728 1.2484501600265503 70
1727269638817 1.2570440769195557 71
1727269638911 1.3114386796951294 72
1727269639006 1.1673675775527954 73
1727269639099 1.1902430057525635 74
1727269639192 1.0882164239883423 75
1727269639282 1.2502331733703613 76
1727269639372 1.225807547569275 77
1727269639465 1.252197265625 78
1727269639559 1.323630452156067 79
1727269639653 1.2585151195526123 80
1727269639740 1.3171403408050537 81
1727269639828 1.3737014532089233 82
1727269639921 1.2829207181930542 83
1727269640017 1.3121891021728516 84
1727269640113 1.3128741979599 85
1727269640202 1.4462435245513916 86
1727269640292 1.5786536931991577 87
1727269640380 1.5083043575286865 88
1727269640471 1.6211724281311035 89
1727269640559 1.583223581314087 90
1727269640651 1.482957363128662 91
1727269640737 1.3155542612075806 92
1727269640823 1.3324823379516602 93
1727269640910 1.5443975925445557 94
1727269640999 1.4885249137878418 95
1727269641094 1.4204506874084473 96
1727269641183 1.3811583518981934 97
1727269641269 1.3441905975341797 98
1727269641355 1.4009649753570557 99
1727269641448 1.4439424276351929 100
1727269641542 1.400775671005249 101
1727269641631 1.3518826961517334 102
1727269641726 1.2589343786239624 103
1727269641818 1.366764783859253 104
1727269641910 1.1341215372085571 105
1727269642000 1.1378916501998901 106
1727269642085 1.4461015462875366 107
1727269642177 1.529417872428894 108
1727269642269 1.463316798210144 109
1727269642357 1.387761116027832 110
1727269642447 1.4061812162399292 111
1727269642532 1.3962440490722656 112
1727269642623 1.4121564626693726 113
1727269642711 1.450352668762207 114
1727269642802 1.3697402477264404 115
1727269642890 1.2772674560546875 116
1727269642977 1.3087414503097534 117
1727269643063 1.3190696239471436 118
1727269643148 1.2301338911056519 119
1727269643241 1.2785202264785767 120
1727269643332 1.3157752752304077 121
1727269643420 1.2867225408554077 122
1727269643506 1.3024977445602417 123
1727269643592 1.4338486194610596 124
1727269643679 1.4284337759017944 125
1727269643766 1.4516050815582275 126
1727269643854 1.4423208236694336 127
1727269643941 1.4716776609420776 128
1727269644026 1.595086932182312 129
1727269644110 1.4697948694229126 130
1727269644196 1.4372180700302124 131
1727269644283 1.4250458478927612 132
1727269644375 1.3686914443969727 133
1727269644466 1.30695378780365 134
1727269644553 1.4001606702804565 135
1727269644638 1.3800897598266602 136
1727269644724 1.4723472595214844 137
1727269644812 1.5692081451416016 138
1727269644903 1.5647599697113037 139
1727269644993 1.5037569999694824 140
1727269645084 1.5469096899032593 141
1727269645181 1.5657312870025635 142
1727269645272 1.6279263496398926 143
1727269645363 1.463088870048523 144
1727269645456 1.4488368034362793 145
1727269645549 1.6112604141235352 146
1727269645647 1.484410285949707 147
1727269645739 1.5464016199111938 148
1727269645825 1.5105575323104858 149
1727269645909 1.4893198013305664 150
1727269645995 1.4926481246948242 151
1727269646087 1.4611313343048096 152
1727269646183 1.4777544736862183 153
1727269646276 1.3819416761398315 154
1727269646367 1.526151180267334 155
1727269646458 1.4726800918579102 156
1727269646548 1.3539994955062866 157
1727269646642 1.3287668228149414 158
1727269646735 1.391545057296753 159
1727269646823 1.497042179107666 160
1727269646910 1.6168529987335205 161
1727269646997 1.668012022972107 162
1727269647099 1.4858595132827759 163
1727269647190 1.4326258897781372 164
1727269647282 1.4023056030273438 165
1727269647373 1.4279758930206299 166
1727269647465 1.5640774965286255 167
1727269647554 1.5601495504379272 168
1727269647640 1.5398390293121338 169
1727269647737 1.4980283975601196 170
1727269647827 1.4760276079177856 171
1727269647916 1.4133472442626953 172
1727269648003 1.4182621240615845 173
1727269648089 1.4454911947250366 174
1727269648178 1.4639146327972412 175
1727269648264 1.528306245803833 176
1727269648353 1.5479040145874023 177
1727269648443 1.3877015113830566 178
1727269648538 1.4746354818344116 179
1727269648628 1.3941867351531982 180
1727269648720 1.3652697801589966 181
1727269648816 1.234769582748413 182
1727269648911 1.3445348739624023 183
1727269649019 1.374366044998169 184
1727269649110 1.223053216934204 185
1727269649201 1.287453532218933 186
1727269649289 1.2766008377075195 187
1727269649379 1.3946805000305176 188
1727269649467 1.3501406908035278 189
1727269649565 1.3467845916748047 190
1727269649656 1.436720848083496 191
1727269649745 1.5516213178634644 192
1727269649842 1.4807366132736206 193
1727269649987 1.4194691181182861 194
1727269650089 1.3725494146347046 195
1727269650193 1.2729341983795166 196
1727269650289 1.3550522327423096 197
1727269650381 1.2673121690750122 198
1727269650478 1.3221403360366821 199
1727269650569 1.2404168844223022 200
1727269650663 1.1692168712615967 201
1727269650761 1.2873774766921997 202
1727269650856 1.4077364206314087 203
1727269650950 1.3310514688491821 204
1727269651040 1.1676061153411865 205
1727269651134 1.095864176750183 206
1727269651228 1.1193612813949585 207
1727269651330 1.2056950330734253 208
1727269651428 1.2596781253814697 209
1727269651518 1.2449551820755005 210
1727269651606 1.2482197284698486 211
1727269651706 1.185317039489746 212
1727269651798 1.2356071472167969 213
1727269651891 1.3686500787734985 214
1727269651987 1.4120516777038574 215
1727269652075 1.38682222366333 216
1727269652161 1.6832635402679443 217
1727269652253 1.4974573850631714 218
1727269652343 1.457043170928955 219
1727269652437 1.314430594444275 220
1727269652524 1.4052958488464355 221
1727269652613 1.4110636711120605 222
1727269652706 1.3432806730270386 223
1727269652796 1.3780094385147095 224
1727269652890 1.4000849723815918 225
1727269652978 1.39339280128479 226
1727269653073 1.2432351112365723 227
1727269653161 1.1475740671157837 228
1727269653249 1.1071778535842896 229
1727269653339 1.1250104904174805 230
1727269653432 1.186330795288086 231
1727269653522 1.2396820783615112 232
1727269653621 1.2292721271514893 233
1727269653711 1.4438352584838867 234
1727269653805 1.3617942333221436 235
1727269653899 1.4012728929519653 236
1727269653996 1.4306906461715698 237
1727269654091 1.5061336755752563 238
1727269654186 1.5284558534622192 239
1727269654285 1.4183874130249023 240
1727269654381 1.5175249576568604 241
1727269654480 1.444892406463623 242
1727269654573 1.3870435953140259 243
1727269654670 1.32343327999115 244
1727269654765 1.1705965995788574 245
1727269654861 1.2530310153961182 246
1727269654957 1.3214049339294434 247
1727269655046 1.4336498975753784 248
1727269655134 1.438510537147522 249
1727269655222 1.4626659154891968 250
1727269655313 1.4123802185058594 251
1727269655409 1.6676406860351562 252
1727269655503 1.6498970985412598 253
1727269655597 1.562715768814087 254
1727269655706 1.516455054283142 255
1727269655798 1.5186011791229248 256
1727269655897 1.449034333229065 257
1727269655992 1.468759298324585 258
1727269656088 1.4251439571380615 259
1727269656187 1.2754132747650146 260
1727269656280 1.2784913778305054 261
1727269656371 1.2339656352996826 262
1727269656468 1.3260618448257446 263
1727269656564 1.4518550634384155 264
1727269656660 1.421687364578247 265
1727269656764 1.476984977722168 266
1727269656868 1.4869158267974854 267
1727269656973 1.4218897819519043 268
1727269657072 1.4223988056182861 269
1727269657173 1.6568310260772705 270
1727269657271 1.4757447242736816 271
1727269657368 1.6331626176834106 272
1727269657462 1.6768286228179932 273
1727269657554 1.591554880142212 274
1727269657648 1.5578175783157349 275
1727269657743 1.4619951248168945 276
1727269657837 1.4780093431472778 277
1727269657929 1.4564589262008667 278
1727269658029 1.4010581970214844 279
1727269658125 1.373923897743225 280
1727269658223 1.5262017250061035 281
1727269658317 1.3904634714126587 282
1727269658410 1.4936343431472778 283
1727269658508 1.572830080986023 284
1727269658606 1.4988999366760254 285
1727269658704 1.472042441368103 286
1727269658799 1.330500602722168 287
1727269658905 1.3577982187271118 288
1727269659000 1.4278875589370728 289
1727269659097 1.4945664405822754 290
1727269659199 1.3818953037261963 291
1727269659298 1.4259170293807983 292
1727269659393 1.2862423658370972 293
1727269659489 1.425047755241394 294
1727269659579 1.457507848739624 295
1727269659674 1.3270221948623657 296
1727269659766 1.309391975402832 297
1727269659856 1.3176078796386719 298
1727269659955 1.4204968214035034 299
1727269660053 1.4600318670272827 300
1727269660148 1.650883436203003 301
1727269660245 1.5050963163375854 302
1727269660344 1.4641565084457397 303
1727269660444 1.538844347000122 304
1727269660538 1.5091795921325684 305
1727269660634 1.417154312133789 306
1727269660730 1.3914411067962646 307
1727269660827 1.3518648147583008 308
1727269660920 1.4787014722824097 309
1727269661013 1.6985225677490234 310
1727269661107 1.6061598062515259 311
1727269661197 1.5100897550582886 312
1727269661288 1.5130150318145752 313
1727269661382 1.3046528100967407 314
1727269661478 1.3306993246078491 315
1727269661581 1.2306402921676636 316
1727269661681 1.2227836847305298 317
1727269661779 1.2470166683197021 318
1727269661874 1.3418375253677368 319
1727269661974 1.418894648551941 320
1727269662079 1.4033153057098389 321
1727269662181 1.7035211324691772 322
1727269662280 1.5853891372680664 323
1727269662376 1.783779501914978 324
1727269662470 1.6455289125442505 325
1727269662568 1.7365509271621704 326
1727269662689 1.604345440864563 327
1727269662823 1.5067180395126343 328
1727269662950 1.6386730670928955 329
1727269663082 1.5151735544204712 330
1727269663188 1.4152857065200806 331
1727269663289 1.4109764099121094 332
1727269663387 1.744866967201233 333
1727269663483 1.585217833518982 334
1727269663580 1.5056670904159546 335
1727269663675 1.485137701034546 336
1727269663791 1.480027437210083 337
1727269663895 1.5084058046340942 338
1727269663993 1.3534942865371704 339
1727269664086 1.374582052230835 340
1727269664182 1.6893032789230347 341
1727269664290 1.5161374807357788 342
1727269664393 1.7665462493896484 343
1727269664490 1.5635145902633667 344
1727269664591 1.5438642501831055 345
1727269664693 1.5418202877044678 346
1727269664789 1.419156789779663 347
1727269664884 1.4017969369888306 348
1727269664979 1.3015389442443848 349
1727269665082 1.2908873558044434 350
1727269665177 1.4071651697158813 351
1727269665276 1.3746148347854614 352
1727269665371 1.3900188207626343 353
1727269665465 1.383708119392395 354
1727269665556 1.2372424602508545 355
1727269665651 1.2034779787063599 356
1727269665764 1.408137321472168 357
1727269665908 1.598427414894104 358
1727269666020 1.3762346506118774 359
1727269666129 1.582342267036438 360
1727269666234 1.4551315307617188 361
1727269666328 1.4275233745574951 362
1727269666419 1.3678113222122192 363
1727269666512 1.240977168083191 364
1727269666610 1.2347123622894287 365
1727269666712 1.2322235107421875 366
1727269666813 1.3177739381790161 367
1727269666916 1.2446368932724 368
1727269667017 1.3151112794876099 369
1727269667118 1.341418743133545 370
1727269667212 1.3217837810516357 371
1727269667307 1.6196157932281494 372
1727269667412 1.4956609010696411 373
1727269667532 1.4562846422195435 374
1727269667642 1.7301558256149292 375
1727269667741 1.5621616840362549 376
1727269667839 1.474750280380249 377
1727269667940 1.4846224784851074 378
1727269668037 1.4677988290786743 379
1727269668132 1.60306978225708 380
1727269668228 1.5883253812789917 381
1727269668326 1.5294817686080933 382
1727269668419 1.3674390316009521 383
1727269668510 1.4767190217971802 384
1727269668601 1.4585049152374268 385
1727269668694 1.4883025884628296 386
1727269668792 1.3401625156402588 387
1727269668884 1.3109697103500366 388
1727269668978 1.2612693309783936 389
1727269669084 1.336984395980835 390
1727269669210 1.3426727056503296 391
1727269669327 1.344743013381958 392
1727269669445 1.3615931272506714 393
1727269669544 1.3441665172576904 394
1727269669641 1.3556193113327026 395
1727269669742 1.2937473058700562 396
1727269669886 1.358670711517334 397
1727269670006 1.3992563486099243 398
1727269670114 1.364395260810852 399
1727269670212 1.470952033996582 400
1727269670310 1.5077662467956543 401
1727269670405 1.463484764099121 402
1727269670504 1.6478878259658813 403
1727269670602 1.4277788400650024 404
1727269670698 1.4634969234466553 405
1727269670801 1.4287341833114624 406
1727269670897 1.5036393404006958 407
1727269670998 1.3834660053253174 408
1727269671093 1.3370873928070068 409
1727269671195 1.620897889137268 410
1727269671284 1.741641640663147 411
1727269671372 1.78476881980896 412
1727269671461 1.8069406747817993 413
1727269671553 1.596480369567871 414
1727269671643 1.5592622756958008 415
1727269671733 1.5864920616149902 416
1727269671830 1.5941035747528076 417
1727269671921 1.6116623878479004 418
1727269672014 1.6900686025619507 419
1727269672102 1.8001168966293335 420
1727269672192 1.621990442276001 421
1727269672286 1.5538924932479858 422
1727269672377 1.7451834678649902 423
1727269672469 1.7696534395217896 424
1727269672562 1.889817237854004 425
1727269672654 1.9227324724197388 426
1727269672746 1.9361295700073242 427
1727269672838 1.9439016580581665 428
1727269672933 1.9456018209457397 429
1727269673029 1.8579403162002563 430
1727269673128 1.9140726327896118 431
1727269673239 1.7607640027999878 432
1727269673341 1.8428057432174683 433
1727269673439 1.8184717893600464 434
1727269673545 1.6466280221939087 435
1727269673638 1.7116092443466187 436
1727269673737 1.9119080305099487 437
1727269673831 1.9423545598983765 438
1727269673921 1.7863909006118774 439
1727269674010 1.574811577796936 440
1727269674099 1.5794603824615479 441
1727269674187 1.4590755701065063 442
1727269674278 1.6655079126358032 443
1727269674373 1.7233960628509521 444
1727269674473 1.7479863166809082 445
1727269674578 1.6813585758209229 446
1727269674677 1.7758872509002686 447
1727269674776 1.7799804210662842 448
1727269674874 1.868333339691162 449
1727269674971 1.7194675207138062 450
1727269675063 1.7034187316894531 451
1727269675152 1.7545382976531982 452
1727269675241 1.7089852094650269 453
1727269675330 1.6223053932189941 454
1727269675419 1.4946165084838867 455
1727269675509 1.5593153238296509 456
1727269675597 1.4632426500320435 457
1727269675685 1.714228630065918 458
1727269675775 1.8936071395874023 459
1727269675865 1.9187957048416138 460
1727269675954 1.9294745922088623 461
1727269676046 1.9356260299682617 462
1727269676136 1.939753770828247 463
1727269676223 1.805197834968567 464
1727269676316 1.862725019454956 465
1727269676403 1.9064290523529053 466
1727269676491 1.924621343612671 467
1727269676581 1.9340200424194336 468
1727269676669 1.8175199031829834 469
1727269676758 1.9136383533477783 470
1727269676848 1.9347509145736694 471
1727269676935 1.9424153566360474 472
1727269677025 1.9464389085769653 473
1727269677113 1.9487216472625732 474
1727269677201 1.950056791305542 475
1727269677290 1.9508388042449951 476
1727269677381 1.9512865543365479 477
1727269677471 1.9515273571014404 478
1727269677560 1.9516407251358032 479
1727269677650 1.7871873378753662 480
1727269677739 1.8639532327651978 481
1727269677828 1.9143387079238892 482
1727269677918 1.9328138828277588 483
1727269678012 1.943149447441101 484
1727269678102 1.9489773511886597 485
1727269678192 1.9522813558578491 486
1727269678283 1.9541945457458496 487
1727269678373 1.955349087715149 488
1727269678462 1.7999438047409058 489
1727269678560 1.9025187492370605 490
1727269678652 1.9485297203063965 491
1727269678751 1.9601731300354004 492
1727269678844 1.9666757583618164 493
1727269678938 1.9706875085830688 494
1727269679029 1.9732003211975098 495
1727269679117 1.974773645401001 496
1727269679208 1.9757554531097412 497
1727269679301 1.9763685464859009 498
1727269679390 1.9767533540725708 499
1727269679479 1.97699773311615 500
1727269679569 1.9771559238433838 501
1727269679659 1.9772611856460571 502
1727269679749 1.9773340225219727 503
1727269679839 1.9773861169815063 504
1727269679929 1.977425456047058 505
1727269680023 1.8833990097045898 506
1727269680112 1.7432141304016113 507
1727269680201 1.9034647941589355 508
1727269680289 1.9627267122268677 509
1727269680379 1.9767181873321533 510
1727269680467 1.8608735799789429 511
1727269680558 1.9586291313171387 512
1727269680645 1.9727166891098022 513
1727269680733 1.9783281087875366 514
1727269680822 1.981348991394043 515
1727269680911 1.983106255531311 516
1727269681001 1.9841715097427368 517
1727269681091 1.9848378896713257 518
1727269681180 1.985266089439392 519
1727269681268 1.985548496246338 520
1727269681355 1.98573899269104 521
1727269681442 1.8581427335739136 522
1727269681531 1.9376835823059082 523
1727269681620 1.9339481592178345 524
1727269681708 1.968617558479309 525
1727269681800 1.9858180284500122 526
1727269681888 1.9894697666168213 527
1727269681976 1.9914939403533936 528
1727269682065 1.9926785230636597 529
1727269682153 1.993395447731018 530
1727269682238 1.9938408136367798 531
1727269682326 1.9941227436065674 532
1727269682415 1.9943045377731323 533
1727269682509 1.9944229125976562 534
1727269682600 1.9945005178451538 535
1727269682690 1.994551420211792 536
1727269682781 1.9945847988128662 537
1727269682869 1.9946060180664062 538
1727269682958 1.994619369506836 539
1727269683050 1.8726164102554321 540
1727269683140 1.9205799102783203 541
1727269683229 1.9597930908203125 542
1727269683318 1.9767954349517822 543
1727269683406 1.9855830669403076 544
1727269683497 1.9902912378311157 545
1727269683586 1.9928457736968994 546
1727269683674 1.9942528009414673 547
1727269683762 1.9950512647628784 548
1727269683851 1.9955240488052368 549
1727269683940 1.845322847366333 550
1727269684028 1.8690530061721802 551
1727269684117 1.9442353248596191 552
1727269684203 1.9675019979476929 553
1727269684290 1.9765231609344482 554
1727269684378 1.9806196689605713 555
1727269684466 1.98265540599823 556
1727269684552 1.9837502241134644 557
1727269684640 1.9843758344650269 558
1727269684727 1.9847482442855835 559
1727269684815 1.9849755764007568 560
1727269684902 1.9851155281066895 561
1727269684991 1.9852018356323242 562
1727269685079 1.9852546453475952 563
1727269685167 1.9852858781814575 564
1727269685256 1.9853038787841797 565
1727269685361 1.985313057899475 566
1727269685457 1.9853167533874512 567
1727269685549 1.985317349433899 568
1727269685640 1.9853157997131348 569
1727269685729 1.9853135347366333 570
1727269685819 1.9853109121322632 571
1727269685907 1.9853076934814453 572
1727269685996 1.9853050708770752 573
1727269686086 1.985302448272705 574
1727269686175 1.9853005409240723 575
1727269686264 1.9852983951568604 576
1727269686353 1.9852968454360962 577
1727269686441 1.9852948188781738 578
1727269686528 1.9852938652038574 579
1727269686617 1.985292673110962 580
1727269686706 1.9852921962738037 581
1727269686797 1.9852913618087769 582
1727269686886 1.985290765762329 583
1727269686975 1.9852900505065918 584
1727269687066 1.9852900505065918 585
1727269687157 1.9852893352508545 586
1727269687247 1.9852893352508545 587
1727269687336 1.9852895736694336 588
1727269687422 1.985289454460144 589
1727269687510 1.9852886199951172 590
1727269687604 1.9852885007858276 591
1727269687698 1.9852885007858276 592
1727269687791 1.9852885007858276 593
1727269687883 1.9852887392044067 594
1727269687974 1.9852886199951172 595
1727269688064 1.9852887392044067 596
1727269688153 1.9852887392044067 597
1727269688243 1.9852887392044067 598
1727269688334 1.9852888584136963 599
1727269688425 1.9852887392044067 600
1727269688514 1.9852887392044067 601
1727269688604 1.9852887392044067 602
1727269688696 1.9852887392044067 603
1727269688785 1.9852887392044067 604
1727269688874 1.9852888584136963 605
1727269688960 1.9852887392044067 606
1727269689048 1.9852886199951172 607
1727269689135 1.9852886199951172 608
1727269689220 1.9852886199951172 609
1727269689308 1.9852886199951172 610
1727269689397 1.9852886199951172 611
1727269689483 1.9852886199951172 612
1727269689571 1.8313766717910767 613
1727269689659 1.8890198469161987 614
1727269689745 1.9341343641281128 615
1727269689833 1.9502160549163818 616
1727269689922 1.9598151445388794 617
1727269690015 1.9655346870422363 618
1727269690104 1.9689291715621948 619
1727269690193 1.9709049463272095 620
1727269690281 1.9720197916030884 621
1727269690369 1.9726237058639526 622
1727269690460 1.9729324579238892 623
1727269690550 1.973075270652771 624
1727269690639 1.9731290340423584 625
1727269690726 1.9731353521347046 626
1727269690813 1.9731189012527466 627
1727269690900 1.9730931520462036 628
1727269690988 1.9730643033981323 629
1727269691075 1.973035454750061 630
1727269691164 1.9730092287063599 631
1727269691249 1.972985863685608 632
1727269691336 1.9729654788970947 633
1727269691424 1.9729483127593994 634
1727269691512 1.9729331731796265 635
1727269691600 1.9729208946228027 636
1727269691688 1.9729101657867432 637
1727269691776 1.972901701927185 638
1727269691865 1.972894549369812 639
1727269691952 1.9728883504867554 640
1727269692041 1.9728833436965942 641
1727269692129 1.9728790521621704 642
1727269692217 1.9728758335113525 643
1727269692305 1.9728732109069824 644
1727269692395 1.9728705883026123 645
1727269692489 1.9728686809539795 646
1727269692580 1.9728671312332153 647
1727269692671 1.9728658199310303 648
1727269692761 1.9728641510009766 649
1727269692851 1.9728634357452393 650
1727269692939 1.9728633165359497 651
1727269693027 1.9728622436523438 652
1727269693114 1.9728620052337646 653
1727269693201 1.972861409187317 654
1727269693288 1.9728612899780273 655
1727269693375 1.9728608131408691 656
1727269693463 1.9728608131408691 657
1727269693551 1.97286057472229 658
1727269693640 1.972860336303711 659
1727269693728 1.9728600978851318 660
1727269693817 1.972860336303711 661
1727269693905 1.9728602170944214 662
1727269693993 1.9728600978851318 663
1727269694081 1.9728602170944214 664
1727269694169 1.9728602170944214 665
1727269694254 1.9728602170944214 666
1727269694341 1.972860336303711 667
1727269694427 1.9728600978851318 668
1727269694512 1.9728602170944214 669
1727269694600 1.9728602170944214 670
1727269694692 1.9728602170944214 671
1727269694783 1.9728600978851318 672
1727269694875 1.9728599786758423 673
1727269694965 1.9728602170944214 674
1727269695053 1.9728602170944214 675
1727269695141 1.9728602170944214 676
1727269695229 1.9728602170944214 677
1727269695317 1.9728602170944214 678
1727269695404 1.9728602170944214 679
1727269695489 1.9728602170944214 680
1727269695576 1.9728602170944214 681
1727269695663 1.9728602170944214 682
1727269695751 1.9728602170944214 683
1727269695840 1.9728602170944214 684
1727269695928 1.9728602170944214 685
1727269696016 1.972860336303711 686
1727269696102 1.9728602170944214 687
1727269696188 1.972860336303711 688
