1726502375989 2e-05 0
1726502376045 0.0854310393333435 1
1726502376101 0.07218950241804123 2
1726502376155 0.06258989125490189 3
1726502376210 0.05520762875676155 4
1726502376270 0.04933876916766167 5
1726502376325 0.04456439986824989 6
1726502376374 0.0406063087284565 7
1726502376429 0.03726925700902939 8
1726502376478 0.03441566601395607 9
1726502376540 0.031953804194927216 10
1726502376598 0.029830848798155785 11
1726502376664 0.028024356812238693 12
1726502376736 0.026531770825386047 13
1726502376791 0.025355737656354904 14
1726502376856 0.024490978568792343 15
1726502376923 0.023916875943541527 16
1726502376986 0.023596903309226036 17
1726502377050 0.023485783487558365 18
1726502377119 0.023537827655673027 19
1726502377176 0.023712584748864174 20
1726502377239 0.023977210745215416 21
1726502377295 0.02430625446140766 22
1726502377347 0.02467992901802063 23
1726502377397 0.025082137435674667 24
1726502377452 0.02549845539033413 25
1726502377504 0.025914974510669708 26
1726502377557 0.026316560804843903 27
1726502377606 0.02668576128780842 28
1726502377661 0.027001280337572098 29
1726502377711 0.027236029505729675 30
1726502377763 0.027355803176760674 31
1726502377818 0.02731700800359249 32
1726502377873 0.027064863592386246 33
1726502377935 0.02653225138783455 34
1726502377998 0.02564108371734619 35
1726502378071 0.024307547137141228 36
1726502378123 0.022457484155893326 37
1726502378178 0.02005399391055107 38
1726502378235 0.017138218507170677 39
1726502378289 0.013873604126274586 40
1726502378341 0.010553337633609772 41
1726502378399 0.007534614764153957 42
1726502378458 0.005102314054965973 43
1726502378510 0.0033581205643713474 44
1726502378566 0.0022223293781280518 45
1726502378617 0.0015254031168296933 46
1726502378670 0.0011010713642463088 47
1726502378722 0.0008307371172122657 48
1726502378778 0.0006456098635680974 49
1726502378836 0.0005102882860228419 50
1726502378898 0.00040694611379876733 51
1726502378954 0.00032613443909212947 52
1726502379014 0.00026190062635578215 53
1726502379071 0.00021070857474114746 54
1726502379129 0.00016964616952463984 55
1726502379185 0.00013669708278030157 56
1726502379236 0.00011022548278560862 57
1726502379294 8.877563959686086e-05 58
1726502379351 7.158676453400403e-05 59
1726502379408 5.772810982307419e-05 60
1726502379474 4.653224823414348e-05 61
1726502379537 3.762170672416687e-05 62
1726502379598 3.0290892027551308e-05 63
1726502379663 2.4504193788743578e-05 64
1726502379728 1.9739729395951144e-05 65
1726502379788 1.594354398548603e-05 66
1726502379858 1.2889531717519276e-05 67
1726502379914 1.0359814041294158e-05 68
1726502379967 8.306949894176796e-06 69
