1726235221127 2e-05 0
1726235221167 0.7014786005020142 1
1726235221205 0.8036391735076904 2
1726235221244 0.7141444087028503 3
1726235221281 0.7422110438346863 4
1726235221319 0.7224823832511902 5
1726235221357 0.6110613346099854 6
1726235221395 0.6941171288490295 7
1726235221432 0.6196291446685791 8
1726235221473 0.6284295320510864 9
1726235221511 0.7225727438926697 10
1726235221552 0.6964521408081055 11
1726235221591 0.8803747296333313 12
1726235221629 0.8367453217506409 13
1726235221668 0.8721923232078552 14
1726235221706 0.8015933036804199 15
1726235221746 0.5251944065093994 16
1726235221784 0.456646203994751 17
1726235221822 0.5622252821922302 18
1726235221860 0.45817771553993225 19
1726235221898 0.4079999625682831 20
1726235221936 0.8593958616256714 21
1726235221976 0.4475436210632324 22
1726235222014 0.5935183167457581 23
1726235222052 0.7121838927268982 24
1726235222091 0.45938342809677124 25
1726235222129 0.6389959454536438 26
1726235222167 0.6433306932449341 27
1726235222204 0.8155066967010498 28
1726235222247 0.47837480902671814 29
1726235222288 0.5398663878440857 30
1726235222332 0.7893339395523071 31
1726235222372 0.5288927555084229 32
1726235222412 0.7217551469802856 33
1726235222453 0.6394618153572083 34
1726235222492 0.48225873708724976 35
1726235222532 0.5966765284538269 36
1726235222571 0.4701882302761078 37
1726235222610 0.5448156595230103 38
1726235222650 0.5458571910858154 39
1726235222688 0.38398659229278564 40
1726235222728 0.4618661105632782 41
1726235222769 0.8250990509986877 42
1726235222808 0.7556495666503906 43
1726235222846 0.7510870099067688 44
1726235222885 0.8026707172393799 45
1726235222924 0.5876215100288391 46
1726235222963 0.6886612176895142 47
1726235223002 0.6108556389808655 48
1726235223041 0.9317550659179688 49
1726235223080 0.73270183801651 50
1726235223118 0.6137967705726624 51
1726235223156 0.5220545530319214 52
1726235223195 0.6978212594985962 53
1726235223234 0.47997134923934937 54
1726235223273 0.4968813955783844 55
1726235223312 0.40991687774658203 56
1726235223350 0.6275475025177002 57
1726235223388 0.7462098002433777 58
1726235223426 0.5687089562416077 59
1726235223465 0.4038311541080475 60
1726235223503 0.7290618419647217 61
1726235223541 0.5446801781654358 62
1726235223580 0.645900547504425 63
1726235223617 0.6031022071838379 64
1726235223656 0.6580555438995361 65
1726235223694 0.6539413332939148 66
1726235223733 0.8015788793563843 67
1726235223771 0.6084154844284058 68
1726235223809 0.7222228050231934 69
1726235223848 0.6694809198379517 70
1726235223886 0.6664638519287109 71
1726235223924 0.7238790392875671 72
1726235223962 0.4861031770706177 73
1726235224001 0.5663965940475464 74
1726235224039 0.5199075937271118 75
1726235224077 0.6107670068740845 76
1726235224114 0.6075530648231506 77
1726235224152 0.5067530870437622 78
1726235224191 0.7289143204689026 79
1726235224228 0.7162194848060608 80
1726235224267 0.6817516684532166 81
1726235224305 0.4379296600818634 82
1726235224344 0.7175882458686829 83
1726235224381 0.46453598141670227 84
1726235224419 0.36529216170310974 85
1726235224457 0.6355368494987488 86
1726235224497 0.6113893389701843 87
1726235224534 0.5458264350891113 88
1726235224572 0.6654092073440552 89
1726235224610 0.40881553292274475 90
1726235224648 0.5337396860122681 91
1726235224686 0.49847957491874695 92
1726235224724 0.6637573838233948 93
1726235224763 0.6688031554222107 94
1726235224801 0.4012325704097748 95
1726235224839 0.5410396456718445 96
1726235224878 0.729515016078949 97
1726235224916 0.8900560736656189 98
1726235224955 0.7648069262504578 99
1726235224993 0.8807486891746521 100
1726235225031 0.6770791411399841 101
1726235225070 0.818859875202179 102
1726235225109 0.7161665558815002 103
1726235225146 0.33277076482772827 104
1726235225184 0.9875736832618713 105
1726235225223 0.5491848587989807 106
1726235225261 0.6758139133453369 107
1726235225299 0.5870077610015869 108
1726235225338 0.5471029281616211 109
1726235225376 0.647673487663269 110
1726235225414 0.6870437264442444 111
1726235225453 0.7253102660179138 112
1726235225492 0.7415561079978943 113
1726235225530 0.5298140048980713 114
1726235225569 0.7709984183311462 115
1726235225606 0.500261127948761 116
1726235225645 0.3399772346019745 117
1726235225683 0.7723602652549744 118
1726235225721 0.5184931755065918 119
1726235225760 0.6265542507171631 120
1726235225798 0.8793805241584778 121
1726235225837 0.7437059283256531 122
1726235225876 0.8668068051338196 123
1726235225914 0.4842965006828308 124
1726235225953 0.44532889127731323 125
1726235225996 0.6090024709701538 126
1726235226042 0.4865840673446655 127
1726235226080 0.6874898672103882 128
1726235226117 0.63111811876297 129
1726235226154 0.47299137711524963 130
1726235226191 0.8964111804962158 131
1726235226229 0.7796766757965088 132
1726235226267 0.8713366389274597 133
1726235226305 0.6649688482284546 134
1726235226343 0.5518987774848938 135
1726235226381 0.28278452157974243 136
1726235226419 0.5929026007652283 137
1726235226457 0.5098097920417786 138
1726235226495 0.6177091002464294 139
1726235226534 0.4763173758983612 140
1726235226571 0.6543057560920715 141
1726235226609 0.6806392073631287 142
1726235226646 0.5277544260025024 143
1726235226684 0.3413293659687042 144
1726235226722 0.813624918460846 145
1726235226760 0.6923806667327881 146
1726235226798 0.7802754044532776 147
1726235226839 0.7052421569824219 148
1726235226890 0.7596058249473572 149
1726235226938 0.46568742394447327 150
1726235226979 0.6286612749099731 151
1726235227020 0.6414735317230225 152
1726235227059 0.9064751863479614 153
1726235227098 0.6675686836242676 154
1726235227137 0.646308183670044 155
1726235227175 0.5924869775772095 156
1726235227214 0.6973023414611816 157
1726235227253 0.7219416499137878 158
1726235227291 0.5227445960044861 159
1726235227330 0.5750334858894348 160
1726235227369 0.4658181667327881 161
1726235227410 0.5623829960823059 162
1726235227448 0.47461894154548645 163
1726235227488 0.6242179274559021 164
1726235227527 0.6958680748939514 165
1726235227566 0.5347906351089478 166
1726235227604 0.48472875356674194 167
1726235227642 0.6057909727096558 168
1726235227680 0.7134264707565308 169
1726235227718 0.8784254789352417 170
1726235227759 0.4684368968009949 171
1726235227799 0.5236534476280212 172
1726235227839 0.3411182761192322 173
1726235227879 0.7212506532669067 174
1726235227920 0.2760627567768097 175
1726235227961 0.31308943033218384 176
1726235228017 0.5115509629249573 177
1726235228080 0.5497050881385803 178
1726235228156 0.6634585857391357 179
1726235228207 0.6675569415092468 180
1726235228249 0.6768666505813599 181
1726235228286 0.5916158556938171 182
1726235228329 0.9403598308563232 183
1726235228373 0.6694132685661316 184
1726235228419 0.5821585059165955 185
1726235228458 0.7832999229431152 186
1726235228498 0.6475978493690491 187
1726235228545 0.631105899810791 188
1726235228589 0.6616420745849609 189
1726235228628 0.35305407643318176 190
1726235228670 0.8916820287704468 191
1726235228715 0.7590996623039246 192
1726235228756 0.7442750334739685 193
1726235228795 0.19159257411956787 194
1726235228835 0.05868392065167427 195
1726235228883 0.3928149342536926 196
1726235228934 0.6299078464508057 197
1726235228981 0.5508943796157837 198
1726235229025 0.6541921496391296 199
1726235229069 0.7074111104011536 200
1726235229116 0.8978358507156372 201
1726235229172 0.48430758714675903 202
1726235229213 0.48186779022216797 203
1726235229256 0.3393431305885315 204
1726235229297 0.9282684922218323 205
1726235229340 0.8445882201194763 206
1726235229386 0.7368617653846741 207
1726235229430 0.6205374002456665 208
1726235229475 0.6359809637069702 209
1726235229527 0.43542325496673584 210
1726235229569 0.7591989636421204 211
1726235229622 0.8098841905593872 212
1726235229680 0.7915256023406982 213
1726235229718 0.4257429540157318 214
1726235229762 0.7889624834060669 215
1726235229807 0.7010831832885742 216
1726235229856 0.4866859018802643 217
1726235229895 0.9344867467880249 218
1726235229935 0.7056305408477783 219
1726235229974 0.7678704857826233 220
1726235230023 0.4688596725463867 221
1726235230064 0.7072890996932983 222
1726235230102 0.8641880750656128 223
1726235230145 0.05969692021608353 224
1726235230188 0.8305675387382507 225
1726235230226 0.7663050889968872 226
1726235230265 0.6906833648681641 227
1726235230304 0.7932567596435547 228
1726235230346 0.5740472674369812 229
1726235230382 0.4206116199493408 230
1726235230419 0.4810667037963867 231
1726235230455 0.7479792833328247 232
1726235230493 0.5981492400169373 233
1726235230530 0.6822726726531982 234
1726235230567 0.781482994556427 235
1726235230604 0.2500789165496826 236
1726235230640 0.8370003700256348 237
1726235230677 0.5627927184104919 238
1726235230714 0.5321086049079895 239
1726235230751 0.5077216625213623 240
1726235230788 0.5252565145492554 241
1726235230825 0.4544926881790161 242
1726235230862 0.39395448565483093 243
1726235230899 0.5861901044845581 244
1726235230936 0.3943224549293518 245
1726235230973 0.8870199918746948 246
1726235231012 0.7389019131660461 247
1726235231048 0.3017852008342743 248
1726235231085 0.7997503280639648 249
1726235231122 0.7992045283317566 250
1726235231159 0.6244563460350037 251
1726235231197 0.5971627235412598 252
1726235231234 0.5729945302009583 253
1726235231272 0.8254313468933105 254
1726235231308 0.559981644153595 255
1726235231345 0.41160738468170166 256
1726235231382 0.5152204036712646 257
1726235231420 0.6797622442245483 258
1726235231457 0.6650549173355103 259
1726235231495 0.597032904624939 260
1726235231532 0.6459078788757324 261
1726235231569 0.39279016852378845 262
1726235231606 0.6550193428993225 263
1726235231643 0.39433324337005615 264
1726235231680 0.34718072414398193 265
1726235231717 0.8832603096961975 266
1726235231754 0.5723660588264465 267
1726235231793 0.4043641686439514 268
1726235231829 0.821571409702301 269
1726235231866 0.8013384938240051 270
1726235231903 0.5966961979866028 271
1726235231940 0.4745163917541504 272
1726235231977 0.5632872581481934 273
1726235232015 0.8427862524986267 274
1726235232052 0.5932511687278748 275
1726235232089 0.44983386993408203 276
1726235232127 0.7656086683273315 277
1726235232164 0.6948874592781067 278
1726235232201 0.36668840050697327 279
1726235232238 0.7250415086746216 280
1726235232275 0.5553141832351685 281
1726235232313 0.6167876124382019 282
1726235232350 0.7913663387298584 283
1726235232387 0.6150339245796204 284
1726235232424 0.46489420533180237 285
1726235232462 0.6983667016029358 286
1726235232501 0.015480484813451767 287
1726235232539 0.6310649514198303 288
1726235232575 0.37260308861732483 289
1726235232612 0.6498375535011292 290
1726235232649 0.52410489320755 291
1726235232686 0.43026405572891235 292
1726235232722 0.6181078553199768 293
1726235232759 0.6357836723327637 294
1726235232796 0.5121495127677917 295
1726235232833 0.33554333448410034 296
1726235232870 0.597263753414154 297
1726235232907 0.5305931568145752 298
1726235232944 0.795920193195343 299
1726235232981 0.5764568448066711 300
1726235233020 0.8674350380897522 301
1726235233055 0.5409817099571228 302
1726235233092 0.5078589916229248 303
1726235233128 0.7129421830177307 304
1726235233164 0.031642645597457886 305
1726235233200 0.7969620823860168 306
1726235233236 0.5017297267913818 307
1726235233274 0.6994583010673523 308
1726235233311 0.6113104820251465 309
1726235233348 0.6075862050056458 310
1726235233384 0.9143751263618469 311
1726235233421 0.7201586961746216 312
1726235233457 0.662128746509552 313
1726235233494 0.7250146865844727 314
1726235233533 0.6886196136474609 315
1726235233569 0.43817925453186035 316
1726235233605 0.7812439203262329 317
1726235233642 0.8761326670646667 318
1726235233678 0.40923863649368286 319
1726235233715 0.5349553823471069 320
1726235233752 0.7212251424789429 321
1726235233789 0.7346842288970947 322
1726235233826 0.4718320071697235 323
1726235233863 0.6096838712692261 324
1726235233901 0.5400756597518921 325
1726235233939 0.4401034712791443 326
1726235233978 0.636035144329071 327
1726235234016 0.42754751443862915 328
1726235234054 0.6409720778465271 329
1726235234092 0.8210989236831665 330
1726235234131 0.5160142779350281 331
1726235234169 0.6181872487068176 332
1726235234208 0.775969386100769 333
1726235234246 0.6922160983085632 334
1726235234285 0.5967307090759277 335
1726235234323 0.8503531813621521 336
1726235234362 0.4189746081829071 337
1726235234405 0.8100368976593018 338
1726235234443 0.5580195784568787 339
1726235234481 0.61930251121521 340
1726235234519 0.6995579600334167 341
1726235234558 0.8031170964241028 342
1726235234596 0.5349206328392029 343
1726235234634 0.6286237239837646 344
1726235234672 0.5696091055870056 345
1726235234710 0.7111704349517822 346
1726235234748 0.7036713361740112 347
1726235234786 0.5895622968673706 348
1726235234830 0.5799262523651123 349
1726235234877 0.6875823140144348 350
1726235234930 0.5420039296150208 351
1726235234982 0.8156455755233765 352
1726235235028 0.5974762439727783 353
1726235235077 0.7508633136749268 354
1726235235136 0.667631983757019 355
1726235235187 0.7011764645576477 356
1726235235235 0.6434215307235718 357
1726235235284 0.702783465385437 358
1726235235333 0.7243604063987732 359
1726235235381 0.7247606515884399 360
1726235235431 0.7618104219436646 361
1726235235480 0.3311414122581482 362
1726235235531 0.7277452945709229 363
1726235235580 0.8162522912025452 364
1726235235629 0.7216139435768127 365
1726235235678 0.6744163036346436 366
1726235235728 0.6194664835929871 367
1726235235779 0.2804412543773651 368
1726235235832 0.7381746768951416 369
1726235235883 0.7372247576713562 370
1726235235933 0.5454354882240295 371
1726235235981 0.5510135889053345 372
1726235236035 0.6806132793426514 373
1726235236081 0.6008495092391968 374
1726235236126 0.5224433541297913 375
1726235236169 0.3561466932296753 376
1726235236211 0.6961227655410767 377
1726235236252 0.8624581098556519 378
1726235236304 0.5831685066223145 379
1726235236346 0.5084655284881592 380
1726235236387 0.4595240652561188 381
1726235236430 0.6894708275794983 382
1726235236474 0.6232318878173828 383
1726235236515 0.48428577184677124 384
1726235236556 0.7127168774604797 385
1726235236603 0.723347008228302 386
1726235236647 0.601879358291626 387
1726235236687 0.675177276134491 388
1726235236726 0.6356033682823181 389
1726235236766 0.6624857187271118 390
1726235236806 0.5923871994018555 391
1726235236844 0.7853222489356995 392
1726235236883 0.2738456130027771 393
1726235236921 0.6911430358886719 394
1726235236960 0.620971143245697 395
1726235236998 0.6622816324234009 396
1726235237038 0.5160350203514099 397
1726235237076 0.3777838945388794 398
1726235237113 0.5394572615623474 399
1726235237151 0.626346230506897 400
1726235237189 0.6052067875862122 401
1726235237227 0.5800651907920837 402
1726235237265 0.46085524559020996 403
1726235237304 0.8712741732597351 404
1726235237342 0.7076566815376282 405
1726235237380 0.017841266468167305 406
1726235237418 0.5522493124008179 407
1726235237456 0.8026950359344482 408
1726235237493 0.30431586503982544 409
1726235237531 0.415975958108902 410
1726235237570 0.33926787972450256 411
1726235237610 0.6673145890235901 412
1726235237649 0.546212375164032 413
1726235237687 0.8590033054351807 414
1726235237726 0.6445434093475342 415
1726235237765 0.5105924606323242 416
1726235237803 0.6288304328918457 417
1726235237842 0.6718326210975647 418
1726235237880 0.5739325284957886 419
1726235237919 0.7178391218185425 420
1726235237956 0.3401581645011902 421
1726235237995 0.7445306777954102 422
1726235238033 0.8023184537887573 423
1726235238072 0.4648274779319763 424
1726235238110 0.9279443621635437 425
1726235238147 0.5127096772193909 426
1726235238185 0.5142391920089722 427
1726235238223 0.5742390155792236 428
1726235238261 0.816787838935852 429
1726235238300 0.5781060457229614 430
1726235238338 0.6278617978096008 431
1726235238377 0.7262983322143555 432
1726235238415 0.7040709853172302 433
1726235238453 0.31935641169548035 434
1726235238490 0.11879599094390869 435
1726235238528 0.8130926489830017 436
1726235238566 0.6514559984207153 437
1726235238604 0.5953262448310852 438
1726235238642 0.2967599630355835 439
1726235238680 0.5782482624053955 440
1726235238718 0.6854993104934692 441
1726235238756 0.6832470297813416 442
1726235238793 0.6537880301475525 443
1726235238833 0.7392434477806091 444
1726235238870 0.6522781252861023 445
1726235238908 0.7041906714439392 446
1726235238946 0.5151821970939636 447
1726235238985 0.4397934079170227 448
1726235239022 0.46361857652664185 449
1726235239060 0.6965394616127014 450
1726235239098 0.4936707615852356 451
1726235239136 0.49881115555763245 452
1726235239173 0.4706101417541504 453
1726235239212 0.6349676251411438 454
1726235239249 0.7150872349739075 455
1726235239288 0.7011652588844299 456
1726235239325 0.9475374221801758 457
1726235239366 0.536614179611206 458
1726235239413 0.5839201211929321 459
1726235239461 0.5855823755264282 460
1726235239508 0.7649694681167603 461
1726235239558 0.5205357670783997 462
1726235239594 0.8936614990234375 463
1726235239637 0.6980724930763245 464
1726235239675 0.5768688321113586 465
1726235239713 0.5989512205123901 466
1726235239751 0.7179890871047974 467
1726235239791 0.7586855888366699 468
1726235239835 0.3527638912200928 469
1726235239874 0.3999817669391632 470
1726235239918 0.40974339842796326 471
1726235239961 0.4641511142253876 472
1726235240008 0.45299187302589417 473
1726235240049 0.652303159236908 474
1726235240088 0.6829419136047363 475
1726235240125 0.7450565099716187 476
1726235240164 0.02025388367474079 477
1726235240202 0.4586983025074005 478
1726235240248 0.5567871928215027 479
1726235240290 0.7276101112365723 480
1726235240337 0.035939473658800125 481
1726235240379 0.7077491283416748 482
1726235240427 0.8837940692901611 483
1726235240465 0.4473482072353363 484
1726235240502 0.6269649863243103 485
1726235240543 0.7019323706626892 486
1726235240592 0.5546793341636658 487
1726235240633 0.6347808837890625 488
1726235240677 0.5697389245033264 489
1726235240719 0.48147961497306824 490
1726235240761 0.5798822045326233 491
1726235240804 0.7707757949829102 492
1726235240849 0.7103610634803772 493
1726235240896 0.47373008728027344 494
1726235240936 0.06681586056947708 495
1726235240978 0.6681606769561768 496
1726235241017 0.7884530425071716 497
1726235241061 0.47798100113868713 498
1726235241111 0.475164532661438 499
1726235241149 0.565113365650177 500
1726235241186 0.6362447738647461 501
1726235241223 0.6319710612297058 502
1726235241260 0.7329644560813904 503
1726235241297 0.6337419748306274 504
1726235241335 0.04712223261594772 505
1726235241372 0.4530576169490814 506
1726235241409 0.5897953510284424 507
1726235241447 0.8273289203643799 508
1726235241483 0.8140091300010681 509
1726235241520 0.6731153726577759 510
1726235241558 0.02530851773917675 511
1726235241595 0.4128343462944031 512
1726235241631 0.8871797919273376 513
1726235241669 0.5013551115989685 514
1726235241706 0.6593819260597229 515
1726235241744 0.014665774069726467 516
1726235241780 0.5570043325424194 517
1726235241820 0.6748077273368835 518
1726235241858 0.808964192867279 519
1726235241896 0.6674887537956238 520
1726235241933 0.5045543909072876 521
1726235241971 0.02414514310657978 522
1726235242009 0.3395707607269287 523
1726235242048 0.6619784235954285 524
1726235242085 0.5724701285362244 525
1726235242125 0.6765643358230591 526
1726235242165 0.7650837302207947 527
1726235242217 0.8720898628234863 528
1726235242283 0.5677801370620728 529
1726235242350 0.8784083127975464 530
1726235242404 0.7403954267501831 531
1726235242445 0.7159013152122498 532
1726235242485 0.03365948796272278 533
1726235242528 0.8646606802940369 534
1726235242572 0.849793553352356 535
1726235242615 0.032903678715229034 536
1726235242652 0.6300447583198547 537
1726235242688 0.022384004667401314 538
1726235242728 0.7362280488014221 539
1726235242765 0.6286638379096985 540
1726235242801 0.6726855039596558 541
1726235242839 0.022479210048913956 542
1726235242876 0.023005887866020203 543
1726235242913 0.7302371263504028 544
1726235242956 0.5884836316108704 545
1726235242996 0.7232666611671448 546
1726235243032 0.43756723403930664 547
1726235243069 0.6939888000488281 548
1726235243105 0.5271567106246948 549
1726235243143 0.6188275814056396 550
1726235243180 0.4752960503101349 551
1726235243217 0.036950498819351196 552
1726235243255 0.6734883189201355 553
1726235243293 0.5251213908195496 554
1726235243338 0.6435533165931702 555
1726235243378 0.743698239326477 556
1726235243416 0.46827930212020874 557
1726235243467 0.04054519534111023 558
1726235243510 0.25778958201408386 559
1726235243557 0.397892564535141 560
1726235243597 0.5297079682350159 561
1726235243644 0.043092671781778336 562
1726235243685 0.5673967599868774 563
1726235243725 0.7180925607681274 564
1726235243761 0.4364739954471588 565
1726235243799 0.6404088735580444 566
1726235243835 0.5379124879837036 567
1726235243872 0.6942922472953796 568
1726235243909 0.1777552366256714 569
1726235243947 0.40321460366249084 570
1726235243984 0.5516070127487183 571
1726235244021 0.522607147693634 572
1726235244058 0.40696990489959717 573
1726235244096 0.4646700322628021 574
1726235244133 0.6212761402130127 575
1726235244169 0.6845443248748779 576
1726235244207 0.6950578689575195 577
1726235244245 0.8860772848129272 578
1726235244283 0.7505873441696167 579
1726235244320 0.4655272662639618 580
1726235244359 0.46705150604248047 581
1726235244398 0.4686635136604309 582
1726235244437 0.04287627339363098 583
1726235244474 0.520581066608429 584
1726235244512 0.5068544745445251 585
1726235244550 0.016582071781158447 586
1726235244589 0.6124709248542786 587
1726235244626 0.37995097041130066 588
1726235244665 0.27322977781295776 589
1726235244703 0.525759220123291 590
1726235244741 0.7427902817726135 591
1726235244778 0.7090663313865662 592
1726235244817 0.665718674659729 593
1726235244855 0.4845290184020996 594
1726235244894 0.48985669016838074 595
1726235244935 0.6025958061218262 596
1726235244974 0.6318408846855164 597
1726235245012 0.5068301558494568 598
1726235245049 0.5749348402023315 599
1726235245088 0.3369278311729431 600
1726235245126 0.6650551557540894 601
1726235245164 0.7140356302261353 602
1726235245202 0.7783887982368469 603
1726235245240 0.6270438432693481 604
1726235245279 0.43883952498435974 605
1726235245321 0.03472767770290375 606
1726235245361 0.03702621906995773 607
1726235245410 0.46708399057388306 608
1726235245456 0.47655925154685974 609
1726235245506 0.6320385932922363 610
1726235245557 0.6666837930679321 611
1726235245602 0.5342143774032593 612
1726235245653 0.6395483016967773 613
1726235245695 0.44287827610969543 614
1726235245734 0.5859191417694092 615
1726235245776 0.03067595139145851 616
1726235245827 0.4738697409629822 617
1726235245865 0.3607550859451294 618
1726235245912 0.06703276932239532 619
1726235245953 0.6646195650100708 620
1726235245990 0.04958668723702431 621
1726235246026 0.0034050678368657827 622
1726235246063 0.515255331993103 623
1726235246100 0.7685972452163696 624
1726235246137 0.018111519515514374 625
1726235246173 0.38572490215301514 626
1726235246209 0.37145525217056274 627
1726235246246 0.5337075591087341 628
1726235246284 0.3904126286506653 629
1726235246320 0.43924447894096375 630
1726235246358 0.626265287399292 631
1726235246395 0.5740728378295898 632
1726235246432 0.5316176414489746 633
1726235246470 0.030737675726413727 634
1726235246507 0.031915947794914246 635
1726235246544 0.033312827348709106 636
1726235246581 0.035007741302251816 637
1726235246619 0.5141474604606628 638
1726235246655 0.044970881193876266 639
1726235246693 0.5985339879989624 640
1726235246730 0.00980756338685751 641
1726235246767 0.3834744393825531 642
1726235246805 0.04398854821920395 643
1726235246843 0.003319045063108206 644
1726235246880 0.5898019075393677 645
1726235246918 0.3321593403816223 646
1726235246955 0.659115195274353 647
1726235246994 0.02203492820262909 648
1726235247031 0.7062163949012756 649
1726235247071 0.04359812289476395 650
1726235247109 0.036892883479595184 651
1726235247147 0.033191848546266556 652
1726235247186 0.5844218134880066 653
1726235247224 0.6571627855300903 654
1726235247262 0.04334307834506035 655
1726235247301 0.05021010339260101 656
1726235247340 0.03220849111676216 657
1726235247379 0.11966541409492493 658
1726235247417 0.03791416436433792 659
1726235247455 0.006198684684932232 660
1726235247494 0.006303983274847269 661
1726235247533 0.0064122495241463184 662
1726235247571 0.006523663643747568 663
1726235247610 0.0066383760422468185 664
1726235247648 0.006756489630788565 665
1726235247687 0.005795861128717661 666
1726235247725 0.005824720021337271 667
1726235247762 0.5822004079818726 668
1726235247800 0.040698595345020294 669
1726235247841 0.3198230564594269 670
1726235247881 0.007240660022944212 671
1726235247920 0.6427059769630432 672
1726235247960 0.03254391998052597 673
1726235247999 0.03161359950900078 674
1726235248038 0.033639658242464066 675
1726235248078 0.03631444275379181 676
1726235248116 0.8219054937362671 677
1726235248155 0.0038895010948181152 678
1726235248193 0.7315347194671631 679
1726235248232 0.03461356461048126 680
1726235248270 0.037200648337602615 681
1726235248309 0.040626876056194305 682
1726235248347 0.4543130695819855 683
1726235248386 0.03494706377387047 684
1726235248425 0.03879096731543541 685
1726235248463 0.04511979967355728 686
1726235248501 0.3695046305656433 687
1726235248540 0.22011089324951172 688
1726235248579 0.016725247725844383 689
1726235248617 0.3543652892112732 690
1726235248655 0.7035716772079468 691
1726235248694 0.767848789691925 692
1726235248732 0.6906121969223022 693
1726235248770 0.05530138313770294 694
1726235248809 0.006834384985268116 695
1726235248849 0.005218636244535446 696
1726235248888 0.5026411414146423 697
1726235248927 0.23580628633499146 698
1726235248967 0.7004333734512329 699
1726235249005 0.07309668511152267 700
1726235249043 0.7167482972145081 701
1726235249081 0.03748329356312752 702
1726235249120 0.0009915668051689863 703
1726235249158 0.0009921680903062224 704
1726235249196 0.0009926649508997798 705
1726235249233 0.0009933313122019172 706
1726235249272 0.26438358426094055 707
1726235249310 0.5714611411094666 708
1726235249349 0.002121562138199806 709
1726235249387 0.0021391387563198805 710
1726235249426 0.002156967530027032 711
1726235249464 0.0021750011947005987 712
1726235249502 0.002193350112065673 713
1726235249540 0.4131868779659271 714
1726235249579 0.0011324039660394192 715
1726235249618 0.2823510766029358 716
1726235249656 0.043930791318416595 717
1726235249694 0.5699063539505005 718
1726235249733 0.055658694356679916 719
1726235249772 0.003111428814008832 720
1726235249810 0.0020576119422912598 721
1726235249849 0.002061396837234497 722
1726235249888 0.0020652413368225098 723
1726235249926 0.4049398601055145 724
1726235249966 0.053294241428375244 725
1726235250006 0.37876197695732117 726
1726235250043 0.02941502258181572 727
1726235250085 0.009472785517573357 728
1726235250122 0.009855298325419426 729
1726235250161 0.010263876989483833 730
1726235250199 0.010702450759708881 731
1726235250237 0.011175943538546562 732
1726235250275 0.28560829162597656 733
1726235250314 0.436965674161911 734
1726235250352 0.008155591785907745 735
1726235250391 0.00618918938562274 736
1726235250429 0.006339817773550749 737
1726235250467 0.006494357716292143 738
1726235250504 0.6098539233207703 739
1726235250543 0.005936007481068373 740
1726235250582 0.006013322621583939 741
1726235250621 0.006091699935495853 742
1726235250659 0.00617126002907753 743
1726235250697 0.006251877173781395 744
1726235250736 0.006333747413009405 745
1726235250773 0.00641672732308507 746
1726235250812 0.0065010106191039085 747
1726235250853 0.006586482748389244 748
1726235250896 0.006673203781247139 749
1726235250939 0.006761249154806137 750
1726235250988 0.006850564852356911 751
1726235251034 0.0069412472657859325 752
1726235251078 0.007033294066786766 753
1726235251118 0.007126770913600922 754
1726235251160 0.007221679203212261 755
1726235251202 0.007317941170185804 756
1726235251244 0.007415813859552145 757
1726235251282 0.007515178993344307 758
1726235251321 0.007616075221449137 759
1726235251359 0.548514723777771 760
1726235251400 0.007799650076776743 761
1726235251448 0.007901118136942387 762
1726235251513 0.19218586385250092 763
1726235251572 0.035358503460884094 764
1726235251611 0.008271874859929085 765
1726235251647 0.008369240909814835 766
1726235251684 0.00846778228878975 767
1726235251720 0.008567426353693008 768
1726235251757 0.00866825133562088 769
1726235251794 0.008770240470767021 770
1726235251831 0.007911630906164646 771
1726235251868 0.006993895396590233 772
1726235251905 0.007080351002514362 773
1726235251942 0.00716822687536478 774
1726235251979 0.007257670164108276 775
1726235252016 0.007348652929067612 776
1726235252053 0.007441180758178234 777
1726235252093 0.007535403594374657 778
1726235252130 0.007631218060851097 779
1726235252168 0.007728850934654474 780
1726235252205 0.007828141562640667 781
1726235252244 0.007929324172437191 782
1726235252281 0.008032317273318768 783
1726235252320 0.38372525572776794 784
1726235252358 0.0028597479686141014 785
1726235252398 0.002867176430299878 786
1726235252435 0.0028746575117111206 787
1726235252474 0.002882159547880292 788
1726235252512 0.0028896722942590714 789
1726235252550 0.31114646792411804 790
1726235252589 0.004316650331020355 791
1726235252628 0.3953740894794464 792
1726235252666 0.03790766000747681 793
1726235252703 0.5576694011688232 794
1726235252742 0.0067196995951235294 795
1726235252781 0.005781648214906454 796
1726235252819 0.0042117382399737835 797
1726235252857 0.0042707291431725025 798
1726235252895 0.004330547992140055 799
1726235252934 0.004391205031424761 800
1726235252972 0.0044526951387524605 801
1726235253010 0.0045150648802518845 802
1726235253048 0.004578359890729189 803
1726235253087 0.004642503801733255 804
1726235253126 0.0047075701877474785 805
1726235253164 0.0047735548578202724 806
1726235253202 0.004840520676225424 807
1726235253240 0.004908357746899128 808
1726235253278 0.6434606313705444 809
1726235253317 0.013482608832418919 810
1726235253356 0.013865566812455654 811
1726235253395 0.014272650703787804 812
1726235253434 0.014707011170685291 813
1726235253471 0.015172372572124004 814
1726235253509 0.015673333778977394 815
1726235253548 0.28312966227531433 816
1726235253587 0.05209985375404358 817
1726235253625 0.05479179322719574 818
1726235253663 0.04603191465139389 819
1726235253702 0.04467328265309334 820
1726235253740 0.02711263671517372 821
1726235253778 0.012172283604741096 822
1726235253817 0.012223649770021439 823
1726235253856 0.012275701388716698 824
1726235253894 0.012328374199569225 825
1726235253932 0.012381743639707565 826
1726235253970 0.012435849756002426 827
1726235254009 0.012490587309002876 828
1726235254046 0.012546094134449959 829
1726235254085 0.012602382339537144 830
1726235254123 0.0782947987318039 831
1726235254162 0.2848173975944519 832
1726235254200 0.010305325500667095 833
1726235254238 0.010367386974394321 834
1726235254277 0.010430638678371906 835
1726235254315 0.010494944639503956 836
1726235254353 0.010560556314885616 837
1726235254392 0.010627327486872673 838
1726235254431 0.010695490054786205 839
1726235254470 0.010764884762465954 840
1726235254507 0.01083569135516882 841
1726235254546 0.010907867923378944 842
1726235254584 0.010981540195643902 843
1726235254623 0.011056656017899513 844
1726235254661 0.01113339513540268 845
1726235254698 0.011211736127734184 846
1726235254736 0.011291731148958206 847
1726235254775 0.011373452842235565 848
1726235254813 0.011456988751888275 849
1726235254853 0.01154236774891615 850
1726235254892 0.011629716493189335 851
1726235254930 0.01171902660280466 852
1726235254969 0.011810485273599625 853
1726235255007 0.011904030106961727 854
1726235255046 0.011999829672276974 855
1726235255084 0.012098042294383049 856
1726235255124 0.012198657728731632 857
1726235255162 0.012301822192966938 858
1726235255200 0.012407631613314152 859
1726235255238 0.012516234070062637 860
1726235255276 0.04349607601761818 861
1726235255315 0.0 862
