1727303228300 0.2986571788787842 0
1727303228339 0.1346595287322998 1
1727303228375 0.13630199432373047 2
1727303228410 0.1680135726928711 3
1727303228445 0.0388035774230957 4
1727303228478 0.15720725059509277 5
1727303228512 0.11746001243591309 6
1727303228546 -0.2792559862136841 7
1727303228583 0.06277918815612793 8
1727303228617 0.1022799015045166 9
1727303228651 0.07864499092102051 10
1727303228686 0.1959061622619629 11
1727303228720 -0.029697418212890625 12
1727303228757 -0.06168544292449951 13
1727303228795 0.028427600860595703 14
1727303228831 0.05246925354003906 15
1727303228865 0.11944150924682617 16
1727303228899 0.11928200721740723 17
1727303228942 0.025086164474487305 18
1727303229002 0.036569833755493164 19
1727303229042 0.014385461807250977 20
1727303229081 0.10549664497375488 21
1727303229118 0.10219407081604004 22
1727303229159 0.2037351131439209 23
1727303229197 0.09124135971069336 24
1727303229234 -0.0026547908782958984 25
1727303229289 0.14867424964904785 26
1727303229335 0.14153361320495605 27
1727303229374 0.15335559844970703 28
1727303229408 0.14999151229858398 29
1727303229443 0.08505439758300781 30
1727303229478 0.10116934776306152 31
1727303229512 0.1517167091369629 32
1727303229547 4.77525520324707 33
1727303229582 0.10531044006347656 34
1727303229618 0.04049491882324219 35
1727303229653 0.011475563049316406 36
1727303229690 -0.05109679698944092 37
1727303229725 0.13486123085021973 38
1727303229761 0.22974658012390137 39
1727303229798 0.0639195442199707 40
1727303229835 -0.2622370719909668 41
1727303229870 0.011125326156616211 42
1727303229905 0.00884699821472168 43
1727303229940 0.054015159606933594 44
1727303229976 0.04042506217956543 45
1727303230011 -0.7801951169967651 46
1727303230047 0.10238003730773926 47
1727303230082 3.9262471199035645 48
1727303230116 -0.0026547908782958984 49
1727303230151 -0.016376733779907227 50
1727303230185 0.13092660903930664 51
1727303230220 0.0017938613891601562 52
1727303230256 0.266223669052124 53
1727303230293 -0.030158162117004395 54
1727303230330 0.05925321578979492 55
1727303230368 -0.08123111724853516 56
1727303230402 0.06691455841064453 57
1727303230438 -0.05726325511932373 58
1727303230475 0.20036745071411133 59
1727303230513 0.21532535552978516 60
1727303230553 0.047022104263305664 61
1727303230589 0.05745863914489746 62
1727303230623 0.003519296646118164 63
1727303230659 0.22878527641296387 64
1727303230695 0.11159777641296387 65
1727303230730 0.0852055549621582 66
1727303230766 0.04028892517089844 67
1727303230803 0.11586594581604004 68
1727303230839 0.11149239540100098 69
1727303230875 0.11201786994934082 70
1727303230910 0.030490875244140625 71
1727303230945 -0.003810405731201172 72
1727303230981 -0.12395930290222168 73
1727303231017 0.1188957691192627 74
1727303231052 0.15155506134033203 75
1727303231087 0.13310503959655762 76
1727303231122 0.018414020538330078 77
1727303231158 0.04930853843688965 78
1727303231194 0.09612369537353516 79
1727303231230 0.18117213249206543 80
1727303231264 0.058560848236083984 81
1727303231299 3.9262471199035645 82
1727303231333 0.055570363998413086 83
1727303231369 0.044402122497558594 84
1727303231403 0.2060990333557129 85
1727303231437 -0.2279808521270752 86
1727303231472 3.9262471199035645 87
1727303231507 -0.010777711868286133 88
1727303231541 0.11173534393310547 89
1727303231576 0.19092798233032227 90
1727303231610 0.1199343204498291 91
1727303231645 0.033411264419555664 92
1727303231683 0.1160886287689209 93
1727303231719 0.09892439842224121 94
1727303231757 0.07261896133422852 95
1727303231795 4.203827857971191 96
1727303231831 0.05843997001647949 97
1727303231866 0.012936592102050781 98
1727303231902 -0.05617642402648926 99
1727303231938 -0.06936943531036377 100
1727303231973 0.02763056755065918 101
1727303232008 0.07750511169433594 102
1727303232044 0.10520291328430176 103
1727303232079 0.19019198417663574 104
1727303232116 -0.12955975532531738 105
1727303232152 0.11727213859558105 106
1727303232188 0.061586618423461914 107
1727303232223 0.11752510070800781 108
1727303232258 0.039336442947387695 109
1727303232294 0.0606386661529541 110
1727303232328 0.07873225212097168 111
1727303232364 0.14481258392333984 112
1727303232398 -0.18403589725494385 113
1727303232433 0.09958696365356445 114
1727303232467 0.22810769081115723 115
1727303232502 0.20264339447021484 116
1727303232537 4.851335525512695 117
1727303232572 0.09335184097290039 118
1727303232607 -0.29195070266723633 119
1727303232641 0.1416795253753662 120
1727303232677 -0.04041647911071777 121
1727303232712 -0.1167750358581543 122
1727303232748 3.9262471199035645 123
1727303232783 0.08997225761413574 124
1727303232819 -0.004079341888427734 125
1727303232855 0.017543792724609375 126
1727303232892 0.007811784744262695 127
1727303232928 -0.02528858184814453 128
1727303232963 0.0200045108795166 129
1727303232997 0.23127102851867676 130
1727303233031 0.11548876762390137 131
1727303233066 0.07173705101013184 132
1727303233100 -0.0683445930480957 133
1727303233135 -0.023169636726379395 134
1727303233169 -0.09733998775482178 135
1727303233204 0.06412863731384277 136
1727303233239 -0.01451420783996582 137
1727303233274 0.11198663711547852 138
1727303233310 -0.10651922225952148 139
1727303233360 -0.06369578838348389 140
1727303233398 0.15560126304626465 141
1727303233431 0.21691417694091797 142
1727303233466 -0.0032858848571777344 143
1727303233501 -0.022975921630859375 144
1727303233537 0.06331443786621094 145
1727303233573 0.09986686706542969 146
1727303233607 -0.06419992446899414 147
1727303233644 0.19345831871032715 148
1727303233679 0.040819406509399414 149
1727303233714 0.15339922904968262 150
1727303233754 -0.05731546878814697 151
1727303233791 0.03293490409851074 152
1727303233830 0.16418051719665527 153
1727303233867 0.07551980018615723 154
1727303233911 0.16173243522644043 155
1727303233955 0.0987863540649414 156
1727303233997 0.00072479248046875 157
1727303234036 0.0185086727142334 158
1727303234072 0.11912298202514648 159
1727303234107 -0.7801951169967651 160
1727303234144 -0.7801574468612671 161
1727303234180 -0.10024106502532959 162
1727303234215 0.06442809104919434 163
1727303234250 -0.02613043785095215 164
1727303234286 0.08310770988464355 165
1727303234322 -0.035676002502441406 166
1727303234361 -0.0683436393737793 167
1727303234403 0.08566927909851074 168
1727303234439 0.12235212326049805 169
1727303234473 0.17724108695983887 170
1727303234509 0.06231188774108887 171
1727303234544 -0.14513635635375977 172
1727303234579 -0.019164085388183594 173
1727303234614 0.0748450756072998 174
1727303234651 0.07127666473388672 175
1727303234687 0.1961193084716797 176
1727303234722 0.10026121139526367 177
1727303234757 -0.27652740478515625 178
1727303234796 0.19045257568359375 179
1727303234833 0.17389416694641113 180
1727303234868 -0.009174346923828125 181
1727303234903 0.011778116226196289 182
1727303234939 -0.02270054817199707 183
1727303234976 0.14481258392333984 184
1727303235015 0.08310770988464355 185
1727303235051 -0.7801951169967651 186
1727303235090 0.15560150146484375 187
1727303235127 -0.05467212200164795 188
1727303235163 0.10026097297668457 189
1727303235199 0.1551802158355713 190
1727303235235 0.15836310386657715 191
1727303235270 -0.05762946605682373 192
1727303235308 3.9262471199035645 193
1727303235344 0.08301949501037598 194
1727303235380 -0.15186238288879395 195
1727303235415 0.13137221336364746 196
1727303235450 -0.10435712337493896 197
1727303235484 -0.7801951169967651 198
1727303235520 -0.7801574468612671 199
1727303235554 0.04393148422241211 200
1727303235590 0.19333338737487793 201
1727303235625 0.09062623977661133 202
1727303235660 0.03178811073303223 203
1727303235695 -0.11397802829742432 204
1727303235729 0.14314723014831543 205
1727303235763 0.10512566566467285 206
1727303235800 0.10942864418029785 207
1727303235835 0.08583974838256836 208
1727303235870 0.040407657623291016 209
1727303235904 0.0331873893737793 210
1727303235939 -0.7801951169967651 211
1727303235974 -0.7801575660705566 212
1727303236012 0.09793925285339355 213
1727303236049 -0.27747058868408203 214
1727303236085 -0.7801951169967651 215
1727303236122 -0.7801574468612671 216
1727303236157 -0.0604245662689209 217
1727303236193 0.004260540008544922 218
1727303236229 0.08936333656311035 219
1727303236265 0.13418078422546387 220
1727303236302 0.2000892162322998 221
1727303236338 3.075599670410156e-05 222
1727303236373 0.13438081741333008 223
1727303236407 -0.06947898864746094 224
1727303236445 -0.13649606704711914 225
1727303236481 0.19468259811401367 226
1727303236518 0.07095503807067871 227
1727303236556 0.13486123085021973 228
1727303236592 0.1285860538482666 229
1727303236630 0.14331507682800293 230
1727303236666 -0.7801951169967651 231
1727303236703 -0.7801574468612671 232
1727303236741 -0.7801903486251831 233
1727303236780 0.17594146728515625 234
1727303236825 0.07574677467346191 235
1727303236880 0.04207873344421387 236
1727303236928 0.10635590553283691 237
1727303236976 0.1266336441040039 238
1727303237017 -0.037621140480041504 239
1727303237059 0.14554381370544434 240
1727303237101 0.051122426986694336 241
1727303237146 -0.08798873424530029 242
1727303237188 0.07055354118347168 243
1727303237230 3.9262471199035645 244
1727303237272 0.16131043434143066 245
1727303237320 0.06302237510681152 246
1727303237373 0.1998889446258545 247
1727303237417 0.17531967163085938 248
1727303237460 -0.5645642280578613 249
1727303237501 0.25595879554748535 250
1727303237542 0.0010159015655517578 251
1727303237582 0.13518023490905762 252
1727303237621 0.13438081741333008 253
1727303237669 0.055327653884887695 254
1727303237714 0.12450551986694336 255
1727303237760 0.08206367492675781 256
1727303237811 -0.12577581405639648 257
1727303237868 3.9262471199035645 258
1727303237910 0.1688518524169922 259
1727303237952 0.0845797061920166 260
1727303237995 -0.10539376735687256 261
1727303238037 0.1187889575958252 262
1727303238085 0.03523707389831543 263
1727303238130 0.04537010192871094 264
1727303238173 -0.1588129997253418 265
1727303238217 0.18117189407348633 266
1727303238262 0.15120601654052734 267
1727303238305 0.056006669998168945 268
1727303238348 0.04028892517089844 269
1727303238389 0.11548876762390137 270
1727303238427 0.04961133003234863 271
1727303238465 0.15131354331970215 272
1727303238502 -0.02491593360900879 273
1727303238541 -0.007642030715942383 274
1727303238578 0.0694587230682373 275
1727303238616 0.10652780532836914 276
1727303238653 0.05844879150390625 277
1727303238688 0.03112316131591797 278
1727303238723 -0.02397453784942627 279
1727303238758 0.11630654335021973 280
1727303238794 4.203827857971191 281
1727303238830 0.11960959434509277 282
1727303238864 -0.2149597406387329 283
1727303238899 -0.14286017417907715 284
1727303238935 0.18117189407348633 285
1727303238970 0.03756833076477051 286
1727303239005 0.12479448318481445 287
1727303239040 0.025432109832763672 288
1727303239076 -0.019563794136047363 289
1727303239112 0.16530394554138184 290
1727303239147 -0.7801951169967651 291
1727303239181 -0.7801574468612671 292
1727303239217 -0.7801904678344727 293
1727303239251 0.20302844047546387 294
1727303239285 0.048210859298706055 295
1727303239322 -0.0506436824798584 296
1727303239358 0.1689586639404297 297
1727303239395 0.10228443145751953 298
1727303239432 0.10605144500732422 299
1727303239466 0.11489653587341309 300
1727303239499 -0.023781657218933105 301
1727303239534 -0.10641288757324219 302
1727303239569 3.9262471199035645 303
1727303239603 0.013314485549926758 304
1727303239637 -0.05731558799743652 305
1727303239671 -0.2805745601654053 306
1727303239705 3.9262471199035645 307
1727303239740 -0.023169755935668945 308
1727303239774 3.9262471199035645 309
1727303239811 0.06644511222839355 310
1727303239847 0.1880636215209961 311
1727303239883 -0.09882044792175293 312
1727303239917 0.05803179740905762 313
1727303239952 -0.7801951169967651 314
1727303239987 -0.7801574468612671 315
1727303240021 -0.7801904678344727 316
1727303240056 -0.7801527976989746 317
1727303240091 -0.7801951169967651 318
1727303240127 -0.7801574468612671 319
1727303240162 -0.08522558212280273 320
1727303240196 0.040171146392822266 321
1727303240231 0.13529229164123535 322
1727303240266 0.17438578605651855 323
1727303240302 0.11157727241516113 324
1727303240337 -0.019959211349487305 325
1727303240376 -0.011341333389282227 326
1727303240413 0.11609339714050293 327
1727303240448 0.13137221336364746 328
1727303240484 0.13361310958862305 329
1727303240518 0.08392190933227539 330
1727303240554 0.08716988563537598 331
1727303240589 0.134993314743042 332
1727303240623 0.03223109245300293 333
1727303240657 -0.1585400104522705 334
1727303240694 -0.01595330238342285 335
1727303240729 0.05815529823303223 336
1727303240765 0.12087559700012207 337
1727303240802 3.9262471199035645 338
1727303240839 14.162633895874023 339
1727303240877 -0.3046541213989258 340
1727303240915 0.1603240966796875 341
1727303240952 -0.010602712631225586 342
1727303240992 0.16956543922424316 343
1727303241031 0.1398165225982666 344
1727303241076 0.07485747337341309 345
1727303241118 0.04932975769042969 346
1727303241161 -0.7801951169967651 347
1727303241203 -0.7801575660705566 348
1727303241259 -0.7801904678344727 349
1727303241308 -0.05085957050323486 350
1727303241349 -0.028981566429138184 351
1727303241395 -0.0070111751556396484 352
1727303241438 0.13256096839904785 353
1727303241490 -0.04323995113372803 354
1727303241541 -0.026211261749267578 355
1727303241582 0.09793901443481445 356
1727303241623 0.09282231330871582 357
1727303241667 0.10586905479431152 358
1727303241709 0.10173892974853516 359
1727303241750 0.10157251358032227 360
1727303241789 0.027246475219726562 361
1727303241833 -0.06758308410644531 362
1727303241876 3.9262471199035645 363
1727303241919 0.09689116477966309 364
1727303241958 -0.03815877437591553 365
1727303241997 0.023276805877685547 366
1727303242037 0.15011096000671387 367
1727303242076 0.1160886287689209 368
1727303242113 -0.0005192756652832031 369
1727303242151 -0.06677818298339844 370
1727303242188 0.0014255046844482422 371
1727303242225 3.9262471199035645 372
1727303242261 0.06242251396179199 373
1727303242297 0.15498089790344238 374
1727303242332 0.13858819007873535 375
1727303242367 0.13215088844299316 376
1727303242403 0.0835275650024414 377
1727303242438 -0.07678830623626709 378
1727303242473 4.169336318969727 379
1727303242508 0.048188209533691406 380
1727303242544 0.012469291687011719 381
1727303242579 3.9262471199035645 382
1727303242613 0.1572704315185547 383
1727303242647 0.0346372127532959 384
1727303242682 0.1037752628326416 385
1727303242716 0.047736406326293945 386
1727303242750 0.11746001243591309 387
1727303242785 0.12600350379943848 388
1727303242822 0.04552173614501953 389
1727303242858 3.9262471199035645 390
1727303242892 14.162633895874023 391
1727303242927 0.08343958854675293 392
1727303242962 0.0502779483795166 393
1727303242997 -0.07496976852416992 394
1727303243032 3.9262471199035645 395
1727303243068 -0.0011031627655029297 396
1727303243102 0.06814360618591309 397
1727303243136 0.05806374549865723 398
1727303243171 0.1380782127380371 399
1727303243207 4.203827857971191 400
1727303243241 0.18648266792297363 401
1727303243276 0.10652804374694824 402
1727303243312 4.112095832824707 403
1727303243348 0.18248248100280762 404
1727303243384 -0.02939152717590332 405
1727303243421 0.08856368064880371 406
1727303243456 -0.09171414375305176 407
1727303243492 -0.7801951169967651 408
1727303243529 -0.7801575660705566 409
1727303243565 -0.7801904678344727 410
1727303243600 -0.7801527976989746 411
1727303243636 -0.7801951169967651 412
1727303243674 -0.7801575660705566 413
1727303243711 -0.7801904678344727 414
1727303243749 -0.7801527976989746 415
1727303243785 -0.7801951169967651 416
1727303243821 -0.7801575660705566 417
1727303243856 -0.7801904678344727 418
1727303243891 -0.7801527976989746 419
1727303243926 -0.7801951169967651 420
1727303243963 -0.7801575660705566 421
1727303243997 -0.7801904678344727 422
1727303244033 -0.7801527976989746 423
1727303244069 -0.7801951169967651 424
1727303244103 -0.7801575660705566 425
1727303244137 -0.7801904678344727 426
1727303244171 -0.7801527976989746 427
1727303244205 -0.7801951169967651 428
1727303244239 -0.7801575660705566 429
1727303244274 -0.7801904678344727 430
1727303244308 -0.7801527976989746 431
1727303244343 -0.7801951169967651 432
1727303244378 -0.7801575660705566 433
1727303244413 -0.7801904678344727 434
1727303244448 -0.7801527976989746 435
1727303244482 -0.7801951169967651 436
1727303244516 -0.7801575660705566 437
1727303244550 -0.7801904678344727 438
1727303244585 -0.7801527976989746 439
1727303244620 -0.7801951169967651 440
1727303244655 -0.7801575660705566 441
1727303244692 -0.7801904678344727 442
1727303244728 -0.7801527976989746 443
1727303244763 -0.7801951169967651 444
1727303244799 -0.7801575660705566 445
1727303244834 -0.7801904678344727 446
1727303244869 -0.7801527976989746 447
1727303244904 -0.7801951169967651 448
1727303244940 -0.7801575660705566 449
1727303244975 -0.7801904678344727 450
1727303245009 -0.7801527976989746 451
1727303245044 -0.7801951169967651 452
1727303245080 -0.7801575660705566 453
1727303245114 -0.7801904678344727 454
1727303245149 -0.7801527976989746 455
1727303245184 -0.7801951169967651 456
1727303245221 -0.7801575660705566 457
1727303245257 -0.7801904678344727 458
1727303245292 -0.7801527976989746 459
1727303245327 -0.7801951169967651 460
1727303245363 -0.7801575660705566 461
1727303245399 -0.7801904678344727 462
1727303245433 -0.7801527976989746 463
1727303245467 -0.7801951169967651 464
1727303245502 -0.7801575660705566 465
1727303245537 -0.7801904678344727 466
1727303245572 -0.7801527976989746 467
1727303245608 -0.7801951169967651 468
1727303245644 -0.7801575660705566 469
1727303245680 -0.7801904678344727 470
1727303245715 -0.7801527976989746 471
1727303245752 -0.7801951169967651 472
1727303245788 -0.7801575660705566 473
1727303245825 -0.7801904678344727 474
1727303245860 -0.7801527976989746 475
1727303245896 -0.7801951169967651 476
1727303245934 -0.7801575660705566 477
1727303245969 -0.7801904678344727 478
1727303246004 -0.7801527976989746 479
1727303246039 -0.7801951169967651 480
1727303246075 -0.7801575660705566 481
1727303246111 -0.7801904678344727 482
1727303246147 -0.7801527976989746 483
1727303246182 -0.7801951169967651 484
1727303246216 -0.7801575660705566 485
1727303246251 -0.7801904678344727 486
1727303246286 -0.7801527976989746 487
1727303246321 -0.7801951169967651 488
1727303246357 -0.7801575660705566 489
1727303246394 -0.7801904678344727 490
1727303246430 -0.7801527976989746 491
1727303246465 -0.7801951169967651 492
1727303246500 -0.7801575660705566 493
1727303246534 -0.7801904678344727 494
1727303246569 -0.7801527976989746 495
1727303246604 -0.7801951169967651 496
1727303246640 -0.7801575660705566 497
1727303246676 -0.7801904678344727 498
1727303246711 -0.7801527976989746 499
1727303246748 -0.7801951169967651 500
1727303246783 -0.7801575660705566 501
1727303246819 -0.7801904678344727 502
1727303246854 -0.7801527976989746 503
1727303246888 -0.7801951169967651 504
1727303246923 -0.7801575660705566 505
1727303246958 -0.7801904678344727 506
1727303246994 -0.7801527976989746 507
1727303247031 -0.7801951169967651 508
1727303247065 -0.7801575660705566 509
1727303247100 -0.7801904678344727 510
1727303247137 -0.7801527976989746 511
1727303247177 -0.7801951169967651 512
1727303247215 -0.7801575660705566 513
1727303247252 -0.7801904678344727 514
1727303247288 -0.7801527976989746 515
1727303247324 -0.7801951169967651 516
1727303247361 -0.7801575660705566 517
1727303247397 -0.7801904678344727 518
1727303247433 -0.7801527976989746 519
1727303247469 -0.7801951169967651 520
1727303247504 -0.7801575660705566 521
1727303247540 -0.7801904678344727 522
1727303247576 -0.7801527976989746 523
1727303247613 -0.7801951169967651 524
1727303247649 -0.7801575660705566 525
1727303247684 -0.7801904678344727 526
1727303247721 -0.7801527976989746 527
1727303247757 -0.7801951169967651 528
1727303247793 -0.7801575660705566 529
1727303247829 -0.7801904678344727 530
1727303247864 -0.7801527976989746 531
1727303247900 -0.7801951169967651 532
1727303247936 -0.7801575660705566 533
1727303247972 -0.7801904678344727 534
1727303248007 -0.7801527976989746 535
1727303248042 -0.7801951169967651 536
1727303248078 -0.7801575660705566 537
1727303248113 -0.7801904678344727 538
1727303248148 -0.7801527976989746 539
1727303248184 -0.7801951169967651 540
1727303248218 -0.7801575660705566 541
1727303248253 -0.7801904678344727 542
1727303248287 -0.7801527976989746 543
1727303248322 -0.7801951169967651 544
1727303248357 -0.7801575660705566 545
1727303248392 -0.7801904678344727 546
1727303248427 -0.7801527976989746 547
1727303248463 -0.7801951169967651 548
1727303248498 -0.7801575660705566 549
1727303248535 -0.7801904678344727 550
1727303248571 -0.7801527976989746 551
1727303248607 -0.7801951169967651 552
1727303248641 -0.7801575660705566 553
1727303248676 -0.7801904678344727 554
1727303248710 -0.7801527976989746 555
1727303248746 -0.7801951169967651 556
1727303248782 -0.7801575660705566 557
1727303248818 -0.7801904678344727 558
1727303248854 -0.7801527976989746 559
1727303248890 -0.7801951169967651 560
1727303248926 -0.7801575660705566 561
1727303248964 -0.7801904678344727 562
1727303248998 -0.7801527976989746 563
1727303249032 -0.7801951169967651 564
1727303249067 -0.7801575660705566 565
1727303249101 -0.7801904678344727 566
1727303249137 -0.7801527976989746 567
1727303249173 -0.7801951169967651 568
1727303249210 -0.7801575660705566 569
1727303249244 -0.7801904678344727 570
1727303249279 -0.7801527976989746 571
1727303249315 -0.7801951169967651 572
1727303249351 -0.7801575660705566 573
1727303249387 -0.7801904678344727 574
1727303249423 -0.7801527976989746 575
1727303249459 -0.7801951169967651 576
1727303249494 -0.7801575660705566 577
1727303249528 -0.7801904678344727 578
1727303249563 -0.7801527976989746 579
1727303249599 -0.7801951169967651 580
1727303249633 -0.7801575660705566 581
1727303249669 -0.7801904678344727 582
1727303249704 -0.7801527976989746 583
1727303249740 -0.7801951169967651 584
1727303249774 -0.7801575660705566 585
1727303249811 -0.7801904678344727 586
1727303249846 -0.7801527976989746 587
1727303249882 -0.7801951169967651 588
1727303249917 -0.7801575660705566 589
1727303249952 -0.7801904678344727 590
1727303249987 -0.7801527976989746 591
1727303250023 -0.7801951169967651 592
1727303250057 -0.7801575660705566 593
1727303250094 -0.7801904678344727 594
1727303250132 -0.7801527976989746 595
1727303250167 -0.7801951169967651 596
1727303250202 -0.7801575660705566 597
1727303250237 -0.7801904678344727 598
1727303250273 -0.7801527976989746 599
1727303250309 -0.7801951169967651 600
1727303250344 -0.7801575660705566 601
1727303250380 -0.7801904678344727 602
1727303250417 -0.7801527976989746 603
1727303250453 -0.7801951169967651 604
1727303250488 -0.7801575660705566 605
1727303250523 -0.7801904678344727 606
1727303250560 -0.7801527976989746 607
1727303250597 -0.7801951169967651 608
1727303250633 -0.7801575660705566 609
1727303250669 -0.7801904678344727 610
1727303250705 -0.7801527976989746 611
1727303250741 -0.7801951169967651 612
1727303250780 -0.7801575660705566 613
1727303250818 -0.7801904678344727 614
1727303250855 -0.7801527976989746 615
1727303250891 -0.7801951169967651 616
1727303250931 -0.7801575660705566 617
1727303250968 -0.7801904678344727 618
1727303251002 -0.7801527976989746 619
1727303251037 -0.7801951169967651 620
1727303251073 -0.7801575660705566 621
1727303251108 -0.7801904678344727 622
1727303251143 -0.7801527976989746 623
1727303251180 -0.7801951169967651 624
1727303251225 -0.7801575660705566 625
1727303251262 -0.7801904678344727 626
1727303251297 -0.7801527976989746 627
1727303251332 -0.7801951169967651 628
1727303251367 -0.7801575660705566 629
1727303251402 -0.7801904678344727 630
1727303251438 -0.7801527976989746 631
1727303251474 -0.7801951169967651 632
1727303251509 -0.7801575660705566 633
1727303251544 -0.7801904678344727 634
1727303251579 -0.7801527976989746 635
1727303251614 -0.7801951169967651 636
1727303251650 -0.7801575660705566 637
1727303251686 -0.7801904678344727 638
1727303251723 -0.7801527976989746 639
1727303251762 -0.7801951169967651 640
1727303251802 -0.7801575660705566 641
1727303251843 -0.7801904678344727 642
1727303251884 -0.7801527976989746 643
1727303251925 -0.7801951169967651 644
1727303251968 -0.7801575660705566 645
1727303252010 -0.7801904678344727 646
1727303252051 -0.7801527976989746 647
1727303252094 -0.7801951169967651 648
1727303252136 -0.7801575660705566 649
1727303252179 -0.7801904678344727 650
1727303252221 -0.7801527976989746 651
1727303252264 -0.7801951169967651 652
1727303252321 -0.7801575660705566 653
1727303252380 -0.7801904678344727 654
1727303252433 -0.7801527976989746 655
1727303252477 -0.7801951169967651 656
1727303252517 -0.7801575660705566 657
1727303252556 -0.7801904678344727 658
1727303252595 -0.7801527976989746 659
1727303252632 -0.7801951169967651 660
1727303252670 -0.7801575660705566 661
1727303252708 -0.7801904678344727 662
1727303252747 -0.7801527976989746 663
1727303252784 -0.7801951169967651 664
1727303252822 -0.7801575660705566 665
1727303252859 -0.7801904678344727 666
1727303252895 -0.7801527976989746 667
1727303252932 -0.7801951169967651 668
1727303252967 -0.7801575660705566 669
1727303253004 -0.7801904678344727 670
1727303253041 -0.7801527976989746 671
1727303253075 -0.7801951169967651 672
1727303253110 -0.7801575660705566 673
1727303253146 -0.7801904678344727 674
1727303253181 -0.7801527976989746 675
1727303253216 -0.7801951169967651 676
1727303253250 -0.7801575660705566 677
1727303253285 -0.7801904678344727 678
1727303253321 -0.7801527976989746 679
1727303253357 -0.7801951169967651 680
1727303253392 -0.7801575660705566 681
1727303253428 -0.7801904678344727 682
1727303253465 -0.7801527976989746 683
1727303253502 -0.7801951169967651 684
1727303253538 -0.7801575660705566 685
1727303253573 -0.7801904678344727 686
1727303253608 -0.7801527976989746 687
1727303253643 -0.7801951169967651 688
1727303253679 -0.7801575660705566 689
1727303253714 -0.7801904678344727 690
1727303253748 -0.7801527976989746 691
1727303253784 -0.7801951169967651 692
1727303253820 -0.7801575660705566 693
1727303253856 -0.7801904678344727 694
1727303253891 -0.7801527976989746 695
1727303253928 -0.7801951169967651 696
1727303253964 -0.7801575660705566 697
1727303253998 -0.7801904678344727 698
1727303254032 -0.7801527976989746 699
1727303254066 -0.7801951169967651 700
1727303254101 -0.7801575660705566 701
1727303254137 -0.7801904678344727 702
1727303254172 -0.7801527976989746 703
1727303254207 -0.7801951169967651 704
1727303254242 -0.7801575660705566 705
1727303254277 -0.7801904678344727 706
1727303254313 -0.7801527976989746 707
1727303254348 -0.7801951169967651 708
1727303254384 -0.7801575660705566 709
1727303254420 -0.7801904678344727 710
1727303254454 -0.7801527976989746 711
1727303254489 -0.7801951169967651 712
1727303254524 -0.7801575660705566 713
1727303254561 -0.7801904678344727 714
1727303254596 -0.7801527976989746 715
1727303254633 -0.7801951169967651 716
1727303254669 -0.7801575660705566 717
1727303254706 -0.7801904678344727 718
1727303254741 -0.7801527976989746 719
1727303254775 -0.7801951169967651 720
1727303254811 -0.7801575660705566 721
1727303254847 -0.7801904678344727 722
1727303254882 -0.7801527976989746 723
1727303254918 -0.7801951169967651 724
1727303254959 -0.7801575660705566 725
1727303254993 -0.7801904678344727 726
1727303255028 -0.7801527976989746 727
1727303255062 -0.7801951169967651 728
1727303255099 -0.7801575660705566 729
1727303255134 -0.7801904678344727 730
1727303255169 -0.7801527976989746 731
1727303255203 -0.7801951169967651 732
1727303255238 -0.7801575660705566 733
1727303255272 -0.7801904678344727 734
1727303255306 -0.7801527976989746 735
1727303255341 -0.7801951169967651 736
1727303255377 -0.7801575660705566 737
1727303255411 -0.7801904678344727 738
1727303255447 -0.7801527976989746 739
1727303255481 -0.7801951169967651 740
1727303255516 -0.7801575660705566 741
1727303255552 -0.7801904678344727 742
1727303255587 -0.7801527976989746 743
1727303255622 -0.7801951169967651 744
1727303255657 -0.7801575660705566 745
1727303255693 -0.7801904678344727 746
1727303255728 -0.7801527976989746 747
1727303255763 -0.7801951169967651 748
1727303255798 -0.7801575660705566 749
1727303255832 -0.7801904678344727 750
1727303255868 -0.7801527976989746 751
1727303255904 -0.7801951169967651 752
1727303255940 -0.7801575660705566 753
1727303255976 -0.7801904678344727 754
1727303256012 -0.7801527976989746 755
1727303256046 -0.7801951169967651 756
1727303256081 -0.7801575660705566 757
1727303256117 -0.7801904678344727 758
1727303256152 -0.7801527976989746 759
1727303256189 -0.7801951169967651 760
1727303256223 -0.7801575660705566 761
1727303256259 -0.7801904678344727 762
1727303256294 -0.7801527976989746 763
1727303256328 -0.7801951169967651 764
1727303256366 -0.7801575660705566 765
1727303256402 -0.7801904678344727 766
1727303256436 -0.7801527976989746 767
1727303256472 -0.7801951169967651 768
1727303256508 -0.7801575660705566 769
1727303256544 -0.7801904678344727 770
1727303256579 -0.7801527976989746 771
1727303256615 -0.7801951169967651 772
1727303256652 -0.7801575660705566 773
1727303256687 -0.7801904678344727 774
1727303256721 -0.7801527976989746 775
1727303256756 -0.7801951169967651 776
1727303256790 -0.7801575660705566 777
1727303256825 -0.7801904678344727 778
1727303256860 -0.7801527976989746 779
1727303256895 -0.7801951169967651 780
1727303256930 -0.7801575660705566 781
1727303256966 -0.7801904678344727 782
1727303257000 -0.7801527976989746 783
1727303257036 -0.7801951169967651 784
1727303257071 -0.7801575660705566 785
1727303257107 -0.7801904678344727 786
1727303257142 -0.7801527976989746 787
1727303257176 -0.7801951169967651 788
1727303257211 -0.7801575660705566 789
1727303257246 -0.7801904678344727 790
1727303257281 -0.7801527976989746 791
1727303257316 -0.7801951169967651 792
1727303257350 -0.7801575660705566 793
1727303257388 -0.7801904678344727 794
1727303257424 -0.7801527976989746 795
1727303257459 -0.7801951169967651 796
1727303257496 -0.7801575660705566 797
1727303257531 -0.7801904678344727 798
1727303257567 -0.7801527976989746 799
1727303257602 -0.7801951169967651 800
1727303257637 -0.7801575660705566 801
1727303257672 -0.7801904678344727 802
1727303257706 -0.7801527976989746 803
1727303257741 -0.7801951169967651 804
1727303257777 -0.7801575660705566 805
1727303257812 -0.7801904678344727 806
1727303257847 -0.7801527976989746 807
1727303257882 -0.7801951169967651 808
1727303257926 -0.7801575660705566 809
1727303257961 -0.7801904678344727 810
1727303257996 -0.7801527976989746 811
1727303258033 -0.7801951169967651 812
1727303258080 -0.7801575660705566 813
1727303258117 -0.7801904678344727 814
1727303258154 -0.7801527976989746 815
1727303258191 -0.7801951169967651 816
1727303258230 -0.7801575660705566 817
1727303258266 -0.7801904678344727 818
1727303258302 -0.7801527976989746 819
1727303258337 -0.7801951169967651 820
1727303258374 -0.7801575660705566 821
1727303258410 -0.7801904678344727 822
1727303258447 -0.7801527976989746 823
1727303258480 -0.7801951169967651 824
1727303258516 -0.7801575660705566 825
1727303258550 -0.7801904678344727 826
1727303258587 -0.7801527976989746 827
1727303258624 -0.7801951169967651 828
1727303258659 -0.7801575660705566 829
1727303258695 -0.7801904678344727 830
1727303258731 -0.7801527976989746 831
1727303258767 -0.7801951169967651 832
1727303258803 -0.7801575660705566 833
1727303258838 -0.7801904678344727 834
1727303258873 -0.7801527976989746 835
1727303258908 -0.7801951169967651 836
1727303258943 -0.7801575660705566 837
1727303258979 -0.7801904678344727 838
1727303259013 -0.7801527976989746 839
1727303259048 -0.7801951169967651 840
1727303259082 -0.7801575660705566 841
1727303259118 -0.7801904678344727 842
1727303259153 -0.7801527976989746 843
1727303259188 -0.7801951169967651 844
1727303259223 -0.7801575660705566 845
1727303259258 -0.7801904678344727 846
1727303259294 -0.7801527976989746 847
1727303259329 -0.7801951169967651 848
1727303259365 -0.7801575660705566 849
1727303259400 -0.7801904678344727 850
1727303259436 -0.7801527976989746 851
1727303259471 -0.7801951169967651 852
1727303259505 -0.7801575660705566 853
1727303259541 -0.7801904678344727 854
1727303259575 -0.7801527976989746 855
1727303259610 -0.7801951169967651 856
1727303259646 -0.7801575660705566 857
1727303259681 -0.7801904678344727 858
1727303259715 -0.7801527976989746 859
1727303259750 -0.7801951169967651 860
1727303259785 -0.7801575660705566 861
1727303259821 -0.7801904678344727 862
1727303259856 -0.7801527976989746 863
1727303259893 -0.7801951169967651 864
1727303259930 -0.7801575660705566 865
1727303259968 -0.7801904678344727 866
1727303260006 -0.7801527976989746 867
1727303260044 -0.7801951169967651 868
1727303260081 -0.7801575660705566 869
1727303260119 -0.7801904678344727 870
1727303260157 -0.7801527976989746 871
1727303260192 -0.7801951169967651 872
1727303260228 -0.7801575660705566 873
1727303260276 -0.7801904678344727 874
1727303260322 -0.7801527976989746 875
1727303260367 -0.7801951169967651 876
1727303260410 -0.7801575660705566 877
1727303260450 -0.7801904678344727 878
1727303260486 -0.7801527976989746 879
1727303260521 -0.7801951169967651 880
1727303260559 -0.7801575660705566 881
1727303260594 -0.7801904678344727 882
1727303260629 -0.7801527976989746 883
1727303260664 -0.7801951169967651 884
1727303260699 -0.7801575660705566 885
1727303260733 -0.7801904678344727 886
1727303260768 -0.7801527976989746 887
1727303260804 -0.7801951169967651 888
1727303260841 -0.7801575660705566 889
1727303260878 -0.7801904678344727 890
1727303260914 -0.7801527976989746 891
1727303260950 -0.7801951169967651 892
1727303260986 -0.7801575660705566 893
1727303261021 -0.7801904678344727 894
1727303261056 -0.7801527976989746 895
1727303261093 -0.7801951169967651 896
1727303261129 -0.7801575660705566 897
1727303261165 -0.7801904678344727 898
1727303261200 -0.7801527976989746 899
1727303261236 -0.7801951169967651 900
1727303261272 -0.7801575660705566 901
1727303261307 -0.7801904678344727 902
1727303261344 -0.7801527976989746 903
1727303261379 -0.7801951169967651 904
1727303261415 -0.7801575660705566 905
1727303261450 -0.7801904678344727 906
1727303261485 -0.7801527976989746 907
1727303261520 -0.7801951169967651 908
1727303261555 -0.7801575660705566 909
1727303261590 -0.7801904678344727 910
1727303261625 -0.7801527976989746 911
1727303261661 -0.7801951169967651 912
1727303261696 -0.7801575660705566 913
1727303261732 -0.7801904678344727 914
1727303261767 -0.7801527976989746 915
1727303261802 -0.7801951169967651 916
1727303261845 -0.7801575660705566 917
1727303261881 -0.7801904678344727 918
1727303261917 -0.7801527976989746 919
1727303261952 -0.7801951169967651 920
1727303261987 -0.7801575660705566 921
1727303262022 -0.7801904678344727 922
1727303262057 -0.7801527976989746 923
1727303262093 -0.7801951169967651 924
1727303262129 -0.7801575660705566 925
1727303262165 -0.7801904678344727 926
1727303262201 -0.7801527976989746 927
1727303262238 -0.7801951169967651 928
1727303262274 -0.7801575660705566 929
1727303262312 -0.7801904678344727 930
1727303262348 -0.7801527976989746 931
1727303262383 -0.7801951169967651 932
1727303262417 -0.7801575660705566 933
1727303262452 -0.7801904678344727 934
1727303262490 -0.7801527976989746 935
1727303262527 -0.7801951169967651 936
1727303262563 -0.7801575660705566 937
1727303262598 -0.7801904678344727 938
1727303262633 -0.7801527976989746 939
1727303262668 -0.7801951169967651 940
1727303262703 -0.7801575660705566 941
1727303262739 -0.7801904678344727 942
1727303262775 -0.7801527976989746 943
1727303262812 -0.7801951169967651 944
1727303262849 -0.7801575660705566 945
1727303262886 -0.7801904678344727 946
1727303262923 -0.7801527976989746 947
1727303262959 -0.7801951169967651 948
1727303262997 -0.7801575660705566 949
1727303263034 -0.7801904678344727 950
1727303263072 -0.7801527976989746 951
1727303263110 -0.7801951169967651 952
1727303263150 -0.7801575660705566 953
1727303263188 -0.7801904678344727 954
1727303263224 -0.7801527976989746 955
1727303263258 -0.7801951169967651 956
1727303263291 -0.7801575660705566 957
1727303263327 -0.7801904678344727 958
1727303263363 -0.7801527976989746 959
1727303263398 -0.7801951169967651 960
1727303263434 -0.7801575660705566 961
1727303263468 -0.7801904678344727 962
1727303263503 -0.7801527976989746 963
1727303263539 -0.7801951169967651 964
1727303263574 -0.7801575660705566 965
1727303263610 -0.7801904678344727 966
1727303263647 -0.7801527976989746 967
1727303263684 -0.7801951169967651 968
1727303263720 -0.7801575660705566 969
1727303263756 -0.7801904678344727 970
1727303263793 -0.7801527976989746 971
1727303263830 -0.7801951169967651 972
1727303263864 -0.7801575660705566 973
1727303263901 -0.7801904678344727 974
1727303263939 -0.7801527976989746 975
1727303263974 -0.7801951169967651 976
1727303264010 -0.7801575660705566 977
1727303264047 -0.7801904678344727 978
1727303264083 -0.7801527976989746 979
1727303264119 -0.7801951169967651 980
1727303264157 -0.7801575660705566 981
1727303264190 -0.7801904678344727 982
1727303264224 -0.7801527976989746 983
1727303264258 -0.7801951169967651 984
1727303264292 -0.7801575660705566 985
1727303264326 -0.7801904678344727 986
1727303264361 -0.7801527976989746 987
1727303264396 -0.7801951169967651 988
1727303264432 -0.7801575660705566 989
1727303264466 -0.7801904678344727 990
1727303264501 -0.7801527976989746 991
1727303264536 -0.7801951169967651 992
1727303264571 -0.7801575660705566 993
1727303264607 -0.7801904678344727 994
1727303264642 -0.7801527976989746 995
1727303264682 -0.7801951169967651 996
1727303264718 -0.7801575660705566 997
1727303264754 -0.7801904678344727 998
1727303264788 -0.7801527976989746 999
